/*--------------------------------*- C++ -*----------------------------------*\
| =========                 |                                                 |
| \\      /  F ield         | OpenFOAM: The Open Source CFD Toolbox           |
|  \\    /   O peration     | Version:  2.1.0                                 |
|   \\  /    A nd           | Web:      www.OpenFOAM.org                      |
|    \\/     M anipulation  |                                                 |
\*---------------------------------------------------------------------------*/
FoamFile
{
    version     2.0;
    format      ascii;
    class       volScalarField;
    location    "0.28";
    object      nut;
}
// * * * * * * * * * * * * * * * * * * * * * * * * * * * * * * * * * * * * * //

dimensions      [0 2 -1 0 0 0 0];

internalField   nonuniform List<scalar> 
6400
(
6.86768e-06
6.88941e-06
6.90231e-06
6.91879e-06
6.93569e-06
6.95411e-06
6.97222e-06
6.99168e-06
7.01101e-06
7.03142e-06
7.05192e-06
7.07352e-06
7.09532e-06
7.11829e-06
7.14169e-06
7.16624e-06
7.19144e-06
7.21761e-06
7.2446e-06
7.27238e-06
7.30113e-06
7.33057e-06
7.36108e-06
7.39224e-06
7.42452e-06
7.4574e-06
7.49141e-06
7.52594e-06
7.56158e-06
7.59768e-06
7.63482e-06
7.67237e-06
7.7109e-06
7.74957e-06
7.78865e-06
7.82861e-06
7.86926e-06
7.9097e-06
7.95036e-06
7.99118e-06
8.03173e-06
8.07215e-06
8.11219e-06
8.15167e-06
8.19052e-06
8.22855e-06
8.26579e-06
8.30197e-06
8.33702e-06
8.37032e-06
8.4019e-06
8.43143e-06
8.45902e-06
8.48622e-06
8.51312e-06
8.53881e-06
8.56386e-06
8.58823e-06
8.61163e-06
8.63445e-06
8.65747e-06
8.67952e-06
8.70143e-06
8.72309e-06
8.74419e-06
8.76498e-06
8.78507e-06
8.80291e-06
8.8209e-06
8.83577e-06
8.85013e-06
8.86211e-06
8.87202e-06
8.88083e-06
8.88755e-06
8.89398e-06
8.90032e-06
8.90819e-06
8.91935e-06
8.93575e-06
8.9597e-06
8.99265e-06
9.03264e-06
9.06777e-06
9.11912e-06
9.18043e-06
9.24791e-06
9.31523e-06
9.3565e-06
9.33608e-06
9.171e-06
8.70951e-06
7.70797e-06
5.96009e-06
3.56948e-06
2.27234e-06
2.38508e-06
3.76667e-06
3.86687e-06
4.17624e-06
7.31685e-05
7.36452e-05
7.37593e-05
7.40754e-05
7.42065e-05
7.44783e-05
7.46338e-05
7.48775e-05
7.50534e-05
7.52788e-05
7.54694e-05
7.56837e-05
7.58846e-05
7.60933e-05
7.63016e-05
7.65078e-05
7.672e-05
7.69242e-05
7.71382e-05
7.73415e-05
7.75546e-05
7.77564e-05
7.7966e-05
7.81642e-05
7.83673e-05
7.85587e-05
7.87527e-05
7.89342e-05
7.91151e-05
7.92828e-05
7.94467e-05
7.9596e-05
7.97386e-05
7.98652e-05
7.9982e-05
8.00831e-05
8.01733e-05
8.02476e-05
8.03098e-05
8.03523e-05
8.03771e-05
8.03796e-05
8.03607e-05
8.03157e-05
8.0244e-05
8.01436e-05
8.00119e-05
7.98469e-05
7.96473e-05
7.94121e-05
7.91461e-05
7.87988e-05
7.82111e-05
7.75933e-05
7.69403e-05
7.6249e-05
7.55249e-05
7.47638e-05
7.39622e-05
7.31181e-05
7.2241e-05
7.13291e-05
7.03789e-05
6.93958e-05
6.8367e-05
6.73048e-05
6.62133e-05
6.50568e-05
6.38668e-05
6.26138e-05
6.13137e-05
5.99506e-05
5.85278e-05
5.70413e-05
5.5487e-05
5.38681e-05
5.21803e-05
5.04288e-05
4.8614e-05
4.67416e-05
4.48185e-05
4.28536e-05
4.08566e-05
3.8821e-05
3.67035e-05
3.45194e-05
3.22347e-05
2.9854e-05
2.73516e-05
2.47421e-05
2.20347e-05
1.9276e-05
1.65245e-05
1.3911e-05
1.14353e-05
9.19276e-06
7.46917e-06
6.27325e-06
5.65828e-06
6.87067e-06
0.000111762
0.000112044
0.000112162
0.000112302
0.000112422
0.000112525
0.000112645
0.000112724
0.000112841
0.000112902
0.000113009
0.000113057
0.000113151
0.000113186
0.000113263
0.000113284
0.000113339
0.000113343
0.000113375
0.000113367
0.000113378
0.000113352
0.000113338
0.000113289
0.000113243
0.000113161
0.000113077
0.00011296
0.000112834
0.000112675
0.000112503
0.000112296
0.000112071
0.000111811
0.000111529
0.000111207
0.000110855
0.000110464
0.000110043
0.000109582
0.000109087
0.000108548
0.000107973
0.000107351
0.000106683
0.000105968
0.000105197
0.000104368
0.000103394
0.000102013
0.000100595
9.91374e-05
9.76477e-05
9.61202e-05
9.45632e-05
9.29671e-05
9.1345e-05
8.96913e-05
8.80226e-05
8.63368e-05
8.45973e-05
8.28461e-05
8.10502e-05
7.9236e-05
7.73866e-05
7.55144e-05
7.36142e-05
7.16869e-05
6.97389e-05
6.77589e-05
6.57578e-05
6.37245e-05
6.16638e-05
5.95718e-05
5.74475e-05
5.52921e-05
5.31031e-05
5.08842e-05
4.86345e-05
4.63591e-05
4.40603e-05
4.17441e-05
3.94157e-05
3.70829e-05
3.47718e-05
3.24854e-05
3.02439e-05
2.80512e-05
2.59196e-05
2.38476e-05
2.18182e-05
1.98407e-05
1.79018e-05
1.59036e-05
1.38873e-05
1.18874e-05
1.01024e-05
8.58882e-06
8.10346e-06
1.13168e-05
0.000132495
0.000132262
0.000132183
0.000131968
0.000131911
0.000131675
0.000131608
0.00013136
0.000131268
0.000131011
0.000130886
0.000130617
0.000130457
0.000130172
0.000129971
0.000129662
0.000129412
0.000129065
0.000128456
0.000127761
0.000127059
0.000126326
0.000125585
0.000124811
0.000124026
0.00012321
0.000122371
0.000121493
0.000120592
0.000119647
0.000118675
0.000117656
0.000116608
0.000115513
0.000114385
0.000113212
0.000112005
0.000110757
0.000109468
0.000108141
0.000106782
0.000105376
0.000103946
0.000102474
0.000100971
9.94405e-05
9.7876e-05
9.62772e-05
9.46573e-05
9.30397e-05
9.13812e-05
8.9707e-05
8.80173e-05
8.62999e-05
8.45715e-05
8.28106e-05
8.10372e-05
7.92358e-05
7.74126e-05
7.55676e-05
7.36999e-05
7.18173e-05
6.99124e-05
6.79929e-05
6.60572e-05
6.41079e-05
6.21488e-05
6.01821e-05
5.82128e-05
5.62431e-05
5.42806e-05
5.23267e-05
5.03901e-05
4.84727e-05
4.65814e-05
4.47195e-05
4.28908e-05
4.10991e-05
3.93447e-05
3.76296e-05
3.59517e-05
3.43093e-05
3.26917e-05
3.11019e-05
2.95476e-05
2.79863e-05
2.64461e-05
2.4897e-05
2.33508e-05
2.17841e-05
2.02071e-05
1.86018e-05
1.6972e-05
1.52876e-05
1.35669e-05
1.18969e-05
1.04569e-05
9.74367e-06
1.18974e-05
1.20404e-05
0.000131346
0.000131504
0.000131177
0.000131045
0.000130321
0.000129806
0.000128993
0.00012832
0.000127491
0.000126737
0.000125903
0.000125096
0.00012425
0.000123401
0.000122537
0.000121654
0.00012077
0.000119852
0.000118945
0.000117996
0.000117043
0.000116053
0.000115056
0.000114017
0.000112957
0.000111863
0.000110745
0.000109588
0.000108408
0.000107185
0.000105941
0.000104653
0.000103344
0.000101993
0.000100622
9.92074e-05
9.77696e-05
9.63268e-05
9.48456e-05
9.33334e-05
9.18177e-05
9.02607e-05
8.87056e-05
8.71214e-05
8.55285e-05
8.39257e-05
8.23069e-05
8.0687e-05
7.9057e-05
7.74235e-05
7.57827e-05
7.41331e-05
7.24799e-05
7.08229e-05
6.91689e-05
6.75128e-05
6.58634e-05
6.42162e-05
6.25777e-05
6.09491e-05
5.93307e-05
5.77295e-05
5.61418e-05
5.45751e-05
5.30274e-05
5.15006e-05
4.99974e-05
4.85154e-05
4.70575e-05
4.56167e-05
4.42008e-05
4.28132e-05
4.14314e-05
4.00782e-05
3.87331e-05
3.74066e-05
3.60849e-05
3.47733e-05
3.34602e-05
3.21487e-05
3.08307e-05
2.95078e-05
2.81768e-05
2.68428e-05
2.55016e-05
2.41633e-05
2.28269e-05
2.14959e-05
2.01804e-05
1.8885e-05
1.76212e-05
1.6392e-05
1.52159e-05
1.40843e-05
1.3039e-05
1.22415e-05
1.20691e-05
1.37302e-05
1.37652e-05
1.40901e-05
0.000118022
0.000117557
0.000117126
0.000116671
0.00011586
0.000115118
0.000114204
0.000113344
0.000112404
0.000111489
0.000110541
0.000109592
0.000108636
0.000107662
0.000106696
0.000105706
0.000104734
0.000103728
0.00010274
0.000101708
0.000100671
9.96021e-05
9.85311e-05
9.74314e-05
9.62842e-05
9.51242e-05
9.39346e-05
9.27188e-05
9.14877e-05
9.02207e-05
8.89464e-05
8.76367e-05
8.63229e-05
8.4979e-05
8.36333e-05
8.22641e-05
8.08971e-05
7.95142e-05
7.81313e-05
7.67416e-05
7.53577e-05
7.39673e-05
7.25897e-05
7.12084e-05
6.98402e-05
6.84764e-05
6.71213e-05
6.57774e-05
6.44407e-05
6.31145e-05
6.18001e-05
6.04937e-05
5.92017e-05
5.79195e-05
5.66518e-05
5.5397e-05
5.41581e-05
5.29264e-05
5.17121e-05
5.05069e-05
4.93151e-05
4.81333e-05
4.69625e-05
4.58013e-05
4.46491e-05
4.35035e-05
4.23663e-05
4.12335e-05
4.01087e-05
3.89877e-05
3.7877e-05
3.67721e-05
3.56764e-05
3.45879e-05
3.35071e-05
3.24365e-05
3.13761e-05
3.03307e-05
2.92991e-05
2.82848e-05
2.72871e-05
2.63087e-05
2.53491e-05
2.44116e-05
2.34965e-05
2.26004e-05
2.17236e-05
2.08695e-05
2.00465e-05
1.92586e-05
1.85195e-05
1.78402e-05
1.72465e-05
1.67827e-05
1.65662e-05
1.66053e-05
1.60376e-05
1.57956e-05
1.57702e-05
1.31908e-05
0.000102505
0.000101541
0.000101085
0.000100404
9.96823e-05
9.88504e-05
9.80299e-05
9.71384e-05
9.62796e-05
9.53625e-05
9.44848e-05
9.35511e-05
9.26568e-05
9.17056e-05
9.07947e-05
8.98343e-05
8.89141e-05
8.79409e-05
8.69975e-05
8.60005e-05
8.50308e-05
8.40166e-05
8.30264e-05
8.19853e-05
8.09619e-05
7.99093e-05
7.88685e-05
7.78034e-05
7.67529e-05
7.56798e-05
7.46248e-05
7.35498e-05
7.24947e-05
7.1424e-05
7.03728e-05
6.93089e-05
6.82642e-05
6.72124e-05
6.6182e-05
6.51426e-05
6.41252e-05
6.31028e-05
6.20997e-05
6.10927e-05
6.0103e-05
5.9111e-05
5.81326e-05
5.71553e-05
5.6188e-05
5.52232e-05
5.42695e-05
5.3318e-05
5.238e-05
5.14376e-05
5.05072e-05
4.95771e-05
4.86601e-05
4.77464e-05
4.68458e-05
4.59531e-05
4.50754e-05
4.42092e-05
4.33608e-05
4.25265e-05
4.17085e-05
4.09112e-05
4.01334e-05
3.93761e-05
3.86408e-05
3.79273e-05
3.72345e-05
3.65621e-05
3.591e-05
3.52776e-05
3.46634e-05
3.40666e-05
3.34833e-05
3.28557e-05
3.19383e-05
3.10222e-05
3.0115e-05
2.92106e-05
2.83186e-05
2.74296e-05
2.65561e-05
2.56865e-05
2.48355e-05
2.39905e-05
2.31704e-05
2.23637e-05
2.1594e-05
2.08519e-05
2.0164e-05
1.95334e-05
1.89811e-05
1.85941e-05
1.83315e-05
1.82379e-05
1.89246e-05
1.4913e-05
9.03159e-05
8.89705e-05
8.86126e-05
8.78614e-05
8.73351e-05
8.65434e-05
8.59418e-05
8.51483e-05
8.45139e-05
8.37309e-05
8.30796e-05
8.23037e-05
8.16386e-05
8.086e-05
8.01808e-05
7.94076e-05
7.8729e-05
7.79489e-05
7.72481e-05
7.64467e-05
7.57179e-05
7.4894e-05
7.39652e-05
7.26725e-05
7.1482e-05
7.021e-05
6.90438e-05
6.78103e-05
6.66832e-05
6.55036e-05
6.44296e-05
6.3316e-05
6.23061e-05
6.1265e-05
6.03255e-05
5.93637e-05
5.84995e-05
5.76203e-05
5.68337e-05
5.6036e-05
5.53181e-05
5.45946e-05
5.39419e-05
5.32863e-05
5.26937e-05
5.20993e-05
5.1561e-05
5.10205e-05
5.0528e-05
5.00339e-05
4.95833e-05
4.91224e-05
4.87e-05
4.82656e-05
4.78648e-05
4.74478e-05
4.70596e-05
4.66504e-05
4.62637e-05
4.58539e-05
4.54603e-05
4.5041e-05
4.46226e-05
4.4194e-05
4.37789e-05
4.33208e-05
4.28913e-05
4.24282e-05
4.19895e-05
4.152e-05
4.10717e-05
4.05953e-05
4.01367e-05
3.96529e-05
3.91828e-05
3.86904e-05
3.82076e-05
3.77049e-05
3.72062e-05
3.6686e-05
3.61598e-05
3.56075e-05
3.50427e-05
3.44473e-05
3.38318e-05
3.31804e-05
3.25024e-05
3.17837e-05
3.10342e-05
3.0246e-05
2.94348e-05
2.86056e-05
2.77865e-05
2.7001e-05
2.63372e-05
2.58463e-05
2.54563e-05
2.55853e-05
2.60844e-05
2.0438e-05
7.51563e-05
7.34603e-05
7.27745e-05
7.14881e-05
7.08131e-05
6.95946e-05
6.89256e-05
6.77663e-05
6.71024e-05
6.59969e-05
6.53386e-05
6.42824e-05
6.36288e-05
6.26184e-05
6.19729e-05
6.10089e-05
6.03777e-05
5.94633e-05
5.88491e-05
5.79846e-05
5.7395e-05
5.65863e-05
5.60305e-05
5.52866e-05
5.479e-05
5.41214e-05
5.36857e-05
5.30965e-05
5.27206e-05
5.22108e-05
5.18918e-05
5.14583e-05
5.11931e-05
5.08339e-05
5.06179e-05
5.03263e-05
5.01561e-05
4.99228e-05
4.97913e-05
4.9605e-05
4.95057e-05
4.93555e-05
4.9281e-05
4.91609e-05
4.9103e-05
4.90043e-05
4.89507e-05
4.88968e-05
4.88534e-05
4.87682e-05
4.87457e-05
4.86725e-05
4.86576e-05
4.8596e-05
4.85866e-05
4.85369e-05
4.85325e-05
4.84982e-05
4.85033e-05
4.84857e-05
4.85012e-05
4.85001e-05
4.85258e-05
4.85411e-05
4.85771e-05
4.86094e-05
4.86604e-05
4.8708e-05
4.87733e-05
4.88363e-05
4.89161e-05
4.89939e-05
4.9087e-05
4.91788e-05
4.92834e-05
4.93868e-05
4.94994e-05
4.96096e-05
4.97252e-05
4.98353e-05
4.99446e-05
5.00425e-05
5.01314e-05
5.02003e-05
5.02485e-05
5.02629e-05
5.02414e-05
5.01696e-05
5.00435e-05
4.98504e-05
4.95895e-05
4.92539e-05
4.88519e-05
4.83935e-05
4.79073e-05
4.74718e-05
4.72831e-05
4.73534e-05
4.78221e-05
3.96299e-05
6.42338e-05
6.29108e-05
6.23858e-05
6.14064e-05
6.09298e-05
6.00054e-05
5.95718e-05
5.8702e-05
5.83072e-05
5.74907e-05
5.71309e-05
5.6367e-05
5.60395e-05
5.53287e-05
5.50331e-05
5.43765e-05
5.41124e-05
5.35106e-05
5.32784e-05
5.27327e-05
5.25333e-05
5.20454e-05
5.18799e-05
5.14515e-05
5.13192e-05
5.09594e-05
5.08448e-05
5.05553e-05
5.04541e-05
5.02323e-05
5.01413e-05
4.99759e-05
4.98968e-05
4.98001e-05
4.974e-05
4.96649e-05
4.96288e-05
4.95848e-05
4.9583e-05
4.95565e-05
4.95829e-05
4.95757e-05
4.96214e-05
4.96396e-05
4.96992e-05
4.97444e-05
4.98203e-05
4.98897e-05
4.99824e-05
5.0073e-05
5.01859e-05
5.02953e-05
5.04309e-05
5.05594e-05
5.07171e-05
5.0867e-05
5.10467e-05
5.12193e-05
5.14205e-05
5.16158e-05
5.18386e-05
5.20576e-05
5.23034e-05
5.25484e-05
5.28181e-05
5.30902e-05
5.3385e-05
5.36849e-05
5.40065e-05
5.43354e-05
5.46859e-05
5.50458e-05
5.54277e-05
5.58213e-05
5.62373e-05
5.66677e-05
5.7121e-05
5.75919e-05
5.8087e-05
5.86028e-05
5.91451e-05
5.97116e-05
6.03079e-05
6.09328e-05
6.15923e-05
6.22877e-05
6.30247e-05
6.38059e-05
6.46382e-05
6.55256e-05
6.64759e-05
6.7495e-05
6.85923e-05
6.97749e-05
7.10499e-05
7.24119e-05
7.38163e-05
7.52676e-05
7.59853e-05
6.60725e-05
6.91977e-05
6.7851e-05
6.73145e-05
6.62986e-05
6.57824e-05
6.48189e-05
6.43219e-05
6.34096e-05
6.29318e-05
6.20696e-05
6.16114e-05
6.07992e-05
6.03605e-05
5.95987e-05
5.91824e-05
5.84695e-05
5.80796e-05
5.74148e-05
5.70583e-05
5.64437e-05
5.61238e-05
5.55612e-05
5.52801e-05
5.47729e-05
5.45308e-05
5.40807e-05
5.38764e-05
5.34832e-05
5.33136e-05
5.29748e-05
5.28376e-05
5.25506e-05
5.24431e-05
5.22043e-05
5.21212e-05
5.19262e-05
5.18668e-05
5.17159e-05
5.16642e-05
5.1551e-05
5.14955e-05
5.14507e-05
5.13737e-05
5.13441e-05
5.12921e-05
5.12786e-05
5.12499e-05
5.12491e-05
5.12444e-05
5.12572e-05
5.1276e-05
5.1302e-05
5.1344e-05
5.13851e-05
5.14484e-05
5.15087e-05
5.15904e-05
5.16721e-05
5.17766e-05
5.18803e-05
5.20073e-05
5.21329e-05
5.22825e-05
5.24326e-05
5.26061e-05
5.27822e-05
5.29807e-05
5.31831e-05
5.3407e-05
5.36359e-05
5.38863e-05
5.41424e-05
5.44207e-05
5.47058e-05
5.50135e-05
5.53302e-05
5.56696e-05
5.60212e-05
5.63958e-05
5.67861e-05
5.72009e-05
5.76352e-05
5.80966e-05
5.85815e-05
5.90967e-05
5.96397e-05
6.02161e-05
6.0825e-05
6.1472e-05
6.21667e-05
6.291e-05
6.3711e-05
6.45758e-05
6.55182e-05
6.65542e-05
6.77092e-05
6.90278e-05
7.04804e-05
7.15852e-05
6.29167e-05
8.89535e-05
8.74581e-05
8.68423e-05
8.56825e-05
8.50191e-05
8.39078e-05
8.31961e-05
8.21201e-05
8.1365e-05
8.03163e-05
7.95235e-05
7.85041e-05
7.76705e-05
7.66646e-05
7.58085e-05
7.48021e-05
7.39456e-05
7.29333e-05
7.20809e-05
7.1076e-05
7.02328e-05
6.92448e-05
6.84175e-05
6.74586e-05
6.66538e-05
6.57322e-05
6.49593e-05
6.40828e-05
6.33473e-05
6.25225e-05
6.18342e-05
6.1065e-05
6.04281e-05
5.97186e-05
5.91361e-05
5.84882e-05
5.79592e-05
5.73718e-05
5.68944e-05
5.63655e-05
5.59347e-05
5.5461e-05
5.50704e-05
5.46479e-05
5.42903e-05
5.39082e-05
5.35791e-05
5.32311e-05
5.29257e-05
5.26041e-05
5.23171e-05
5.20131e-05
5.17392e-05
5.1442e-05
5.1167e-05
5.08899e-05
5.06335e-05
5.03535e-05
5.01047e-05
4.98429e-05
4.95987e-05
4.93372e-05
4.90888e-05
4.88446e-05
4.86089e-05
4.83713e-05
4.81464e-05
4.79155e-05
4.77006e-05
4.74785e-05
4.72699e-05
4.70483e-05
4.6839e-05
4.66128e-05
4.63947e-05
4.61574e-05
4.59233e-05
4.56687e-05
4.54117e-05
4.5133e-05
4.48472e-05
4.45419e-05
4.4227e-05
4.38924e-05
4.35469e-05
4.31839e-05
4.28095e-05
4.2421e-05
4.20245e-05
4.16079e-05
4.11836e-05
4.07491e-05
4.03298e-05
3.99312e-05
3.96002e-05
3.93795e-05
3.93711e-05
3.96884e-05
4.03764e-05
3.41717e-05
9.81546e-05
9.71559e-05
9.67494e-05
9.60965e-05
9.54997e-05
9.47488e-05
9.40567e-05
9.32626e-05
9.25269e-05
9.17162e-05
9.09596e-05
9.01427e-05
8.9377e-05
8.85574e-05
8.77809e-05
8.69417e-05
8.61343e-05
8.52736e-05
8.44501e-05
8.35785e-05
8.27396e-05
8.18559e-05
8.1002e-05
8.01083e-05
7.92406e-05
7.83366e-05
7.74582e-05
7.65412e-05
7.56588e-05
7.47455e-05
7.38551e-05
7.29418e-05
7.20511e-05
7.11414e-05
7.02531e-05
6.93506e-05
6.84684e-05
6.7577e-05
6.66984e-05
6.58007e-05
6.49143e-05
6.40154e-05
6.31266e-05
6.22306e-05
6.13465e-05
6.04592e-05
5.9586e-05
5.87148e-05
5.78627e-05
5.70171e-05
5.61945e-05
5.53807e-05
5.45941e-05
5.38194e-05
5.30738e-05
5.23411e-05
5.16096e-05
5.08271e-05
5.0066e-05
4.93019e-05
4.85554e-05
4.78016e-05
4.70603e-05
4.63062e-05
4.55569e-05
4.47917e-05
4.40278e-05
4.32463e-05
4.24637e-05
4.16543e-05
4.08537e-05
4.00468e-05
3.9248e-05
3.84274e-05
3.76264e-05
3.68069e-05
3.60078e-05
3.51939e-05
3.44009e-05
3.35976e-05
3.28163e-05
3.20216e-05
3.1251e-05
3.04742e-05
2.97244e-05
2.89753e-05
2.8254e-05
2.75387e-05
2.68517e-05
2.61829e-05
2.55516e-05
2.49481e-05
2.43865e-05
2.38994e-05
2.35406e-05
2.32469e-05
2.32679e-05
2.35427e-05
2.43138e-05
1.88712e-05
0.000112292
0.00011161
0.000111261
0.000110767
0.000110095
0.000109385
0.000108587
0.000107771
0.000106915
0.00010604
0.000105143
0.000104223
0.000103309
0.000102369
0.000101423
0.000100442
9.9456e-05
9.84307e-05
9.741e-05
9.63482e-05
9.52923e-05
9.41948e-05
9.31025e-05
9.19711e-05
9.08442e-05
8.96798e-05
8.85209e-05
8.73292e-05
8.6142e-05
8.49256e-05
8.37166e-05
8.24835e-05
8.12575e-05
8.0015e-05
7.87786e-05
7.75334e-05
7.62938e-05
7.50508e-05
7.38163e-05
7.25834e-05
7.13594e-05
7.01372e-05
6.89237e-05
6.77091e-05
6.65022e-05
6.52996e-05
6.41049e-05
6.29055e-05
6.17164e-05
6.0524e-05
5.93413e-05
5.8158e-05
5.69844e-05
5.58111e-05
5.46479e-05
5.34858e-05
5.23353e-05
5.11866e-05
5.00519e-05
4.89246e-05
4.78152e-05
4.67164e-05
4.56272e-05
4.45477e-05
4.34822e-05
4.24336e-05
4.14016e-05
4.03904e-05
3.94012e-05
3.84417e-05
3.75039e-05
3.65975e-05
3.57166e-05
3.48684e-05
3.40486e-05
3.32571e-05
3.24916e-05
3.1754e-05
3.10409e-05
3.03539e-05
2.96883e-05
2.90384e-05
2.84104e-05
2.77964e-05
2.68136e-05
2.58477e-05
2.48882e-05
2.39836e-05
2.31001e-05
2.2274e-05
2.1476e-05
2.07407e-05
2.00428e-05
1.94096e-05
1.8808e-05
1.83896e-05
1.81684e-05
1.79729e-05
1.87098e-05
1.44587e-05
0.000128224
0.00012796
0.000127696
0.000127426
0.000126721
0.000126105
0.000125264
0.000124493
0.000123602
0.000122748
0.000121831
0.000120922
0.000119984
0.000119032
0.000118062
0.000117062
0.000116048
0.000114997
0.000113939
0.000112842
0.00011174
0.000110598
0.000109449
0.000108261
0.000107068
0.000105836
0.000104583
0.000103314
0.000102045
0.000100723
9.93944e-05
9.80326e-05
9.66543e-05
9.52528e-05
9.3831e-05
9.23923e-05
9.09336e-05
8.94604e-05
8.79744e-05
8.64823e-05
8.49816e-05
8.34739e-05
8.19623e-05
8.04438e-05
7.89209e-05
7.73962e-05
7.58687e-05
7.43417e-05
7.28156e-05
7.12923e-05
6.97745e-05
6.8262e-05
6.67596e-05
6.52644e-05
6.37836e-05
6.23109e-05
6.08542e-05
5.9407e-05
5.7976e-05
5.65529e-05
5.51514e-05
5.37638e-05
5.23899e-05
5.10406e-05
4.9702e-05
4.83862e-05
4.70781e-05
4.5789e-05
4.45048e-05
4.32355e-05
4.19694e-05
4.07142e-05
3.94615e-05
3.82165e-05
3.69748e-05
3.57435e-05
3.45182e-05
3.33038e-05
3.20941e-05
3.0895e-05
2.97059e-05
2.85292e-05
2.73702e-05
2.62278e-05
2.5105e-05
2.39996e-05
2.29207e-05
2.18619e-05
2.08342e-05
1.98258e-05
1.88627e-05
1.79251e-05
1.7095e-05
1.63747e-05
1.59061e-05
1.60816e-05
1.60742e-05
1.5861e-05
1.58793e-05
1.3183e-05
0.000139978
0.000140323
0.000140162
0.00014018
0.000139581
0.00013918
0.000138464
0.000137886
0.000137139
0.000136468
0.000135704
0.00013497
0.000134188
0.000133404
0.000132593
0.000131758
0.000130905
0.000130018
0.000129118
0.00012818
0.00012723
0.000126238
0.000125233
0.000124185
0.000123122
0.000122016
0.00012089
0.000119731
0.000118556
0.000117335
0.000116098
0.000114822
0.000113526
0.000112197
0.000110842
0.00010946
0.000108049
0.000106611
0.000105147
0.000103658
0.000102145
0.000100596
9.90279e-05
9.74565e-05
9.58363e-05
9.42057e-05
9.25434e-05
9.0863e-05
8.91582e-05
8.74326e-05
8.56876e-05
8.39218e-05
8.21427e-05
8.03445e-05
7.85396e-05
7.6721e-05
7.49013e-05
7.30682e-05
7.12323e-05
6.93897e-05
6.75462e-05
6.57064e-05
6.38717e-05
6.20524e-05
6.02432e-05
5.84566e-05
5.66877e-05
5.49457e-05
5.32279e-05
5.1539e-05
4.98788e-05
4.82481e-05
4.66474e-05
4.50715e-05
4.35207e-05
4.2001e-05
4.05005e-05
3.90112e-05
3.75439e-05
3.60802e-05
3.46262e-05
3.31659e-05
3.17033e-05
3.02252e-05
2.87336e-05
2.72207e-05
2.56939e-05
2.41469e-05
2.2594e-05
2.10314e-05
1.94748e-05
1.79184e-05
1.63765e-05
1.49027e-05
1.3533e-05
1.24613e-05
1.20852e-05
1.36129e-05
1.38455e-05
1.43349e-05
0.000136465
0.000136318
0.000136269
0.000136108
0.000136074
0.00013589
0.000135846
0.00013565
0.000135585
0.000135378
0.000135284
0.000135064
0.000134936
0.000134697
0.000134532
0.000134271
0.000134065
0.000133777
0.000133528
0.000133208
0.000132912
0.000132553
0.000132206
0.000131801
0.000131397
0.000130936
0.000130464
0.000129701
0.000128818
0.000127887
0.000126939
0.000125951
0.000124941
0.000123896
0.000122824
0.000121721
0.00012059
0.00011943
0.00011824
0.000117014
0.000115756
0.000114461
0.000113135
0.000111773
0.000110372
0.000108939
0.000107466
0.000105958
0.000104411
0.000102828
0.000101207
9.95487e-05
9.78551e-05
9.61213e-05
9.43451e-05
9.25339e-05
9.07182e-05
8.8855e-05
8.69581e-05
8.50393e-05
8.30816e-05
8.11081e-05
7.90947e-05
7.70653e-05
7.49973e-05
7.29054e-05
7.0784e-05
6.8637e-05
6.64708e-05
6.42821e-05
6.20822e-05
5.98689e-05
5.76545e-05
5.54407e-05
5.32381e-05
5.10522e-05
4.88911e-05
4.67614e-05
4.46698e-05
4.26208e-05
4.06188e-05
3.86648e-05
3.67593e-05
3.48982e-05
3.3068e-05
3.12696e-05
2.95193e-05
2.77476e-05
2.59964e-05
2.42172e-05
2.24243e-05
2.05756e-05
1.86605e-05
1.66917e-05
1.47237e-05
1.27642e-05
1.10901e-05
1.00966e-05
1.19752e-05
1.21284e-05
0.000113405
0.0001137
0.00011382
0.000113969
0.000114085
0.0001142
0.000114318
0.000114412
0.000114527
0.000114604
0.000114714
0.000114775
0.000114873
0.000114918
0.000114997
0.000115026
0.000115085
0.000115097
0.000115134
0.000115127
0.000115136
0.000115106
0.000115085
0.000115028
0.000114974
0.000114886
0.000114795
0.000114674
0.000114553
0.000114403
0.000114249
0.00011407
0.000113882
0.00011367
0.000113446
0.0001132
0.000112937
0.000112649
0.000112338
0.000112002
0.000111642
0.000111253
0.000110838
0.000110391
0.000109913
0.000109398
0.000108849
0.000108265
0.000107647
0.000106995
0.000106307
0.000105567
0.000104781
0.000103932
0.00010302
0.000102024
0.000100473
9.88793e-05
9.72173e-05
9.55141e-05
9.37488e-05
9.19462e-05
9.0087e-05
8.81994e-05
8.62675e-05
8.43108e-05
8.23321e-05
8.02702e-05
7.81907e-05
7.6052e-05
7.3882e-05
7.16697e-05
6.94163e-05
6.7124e-05
6.47876e-05
6.2408e-05
5.99809e-05
5.75036e-05
5.49755e-05
5.23936e-05
4.97623e-05
4.70828e-05
4.43656e-05
4.16191e-05
3.88593e-05
3.6104e-05
3.33777e-05
3.07035e-05
2.81031e-05
2.56052e-05
2.31851e-05
2.08512e-05
1.8593e-05
1.63279e-05
1.41485e-05
1.21464e-05
1.03275e-05
8.93884e-06
8.38991e-06
1.15403e-05
7.31068e-05
7.35623e-05
7.36483e-05
7.39468e-05
7.40507e-05
7.43022e-05
7.44329e-05
7.46554e-05
7.48086e-05
7.5013e-05
7.5182e-05
7.53742e-05
7.55517e-05
7.57344e-05
7.59145e-05
7.60899e-05
7.627e-05
7.6441e-05
7.66196e-05
7.67867e-05
7.69614e-05
7.71237e-05
7.72926e-05
7.74495e-05
7.76117e-05
7.77626e-05
7.79174e-05
7.80624e-05
7.82107e-05
7.83494e-05
7.84891e-05
7.862e-05
7.87491e-05
7.88694e-05
7.89855e-05
7.90917e-05
7.91913e-05
7.92804e-05
7.93641e-05
7.94378e-05
7.95042e-05
7.95605e-05
7.96081e-05
7.96449e-05
7.96721e-05
7.96883e-05
7.96945e-05
7.96898e-05
7.96695e-05
7.96316e-05
7.9573e-05
7.94895e-05
7.93806e-05
7.92403e-05
7.9069e-05
7.88622e-05
7.86234e-05
7.8366e-05
7.80728e-05
7.77527e-05
7.73899e-05
7.69873e-05
7.65247e-05
7.58673e-05
7.49545e-05
7.39762e-05
7.29438e-05
7.18412e-05
7.06935e-05
6.94715e-05
6.81785e-05
6.68305e-05
6.54063e-05
6.38874e-05
6.22904e-05
6.05901e-05
5.87981e-05
5.68958e-05
5.48911e-05
5.27745e-05
5.05526e-05
4.82243e-05
4.57971e-05
4.32778e-05
4.06751e-05
3.80044e-05
3.52683e-05
3.24808e-05
2.96424e-05
2.67088e-05
2.37036e-05
2.06098e-05
1.75772e-05
1.46814e-05
1.19811e-05
9.63093e-06
7.77597e-06
6.55935e-06
5.88376e-06
6.76711e-06
6.8239e-06
6.84104e-06
6.85273e-06
6.86711e-06
6.88106e-06
6.89823e-06
6.91307e-06
6.93161e-06
6.94753e-06
6.96706e-06
6.98415e-06
7.00468e-06
7.02288e-06
7.04415e-06
7.06361e-06
7.08543e-06
7.10622e-06
7.12878e-06
7.15102e-06
7.17458e-06
7.19834e-06
7.22307e-06
7.24838e-06
7.27443e-06
7.30134e-06
7.32887e-06
7.35742e-06
7.38655e-06
7.4168e-06
7.4476e-06
7.47957e-06
7.51213e-06
7.54586e-06
7.58023e-06
7.61579e-06
7.65208e-06
7.68961e-06
7.72799e-06
7.76769e-06
7.80835e-06
7.8504e-06
7.89356e-06
7.9382e-06
7.98409e-06
8.03155e-06
8.08038e-06
8.13081e-06
8.18263e-06
8.23586e-06
8.29047e-06
8.34648e-06
8.40385e-06
8.46277e-06
8.52318e-06
8.58551e-06
8.64979e-06
8.71642e-06
8.78534e-06
8.85574e-06
8.92777e-06
9.00017e-06
9.0727e-06
9.14369e-06
9.212e-06
9.2804e-06
9.35105e-06
9.42506e-06
9.5006e-06
9.58131e-06
9.66349e-06
9.75021e-06
9.8418e-06
9.93549e-06
1.0032e-05
1.01339e-05
1.0236e-05
1.0344e-05
1.04526e-05
1.05654e-05
1.06805e-05
1.07991e-05
1.09219e-05
1.10488e-05
1.11816e-05
1.13193e-05
1.14609e-05
1.15935e-05
1.16934e-05
1.16835e-05
1.14828e-05
1.09381e-05
9.79826e-06
7.97535e-06
5.81013e-06
3.65562e-06
2.65049e-06
2.56266e-06
3.92432e-06
4.02337e-06
4.33456e-06
1.09279e-05
2.07317e-06
2.59738e-06
3.51229e-06
4.53996e-06
5.60806e-06
6.4913e-06
7.33043e-06
8.14042e-06
8.89467e-06
9.58541e-06
1.02445e-05
1.13115e-05
1.31038e-05
1.52609e-05
1.77347e-05
1.75748e-05
1.55553e-05
1.03655e-05
4.00178e-06
5.86681e-06
2.18194e-06
2.47038e-06
3.17628e-06
4.04484e-06
4.86575e-06
5.68857e-06
6.53852e-06
7.39493e-06
8.26411e-06
9.17532e-06
1.02385e-05
1.18585e-05
1.38684e-05
1.67532e-05
1.82129e-05
1.74456e-05
1.4742e-05
9.6253e-06
3.97267e-06
4.93515e-06
2.69019e-06
2.89489e-06
3.40889e-06
4.01039e-06
4.7178e-06
5.46679e-06
6.29049e-06
7.18456e-06
8.30227e-06
9.37864e-06
1.08311e-05
1.26776e-05
1.54584e-05
1.78254e-05
1.82263e-05
1.7125e-05
1.40428e-05
8.99862e-06
3.83668e-06
5.0471e-06
3.43435e-06
3.63442e-06
3.87351e-06
4.36511e-06
4.91707e-06
5.64614e-06
6.53997e-06
7.65349e-06
9.34615e-06
1.09654e-05
1.26495e-05
1.53285e-05
1.79354e-05
1.90291e-05
1.87189e-05
1.70195e-05
1.3322e-05
8.10445e-06
3.24383e-06
5.68485e-06
4.47757e-06
4.61802e-06
4.63129e-06
5.18858e-06
5.66686e-06
6.53934e-06
7.75844e-06
9.46391e-06
1.27355e-05
1.44162e-05
1.66432e-05
1.90155e-05
2.01983e-05
2.02843e-05
1.91998e-05
1.65531e-05
1.25972e-05
7.08569e-06
2.32289e-06
6.8937e-06
5.97398e-06
6.04391e-06
6.00561e-06
6.7353e-06
7.67936e-06
9.20652e-06
1.13835e-05
1.57019e-05
1.89963e-05
2.05603e-05
2.19831e-05
2.28186e-05
2.26936e-05
2.1639e-05
1.91081e-05
1.60456e-05
1.1789e-05
5.23695e-06
1.39011e-06
9.02424e-06
8.59663e-06
8.81424e-06
9.36003e-06
1.10213e-05
1.34453e-05
1.67802e-05
2.16246e-05
2.82769e-05
2.9027e-05
2.87824e-05
2.81248e-05
2.68239e-05
2.47731e-05
2.16924e-05
1.85934e-05
1.49638e-05
1.02237e-05
3.83285e-06
6.91074e-07
1.45692e-05
1.60058e-05
1.72122e-05
1.9488e-05
2.30071e-05
2.73019e-05
3.28529e-05
3.97941e-05
3.96919e-05
3.74188e-05
3.41591e-05
3.15038e-05
2.80219e-05
2.49941e-05
2.09475e-05
1.71724e-05
1.29543e-05
8.32189e-06
2.91234e-06
3.13452e-07
3.23912e-05
3.53556e-05
3.65925e-05
3.90502e-05
4.35223e-05
4.7869e-05
5.15867e-05
4.74479e-05
4.39195e-05
4.00345e-05
3.63047e-05
3.25138e-05
2.84309e-05
2.34553e-05
1.86729e-05
1.41253e-05
1.04843e-05
7.50633e-06
3.02559e-06
1.89507e-07
5.27074e-05
5.55939e-05
5.58667e-05
5.7383e-05
6.22417e-05
5.9218e-05
5.50449e-05
5.01065e-05
4.6135e-05
4.11822e-05
3.72259e-05
3.20217e-05
2.71206e-05
1.98612e-05
1.42688e-05
1.01967e-05
8.58225e-06
7.67959e-06
3.75125e-06
2.60595e-07
5.02692e-05
5.30142e-05
5.34128e-05
5.50258e-05
5.9856e-05
5.76359e-05
5.36475e-05
4.88902e-05
4.51365e-05
4.03548e-05
3.67572e-05
3.16334e-05
2.77076e-05
2.05796e-05
1.50031e-05
1.03033e-05
8.38669e-06
7.09379e-06
3.22193e-06
2.22684e-07
2.79055e-05
3.08207e-05
3.22045e-05
3.46946e-05
3.91059e-05
4.36899e-05
4.93515e-05
4.54539e-05
4.24436e-05
3.83174e-05
3.55465e-05
3.12979e-05
2.83183e-05
2.39106e-05
1.93269e-05
1.45481e-05
1.03138e-05
6.64617e-06
2.32946e-06
1.726e-07
1.30582e-05
1.39767e-05
1.49406e-05
1.6986e-05
2.01405e-05
2.41882e-05
2.94404e-05
3.63633e-05
3.96743e-05
3.60419e-05
3.39258e-05
3.05078e-05
2.7611e-05
2.44459e-05
2.12258e-05
1.7357e-05
1.28747e-05
7.92106e-06
2.54047e-06
2.05176e-07
8.63212e-06
8.10369e-06
8.24744e-06
8.63482e-06
1.00416e-05
1.21728e-05
1.5158e-05
1.97606e-05
2.6228e-05
2.74014e-05
2.77249e-05
2.75452e-05
2.6653e-05
2.46844e-05
2.14112e-05
1.85955e-05
1.48424e-05
9.94489e-06
3.50994e-06
4.38705e-07
6.73724e-06
5.80244e-06
5.86669e-06
5.82773e-06
6.5057e-06
7.35917e-06
8.73645e-06
1.07133e-05
1.47731e-05
1.81112e-05
1.98958e-05
2.16593e-05
2.26998e-05
2.27499e-05
2.18285e-05
1.89327e-05
1.58203e-05
1.1531e-05
5.10995e-06
1.17218e-06
5.62138e-06
4.42668e-06
4.56456e-06
4.60793e-06
5.15519e-06
5.64094e-06
6.48125e-06
7.6272e-06
9.22433e-06
1.23168e-05
1.40893e-05
1.644e-05
1.89955e-05
2.03059e-05
2.04278e-05
1.93428e-05
1.63988e-05
1.24226e-05
6.96316e-06
2.20404e-06
5.04357e-06
3.43394e-06
3.63673e-06
3.9172e-06
4.41815e-06
4.99554e-06
5.72564e-06
6.60441e-06
7.67783e-06
9.31715e-06
1.08937e-05
1.26301e-05
1.53484e-05
1.80754e-05
1.92225e-05
1.88788e-05
1.70902e-05
1.31974e-05
8.04567e-06
3.21295e-06
5.05489e-06
2.73372e-06
2.93073e-06
3.46053e-06
4.09498e-06
4.8135e-06
5.58362e-06
6.41708e-06
7.30528e-06
8.40175e-06
9.48191e-06
1.09304e-05
1.27921e-05
1.5586e-05
1.80011e-05
1.83787e-05
1.72033e-05
1.39453e-05
8.95817e-06
3.80476e-06
6.12934e-06
2.24385e-06
2.53683e-06
3.25164e-06
4.12787e-06
4.98828e-06
5.82554e-06
6.68962e-06
7.55739e-06
8.42431e-06
9.34257e-06
1.04059e-05
1.20265e-05
1.40479e-05
1.69352e-05
1.83579e-05
1.75153e-05
1.4724e-05
9.60187e-06
3.9607e-06
1.09716e-05
2.14038e-06
2.66375e-06
3.59723e-06
4.64172e-06
5.71126e-06
6.64253e-06
7.49003e-06
8.31226e-06
9.06997e-06
9.76702e-06
1.04376e-05
1.14883e-05
1.32642e-05
1.5423e-05
1.78556e-05
1.7623e-05
1.55259e-05
1.0357e-05
3.99558e-06
1.23421e-06
0.000116558
0.000294184
0.000330906
0.00033481
0.000335356
0.000335357
0.000335342
0.000335343
0.000335345
0.000335345
0.000335343
0.000335342
0.000335357
0.000335356
0.00033481
0.000330906
0.000294184
0.000116558
1.23421e-06
1.36972e-06
6.81674e-05
0.000219585
0.000309504
0.000330909
0.000334527
0.000335273
0.000335315
0.000335296
0.000335287
0.000335287
0.000335296
0.000335315
0.000335273
0.000334527
0.000330909
0.000309504
0.000219585
6.81675e-05
1.36972e-06
1.5134e-06
5.28954e-05
0.000176458
0.000280578
0.000322147
0.000332504
0.000334604
0.0003351
0.000335168
0.000335172
0.000335172
0.000335168
0.0003351
0.000334604
0.000332504
0.000322147
0.000280579
0.000176458
5.28955e-05
1.5134e-06
1.65541e-06
4.39375e-05
0.00014816
0.000254262
0.0003093
0.000328588
0.000333554
0.000334803
0.000335047
0.00033508
0.00033508
0.000335047
0.000334803
0.000333554
0.000328588
0.0003093
0.000254262
0.00014816
4.39375e-05
1.65541e-06
1.79641e-06
3.71617e-05
0.000127217
0.000231227
0.000295244
0.000322612
0.000331765
0.000334129
0.0003348
0.00033494
0.00033494
0.0003348
0.000334129
0.000331765
0.000322612
0.000295244
0.000231227
0.000127217
3.71617e-05
1.79641e-06
1.93635e-06
3.20663e-05
0.000111062
0.000211231
0.000280971
0.000315385
0.000328853
0.0003332
0.000334472
0.00033478
0.00033478
0.000334472
0.0003332
0.000328853
0.000315385
0.000280971
0.000211231
0.000111062
3.20663e-05
1.93635e-06
2.07397e-06
2.82171e-05
9.83539e-05
0.000193937
0.000267067
0.000307358
0.000325176
0.000331844
0.000333904
0.000334513
0.000334513
0.000333904
0.000331844
0.000325176
0.000307358
0.000267067
0.000193937
9.83538e-05
2.8217e-05
2.07397e-06
2.20851e-06
2.5234e-05
8.81444e-05
0.000178944
0.000253825
0.000298866
0.000320816
0.000329912
0.000333144
0.000334153
0.000334153
0.000333144
0.000329912
0.000320815
0.000298866
0.000253825
0.000178944
8.81442e-05
2.5234e-05
2.20851e-06
2.33867e-06
2.28838e-05
7.98185e-05
0.000165915
0.000241397
0.000290181
0.000315929
0.000327568
0.000332164
0.000333602
0.000333602
0.000332164
0.000327568
0.000315929
0.000290181
0.000241397
0.000165915
7.98183e-05
2.28837e-05
2.33868e-06
2.46392e-06
2.09833e-05
7.29055e-05
0.000154523
0.000229816
0.000281487
0.000310645
0.000324815
0.000330837
0.000332879
0.000332879
0.000330837
0.000324815
0.000310645
0.000281487
0.000229815
0.000154523
7.29054e-05
2.09833e-05
2.46393e-06
2.58307e-06
1.94331e-05
6.71021e-05
0.000144522
0.000219081
0.000272922
0.000305083
0.000321705
0.000329233
0.000331992
0.000331992
0.000329233
0.000321705
0.000305083
0.000272922
0.00021908
0.000144521
6.71019e-05
1.94331e-05
2.58307e-06
2.69581e-06
1.81414e-05
6.21625e-05
0.000135685
0.000209149
0.000264572
0.000299342
0.000318291
0.000327354
0.000330843
0.000330843
0.000327354
0.000318291
0.000299342
0.000264572
0.000209148
0.000135685
6.21624e-05
1.81414e-05
2.69581e-06
2.8012e-06
1.70616e-05
5.79247e-05
0.000127849
0.000199976
0.0002565
0.000293505
0.000314624
0.000325205
0.000329432
0.000329432
0.000325205
0.000314623
0.000293505
0.0002565
0.000199975
0.000127848
5.79245e-05
1.70616e-05
2.8012e-06
2.89937e-06
1.61475e-05
5.42482e-05
0.000120854
0.000191497
0.000248735
0.000287636
0.000310748
0.000322803
0.000327776
0.000327776
0.000322803
0.000310748
0.000287635
0.000248734
0.000191497
0.000120854
5.4248e-05
1.61475e-05
2.89937e-06
2.9896e-06
1.53693e-05
5.104e-05
0.000114589
0.000183661
0.000241296
0.000281785
0.000306709
0.000320171
0.000325879
0.000325879
0.000320171
0.000306709
0.000281785
0.000241296
0.000183661
0.000114588
5.10399e-05
1.53693e-05
2.98961e-06
3.07233e-06
1.47002e-05
4.82151e-05
0.000108945
0.000176405
0.000234187
0.00027599
0.000302544
0.000317329
0.000323751
0.000323751
0.000317329
0.000302543
0.00027599
0.000234187
0.000176404
0.000108945
4.8215e-05
1.47003e-05
3.07233e-06
3.14699e-06
1.41263e-05
4.57181e-05
0.000103848
0.000169683
0.000227408
0.000270283
0.000298286
0.000314303
0.000321405
0.000321405
0.000314303
0.000298286
0.000270283
0.000227408
0.000169683
0.000103848
4.57181e-05
1.41263e-05
3.14699e-06
3.21437e-06
1.3629e-05
4.34948e-05
9.92215e-05
0.000163443
0.000220951
0.000264684
0.000293966
0.000311116
0.000318858
0.000318858
0.000311116
0.000293966
0.000264684
0.000220951
0.000163443
9.92213e-05
4.34947e-05
1.36291e-05
3.21437e-06
3.27398e-06
1.32007e-05
4.15089e-05
9.50117e-05
0.000157646
0.000214806
0.000259209
0.00028961
0.000307792
0.00031613
0.00031613
0.000307792
0.000289609
0.000259209
0.000214806
0.000157646
9.50116e-05
4.15089e-05
1.32007e-05
3.27398e-06
3.3269e-06
1.2828e-05
3.97249e-05
9.11646e-05
0.000152247
0.000208959
0.000253868
0.000285237
0.000304351
0.000313238
0.000313238
0.000304351
0.000285237
0.000253868
0.000208958
0.000152247
9.11645e-05
3.97249e-05
1.2828e-05
3.3269e-06
3.37259e-06
1.25073e-05
3.81177e-05
8.76413e-05
0.000147215
0.000203397
0.000248669
0.000280867
0.000300814
0.000310202
0.000310202
0.000300814
0.000280867
0.000248669
0.000203396
0.000147215
8.76413e-05
3.81176e-05
1.25073e-05
3.37259e-06
3.41241e-06
1.22287e-05
3.66645e-05
8.44035e-05
0.000142514
0.000198104
0.000243616
0.000276515
0.000297202
0.000307044
0.000307043
0.000297202
0.000276515
0.000243616
0.000198103
0.000142514
8.44033e-05
3.66645e-05
1.22287e-05
3.4124e-06
3.44566e-06
1.19915e-05
3.53461e-05
8.14217e-05
0.000138119
0.000193068
0.000238711
0.000272195
0.000293532
0.00030378
0.00030378
0.000293532
0.000272195
0.000238711
0.000193068
0.000138119
8.14217e-05
3.53461e-05
1.19915e-05
3.44566e-06
3.47402e-06
1.1787e-05
3.41488e-05
7.86681e-05
0.000134001
0.000188273
0.000233954
0.000267917
0.00028982
0.00030043
0.00030043
0.00028982
0.000267917
0.000233954
0.000188273
0.000134001
7.8668e-05
3.41488e-05
1.1787e-05
3.47402e-06
3.49649e-06
1.16128e-05
3.30555e-05
7.61199e-05
0.000130139
0.000183707
0.000229345
0.000263691
0.000286082
0.00029701
0.00029701
0.000286082
0.000263691
0.000229344
0.000183707
0.000130139
7.61199e-05
3.30555e-05
1.16128e-05
3.49649e-06
3.51512e-06
1.14696e-05
3.20598e-05
7.37563e-05
0.00012651
0.000179356
0.00022488
0.000259524
0.000282329
0.000293536
0.000293536
0.000282329
0.000259524
0.00022488
0.000179355
0.00012651
7.37562e-05
3.20598e-05
1.14697e-05
3.51511e-06
3.52846e-06
1.13484e-05
3.11462e-05
7.156e-05
0.000123097
0.000175207
0.000220558
0.000255421
0.000278574
0.000290022
0.000290022
0.000278574
0.000255421
0.000220558
0.000175207
0.000123097
7.156e-05
3.11462e-05
1.13485e-05
3.52845e-06
3.53792e-06
1.12562e-05
3.0313e-05
6.95151e-05
0.000119881
0.000171249
0.000216375
0.000251388
0.000274828
0.000286482
0.000286482
0.000274828
0.000251388
0.000216375
0.000171249
0.000119881
6.9515e-05
3.0313e-05
1.12562e-05
3.53792e-06
3.54511e-06
1.11813e-05
2.95464e-05
6.76086e-05
0.000116849
0.000167471
0.000212328
0.000247429
0.000271099
0.000282926
0.000282926
0.000271099
0.000247429
0.000212328
0.000167471
0.000116849
6.76086e-05
2.95465e-05
1.11814e-05
3.5451e-06
3.54863e-06
1.1132e-05
2.88463e-05
6.58272e-05
0.000113985
0.000163862
0.000208413
0.000243546
0.000267396
0.000279367
0.000279367
0.000267396
0.000243546
0.000208413
0.000163862
0.000113985
6.58273e-05
2.88464e-05
1.1132e-05
3.54863e-06
3.54914e-06
1.10977e-05
2.82015e-05
6.41615e-05
0.000111278
0.000160413
0.000204625
0.000239742
0.000263725
0.000275812
0.000275812
0.000263725
0.000239742
0.000204625
0.000160413
0.000111278
6.41616e-05
2.82016e-05
1.10978e-05
3.54914e-06
3.54717e-06
1.10876e-05
2.76134e-05
6.26007e-05
0.000108714
0.000157113
0.000200961
0.000236017
0.000260092
0.000272271
0.000272271
0.000260092
0.000236017
0.000200961
0.000157113
0.000108714
6.26009e-05
2.76134e-05
1.10875e-05
3.54716e-06
3.54301e-06
1.10905e-05
2.70716e-05
6.11376e-05
0.000106286
0.000153956
0.000197416
0.000232373
0.000256502
0.00026875
0.00026875
0.000256502
0.000232373
0.000197416
0.000153956
0.000106286
6.11377e-05
2.70718e-05
1.10907e-05
3.54301e-06
3.53695e-06
1.1117e-05
2.65796e-05
5.97636e-05
0.000103981
0.000150931
0.000193986
0.00022881
0.00025296
0.000265256
0.000265256
0.00025296
0.00022881
0.000193986
0.000150931
0.000103982
5.97638e-05
2.65796e-05
1.1117e-05
3.53694e-06
3.52925e-06
1.11558e-05
2.61274e-05
5.84731e-05
0.000101794
0.000148033
0.000190667
0.000225329
0.000249468
0.000261794
0.000261794
0.000249468
0.000225329
0.000190667
0.000148034
0.000101795
5.84733e-05
2.61275e-05
1.11559e-05
3.52924e-06
3.52011e-06
1.12175e-05
2.57194e-05
5.72589e-05
9.97151e-05
0.000145254
0.000187455
0.000221928
0.00024603
0.000258369
0.000258369
0.00024603
0.000221928
0.000187455
0.000145255
9.97152e-05
5.7259e-05
2.57194e-05
1.12176e-05
3.5201e-06
3.50981e-06
1.12914e-05
2.5346e-05
5.61169e-05
9.7737e-05
0.000142588
0.000184346
0.000218607
0.000242649
0.000254986
0.000254986
0.000242649
0.000218608
0.000184346
0.000142588
9.77374e-05
5.61172e-05
2.53461e-05
1.12914e-05
3.5098e-06
3.49846e-06
1.1388e-05
2.50133e-05
5.50419e-05
9.58527e-05
0.000140028
0.000181336
0.000215366
0.000239325
0.000251646
0.000251646
0.000239325
0.000215366
0.000181336
0.000140028
9.58527e-05
5.50419e-05
2.50134e-05
1.13881e-05
3.49845e-06
3.48635e-06
1.14975e-05
2.47113e-05
5.403e-05
9.40571e-05
0.000137569
0.000178421
0.000212203
0.00023606
0.000248353
0.000248353
0.00023606
0.000212203
0.000178422
0.000137569
9.40575e-05
5.40304e-05
2.47115e-05
1.14975e-05
3.48635e-06
3.4735e-06
1.16321e-05
2.44473e-05
5.30761e-05
9.23442e-05
0.000135205
0.000175598
0.000209117
0.000232855
0.00024511
0.00024511
0.000232855
0.000209117
0.000175598
0.000135205
9.2344e-05
5.30761e-05
2.44474e-05
1.16322e-05
3.47349e-06
3.46026e-06
1.17727e-05
2.42114e-05
5.21792e-05
9.07093e-05
0.000132931
0.000172863
0.000206106
0.000229711
0.000241918
0.000241918
0.000229711
0.000206107
0.000172863
0.000132931
9.071e-05
5.21797e-05
2.42116e-05
1.17727e-05
3.46026e-06
3.44651e-06
1.1944e-05
2.401e-05
5.13317e-05
8.91483e-05
0.000130743
0.000170213
0.00020317
0.000226628
0.000238778
0.000238778
0.000226628
0.00020317
0.000170212
0.000130742
8.91479e-05
5.13315e-05
2.40099e-05
1.19441e-05
3.44651e-06
3.43269e-06
1.21209e-05
2.38409e-05
5.05345e-05
8.76576e-05
0.000128636
0.000167643
0.000200306
0.000223606
0.000235692
0.000235692
0.000223606
0.000200306
0.000167644
0.000128637
8.76585e-05
5.05352e-05
2.38412e-05
1.21207e-05
3.43269e-06
3.41853e-06
1.23282e-05
2.36919e-05
4.97806e-05
8.62327e-05
0.000126606
0.000165152
0.000197512
0.000220645
0.00023266
0.00023266
0.000220645
0.000197512
0.000165152
0.000126606
8.62321e-05
4.97801e-05
2.36918e-05
1.23285e-05
3.41853e-06
3.40459e-06
1.25392e-05
2.35712e-05
4.90687e-05
8.48699e-05
0.000124651
0.000162737
0.000194789
0.000217745
0.000229683
0.000229683
0.000217745
0.000194789
0.000162738
0.000124652
8.4871e-05
4.90695e-05
2.35713e-05
1.25389e-05
3.40458e-06
3.39041e-06
1.27798e-05
2.34712e-05
4.83923e-05
8.35645e-05
0.000122765
0.000160393
0.000192132
0.000214905
0.000226761
0.000226761
0.000214904
0.000192132
0.000160393
0.000122764
8.35636e-05
4.83917e-05
2.34713e-05
1.27802e-05
3.39041e-06
3.37669e-06
1.28392e-05
2.33865e-05
4.77465e-05
8.23133e-05
0.000120946
0.00015812
0.000189542
0.000212124
0.000223895
0.000223895
0.000212125
0.000189542
0.000158121
0.000120947
8.23148e-05
4.77475e-05
2.33866e-05
1.2839e-05
3.37669e-06
3.36342e-06
1.28984e-05
2.33107e-05
4.71261e-05
8.1112e-05
0.000119189
0.000155913
0.000187015
0.000209403
0.000221083
0.000221082
0.000209402
0.000187014
0.000155912
0.000119188
8.11106e-05
4.71253e-05
2.33108e-05
1.28987e-05
3.36343e-06
3.35059e-06
1.29609e-05
2.3236e-05
4.65262e-05
7.99558e-05
0.000117492
0.00015377
0.000184551
0.000206739
0.000218326
0.000218326
0.00020674
0.000184552
0.000153772
0.000117494
7.99576e-05
4.65273e-05
2.3236e-05
1.29608e-05
3.35059e-06
3.33816e-06
1.30279e-05
2.31607e-05
4.59444e-05
7.88422e-05
0.000115852
0.00015169
0.000182148
0.000204133
0.000215623
0.000215623
0.000204132
0.000182147
0.000151688
0.00011585
7.88402e-05
4.59435e-05
2.31609e-05
1.30281e-05
3.33817e-06
3.32611e-06
1.30972e-05
2.30804e-05
4.53778e-05
7.77654e-05
0.000114264
0.000149668
0.000179804
0.000201583
0.000212975
0.000212975
0.000201584
0.000179805
0.000149669
0.000114266
7.77672e-05
4.53785e-05
2.30801e-05
1.30971e-05
3.32611e-06
3.31444e-06
1.31712e-05
2.29966e-05
4.48252e-05
7.67247e-05
0.000112726
0.000147703
0.000177517
0.000199088
0.000210378
0.000210378
0.000199087
0.000177516
0.0001477
0.000112724
7.67229e-05
4.48246e-05
2.29973e-05
1.31715e-05
3.31445e-06
3.30312e-06
1.32472e-05
2.29085e-05
4.42865e-05
7.5715e-05
0.000111234
0.000145791
0.000175286
0.000196648
0.000207836
0.000207836
0.000196648
0.000175288
0.000145793
0.000111236
7.57164e-05
4.42866e-05
2.29074e-05
1.32469e-05
3.30313e-06
3.29219e-06
1.33266e-05
2.28164e-05
4.37597e-05
7.47364e-05
0.000109788
0.000143932
0.000173109
0.00019426
0.000205344
0.000205343
0.000194258
0.000173107
0.000143929
0.000109785
7.4734e-05
4.37592e-05
2.28179e-05
1.33272e-05
3.29221e-06
3.28161e-06
1.34086e-05
2.27232e-05
4.32458e-05
7.37823e-05
0.00010838
0.000142121
0.000170984
0.000191924
0.000202905
0.000202905
0.000191925
0.000170986
0.000142124
0.000108384
7.37847e-05
4.32463e-05
2.27212e-05
1.34076e-05
3.28162e-06
3.27142e-06
1.34916e-05
2.26293e-05
4.2746e-05
7.28595e-05
0.000107016
0.00014036
0.00016891
0.000189639
0.000200513
0.000200513
0.000189636
0.000168906
0.000140355
0.00010701
7.2855e-05
4.2744e-05
2.26314e-05
1.34931e-05
3.27144e-06
3.26159e-06
1.35788e-05
2.25357e-05
4.22561e-05
7.19543e-05
0.000105682
0.000138641
0.000166883
0.000187403
0.000198174
0.000198175
0.000187405
0.000166886
0.000138644
0.000105686
7.19574e-05
4.22574e-05
2.25326e-05
1.35769e-05
3.26159e-06
3.25213e-06
1.36635e-05
2.24444e-05
4.17826e-05
7.10799e-05
0.000104389
0.000136968
0.000164905
0.000185215
0.000195879
0.000195878
0.000185212
0.000164899
0.00013696
0.000104381
7.10745e-05
4.17796e-05
2.24478e-05
1.3666e-05
3.25217e-06
3.24307e-06
1.37549e-05
2.23546e-05
4.13204e-05
7.02218e-05
0.000103123
0.000135334
0.000162972
0.000183077
0.000193637
0.000193637
0.000183078
0.000162975
0.000135337
0.000103126
7.02227e-05
4.13206e-05
2.23493e-05
1.37522e-05
3.24307e-06
3.23433e-06
1.38413e-05
2.22701e-05
4.08724e-05
6.93867e-05
0.00010189
0.000133738
0.000161081
0.00018098
0.000191434
0.000191433
0.000180975
0.000161074
0.00013373
0.000101883
6.93832e-05
4.08708e-05
2.22753e-05
1.38442e-05
3.23441e-06
3.22604e-06
1.39338e-05
2.21879e-05
4.04355e-05
6.8575e-05
0.000100693
0.000132186
0.000159238
0.000178934
0.000189285
0.000189285
0.000178934
0.000159239
0.000132187
0.000100692
6.85698e-05
4.04305e-05
2.21802e-05
1.39314e-05
3.22606e-06
3.21803e-06
1.40228e-05
2.21123e-05
4.00105e-05
6.77722e-05
9.95134e-05
0.000130661
0.000157429
0.000176923
0.00018717
0.000187168
0.000176917
0.000157419
0.00013065
9.95053e-05
6.77714e-05
4.00151e-05
2.21195e-05
1.40249e-05
3.21815e-06
3.21047e-06
1.41144e-05
2.20415e-05
3.96075e-05
6.70045e-05
9.83772e-05
0.000129183
0.000155669
0.000174964
0.00018511
0.00018511
0.000174964
0.000155668
0.000129181
9.83717e-05
6.69928e-05
3.95938e-05
2.20307e-05
1.41129e-05
3.21053e-06
3.20318e-06
1.42052e-05
2.19744e-05
3.92055e-05
6.62358e-05
9.72493e-05
0.000127725
0.000153937
0.000173037
0.000183079
0.000183076
0.000173026
0.000153921
0.000127707
9.7236e-05
6.62338e-05
3.92139e-05
2.19844e-05
1.42067e-05
3.20336e-06
3.19631e-06
1.42969e-05
2.19187e-05
3.88334e-05
6.55071e-05
9.61659e-05
0.000126314
0.000152253
0.00017116
0.000181105
0.000181104
0.000171159
0.000152251
0.00012631
9.6157e-05
6.54897e-05
3.88111e-05
2.19032e-05
1.42956e-05
3.19646e-06
3.18972e-06
1.43868e-05
2.18602e-05
3.84551e-05
6.47727e-05
9.50874e-05
0.00012492
0.000150595
0.000169311
0.000179153
0.000179147
0.000169294
0.000150569
0.00012489
9.50629e-05
6.47644e-05
3.84644e-05
2.18736e-05
1.43885e-05
3.18998e-06
3.18352e-06
1.44784e-05
2.18204e-05
3.81139e-05
6.40821e-05
9.40535e-05
0.00012357
0.000148983
0.000167513
0.00017726
0.000177259
0.000167509
0.000148977
0.000123562
9.40396e-05
6.40581e-05
3.80836e-05
2.17995e-05
1.44767e-05
3.18379e-06
3.17755e-06
1.45679e-05
2.17742e-05
3.77629e-05
6.33838e-05
9.30233e-05
0.000122236
0.000147394
0.000165738
0.000175384
0.000175374
0.00016571
0.000147352
0.000122187
9.29798e-05
6.33617e-05
3.77669e-05
2.17887e-05
1.45702e-05
3.17799e-06
3.17199e-06
1.46578e-05
2.17453e-05
3.74468e-05
6.2727e-05
9.20345e-05
0.000120944
0.00014585
0.000164014
0.00017357
0.000173566
0.000164004
0.000145836
0.000120927
9.20113e-05
6.26942e-05
3.74098e-05
2.17217e-05
1.46554e-05
3.17247e-06
3.16659e-06
1.47474e-05
2.17161e-05
3.71278e-05
6.20681e-05
9.10533e-05
0.00011967
0.000144328
0.00016231
0.000171764
0.000171748
0.000162266
0.000144261
0.000119591
9.098e-05
6.20225e-05
3.71203e-05
2.17277e-05
1.47505e-05
3.16735e-06
3.16162e-06
1.4835e-05
2.16971e-05
3.6835e-05
6.14428e-05
9.01065e-05
0.000118432
0.000142849
0.000160659
0.000170026
0.000170018
0.000160637
0.000142817
0.000118395
9.00642e-05
6.13929e-05
3.67854e-05
2.16698e-05
1.48323e-05
3.16245e-06
3.15672e-06
1.49239e-05
2.16836e-05
3.65466e-05
6.08232e-05
8.91739e-05
0.000117214
0.00014139
0.00015902
0.000168285
0.000168261
0.000158951
0.000141284
0.000117088
8.90529e-05
6.07404e-05
3.65234e-05
2.16937e-05
1.49265e-05
3.15802e-06
3.15225e-06
1.50094e-05
2.1677e-05
3.62814e-05
6.0233e-05
8.82705e-05
0.00011603
0.000139975
0.00015744
0.000166622
0.000166607
0.000157397
0.000139912
0.000115958
8.81957e-05
6.01556e-05
3.62118e-05
2.1642e-05
1.50076e-05
3.15373e-06
3.14779e-06
1.50975e-05
2.16792e-05
3.60228e-05
5.96534e-05
8.73875e-05
0.00011487
0.000138579
0.000155867
0.000164942
0.000164905
0.000155755
0.000138409
0.000114666
8.71884e-05
5.95059e-05
3.59675e-05
2.16847e-05
1.50986e-05
3.14996e-06
3.14372e-06
1.51802e-05
2.16833e-05
3.57852e-05
5.91005e-05
8.65299e-05
0.000113741
0.000137227
0.000154358
0.00016335
0.000163323
0.000154273
0.000137106
0.000113602
8.63935e-05
5.89748e-05
3.5691e-05
2.16434e-05
1.5179e-05
3.14635e-06
3.13957e-06
1.52679e-05
2.17023e-05
3.55557e-05
5.85623e-05
8.56992e-05
0.000112641
0.000135896
0.000152849
0.000161727
0.00016167
0.000152667
0.000135625
0.000112317
8.53809e-05
5.83151e-05
3.54423e-05
2.16905e-05
1.52677e-05
3.14325e-06
3.13576e-06
1.53478e-05
2.17184e-05
3.53471e-05
5.80489e-05
8.48896e-05
0.000111572
0.000134612
0.000151412
0.000160206
0.000160159
0.000151252
0.000134383
0.000111307
8.46327e-05
5.78263e-05
3.52081e-05
2.16776e-05
1.5346e-05
3.14038e-06
3.13176e-06
1.54367e-05
2.17535e-05
3.51458e-05
5.75581e-05
8.41212e-05
0.00011054
0.00013335
0.000149968
0.000158635
0.000158545
0.000149671
0.000132912
0.000110022
8.36136e-05
5.71588e-05
3.49477e-05
2.17163e-05
1.5432e-05
3.13802e-06
3.12784e-06
1.55154e-05
2.17835e-05
3.49682e-05
5.709e-05
8.337e-05
0.00010954
0.000132142
0.00014861
0.000157187
0.000157105
0.00014832
0.000131725
0.000109055
8.28986e-05
5.66916e-05
3.47366e-05
2.17282e-05
1.55094e-05
3.13604e-06
3.12342e-06
1.56069e-05
2.18395e-05
3.4802e-05
5.66585e-05
8.26796e-05
0.000108588
0.000130959
0.000147236
0.000155665
0.00015552
0.000146747
0.000130243
0.000107747
8.18496e-05
5.59986e-05
3.44679e-05
2.17793e-05
1.55911e-05
3.13459e-06
3.11899e-06
1.56943e-05
2.18835e-05
3.46582e-05
5.62444e-05
8.20029e-05
0.000107676
0.000129844
0.000145968
0.000154293
0.00015415
0.000145455
0.000129101
0.000106813
8.11636e-05
5.55569e-05
3.4267e-05
2.17891e-05
1.56663e-05
3.13372e-06
3.11379e-06
1.58021e-05
2.19643e-05
3.45247e-05
5.58797e-05
8.14103e-05
0.000106826
0.00012876
0.000144677
0.000152822
0.000152588
0.000143872
0.000127586
0.000105455
8.0054e-05
5.47931e-05
3.39604e-05
2.18604e-05
1.57458e-05
3.13354e-06
3.10834e-06
1.59037e-05
2.20259e-05
3.44278e-05
5.55397e-05
8.08335e-05
0.000106034
0.000127763
0.000143515
0.000151529
0.000151282
0.000142628
0.000126467
0.000104525
7.93607e-05
5.43559e-05
3.37816e-05
2.18824e-05
1.5817e-05
3.13418e-06
3.1022e-06
1.60331e-05
2.21399e-05
3.43439e-05
5.52766e-05
8.03857e-05
0.000105325
0.000126819
0.000142336
0.000150119
0.000149738
0.000141011
0.000124886
0.000103085
7.81682e-05
5.34961e-05
3.34096e-05
2.19463e-05
1.58915e-05
3.13582e-06
3.09433e-06
1.61581e-05
2.22339e-05
3.43196e-05
5.50488e-05
7.99547e-05
0.000104716
0.000125993
0.000141321
0.000148924
0.000148497
0.000139802
0.000123757
0.000102118
7.74096e-05
5.30367e-05
3.32287e-05
2.19878e-05
1.59589e-05
3.13877e-06
3.08545e-06
1.63186e-05
2.23674e-05
3.43418e-05
5.49707e-05
7.97463e-05
0.000104216
0.000125263
0.0001403
0.000147587
0.000146965
0.000138117
0.000122063
0.000100533
7.60858e-05
5.20304e-05
3.27971e-05
2.20649e-05
1.60202e-05
3.14314e-06
3.07308e-06
1.64783e-05
2.24721e-05
3.44115e-05
5.49526e-05
7.96066e-05
0.000103948
0.00012471
0.000139517
0.000146556
0.000145814
0.000136932
0.000120872
9.94937e-05
7.5247e-05
5.15275e-05
3.25963e-05
2.21093e-05
1.60744e-05
3.14972e-06
3.06175e-06
1.66762e-05
2.26646e-05
3.4573e-05
5.50624e-05
7.96833e-05
0.000103792
0.000124373
0.000138777
0.00013289
0.00012361
0.000135147
0.00011899
9.76797e-05
7.36422e-05
5.02994e-05
3.20747e-05
2.22042e-05
1.61154e-05
3.15855e-06
3.04144e-06
1.69041e-05
2.28363e-05
3.48233e-05
5.5422e-05
7.99201e-05
0.00010401
0.000107505
0.000112376
0.00014465
0.000143435
0.00011047
8.66834e-05
8.00206e-05
6.87277e-05
4.92654e-05
3.18562e-05
2.22659e-05
1.61473e-05
3.17108e-06
3.02534e-06
1.7192e-05
2.31281e-05
3.52769e-05
5.595e-05
8.07229e-05
0.000104391
0.000107856
9.61714e-05
7.92693e-05
7.4881e-05
8.15636e-05
8.42577e-05
7.28222e-05
5.73978e-05
4.24005e-05
2.97548e-05
2.23719e-05
1.61526e-05
3.1875e-06
2.99172e-06
1.74772e-05
2.33663e-05
3.58468e-05
5.70171e-05
8.07657e-05
7.38706e-05
6.99497e-05
6.96172e-05
7.07824e-05
6.97365e-05
6.59187e-05
6.08491e-05
5.50057e-05
4.71268e-05
3.71409e-05
2.77908e-05
2.20409e-05
1.61412e-05
3.20991e-06
2.96611e-06
1.79056e-05
2.38059e-05
3.68257e-05
5.83394e-05
5.75935e-05
5.44195e-05
5.28808e-05
5.23904e-05
5.22934e-05
5.20123e-05
5.0868e-05
4.86188e-05
4.48426e-05
3.91243e-05
3.19473e-05
2.54228e-05
2.15315e-05
1.60781e-05
3.23858e-06
2.90924e-06
1.82526e-05
2.4258e-05
3.80707e-05
4.43726e-05
4.11266e-05
4.00967e-05
4.00012e-05
4.03106e-05
4.05768e-05
4.06072e-05
4.00767e-05
3.86466e-05
3.59779e-05
3.21148e-05
2.75776e-05
2.34756e-05
2.09926e-05
1.5969e-05
3.27635e-06
2.86344e-06
1.87921e-05
2.50639e-05
3.39774e-05
3.11934e-05
2.99029e-05
2.98996e-05
3.05076e-05
3.11461e-05
3.16532e-05
3.19107e-05
3.16217e-05
3.07334e-05
2.90981e-05
2.65886e-05
2.35862e-05
2.12882e-05
2.04126e-05
1.57509e-05
3.32387e-06
2.76468e-06
1.87656e-05
2.48581e-05
2.37288e-05
2.21778e-05
2.20257e-05
2.26146e-05
2.33506e-05
2.41159e-05
2.47412e-05
2.51472e-05
2.51954e-05
2.47392e-05
2.35757e-05
2.20134e-05
2.05369e-05
1.98002e-05
1.98789e-05
1.54323e-05
3.38519e-06
2.67961e-06
1.81813e-05
1.83398e-05
1.6319e-05
1.58843e-05
1.63037e-05
1.71594e-05
1.81455e-05
1.8993e-05
1.96824e-05
2.01426e-05
2.02783e-05
2.00259e-05
1.95145e-05
1.8694e-05
1.80347e-05
1.82008e-05
1.92134e-05
1.5024e-05
3.46145e-06
2.49559e-06
1.47783e-05
1.21646e-05
1.12678e-05
1.16063e-05
1.23555e-05
1.33278e-05
1.42096e-05
1.49871e-05
1.56993e-05
1.6246e-05
1.65514e-05
1.65973e-05
1.62563e-05
1.60074e-05
1.62481e-05
1.74419e-05
1.86879e-05
1.43919e-05
3.55939e-06
2.30046e-06
9.68669e-06
7.84333e-06
7.83806e-06
8.48362e-06
9.34819e-06
1.03189e-05
1.12306e-05
1.211e-05
1.28441e-05
1.34009e-05
1.37609e-05
1.38936e-05
1.4105e-05
1.44636e-05
1.52652e-05
1.67432e-05
1.7959e-05
1.35291e-05
3.67637e-06
1.9241e-06
4.78714e-06
4.87772e-06
5.54117e-06
6.40631e-06
7.38877e-06
8.34631e-06
9.27233e-06
1.00229e-05
1.07507e-05
1.13725e-05
1.1886e-05
1.24027e-05
1.28013e-05
1.35426e-05
1.49926e-05
1.77382e-05
1.69078e-05
1.24745e-05
3.81933e-06
1.69675e-06
2.38454e-06
3.11365e-06
4.25107e-06
5.31197e-06
6.29788e-06
7.24533e-06
8.01593e-06
8.76779e-06
9.46601e-06
1.01158e-05
1.06768e-05
1.11609e-05
1.20862e-05
1.38509e-05
1.63285e-05
1.75603e-05
1.57937e-05
1.14326e-05
3.9354e-06
1.71834e-06
2.46773e-06
3.20342e-06
4.36405e-06
5.44551e-06
6.44789e-06
7.39131e-06
8.18346e-06
8.94354e-06
9.64335e-06
1.02904e-05
1.08521e-05
1.13638e-05
1.22493e-05
1.40075e-05
1.64479e-05
1.75979e-05
1.57616e-05
1.14206e-05
3.92718e-06
1.944e-06
4.95308e-06
5.00993e-06
5.65855e-06
6.53548e-06
7.53717e-06
8.51369e-06
9.44948e-06
1.02155e-05
1.09492e-05
1.15652e-05
1.20564e-05
1.25564e-05
1.2966e-05
1.36703e-05
1.50894e-05
1.77762e-05
1.69038e-05
1.25032e-05
3.80898e-06
2.31553e-06
1.00078e-05
8.07099e-06
8.0311e-06
8.66948e-06
9.53388e-06
1.05151e-05
1.14321e-05
1.23136e-05
1.30524e-05
1.36206e-05
1.39637e-05
1.40568e-05
1.42426e-05
1.4585e-05
1.53638e-05
1.6805e-05
1.79806e-05
1.35405e-05
3.66649e-06
2.50491e-06
1.50767e-05
1.25224e-05
1.15473e-05
1.18564e-05
1.25916e-05
1.35694e-05
1.44625e-05
1.52411e-05
1.59292e-05
1.64561e-05
1.67472e-05
1.67845e-05
1.64091e-05
1.61287e-05
1.63437e-05
1.75234e-05
1.87384e-05
1.4411e-05
3.55085e-06
2.68509e-06
1.83225e-05
1.87823e-05
1.67255e-05
1.62258e-05
1.66165e-05
1.74552e-05
1.84227e-05
1.92779e-05
1.99689e-05
2.04213e-05
2.05341e-05
2.02387e-05
1.96912e-05
1.88325e-05
1.81483e-05
1.82811e-05
1.92635e-05
1.5046e-05
3.45422e-06
2.76886e-06
1.88045e-05
2.52476e-05
2.42954e-05
2.26489e-05
2.2441e-05
2.30028e-05
2.37372e-05
2.44766e-05
2.50896e-05
2.54732e-05
2.54786e-05
2.49881e-05
2.37825e-05
2.21666e-05
2.0641e-05
1.98909e-05
1.99389e-05
1.54499e-05
3.37937e-06
2.86606e-06
1.87865e-05
2.50387e-05
3.46849e-05
3.18592e-05
3.04642e-05
3.04043e-05
3.09676e-05
3.15949e-05
3.20831e-05
3.23215e-05
3.20235e-05
3.1075e-05
2.93503e-05
2.6767e-05
2.37068e-05
2.13628e-05
2.04571e-05
1.57631e-05
3.31907e-06
2.91104e-06
1.82397e-05
2.42532e-05
3.79632e-05
4.53118e-05
4.19267e-05
4.07762e-05
4.05844e-05
4.08566e-05
4.11272e-05
4.11363e-05
4.05018e-05
3.8991e-05
3.62636e-05
3.23065e-05
2.7678e-05
2.35399e-05
2.10407e-05
1.59801e-05
3.27253e-06
2.96707e-06
1.78885e-05
2.38041e-05
3.67383e-05
5.81898e-05
5.84138e-05
5.48997e-05
5.35724e-05
5.3347e-05
5.31982e-05
5.28507e-05
5.17293e-05
4.92835e-05
4.52058e-05
3.93071e-05
3.2035e-05
2.54662e-05
2.15553e-05
1.60838e-05
3.23543e-06
2.9924e-06
1.74633e-05
2.33708e-05
3.57867e-05
5.68943e-05
8.14843e-05
7.75863e-05
7.52899e-05
7.15509e-05
6.77221e-05
6.54694e-05
6.40926e-05
6.16491e-05
5.64067e-05
4.77416e-05
3.72348e-05
2.78063e-05
2.20695e-05
1.61478e-05
3.20743e-06
3.02562e-06
1.71784e-05
2.31333e-05
3.52279e-05
5.58512e-05
8.06105e-05
0.000100441
8.83934e-05
8.56737e-05
9.72753e-05
0.000107956
9.48016e-05
7.72175e-05
6.65674e-05
5.64838e-05
4.26556e-05
2.98189e-05
2.23767e-05
1.61546e-05
3.18542e-06
3.04168e-06
1.68936e-05
2.28409e-05
3.47878e-05
5.53467e-05
7.98279e-05
0.00010391
0.000124226
0.000138331
0.000113491
8.82834e-05
9.28913e-05
0.000107819
9.58738e-05
7.06609e-05
4.884e-05
3.18853e-05
2.2305e-05
1.61522e-05
3.16949e-06
3.06179e-06
1.66659e-05
2.26697e-05
3.4542e-05
5.50073e-05
7.96152e-05
0.000103731
0.000124321
0.000137013
0.000145328
0.000144298
0.000135125
0.000118443
9.76574e-05
7.36087e-05
5.02721e-05
3.20533e-05
2.22002e-05
1.61155e-05
3.1572e-06
3.07316e-06
1.64702e-05
2.2478e-05
3.43898e-05
5.49064e-05
7.95513e-05
0.000103895
0.000124663
0.000139484
0.00014654
0.000145805
0.000136924
0.000120856
9.94716e-05
7.52202e-05
5.15077e-05
3.26138e-05
2.21443e-05
1.60785e-05
3.14872e-06
3.0854e-06
1.63131e-05
2.23739e-05
3.43238e-05
5.49311e-05
7.96995e-05
0.000104168
0.000125233
0.000140279
0.000147573
0.000146953
0.000138106
0.000122047
0.00010051
7.60605e-05
5.20082e-05
3.27744e-05
2.20551e-05
1.60194e-05
3.14225e-06
3.09435e-06
1.61511e-05
2.22356e-05
3.43035e-05
5.50109e-05
7.99109e-05
0.000104684
0.000125965
0.000141304
0.000148918
0.000148494
0.000139795
0.000123746
0.000102102
7.73902e-05
5.30226e-05
3.32407e-05
2.2012e-05
1.59618e-05
3.13816e-06
3.10216e-06
1.60304e-05
2.21455e-05
3.43336e-05
5.52555e-05
8.03599e-05
0.000105295
0.000126798
0.00014232
0.000150108
0.000149729
0.000141002
0.000124873
0.000103067
7.81474e-05
5.34781e-05
3.33937e-05
2.19377e-05
1.58899e-05
3.13521e-06
3.10821e-06
1.58997e-05
2.20255e-05
3.44173e-05
5.55138e-05
8.08038e-05
0.000106012
0.000127746
0.000143505
0.000151525
0.00015128
0.000142623
0.000126459
0.000104513
7.9346e-05
5.43444e-05
3.37902e-05
2.19059e-05
1.58208e-05
3.13382e-06
3.11384e-06
1.58013e-05
2.19704e-05
3.452e-05
5.58678e-05
8.13946e-05
0.000106807
0.000128746
0.000144667
0.000152816
0.000152583
0.000143865
0.000127577
0.000105442
8.00397e-05
5.47804e-05
3.39393e-05
2.18422e-05
1.57438e-05
3.13315e-06
3.11886e-06
1.56916e-05
2.18828e-05
3.46505e-05
5.62253e-05
8.19811e-05
0.00010766
0.000129832
0.000145959
0.000154289
0.000154147
0.000145451
0.000129095
0.000106804
8.11532e-05
5.55505e-05
3.42869e-05
2.18148e-05
1.56691e-05
3.1335e-06
3.1235e-06
1.5608e-05
2.18446e-05
3.47985e-05
5.66506e-05
8.26696e-05
0.000108577
0.000130951
0.00014723
0.000155662
0.000155517
0.000146742
0.000130236
0.000107735
8.18341e-05
5.59817e-05
3.44425e-05
2.17647e-05
1.55896e-05
3.13434e-06
3.12773e-06
1.55138e-05
2.17814e-05
3.49624e-05
5.70764e-05
8.33543e-05
0.000109528
0.000132134
0.000148605
0.000157184
0.000157103
0.000148317
0.000131721
0.00010905
8.2896e-05
5.66943e-05
3.47527e-05
2.17427e-05
1.5512e-05
3.13591e-06
3.13182e-06
1.5438e-05
2.17589e-05
3.5145e-05
5.75536e-05
8.41153e-05
0.000110533
0.000133344
0.000149964
0.000158632
0.000158542
0.000149666
0.000132905
0.000110012
8.36001e-05
5.71428e-05
3.49292e-05
2.17055e-05
1.543e-05
3.13786e-06
3.13562e-06
1.53467e-05
2.17158e-05
3.53421e-05
5.80388e-05
8.48785e-05
0.000111563
0.000134606
0.000151409
0.000160204
0.000160158
0.000151251
0.000134381
0.000111304
8.46311e-05
5.78303e-05
3.52246e-05
2.16955e-05
1.53488e-05
3.14032e-06
3.13965e-06
1.52699e-05
2.17066e-05
3.55568e-05
5.85621e-05
8.56979e-05
0.000112638
0.000135893
0.000152846
0.000161724
0.000161667
0.000152663
0.00013562
0.00011231
8.53701e-05
5.82987e-05
3.54171e-05
2.16707e-05
1.52662e-05
3.14313e-06
3.1436e-06
1.51786e-05
2.16813e-05
3.57812e-05
5.90917e-05
8.65199e-05
0.000113734
0.000137223
0.000154356
0.000163349
0.000163323
0.000154272
0.000137105
0.000113601
8.63966e-05
5.89876e-05
3.57188e-05
2.16676e-05
1.51809e-05
3.14633e-06
3.14786e-06
1.50996e-05
2.16834e-05
3.60238e-05
5.96534e-05
8.73869e-05
0.000114868
0.000138577
0.000155865
0.00016494
0.000164902
0.000155752
0.000138404
0.000114657
8.71726e-05
5.94814e-05
3.59353e-05
2.16635e-05
1.5097e-05
3.14987e-06
3.15215e-06
1.5008e-05
2.16731e-05
3.62764e-05
6.02255e-05
8.82629e-05
0.000116024
0.000139971
0.000157439
0.000166621
0.000166607
0.000157397
0.000139913
0.000115962
8.82053e-05
6.01741e-05
3.62388e-05
2.16613e-05
1.50105e-05
3.15373e-06
3.1568e-06
1.49262e-05
2.16884e-05
3.655e-05
6.08261e-05
8.91758e-05
0.000117215
0.000141389
0.000159019
0.000168284
0.000168259
0.000158948
0.000141279
0.000117079
8.90379e-05
6.07196e-05
3.65006e-05
2.16793e-05
1.4924e-05
3.15796e-06
3.16152e-06
1.48332e-05
2.16939e-05
3.68303e-05
6.14353e-05
9.00987e-05
0.000118426
0.000142845
0.000160657
0.000170025
0.000170018
0.000160637
0.000142819
0.000118399
9.00716e-05
6.14052e-05
3.68007e-05
2.16822e-05
1.48352e-05
3.16243e-06
3.16665e-06
1.475e-05
2.17201e-05
3.71309e-05
6.20715e-05
9.10561e-05
0.000119671
0.000144328
0.000162309
0.000171763
0.000171747
0.000162263
0.000144257
0.000119584
9.09706e-05
6.2011e-05
3.71097e-05
2.17195e-05
1.47493e-05
3.16735e-06
3.17192e-06
1.46557e-05
2.1741e-05
3.74415e-05
6.27202e-05
9.20279e-05
0.00012094
0.000145848
0.000164013
0.00017357
0.000173566
0.000164005
0.000145837
0.000120929
9.20154e-05
6.27005e-05
3.74161e-05
2.1728e-05
1.46556e-05
3.17242e-06
3.17759e-06
1.45703e-05
2.17804e-05
3.77687e-05
6.33887e-05
9.30268e-05
0.000122238
0.000147395
0.000165737
0.000175383
0.000175373
0.000165707
0.000147348
0.000122182
9.2972e-05
6.33527e-05
3.77609e-05
2.17864e-05
1.45718e-05
3.178e-06
3.18347e-06
1.44768e-05
2.18142e-05
3.81057e-05
6.40737e-05
9.40465e-05
0.000123565
0.000148981
0.000167512
0.00017726
0.000177259
0.00016751
0.000148979
0.000123566
9.40454e-05
6.40651e-05
3.80887e-05
2.17991e-05
1.44752e-05
3.18376e-06
3.18975e-06
1.4389e-05
2.18657e-05
3.84621e-05
6.47796e-05
9.50926e-05
0.000124922
0.000150596
0.000169311
0.000179152
0.000179146
0.000169291
0.000150564
0.000124883
9.50535e-05
6.47544e-05
3.84582e-05
2.18763e-05
1.43905e-05
3.18997e-06
3.19627e-06
1.4295e-05
2.19153e-05
3.88276e-05
6.54998e-05
9.61592e-05
0.000126309
0.000152251
0.000171159
0.000181105
0.000181105
0.000171161
0.000152254
0.000126315
9.61646e-05
6.54975e-05
3.88159e-05
2.19001e-05
1.42947e-05
3.19646e-06
3.20321e-06
1.42072e-05
2.19772e-05
3.92095e-05
6.62407e-05
9.72536e-05
0.000127728
0.000153938
0.000173037
0.000183079
0.000183074
0.000173023
0.000153916
0.0001277
9.72261e-05
6.62241e-05
3.92089e-05
2.19865e-05
1.42069e-05
3.20332e-06
3.21043e-06
1.41129e-05
2.20397e-05
3.9604e-05
6.69995e-05
9.83723e-05
0.000129179
0.000155667
0.000174964
0.00018511
0.000185111
0.000174966
0.000155672
0.000129187
9.83792e-05
6.7e-05
3.95964e-05
2.20308e-05
1.4114e-05
3.21056e-06
3.21805e-06
1.40246e-05
2.21142e-05
4.00128e-05
6.77754e-05
9.95164e-05
0.000130663
0.00015743
0.000176923
0.00018717
0.000187167
0.000176914
0.000157415
0.000130644
9.94976e-05
6.77638e-05
4.0012e-05
2.21171e-05
1.40234e-05
3.21811e-06
3.22601e-06
1.39321e-05
2.21867e-05
4.04345e-05
6.85721e-05
0.00010069
0.000132184
0.000159237
0.000178933
0.000189285
0.000189286
0.000178936
0.000159242
0.000132191
0.000100697
6.85755e-05
4.04325e-05
2.21852e-05
1.39336e-05
3.22609e-06
3.23435e-06
1.38435e-05
2.22708e-05
4.08714e-05
6.93873e-05
0.000101891
0.000133739
0.000161082
0.00018098
0.000191434
0.000191432
0.000180973
0.000161071
0.000133726
0.000101878
6.93776e-05
4.0869e-05
2.2269e-05
1.38421e-05
3.23438e-06
3.24305e-06
1.3753e-05
2.23548e-05
4.13223e-05
7.02225e-05
0.000103124
0.000135334
0.000162972
0.000183077
0.000193637
0.000193638
0.000183079
0.000162976
0.00013534
0.00010313
7.02264e-05
4.13216e-05
2.2356e-05
1.37543e-05
3.24309e-06
3.25212e-06
1.36653e-05
2.24436e-05
4.17795e-05
7.10772e-05
0.000104387
0.000136966
0.000164904
0.000185215
0.000195879
0.000195877
0.00018521
0.000164897
0.000136958
0.000104378
7.10709e-05
4.17779e-05
2.24419e-05
1.36645e-05
3.25216e-06
3.26159e-06
1.35777e-05
2.25368e-05
4.22592e-05
7.19574e-05
0.000105684
0.000138642
0.000166884
0.000187404
0.000198175
0.000198175
0.000187406
0.000166887
0.000138646
0.000105688
7.19598e-05
4.2259e-05
2.25372e-05
1.35781e-05
3.2616e-06
3.2714e-06
1.34922e-05
2.26285e-05
4.27431e-05
7.28558e-05
0.000107013
0.000140358
0.000168908
0.000189638
0.000200513
0.000200512
0.000189635
0.000168904
0.000140353
0.000107008
7.28524e-05
4.27422e-05
2.26282e-05
1.34925e-05
3.27143e-06
3.28162e-06
1.34087e-05
2.27235e-05
4.32474e-05
7.37849e-05
0.000108383
0.000142123
0.000170985
0.000191925
0.000202905
0.000202906
0.000191926
0.000170987
0.000142126
0.000108385
7.37863e-05
4.32475e-05
2.27231e-05
1.34081e-05
3.28162e-06
3.29218e-06
1.33262e-05
2.28167e-05
4.37591e-05
7.47345e-05
0.000109786
0.000143931
0.000173108
0.000194259
0.000205343
0.000205343
0.000194257
0.000173105
0.000143927
0.000109783
7.47322e-05
4.37581e-05
2.2817e-05
1.33271e-05
3.2922e-06
3.30313e-06
1.3248e-05
2.2908e-05
4.42862e-05
7.57158e-05
0.000111235
0.000145792
0.000175287
0.000196648
0.000207837
0.000207837
0.000196649
0.000175289
0.000145794
0.000111238
7.57175e-05
4.4287e-05
2.29075e-05
1.3247e-05
3.30313e-06
3.31443e-06
1.31706e-05
2.29972e-05
4.48256e-05
7.67241e-05
0.000112725
0.000147702
0.000177517
0.000199087
0.000210378
0.000210377
0.000199086
0.000177515
0.000147699
0.000112722
7.67217e-05
4.48244e-05
2.29975e-05
1.31715e-05
3.31444e-06
3.32611e-06
1.30979e-05
2.30801e-05
4.53774e-05
7.77657e-05
0.000114264
0.000149668
0.000179805
0.000201584
0.000212975
0.000212975
0.000201584
0.000179806
0.00014967
0.000114267
7.77677e-05
4.53783e-05
2.30796e-05
1.30972e-05
3.32611e-06
3.33816e-06
1.30276e-05
2.31608e-05
4.59444e-05
7.88417e-05
0.000115851
0.000151689
0.000182148
0.000204133
0.000215623
0.000215622
0.000204132
0.000182146
0.000151687
0.000115849
7.88397e-05
4.59437e-05
2.31614e-05
1.3028e-05
3.33816e-06
3.35059e-06
1.2961e-05
2.32362e-05
4.65266e-05
7.99563e-05
0.000117493
0.000153771
0.000184552
0.00020674
0.000218326
0.000218326
0.00020674
0.000184553
0.000153772
0.000117494
7.99577e-05
4.65269e-05
2.32356e-05
1.29608e-05
3.35059e-06
3.36342e-06
1.28985e-05
2.33106e-05
4.71257e-05
8.11115e-05
0.000119189
0.000155913
0.000187015
0.000209403
0.000221082
0.000221082
0.000209402
0.000187014
0.000155912
0.000119187
8.11105e-05
4.71256e-05
2.33112e-05
1.28987e-05
3.36343e-06
3.37668e-06
1.28392e-05
2.33867e-05
4.77469e-05
8.23137e-05
0.000120946
0.00015812
0.000189542
0.000212124
0.000223895
0.000223895
0.000212125
0.000189542
0.000158121
0.000120947
8.23145e-05
4.7747e-05
2.33864e-05
1.28391e-05
3.37669e-06
3.39041e-06
1.278e-05
2.34713e-05
4.83923e-05
8.35645e-05
0.000122765
0.000160393
0.000192132
0.000214905
0.000226761
0.000226761
0.000214904
0.000192132
0.000160393
0.000122764
8.3564e-05
4.83922e-05
2.34717e-05
1.27802e-05
3.39041e-06
3.40458e-06
1.25391e-05
2.35712e-05
4.90687e-05
8.48698e-05
0.000124651
0.000162737
0.000194788
0.000217745
0.000229683
0.000229683
0.000217745
0.000194789
0.000162737
0.000124651
8.48703e-05
4.90689e-05
2.35711e-05
1.25389e-05
3.40458e-06
3.41853e-06
1.23283e-05
2.36919e-05
4.97805e-05
8.62327e-05
0.000126606
0.000165152
0.000197512
0.000220645
0.00023266
0.00023266
0.000220645
0.000197512
0.000165152
0.000126606
8.62326e-05
4.97806e-05
2.36919e-05
1.23285e-05
3.41853e-06
3.43269e-06
1.21209e-05
2.3841e-05
5.05347e-05
8.76578e-05
0.000128636
0.000167643
0.000200306
0.000223606
0.000235692
0.000235692
0.000223606
0.000200306
0.000167644
0.000128636
8.7658e-05
5.05347e-05
2.38411e-05
1.21208e-05
3.43269e-06
3.44651e-06
1.19439e-05
2.401e-05
5.13316e-05
8.9148e-05
0.000130742
0.000170212
0.00020317
0.000226628
0.000238778
0.000238778
0.000226628
0.00020317
0.000170213
0.000130743
8.91483e-05
5.13318e-05
2.40101e-05
1.19441e-05
3.44651e-06
3.46026e-06
1.17728e-05
2.42114e-05
5.21793e-05
9.07094e-05
0.000132931
0.000172863
0.000206106
0.000229711
0.000241918
0.000241918
0.000229711
0.000206106
0.000172863
0.000132931
9.07094e-05
5.21793e-05
2.42115e-05
1.17728e-05
3.46026e-06
3.4735e-06
1.1632e-05
2.44474e-05
5.30761e-05
9.23441e-05
0.000135205
0.000175598
0.000209117
0.000232855
0.00024511
0.00024511
0.000232855
0.000209117
0.000175598
0.000135205
9.23444e-05
5.30763e-05
2.44475e-05
1.16322e-05
3.47349e-06
3.48635e-06
1.14977e-05
2.47113e-05
5.403e-05
9.40571e-05
0.000137569
0.000178421
0.000212203
0.00023606
0.000248353
0.000248353
0.00023606
0.000212203
0.000178421
0.000137569
9.40573e-05
5.40302e-05
2.47115e-05
1.14975e-05
3.48635e-06
3.49845e-06
1.13878e-05
2.50133e-05
5.5042e-05
9.58528e-05
0.000140028
0.000181336
0.000215366
0.000239325
0.000251646
0.000251646
0.000239325
0.000215366
0.000181336
0.000140028
9.58528e-05
5.5042e-05
2.50134e-05
1.13881e-05
3.49845e-06
3.50981e-06
1.12917e-05
2.53461e-05
5.61168e-05
9.77369e-05
0.000142588
0.000184346
0.000218607
0.000242649
0.000254986
0.000254986
0.000242649
0.000218608
0.000184346
0.000142588
9.77373e-05
5.61172e-05
2.53462e-05
1.12914e-05
3.5098e-06
3.52011e-06
1.12173e-05
2.57194e-05
5.72591e-05
9.97153e-05
0.000145255
0.000187455
0.000221928
0.00024603
0.000258369
0.000258369
0.000246031
0.000221928
0.000187455
0.000145255
9.97152e-05
5.7259e-05
2.57195e-05
1.12176e-05
3.5201e-06
3.52925e-06
1.1156e-05
2.61274e-05
5.8473e-05
0.000101794
0.000148033
0.000190667
0.000225329
0.000249468
0.000261794
0.000261794
0.000249468
0.000225329
0.000190667
0.000148034
0.000101795
5.84732e-05
2.61275e-05
1.11559e-05
3.52924e-06
3.53695e-06
1.11169e-05
2.65796e-05
5.97638e-05
0.000103982
0.000150931
0.000193986
0.00022881
0.00025296
0.000265256
0.000265256
0.00025296
0.00022881
0.000193986
0.000150931
0.000103982
5.97638e-05
2.65797e-05
1.1117e-05
3.53694e-06
3.54301e-06
1.10907e-05
2.70717e-05
6.11376e-05
0.000106286
0.000153956
0.000197416
0.000232373
0.000256502
0.00026875
0.00026875
0.000256502
0.000232373
0.000197416
0.000153956
0.000106286
6.11377e-05
2.70718e-05
1.10908e-05
3.54301e-06
3.54716e-06
1.10875e-05
2.76133e-05
6.26008e-05
0.000108714
0.000157113
0.000200961
0.000236017
0.000260092
0.000272271
0.000272271
0.000260092
0.000236017
0.000200961
0.000157113
0.000108714
6.26009e-05
2.76134e-05
1.10875e-05
3.54716e-06
3.54914e-06
1.10977e-05
2.82015e-05
6.41615e-05
0.000111278
0.000160413
0.000204625
0.000239742
0.000263725
0.000275812
0.000275812
0.000263725
0.000239742
0.000204625
0.000160413
0.000111277
6.41614e-05
2.82015e-05
1.10978e-05
3.54914e-06
3.54863e-06
1.11321e-05
2.88464e-05
6.58273e-05
0.000113985
0.000163862
0.000208413
0.000243546
0.000267396
0.000279367
0.000279367
0.000267396
0.000243546
0.000208413
0.000163862
0.000113985
6.58274e-05
2.88465e-05
1.11321e-05
3.54863e-06
3.54511e-06
1.11813e-05
2.95464e-05
6.76085e-05
0.000116849
0.000167471
0.000212328
0.000247429
0.000271099
0.000282926
0.000282926
0.000271099
0.000247429
0.000212328
0.000167471
0.000116849
6.76085e-05
2.95464e-05
1.11814e-05
3.5451e-06
3.53792e-06
1.12563e-05
3.0313e-05
6.95151e-05
0.000119881
0.000171249
0.000216375
0.000251388
0.000274828
0.000286482
0.000286482
0.000274828
0.000251388
0.000216375
0.000171249
0.000119881
6.9515e-05
3.0313e-05
1.12563e-05
3.53792e-06
3.52845e-06
1.13484e-05
3.11463e-05
7.15601e-05
0.000123097
0.000175207
0.000220558
0.000255421
0.000278574
0.000290022
0.000290022
0.000278574
0.000255421
0.000220558
0.000175207
0.000123097
7.15601e-05
3.11463e-05
1.13484e-05
3.52845e-06
3.51511e-06
1.14697e-05
3.20598e-05
7.37562e-05
0.00012651
0.000179356
0.00022488
0.000259524
0.000282329
0.000293536
0.000293536
0.000282329
0.000259524
0.00022488
0.000179355
0.00012651
7.37562e-05
3.20599e-05
1.14697e-05
3.51511e-06
3.49649e-06
1.16128e-05
3.30555e-05
7.612e-05
0.000130139
0.000183707
0.000229345
0.000263691
0.000286082
0.00029701
0.00029701
0.000286082
0.000263691
0.000229345
0.000183707
0.000130139
7.612e-05
3.30555e-05
1.16128e-05
3.49648e-06
3.47402e-06
1.1787e-05
3.41488e-05
7.86681e-05
0.000134001
0.000188273
0.000233954
0.000267917
0.00028982
0.00030043
0.00030043
0.00028982
0.000267917
0.000233954
0.000188273
0.000134001
7.8668e-05
3.41488e-05
1.1787e-05
3.47402e-06
3.44566e-06
1.19915e-05
3.53461e-05
8.14219e-05
0.000138119
0.000193068
0.000238711
0.000272195
0.000293532
0.00030378
0.00030378
0.000293532
0.000272195
0.000238711
0.000193068
0.000138119
8.14219e-05
3.53461e-05
1.19915e-05
3.44565e-06
3.4124e-06
1.22287e-05
3.66645e-05
8.44034e-05
0.000142514
0.000198104
0.000243616
0.000276515
0.000297202
0.000307044
0.000307044
0.000297202
0.000276515
0.000243616
0.000198103
0.000142514
8.44033e-05
3.66645e-05
1.22288e-05
3.4124e-06
3.37259e-06
1.25073e-05
3.81177e-05
8.76414e-05
0.000147215
0.000203397
0.000248669
0.000280867
0.000300814
0.000310202
0.000310202
0.000300814
0.000280867
0.000248669
0.000203396
0.000147215
8.76414e-05
3.81177e-05
1.25073e-05
3.37258e-06
3.3269e-06
1.2828e-05
3.97249e-05
9.11646e-05
0.000152247
0.000208958
0.000253868
0.000285237
0.000304351
0.000313238
0.000313238
0.000304351
0.000285237
0.000253868
0.000208958
0.000152247
9.11645e-05
3.97249e-05
1.2828e-05
3.3269e-06
3.27398e-06
1.32006e-05
4.15089e-05
9.50117e-05
0.000157646
0.000214806
0.000259209
0.00028961
0.000307792
0.00031613
0.00031613
0.000307792
0.000289609
0.000259209
0.000214806
0.000157646
9.50116e-05
4.15089e-05
1.32007e-05
3.27398e-06
3.21437e-06
1.3629e-05
4.34947e-05
9.92214e-05
0.000163443
0.000220951
0.000264684
0.000293966
0.000311116
0.000318858
0.000318858
0.000311116
0.000293966
0.000264684
0.000220951
0.000163443
9.92214e-05
4.34947e-05
1.36291e-05
3.21437e-06
3.14699e-06
1.41263e-05
4.57181e-05
0.000103848
0.000169683
0.000227408
0.000270283
0.000298286
0.000314303
0.000321405
0.000321405
0.000314303
0.000298286
0.000270283
0.000227408
0.000169683
0.000103848
4.57181e-05
1.41264e-05
3.14699e-06
3.07233e-06
1.47003e-05
4.82151e-05
0.000108945
0.000176405
0.000234187
0.00027599
0.000302544
0.000317329
0.000323751
0.000323751
0.000317329
0.000302544
0.00027599
0.000234187
0.000176405
0.000108945
4.82151e-05
1.47003e-05
3.07233e-06
2.9896e-06
1.53692e-05
5.10399e-05
0.000114589
0.000183661
0.000241296
0.000281785
0.000306709
0.000320171
0.000325879
0.000325879
0.000320171
0.000306709
0.000281785
0.000241296
0.000183661
0.000114589
5.10399e-05
1.53693e-05
2.9896e-06
2.89937e-06
1.61475e-05
5.42481e-05
0.000120854
0.000191497
0.000248734
0.000287636
0.000310748
0.000322803
0.000327776
0.000327776
0.000322803
0.000310748
0.000287635
0.000248734
0.000191497
0.000120854
5.42481e-05
1.61475e-05
2.89937e-06
2.8012e-06
1.70616e-05
5.79245e-05
0.000127848
0.000199976
0.0002565
0.000293505
0.000314624
0.000325205
0.000329432
0.000329432
0.000325205
0.000314623
0.000293505
0.0002565
0.000199976
0.000127848
5.79245e-05
1.70616e-05
2.8012e-06
2.69581e-06
1.81414e-05
6.21626e-05
0.000135686
0.000209149
0.000264572
0.000299342
0.000318291
0.000327354
0.000330843
0.000330843
0.000327354
0.000318291
0.000299342
0.000264572
0.000209149
0.000135685
6.21626e-05
1.81414e-05
2.69581e-06
2.58307e-06
1.94331e-05
6.7102e-05
0.000144521
0.000219081
0.000272922
0.000305083
0.000321705
0.000329233
0.000331992
0.000331992
0.000329233
0.000321705
0.000305083
0.000272922
0.00021908
0.000144521
6.7102e-05
1.94331e-05
2.58307e-06
2.46392e-06
2.09833e-05
7.29054e-05
0.000154523
0.000229815
0.000281487
0.000310645
0.000324815
0.000330837
0.000332879
0.000332879
0.000330837
0.000324815
0.000310645
0.000281487
0.000229815
0.000154523
7.29054e-05
2.09833e-05
2.46393e-06
2.33868e-06
2.28837e-05
7.98182e-05
0.000165915
0.000241397
0.000290181
0.000315929
0.000327568
0.000332164
0.000333602
0.000333602
0.000332164
0.000327568
0.000315929
0.00029018
0.000241396
0.000165915
7.98181e-05
2.28837e-05
2.33868e-06
2.20851e-06
2.5234e-05
8.81444e-05
0.000178944
0.000253825
0.000298866
0.000320816
0.000329912
0.000333144
0.000334153
0.000334153
0.000333144
0.000329912
0.000320815
0.000298866
0.000253825
0.000178944
8.81443e-05
2.5234e-05
2.20852e-06
2.07396e-06
2.82172e-05
9.83541e-05
0.000193937
0.000267067
0.000307358
0.000325176
0.000331844
0.000333904
0.000334513
0.000334513
0.000333904
0.000331844
0.000325176
0.000307358
0.000267067
0.000193937
9.8354e-05
2.82171e-05
2.07397e-06
1.93635e-06
3.20664e-05
0.000111062
0.000211231
0.000280971
0.000315385
0.000328853
0.0003332
0.000334472
0.00033478
0.00033478
0.000334472
0.0003332
0.000328853
0.000315385
0.000280971
0.000211231
0.000111062
3.20663e-05
1.93635e-06
1.79642e-06
3.71615e-05
0.000127217
0.000231227
0.000295244
0.000322612
0.000331765
0.000334129
0.0003348
0.00033494
0.00033494
0.0003348
0.000334129
0.000331765
0.000322612
0.000295244
0.000231227
0.000127217
3.71614e-05
1.79642e-06
1.65541e-06
4.39374e-05
0.00014816
0.000254262
0.000309299
0.000328588
0.000333554
0.000334803
0.000335047
0.00033508
0.00033508
0.000335047
0.000334803
0.000333554
0.000328588
0.000309299
0.000254262
0.00014816
4.39374e-05
1.65541e-06
1.51339e-06
5.28955e-05
0.000176458
0.000280579
0.000322148
0.000332504
0.000334604
0.0003351
0.000335168
0.000335172
0.000335172
0.000335168
0.0003351
0.000334604
0.000332504
0.000322148
0.000280579
0.000176458
5.28955e-05
1.51339e-06
1.36972e-06
6.81674e-05
0.000219585
0.000309504
0.000330909
0.000334527
0.000335273
0.000335315
0.000335296
0.000335287
0.000335287
0.000335296
0.000335315
0.000335273
0.000334527
0.000330909
0.000309504
0.000219585
6.81674e-05
1.36972e-06
1.23421e-06
0.000116558
0.000294184
0.000330906
0.00033481
0.000335356
0.000335357
0.000335342
0.000335343
0.000335345
0.000335345
0.000335343
0.000335342
0.000335357
0.000335356
0.00033481
0.000330906
0.000294184
0.000116558
1.23421e-06
)
;

boundaryField
{
    outlet
    {
        type            calculated;
        value           nonuniform List<scalar> 
20
(
6.86919e-06
7.31685e-05
0.000111762
0.000132495
0.000131841
0.000118403
0.00010281
9.06402e-05
7.51563e-05
6.42338e-05
6.91977e-05
8.89535e-05
9.84589e-05
0.000112625
0.000128668
0.000140546
0.000136465
0.000113405
7.31068e-05
6.82542e-06
)
;
    }
    inlet1
    {
        type            calculated;
        value           nonuniform List<scalar> 
20
(
1.16508e-06
0.00021037
0.000211616
0.000274867
0.00033541
0.00033541
0.00033541
0.00033541
0.00033541
0.00033541
0.00033541
0.00033541
0.00033541
0.00033541
0.00033541
0.00033541
0.000274868
0.000211617
0.000210372
1.16508e-06
)
;
    }
    inlet2
    {
        type            calculated;
        value           nonuniform List<scalar> 
20
(
1.16508e-06
0.000210371
0.000211617
0.000274868
0.00033541
0.00033541
0.00033541
0.00033541
0.00033541
0.00033541
0.00033541
0.00033541
0.00033541
0.00033541
0.00033541
0.00033541
0.000274869
0.000211617
0.000210371
1.16508e-06
)
;
    }
    frontAndBack
    {
        type            empty;
    }
    defaultFaces
    {
        type            nutkWallFunction;
        Cmu             0.09;
        kappa           0.41;
        E               9.8;
        value           nonuniform List<scalar> 
620
(
2.17722e-06
2.17977e-06
2.18037e-06
2.18066e-06
2.18071e-06
2.18082e-06
2.18072e-06
2.18077e-06
2.1807e-06
2.18076e-06
2.18077e-06
2.1809e-06
2.181e-06
2.18124e-06
2.18148e-06
2.18184e-06
2.18222e-06
2.18268e-06
2.1832e-06
2.18375e-06
2.18437e-06
2.18501e-06
2.18571e-06
2.18639e-06
2.18715e-06
2.18786e-06
2.18862e-06
2.18932e-06
2.19003e-06
2.19065e-06
2.19126e-06
2.19174e-06
2.19219e-06
2.19245e-06
2.19254e-06
2.19256e-06
2.19244e-06
2.19203e-06
2.19139e-06
2.19051e-06
2.1893e-06
2.18777e-06
2.18588e-06
2.18358e-06
2.18085e-06
2.17766e-06
2.174e-06
2.16981e-06
2.16509e-06
2.15974e-06
2.15375e-06
2.14707e-06
2.13974e-06
2.13198e-06
2.12381e-06
2.11508e-06
2.10588e-06
2.09618e-06
2.08592e-06
2.07516e-06
2.064e-06
2.05223e-06
2.03996e-06
2.02717e-06
2.01377e-06
1.99978e-06
1.98513e-06
1.96955e-06
1.95335e-06
1.93605e-06
1.91796e-06
1.89878e-06
1.87849e-06
1.85717e-06
1.83459e-06
1.81093e-06
1.78608e-06
1.76013e-06
1.73315e-06
1.70516e-06
1.67621e-06
1.64616e-06
1.61436e-06
1.57897e-06
1.54195e-06
1.50189e-06
1.45765e-06
1.40779e-06
1.34898e-06
1.27752e-06
1.18618e-06
1.06339e-06
8.91336e-07
6.50952e-07
3.22081e-07
1.14094e-07
1.88042e-07
5.7535e-07
9.00383e-07
9.99283e-07
2.14581e-06
2.14724e-06
2.14733e-06
2.14693e-06
2.14611e-06
2.14566e-06
2.1446e-06
2.1441e-06
2.14301e-06
2.14248e-06
2.1414e-06
2.14087e-06
2.13981e-06
2.13922e-06
2.1382e-06
2.13753e-06
2.13656e-06
2.13582e-06
2.13491e-06
2.13412e-06
2.13325e-06
2.13243e-06
2.13157e-06
2.13072e-06
2.12987e-06
2.12898e-06
2.12812e-06
2.12721e-06
2.12633e-06
2.12538e-06
2.12444e-06
2.12343e-06
2.12242e-06
2.12133e-06
2.12023e-06
2.11904e-06
2.11783e-06
2.11653e-06
2.11521e-06
2.11379e-06
2.11233e-06
2.11078e-06
2.10918e-06
2.10747e-06
2.1057e-06
2.1038e-06
2.1018e-06
2.09964e-06
2.09731e-06
2.09476e-06
2.09198e-06
2.08893e-06
2.08561e-06
2.08199e-06
2.07808e-06
2.07386e-06
2.06937e-06
2.06455e-06
2.05927e-06
2.05349e-06
2.047e-06
2.03973e-06
2.03138e-06
2.02176e-06
2.01122e-06
1.99999e-06
1.98817e-06
1.97544e-06
1.96219e-06
1.94786e-06
1.93274e-06
1.91675e-06
1.89941e-06
1.88068e-06
1.86075e-06
1.83882e-06
1.81538e-06
1.78967e-06
1.76188e-06
1.73162e-06
1.69877e-06
1.66316e-06
1.62453e-06
1.58276e-06
1.53743e-06
1.48814e-06
1.43348e-06
1.37141e-06
1.29614e-06
1.20301e-06
1.08355e-06
9.2333e-07
7.17377e-07
4.84738e-07
2.32602e-07
1.10501e-07
1.6335e-07
5.45878e-07
8.88982e-07
9.9488e-07
2.98943e-07
1.9831e-07
8.0218e-08
0
0
0
0
0
0
0
0
0
0
0
0
0
0
8.27808e-08
2.03901e-07
3.05065e-07
3.79115e-07
4.39266e-07
4.96147e-07
5.49856e-07
6.00492e-07
6.48315e-07
6.93213e-07
7.35245e-07
7.74279e-07
8.10427e-07
8.43577e-07
8.73874e-07
9.01259e-07
9.25953e-07
9.47922e-07
9.67428e-07
9.84445e-07
9.99283e-07
1.01191e-06
1.02266e-06
1.03147e-06
1.03872e-06
1.04429e-06
1.04862e-06
1.05149e-06
1.05342e-06
1.05407e-06
1.05381e-06
1.05301e-06
1.05136e-06
1.04901e-06
1.0461e-06
1.04271e-06
1.03889e-06
1.03472e-06
1.03024e-06
1.02552e-06
1.02059e-06
1.01551e-06
1.0103e-06
1.00504e-06
9.99689e-07
9.94364e-07
9.88998e-07
9.83722e-07
9.78424e-07
9.73277e-07
9.68273e-07
9.63405e-07
9.58667e-07
9.54054e-07
9.49565e-07
9.45195e-07
9.40948e-07
9.36818e-07
9.32811e-07
9.28923e-07
9.25155e-07
9.21514e-07
9.17981e-07
9.14586e-07
9.11287e-07
9.0813e-07
9.05066e-07
9.02136e-07
8.99302e-07
8.96596e-07
8.9398e-07
8.91497e-07
8.89088e-07
8.86827e-07
8.84625e-07
8.82579e-07
8.80593e-07
8.78769e-07
8.7701e-07
8.75432e-07
8.73934e-07
8.72648e-07
8.71496e-07
8.70627e-07
8.69922e-07
8.69632e-07
8.69783e-07
8.70297e-07
8.71566e-07
8.7326e-07
8.76846e-07
8.8024e-07
8.87308e-07
8.93202e-07
9.05401e-07
9.14805e-07
9.34269e-07
9.48258e-07
9.787e-07
9.95667e-07
1.03183e-06
1.0341e-06
1.04241e-06
3.79115e-07
4.39266e-07
4.96147e-07
5.49856e-07
6.00492e-07
6.48316e-07
6.93213e-07
7.35245e-07
7.74279e-07
8.10427e-07
8.43577e-07
8.73874e-07
9.01258e-07
9.25952e-07
9.47922e-07
9.67427e-07
9.84444e-07
9.99282e-07
1.0119e-06
1.02266e-06
1.03147e-06
1.03872e-06
1.04429e-06
1.04862e-06
1.05149e-06
1.05342e-06
1.05407e-06
1.05381e-06
1.05301e-06
1.05136e-06
1.04901e-06
1.0461e-06
1.0427e-06
1.03889e-06
1.03471e-06
1.03024e-06
1.02552e-06
1.02058e-06
1.01551e-06
1.0103e-06
1.00504e-06
9.99689e-07
9.94364e-07
9.88998e-07
9.83722e-07
9.78425e-07
9.73277e-07
9.68274e-07
9.63405e-07
9.58668e-07
9.54054e-07
9.49566e-07
9.45194e-07
9.40948e-07
9.36815e-07
9.3281e-07
9.28916e-07
9.25154e-07
9.21499e-07
9.17979e-07
9.1456e-07
9.11277e-07
9.0809e-07
9.05037e-07
9.02076e-07
8.99239e-07
8.96495e-07
8.93863e-07
8.9132e-07
8.88885e-07
8.86516e-07
8.84264e-07
8.82048e-07
8.79946e-07
8.77862e-07
8.75865e-07
8.73875e-07
8.71928e-07
8.69963e-07
8.6798e-07
8.65937e-07
8.6379e-07
8.61489e-07
8.58958e-07
8.56124e-07
8.52823e-07
8.4899e-07
8.44289e-07
8.38617e-07
8.31421e-07
8.22444e-07
8.10821e-07
7.96013e-07
7.76622e-07
7.51493e-07
7.18208e-07
6.74617e-07
6.15555e-07
5.35983e-07
4.21012e-07
1.04325e-06
1.03392e-06
1.031e-06
9.94141e-07
9.76921e-07
9.46847e-07
9.32953e-07
9.13676e-07
9.04365e-07
8.92342e-07
8.86536e-07
8.79618e-07
8.76298e-07
8.72829e-07
8.71192e-07
8.70008e-07
8.69538e-07
8.69411e-07
8.69784e-07
8.70472e-07
8.71414e-07
8.7254e-07
8.73891e-07
8.75353e-07
8.76991e-07
8.78711e-07
8.80586e-07
8.82535e-07
8.84629e-07
8.86791e-07
8.89095e-07
8.91472e-07
8.93983e-07
8.96579e-07
8.99306e-07
9.02122e-07
9.05071e-07
9.08118e-07
9.11292e-07
9.14577e-07
9.17984e-07
9.2151e-07
9.25153e-07
9.28923e-07
9.32807e-07
9.36819e-07
9.40945e-07
9.45196e-07
9.49564e-07
9.54054e-07
9.58666e-07
9.63404e-07
9.68272e-07
9.73276e-07
9.78424e-07
9.83721e-07
9.88997e-07
9.94364e-07
9.99688e-07
1.00504e-06
1.0103e-06
1.01551e-06
1.02058e-06
1.02552e-06
1.03024e-06
1.03471e-06
1.03889e-06
1.04271e-06
1.0461e-06
1.04901e-06
1.05136e-06
1.05301e-06
1.05381e-06
1.05407e-06
1.05342e-06
1.05149e-06
1.04862e-06
1.04429e-06
1.03872e-06
1.03147e-06
1.02266e-06
1.0119e-06
9.99283e-07
9.84445e-07
9.67428e-07
9.47922e-07
9.25953e-07
9.01259e-07
8.73873e-07
8.43576e-07
8.10427e-07
7.7428e-07
7.35245e-07
6.93211e-07
6.48315e-07
6.00494e-07
5.49856e-07
4.96146e-07
4.39266e-07
3.79115e-07
4.25861e-07
5.38911e-07
6.17218e-07
6.75491e-07
7.18547e-07
7.51536e-07
7.7645e-07
7.95746e-07
8.10482e-07
8.221e-07
8.31059e-07
8.38293e-07
8.43971e-07
8.48724e-07
8.52566e-07
8.55926e-07
8.58756e-07
8.61348e-07
8.63645e-07
8.65836e-07
8.67878e-07
8.69895e-07
8.71854e-07
8.73831e-07
8.75813e-07
8.77837e-07
8.79906e-07
8.82033e-07
8.84239e-07
8.86501e-07
8.88876e-07
8.91302e-07
8.93861e-07
8.96484e-07
8.99232e-07
9.02074e-07
9.05025e-07
9.08095e-07
9.11265e-07
9.14565e-07
9.17969e-07
9.21502e-07
9.25149e-07
9.28916e-07
9.32807e-07
9.36814e-07
9.40946e-07
9.45193e-07
9.49565e-07
9.54053e-07
9.58667e-07
9.63404e-07
9.68273e-07
9.73277e-07
9.78425e-07
9.83722e-07
9.88998e-07
9.94364e-07
9.99688e-07
1.00504e-06
1.0103e-06
1.01551e-06
1.02058e-06
1.02552e-06
1.03024e-06
1.03471e-06
1.03889e-06
1.0427e-06
1.0461e-06
1.04901e-06
1.05136e-06
1.05301e-06
1.05381e-06
1.05407e-06
1.05342e-06
1.05149e-06
1.04862e-06
1.04429e-06
1.03872e-06
1.03147e-06
1.02266e-06
1.0119e-06
9.99282e-07
9.84444e-07
9.67427e-07
9.47921e-07
9.25952e-07
9.01259e-07
8.73873e-07
8.43576e-07
8.10426e-07
7.7428e-07
7.35245e-07
6.93211e-07
6.48315e-07
6.00494e-07
5.49856e-07
4.96146e-07
4.39266e-07
3.79115e-07
)
;
    }
}


// ************************************************************************* //
