/*--------------------------------*- C++ -*----------------------------------*\
| =========                 |                                                 |
| \\      /  F ield         | OpenFOAM: The Open Source CFD Toolbox           |
|  \\    /   O peration     | Version:  2.1.0                                 |
|   \\  /    A nd           | Web:      www.OpenFOAM.org                      |
|    \\/     M anipulation  |                                                 |
\*---------------------------------------------------------------------------*/
FoamFile
{
    version     2.0;
    format      ascii;
    class       volScalarField;
    location    "0.45";
    object      C2;
}
// * * * * * * * * * * * * * * * * * * * * * * * * * * * * * * * * * * * * * //

dimensions      [0 0 0 0 0 0 0];

internalField   nonuniform List<scalar> 
6400
(
0.00242908
0.00242619
0.00242247
0.00241845
0.00241424
0.00240988
0.00240538
0.00240073
0.00239592
0.00239095
0.00238583
0.00238054
0.00237508
0.00236944
0.00236363
0.00235763
0.00235143
0.00234505
0.00233845
0.00233165
0.00232463
0.00231739
0.00230992
0.00230222
0.00229427
0.00228607
0.00227761
0.00226888
0.00225987
0.00225058
0.00224099
0.0022311
0.0022209
0.00221037
0.0021995
0.00218829
0.00217672
0.00216479
0.00215247
0.00213976
0.00212664
0.0021131
0.00209912
0.0020847
0.00206981
0.00205444
0.00203858
0.0020222
0.0020053
0.00198784
0.00196982
0.00195121
0.00193199
0.00191215
0.00189166
0.0018705
0.00184864
0.00182606
0.00180275
0.00177866
0.00175378
0.00172809
0.00170154
0.00167412
0.00164579
0.00161652
0.00158629
0.00155506
0.00152281
0.00148949
0.00145507
0.00141952
0.00138281
0.0013449
0.00130577
0.00126536
0.00122366
0.00118063
0.00113625
0.00109049
0.00104332
0.000994743
0.00094474
0.000893316
0.000840488
0.000786286
0.00073076
0.000673984
0.000616063
0.000557136
0.000497385
0.00043705
0.000376477
0.000316225
0.000257162
0.000200397
0.000146837
9.80494e-05
5.65617e-05
2.58172e-05
0.00243184
0.00242896
0.0024253
0.00242134
0.00241721
0.00241293
0.0024085
0.00240393
0.0023992
0.00239433
0.00238929
0.00238409
0.00237872
0.00237318
0.00236746
0.00236156
0.00235546
0.00234918
0.00234269
0.002336
0.0023291
0.00232197
0.00231462
0.00230703
0.00229921
0.00229113
0.0022828
0.0022742
0.00226533
0.00225617
0.00224673
0.00223698
0.00222692
0.00221654
0.00220583
0.00219477
0.00218336
0.00217159
0.00215943
0.00214688
0.00213393
0.00212057
0.00210676
0.00209252
0.00207781
0.00206262
0.00204694
0.00203074
0.00201402
0.00199675
0.00197891
0.00196049
0.00194146
0.00192181
0.0019015
0.00188052
0.00185885
0.00183645
0.00181331
0.0017894
0.00176469
0.00173916
0.00171277
0.0016855
0.00165732
0.00162819
0.00159809
0.00156697
0.00153482
0.00150158
0.00146724
0.00143174
0.00139506
0.00135715
0.00131799
0.00127753
0.00123574
0.00119259
0.00114803
0.00110204
0.0010546
0.00100567
0.000955242
0.00090331
0.000849878
0.000794962
0.000738602
0.000680864
0.000621853
0.000561723
0.000500703
0.000439126
0.000377476
0.000316452
0.000256968
0.000200277
0.000147369
0.000100078
6.10144e-05
3.30878e-05
0.00243773
0.00243493
0.0024314
0.00242761
0.00242364
0.00241953
0.00241528
0.00241088
0.00240634
0.00240165
0.00239681
0.00239181
0.00238664
0.00238131
0.00237581
0.00237012
0.00236426
0.00235821
0.00235196
0.00234551
0.00233886
0.00233199
0.0023249
0.00231758
0.00231003
0.00230224
0.0022942
0.0022859
0.00227733
0.00226849
0.00225937
0.00224995
0.00224022
0.00223018
0.00221982
0.00220912
0.00219808
0.00218668
0.0021749
0.00216274
0.00215019
0.00213723
0.00212384
0.00211001
0.00209573
0.00208097
0.00206573
0.00204998
0.00203372
0.00201691
0.00199954
0.00198159
0.00196304
0.00194386
0.00192404
0.00190356
0.00188238
0.00186048
0.00183784
0.00181443
0.00179023
0.00176519
0.00173931
0.00171254
0.00168485
0.00165621
0.00162659
0.00159595
0.00156425
0.00153146
0.00149754
0.00146245
0.00142615
0.0013886
0.00134975
0.00130957
0.00126801
0.00122503
0.00118059
0.00113463
0.00108713
0.00103805
0.000987345
0.000934993
0.000880975
0.000825285
0.000767938
0.000708978
0.0006485
0.000586666
0.000523743
0.000460153
0.000396524
0.000333761
0.000273108
0.000215826
0.000162987
0.000116448
7.85212e-05
5.1651e-05
0.00244686
0.00244422
0.00244092
0.00243737
0.00243367
0.00242983
0.00242586
0.00242175
0.0024175
0.00241311
0.00240857
0.00240389
0.00239905
0.00239405
0.00238889
0.00238357
0.00237807
0.00237239
0.00236652
0.00236047
0.00235422
0.00234776
0.0023411
0.00233422
0.00232712
0.00231979
0.00231222
0.00230441
0.00229634
0.002288
0.0022794
0.00227052
0.00226134
0.00225187
0.00224208
0.00223198
0.00222154
0.00221076
0.00219962
0.00218811
0.00217622
0.00216394
0.00215125
0.00213813
0.00212458
0.00211057
0.00209609
0.00208112
0.00206564
0.00204964
0.0020331
0.00201599
0.0019983
0.00198
0.00196108
0.0019415
0.00192125
0.00190029
0.00187861
0.00185618
0.00183296
0.00180894
0.00178408
0.00175834
0.0017317
0.00170412
0.00167557
0.00164601
0.00161541
0.00158372
0.0015509
0.00151692
0.00148173
0.00144528
0.00140753
0.00136843
0.00132792
0.00128597
0.00124252
0.0011975
0.00115087
0.00110257
0.00105253
0.00100071
0.000947046
0.000891499
0.000834039
0.000774666
0.00071343
0.000650458
0.000586
0.000520483
0.000454581
0.000389298
0.000326029
0.000265961
0.000210282
0.000160928
0.000120315
9.14767e-05
0.0024592
0.0024568
0.00245382
0.00245062
0.00244728
0.00244382
0.00244023
0.00243651
0.00243267
0.0024287
0.00242459
0.00242035
0.00241597
0.00241144
0.00240676
0.00240192
0.00239693
0.00239177
0.00238645
0.00238095
0.00237526
0.00236939
0.00236333
0.00235707
0.0023506
0.00234392
0.00233702
0.0023299
0.00232254
0.00231493
0.00230708
0.00229896
0.00229057
0.00228191
0.00227296
0.00226371
0.00225415
0.00224427
0.00223406
0.00222351
0.0022126
0.00220132
0.00218966
0.00217761
0.00216514
0.00215225
0.00213892
0.00212513
0.00211086
0.00209611
0.00208084
0.00206504
0.0020487
0.00203178
0.00201428
0.00199616
0.0019774
0.00195798
0.00193788
0.00191706
0.00189551
0.00187319
0.00185008
0.00182614
0.00180134
0.00177566
0.00174905
0.00172148
0.00169292
0.00166332
0.00163264
0.00160085
0.0015679
0.00153373
0.00149831
0.00146158
0.00142349
0.00138396
0.00134295
0.00130038
0.00125618
0.00121027
0.00116256
0.00111295
0.00106136
0.00100768
0.00095182
0.000893697
0.000833271
0.000770566
0.000705718
0.000639032
0.000571052
0.00050266
0.000435155
0.000369678
0.000307603
0.000251226
0.000203807
0.000170402
0.0024746
0.00247252
0.00246995
0.0024672
0.00246432
0.00246133
0.00245823
0.00245503
0.0024517
0.00244827
0.00244471
0.00244104
0.00243724
0.00243331
0.00242925
0.00242506
0.00242072
0.00241624
0.00241161
0.00240683
0.00240188
0.00239678
0.0023915
0.00238604
0.00238041
0.00237458
0.00236856
0.00236234
0.00235592
0.00234928
0.00234241
0.00233532
0.00232798
0.0023204
0.00231257
0.00230447
0.00229609
0.00228743
0.00227848
0.00226922
0.00225965
0.00224975
0.0022395
0.00222891
0.00221795
0.00220661
0.00219488
0.00218274
0.00217018
0.00215718
0.00214372
0.0021298
0.00211538
0.00210045
0.002085
0.002069
0.00205243
0.00203526
0.00201749
0.00199908
0.00198001
0.00196025
0.00193978
0.00191858
0.0018966
0.00187383
0.00185023
0.00182577
0.00180041
0.00177411
0.00174685
0.00171858
0.00168925
0.00165882
0.00162724
0.00159445
0.0015604
0.00152502
0.00148824
0.00144999
0.00141017
0.00136867
0.0013254
0.00128022
0.00123298
0.00118353
0.0011317
0.00107731
0.00102018
0.000960176
0.000897238
0.000831411
0.000762938
0.00069233
0.000620527
0.000548702
0.000478373
0.000412408
0.000355591
0.000316247
0.00249279
0.00249111
0.00248904
0.00248682
0.0024845
0.00248208
0.00247958
0.00247698
0.00247429
0.0024715
0.00246862
0.00246564
0.00246255
0.00245936
0.00245606
0.00245264
0.00244911
0.00244546
0.00244169
0.00243778
0.00243375
0.00242958
0.00242527
0.00242081
0.00241621
0.00241144
0.00240652
0.00240143
0.00239617
0.00239073
0.00238511
0.0023793
0.00237328
0.00236707
0.00236064
0.002354
0.00234713
0.00234002
0.00233267
0.00232506
0.0023172
0.00230906
0.00230064
0.00229193
0.00228292
0.00227359
0.00226394
0.00225394
0.0022436
0.0022329
0.00222182
0.00221035
0.00219847
0.00218617
0.00217343
0.00216024
0.00214658
0.00213243
0.00211777
0.00210258
0.00208684
0.00207054
0.00205365
0.00203614
0.002018
0.00199919
0.0019797
0.00195948
0.00193853
0.00191679
0.00189425
0.00187085
0.00184658
0.00182137
0.00179519
0.00176799
0.0017397
0.00171027
0.00167962
0.00164767
0.00161433
0.00157949
0.00154302
0.00150477
0.00146456
0.00142221
0.00137746
0.00133006
0.00127972
0.00122613
0.00116899
0.00110806
0.00104316
0.00097425
0.000901626
0.000826455
0.000750213
0.000676195
0.000610881
0.000566354
0.00251334
0.00251212
0.00251063
0.00250903
0.00250735
0.0025056
0.00250378
0.00250189
0.00249993
0.0024979
0.00249579
0.00249361
0.00249135
0.00248901
0.00248659
0.00248409
0.0024815
0.00247882
0.00247604
0.00247317
0.0024702
0.00246713
0.00246396
0.00246068
0.00245728
0.00245377
0.00245014
0.00244639
0.0024425
0.00243849
0.00243434
0.00243004
0.0024256
0.00242101
0.00241626
0.00241135
0.00240627
0.00240102
0.00239558
0.00238996
0.00238414
0.00237812
0.0023719
0.00236545
0.00235878
0.00235188
0.00234474
0.00233734
0.00232969
0.00232177
0.00231357
0.00230508
0.00229628
0.00228718
0.00227775
0.00226799
0.00225788
0.00224741
0.00223656
0.00222532
0.00221368
0.00220162
0.00218913
0.00217618
0.00216277
0.00214887
0.00213446
0.00211953
0.00210404
0.00208798
0.00207133
0.00205405
0.00203611
0.00201749
0.00199814
0.00197803
0.00195709
0.00193529
0.00191256
0.00188882
0.001864
0.00183799
0.00181067
0.00178189
0.0017515
0.00171928
0.00168501
0.00164838
0.00160904
0.00156662
0.00152068
0.00147074
0.00141627
0.00135671
0.00129147
0.00122142
0.00114784
0.00107379
0.00100659
0.0009609
0.00253566
0.00253496
0.0025341
0.00253318
0.00253221
0.00253119
0.00253013
0.00252903
0.00252788
0.00252668
0.00252544
0.00252415
0.00252281
0.00252142
0.00251998
0.00251849
0.00251694
0.00251533
0.00251367
0.00251195
0.00251017
0.00250833
0.00250642
0.00250445
0.0025024
0.00250029
0.0024981
0.00249584
0.0024935
0.00249108
0.00248858
0.00248599
0.00248331
0.00248054
0.00247767
0.00247471
0.00247164
0.00246847
0.00246518
0.00246179
0.00245828
0.00245464
0.00245088
0.00244699
0.00244296
0.0024388
0.00243448
0.00243002
0.00242541
0.00242063
0.00241568
0.00241056
0.00240526
0.00239977
0.0023941
0.00238822
0.00238214
0.00237584
0.00236932
0.00236257
0.00235559
0.00234836
0.00234088
0.00233313
0.00232512
0.00231682
0.00230823
0.00229934
0.00229013
0.0022806
0.00227072
0.00226049
0.00224988
0.00223888
0.00222747
0.00221561
0.00220329
0.00219045
0.00217705
0.00216306
0.0021484
0.00213302
0.00211681
0.00209967
0.00208149
0.00206212
0.00204137
0.00201905
0.00199483
0.00196842
0.00193944
0.00190741
0.00187177
0.00183175
0.00178636
0.00173475
0.0016789
0.00162037
0.00156521
0.00152685
0.00255898
0.00255884
0.00255866
0.00255846
0.00255824
0.002558
0.00255774
0.00255747
0.00255717
0.00255686
0.00255653
0.00255618
0.00255581
0.00255543
0.00255502
0.0025546
0.00255416
0.0025537
0.00255322
0.00255271
0.00255219
0.00255165
0.00255108
0.0025505
0.00254989
0.00254925
0.0025486
0.00254792
0.00254721
0.00254648
0.00254573
0.00254494
0.00254413
0.00254329
0.00254243
0.00254153
0.0025406
0.00253963
0.00253864
0.00253761
0.00253654
0.00253544
0.0025343
0.00253312
0.0025319
0.00253064
0.00252934
0.00252799
0.0025266
0.00252516
0.00252367
0.00252214
0.00252055
0.00251891
0.00251722
0.00251548
0.00251368
0.00251183
0.00250992
0.00250795
0.00250592
0.00250384
0.00250169
0.00249949
0.00249723
0.00249491
0.00249253
0.00249009
0.00248759
0.00248503
0.00248242
0.00247974
0.00247699
0.00247418
0.0024713
0.00246834
0.00246529
0.00246215
0.00245891
0.00245553
0.002452
0.00244827
0.00244432
0.00244009
0.00243553
0.00243059
0.00242521
0.00241937
0.0024129
0.0024057
0.00239763
0.00238855
0.00237818
0.00236617
0.00235198
0.00233489
0.00231443
0.0022916
0.00226859
0.00225124
0.00258246
0.00258289
0.0025834
0.00258393
0.00258447
0.00258502
0.00258557
0.00258614
0.00258671
0.00258729
0.00258788
0.00258849
0.0025891
0.00258973
0.00259038
0.00259104
0.00259171
0.0025924
0.00259312
0.00259384
0.00259459
0.00259536
0.00259616
0.00259697
0.00259781
0.00259867
0.00259957
0.00260048
0.00260143
0.00260241
0.00260342
0.00260446
0.00260553
0.00260664
0.00260779
0.00260898
0.00261021
0.00261147
0.00261279
0.00261414
0.00261555
0.002617
0.0026185
0.00262006
0.00262168
0.00262335
0.00262508
0.00262687
0.00262873
0.00263066
0.00263266
0.00263474
0.0026369
0.00263914
0.00264146
0.00264388
0.00264639
0.002649
0.00265172
0.00265455
0.00265749
0.00266057
0.00266377
0.00266712
0.00267061
0.00267427
0.00267809
0.00268209
0.00268629
0.00269068
0.00269529
0.00270014
0.00270522
0.00271056
0.00271618
0.00272209
0.00272831
0.00273486
0.00274176
0.00274902
0.00275665
0.00276468
0.00277313
0.00278201
0.00279135
0.00280116
0.00281146
0.00282224
0.00283363
0.00284578
0.00285891
0.00287328
0.00288907
0.00290643
0.00292555
0.00294667
0.00297001
0.00299527
0.00302008
0.00303801
0.00260525
0.00260623
0.0026074
0.00260864
0.00260992
0.00261123
0.00261257
0.00261394
0.00261535
0.0026168
0.00261829
0.00261981
0.00262138
0.00262299
0.00262465
0.00262636
0.00262811
0.00262992
0.00263178
0.0026337
0.00263568
0.00263771
0.00263982
0.00264198
0.00264422
0.00264653
0.00264891
0.00265137
0.00265391
0.00265653
0.00265924
0.00266204
0.00266494
0.00266793
0.00267101
0.00267421
0.00267751
0.00268093
0.00268446
0.00268811
0.00269189
0.0026958
0.00269984
0.00270403
0.00270836
0.00271284
0.00271749
0.00272229
0.00272727
0.00273243
0.00273777
0.00274331
0.00274904
0.00275499
0.00276115
0.00276755
0.00277417
0.00278105
0.00278819
0.00279559
0.00280328
0.00281127
0.00281957
0.0028282
0.00283717
0.00284651
0.00285622
0.00286634
0.00287687
0.00288786
0.00289931
0.00291127
0.00292374
0.00293678
0.0029504
0.00296466
0.00297957
0.0029952
0.00301157
0.00302874
0.00304676
0.00306569
0.00308559
0.00310652
0.00312858
0.00315184
0.00317642
0.00320246
0.00323013
0.00325966
0.00329131
0.00332546
0.00336293
0.0034041
0.0034492
0.00349845
0.00355153
0.00360645
0.00365751
0.00369238
0.00262663
0.00262811
0.0026299
0.00263179
0.00263375
0.00263577
0.00263785
0.00263998
0.00264217
0.00264442
0.00264673
0.00264912
0.00265157
0.00265409
0.00265668
0.00265936
0.00266211
0.00266495
0.00266788
0.0026709
0.00267401
0.00267722
0.00268053
0.00268394
0.00268747
0.00269111
0.00269487
0.00269874
0.00270275
0.00270689
0.00271116
0.00271558
0.00272014
0.00272486
0.00272973
0.00273477
0.00273998
0.00274536
0.00275093
0.00275669
0.00276264
0.0027688
0.00277517
0.00278177
0.00278859
0.00279565
0.00280295
0.00281051
0.00281834
0.00282644
0.00283484
0.00284353
0.00285253
0.00286185
0.00287151
0.00288153
0.0028919
0.00290266
0.00291381
0.00292537
0.00293737
0.00294981
0.00296273
0.00297614
0.00299007
0.00300454
0.00301958
0.00303521
0.00305146
0.00306838
0.00308598
0.00310431
0.00312341
0.00314332
0.00316408
0.00318575
0.00320838
0.00323203
0.00325675
0.00328261
0.00330969
0.00333807
0.00336782
0.00339906
0.00343187
0.0034664
0.00350278
0.00354118
0.00358179
0.00362483
0.00367057
0.00371932
0.00377144
0.0038277
0.00388796
0.003952
0.00401874
0.00408529
0.00414511
0.00418536
0.002646
0.00264792
0.00265026
0.00265275
0.00265532
0.00265798
0.00266071
0.00266351
0.0026664
0.00266937
0.00267242
0.00267556
0.0026788
0.00268213
0.00268556
0.0026891
0.00269274
0.00269649
0.00270036
0.00270435
0.00270846
0.00271271
0.00271708
0.0027216
0.00272626
0.00273107
0.00273604
0.00274116
0.00274646
0.00275193
0.00275757
0.00276341
0.00276943
0.00277566
0.00278209
0.00278874
0.00279561
0.00280272
0.00281006
0.00281765
0.0028255
0.00283362
0.00284202
0.0028507
0.00285969
0.00286898
0.0028786
0.00288855
0.00289884
0.0029095
0.00292053
0.00293195
0.00294378
0.00295602
0.0029687
0.00298184
0.00299544
0.00300954
0.00302415
0.00303929
0.00305498
0.00307126
0.00308814
0.00310564
0.00312381
0.00314267
0.00316225
0.00318257
0.00320369
0.00322564
0.00324845
0.00327217
0.00329685
0.00332254
0.00334928
0.00337714
0.00340618
0.00343645
0.00346803
0.00350098
0.0035354
0.00357135
0.00360893
0.00364823
0.00368936
0.00373242
0.00377753
0.00382482
0.00387442
0.00392645
0.00398103
0.00403823
0.00409809
0.0041608
0.00422621
0.00429356
0.00436138
0.00442671
0.00448391
0.00452267
0.00266294
0.00266523
0.00266804
0.00267104
0.00267415
0.00267735
0.00268064
0.00268403
0.00268751
0.00269109
0.00269478
0.00269858
0.00270248
0.0027065
0.00271065
0.00271491
0.00271931
0.00272384
0.0027285
0.00273332
0.00273828
0.0027434
0.00274867
0.00275412
0.00275973
0.00276553
0.00277151
0.00277768
0.00278405
0.00279063
0.00279743
0.00280444
0.00281168
0.00281917
0.0028269
0.00283488
0.00284313
0.00285166
0.00286047
0.00286957
0.00287898
0.00288871
0.00289877
0.00290917
0.00291993
0.00293105
0.00294255
0.00295445
0.00296676
0.00297949
0.00299267
0.00300631
0.00302042
0.00303503
0.00305016
0.00306581
0.00308203
0.00309882
0.00311621
0.00313422
0.00315289
0.00317223
0.00319227
0.00321306
0.0032346
0.00325695
0.00328013
0.00330418
0.00332914
0.00335505
0.00338195
0.00340989
0.00343891
0.00346908
0.00350043
0.00353304
0.00356695
0.00360224
0.00363896
0.00367719
0.00371699
0.00375844
0.0038016
0.00384656
0.00389339
0.00394215
0.0039929
0.0040457
0.00410056
0.00415748
0.00421636
0.00427703
0.0043392
0.00440239
0.00446645
0.00453032
0.00459247
0.00465035
0.00469986
0.00473399
0.00267714
0.00267972
0.00268293
0.00268635
0.0026899
0.00269355
0.00269731
0.00270118
0.00270516
0.00270925
0.00271345
0.00271778
0.00272224
0.00272683
0.00273155
0.00273641
0.00274142
0.00274658
0.0027519
0.00275738
0.00276303
0.00276885
0.00277485
0.00278104
0.00278743
0.00279401
0.00280081
0.00280782
0.00281505
0.00282252
0.00283022
0.00283817
0.00284638
0.00285485
0.00286361
0.00287264
0.00288197
0.00289161
0.00290157
0.00291185
0.00292248
0.00293346
0.0029448
0.00295652
0.00296864
0.00298117
0.00299412
0.0030075
0.00302134
0.00303566
0.00305046
0.00306577
0.00308161
0.00309799
0.00311494
0.00313249
0.00315064
0.00316943
0.00318888
0.00320901
0.00322986
0.00325145
0.00327381
0.00329697
0.00332097
0.00334584
0.00337161
0.00339833
0.00342602
0.00345474
0.00348453
0.00351542
0.00354748
0.00358074
0.00361527
0.00365111
0.00368831
0.00372694
0.00376705
0.0038087
0.00385195
0.00389684
0.00394343
0.00399177
0.00404189
0.00409381
0.00414754
0.00420304
0.00426025
0.00431902
0.00437912
0.00444016
0.00450159
0.00456263
0.00462283
0.00468116
0.00473617
0.00478581
0.00482728
0.00485636
0.00268841
0.00269122
0.00269473
0.00269849
0.00270238
0.0027064
0.00271052
0.00271476
0.00271913
0.00272361
0.00272823
0.00273297
0.00273786
0.00274288
0.00274806
0.00275338
0.00275887
0.00276451
0.00277033
0.00277633
0.0027825
0.00278887
0.00279543
0.00280219
0.00280916
0.00281635
0.00282377
0.00283141
0.0028393
0.00284743
0.00285582
0.00286448
0.00287341
0.00288263
0.00289214
0.00290196
0.0029121
0.00292256
0.00293336
0.00294452
0.00295603
0.00296793
0.00298021
0.00299289
0.003006
0.00301953
0.00303352
0.00304797
0.0030629
0.00307832
0.00309427
0.00311075
0.00312779
0.00314541
0.00316362
0.00318245
0.00320193
0.00322207
0.0032429
0.00326445
0.00328675
0.00330982
0.00333369
0.0033584
0.00338397
0.00341045
0.00343786
0.00346624
0.00349564
0.00352608
0.00355762
0.00359028
0.00362413
0.0036592
0.00369554
0.0037332
0.00377223
0.00381267
0.00385457
0.00389798
0.00394293
0.00398947
0.00403762
0.00408741
0.00413884
0.0041919
0.00424654
0.0043027
0.00436024
0.00441896
0.00447854
0.00453852
0.00459825
0.00465688
0.00471357
0.0047675
0.00481729
0.00486118
0.00489706
0.00492237
0.00269668
0.00269964
0.00270337
0.00270737
0.00271152
0.00271579
0.00272018
0.0027247
0.00272934
0.00273411
0.00273902
0.00274407
0.00274926
0.0027546
0.0027601
0.00276576
0.00277158
0.00277758
0.00278376
0.00279012
0.00279667
0.00280343
0.00281038
0.00281755
0.00282494
0.00283255
0.0028404
0.0028485
0.00285684
0.00286545
0.00287432
0.00288347
0.00289291
0.00290264
0.00291269
0.00292305
0.00293374
0.00294477
0.00295615
0.0029679
0.00298002
0.00299254
0.00300545
0.00301879
0.00303255
0.00304676
0.00306144
0.00307659
0.00309223
0.00310839
0.00312508
0.00314232
0.00316013
0.00317853
0.00319753
0.00321717
0.00323747
0.00325844
0.00328011
0.00330251
0.00332567
0.00334961
0.00337436
0.00339994
0.0034264
0.00345376
0.00348206
0.00351133
0.0035416
0.00357291
0.0036053
0.00363881
0.00367348
0.00370934
0.00374644
0.00378482
0.00382452
0.00386558
0.00390803
0.00395192
0.00399726
0.00404408
0.0040924
0.00414222
0.00419352
0.00424629
0.00430045
0.00435592
0.00441256
0.00447015
0.00452838
0.00458682
0.00464488
0.00470178
0.00475656
0.00480845
0.00485617
0.00489799
0.00493186
0.00495568
0.00270197
0.00270501
0.00270887
0.00271302
0.00271733
0.00272177
0.00272633
0.00273102
0.00273584
0.00274079
0.00274588
0.00275112
0.00275651
0.00276205
0.00276775
0.00277362
0.00277966
0.00278587
0.00279227
0.00279886
0.00280565
0.00281264
0.00281985
0.00282727
0.00283491
0.00284279
0.00285091
0.00285928
0.00286791
0.0028768
0.00288597
0.00289542
0.00290517
0.00291522
0.00292559
0.00293628
0.0029473
0.00295868
0.00297041
0.00298251
0.002995
0.00300788
0.00302117
0.00303489
0.00304904
0.00306365
0.00307873
0.00309429
0.00311035
0.00312692
0.00314404
0.0031617
0.00317994
0.00319877
0.00321822
0.0032383
0.00325903
0.00328044
0.00330256
0.0033254
0.00334899
0.00337336
0.00339854
0.00342455
0.00345142
0.00347918
0.00350786
0.0035375
0.00356812
0.00359976
0.00363245
0.00366622
0.00370112
0.00373718
0.00377442
0.00381289
0.00385261
0.00389362
0.00393595
0.00397962
0.00402465
0.00407105
0.00411883
0.00416797
0.00421847
0.00427027
0.00432332
0.00437752
0.00443274
0.00448881
0.00454546
0.00460236
0.00465902
0.00471481
0.00476893
0.00482056
0.00486858
0.00491128
0.00494634
0.00497124
0.00270443
0.00270747
0.00271138
0.0027156
0.00271998
0.0027245
0.00272914
0.0027339
0.0027388
0.00274384
0.00274902
0.00275434
0.00275981
0.00276545
0.00277124
0.0027772
0.00278334
0.00278965
0.00279616
0.00280285
0.00280974
0.00281684
0.00282416
0.00283169
0.00283945
0.00284745
0.00285569
0.00286418
0.00287293
0.00288195
0.00289125
0.00290083
0.00291072
0.00292091
0.00293141
0.00294225
0.00295342
0.00296494
0.00297682
0.00298908
0.00300172
0.00301476
0.00302821
0.00304209
0.00305641
0.00307118
0.00308642
0.00310215
0.00311838
0.00313513
0.00315241
0.00317025
0.00318866
0.00320766
0.00322728
0.00324752
0.00326842
0.00329
0.00331227
0.00333527
0.00335901
0.00338352
0.00340884
0.00343497
0.00346196
0.00348983
0.00351861
0.00354833
0.00357901
0.0036107
0.00364342
0.0036772
0.00371207
0.00374807
0.00378523
0.00382357
0.00386313
0.00390393
0.003946
0.00398935
0.004034
0.00407996
0.00412722
0.00417577
0.0042256
0.00427664
0.00432885
0.00438214
0.00443638
0.00449145
0.00454714
0.00460319
0.00465922
0.0047146
0.00476855
0.00482028
0.00486884
0.00491281
0.00494998
0.00497735
1.01218e-05
1.01233e-05
1.26237e-05
1.61353e-05
2.0283e-05
2.49563e-05
3.01336e-05
3.58394e-05
4.2136e-05
4.91249e-05
5.69516e-05
6.58104e-05
7.59449e-05
8.76405e-05
0.000101198
0.000116867
0.000134701
0.000154244
0.00017384
0.000189084
1.97049e-05
2.05449e-05
2.49432e-05
3.09167e-05
3.78252e-05
4.54484e-05
5.37242e-05
6.26739e-05
7.23819e-05
8.29953e-05
9.4728e-05
0.000107864
0.000122756
0.000139804
0.000159414
0.00018189
0.000207208
0.000234546
0.000261311
0.000281235
3.94383e-05
4.2459e-05
4.99423e-05
5.95768e-05
7.04912e-05
8.2326e-05
9.49507e-05
0.000108368
0.000122684
0.000138101
0.000154918
0.000173532
0.000194423
0.000218126
0.000245159
0.000275869
0.000310115
0.000346615
0.000381704
0.000407023
8.03185e-05
8.67982e-05
9.87984e-05
0.000113469
0.000129719
0.000147052
0.000165255
0.0001843
0.000204312
0.000225553
0.000248421
0.000273446
0.000301254
0.000332526
0.000367896
0.000407738
0.00045173
0.000498018
0.000541692
0.000572112
0.000160838
0.000171865
0.000189609
0.000210464
0.000233066
0.000256784
0.000281326
0.000306634
0.00033285
0.000360299
0.00038949
0.00042109
0.000455877
0.000494682
0.000538255
0.00058696
0.000640216
0.000695481
0.000746493
0.000780636
0.000309069
0.000325033
0.00034883
0.000376028
0.000404955
0.00043484
0.000465325
0.00049633
0.000528014
0.000560758
0.000595191
0.0006321
0.000672399
0.000717061
0.000766923
0.000822298
0.000882278
0.000943569
0.000998634
0.00103413
0.000561912
0.000581741
0.000610067
0.000641824
0.000675076
0.000708936
0.000742995
0.000777161
0.000811605
0.000846782
0.000883395
0.000922296
0.000964477
0.00101101
0.00106278
0.00112002
0.00118146
0.00124311
0.0012967
0.00133032
0.000958427
0.000978972
0.00100774
0.00103956
0.00107245
0.00110545
0.00113816
0.00117048
0.00120264
0.00123516
0.00126866
0.00130393
0.00134195
0.00138378
0.00143031
0.00148166
0.00153628
0.0015898
0.0016344
0.0016616
0.00152465
0.00154081
0.0015634
0.00158816
0.00161339
0.00163825
0.00166244
0.00168594
0.00170905
0.00173211
0.00175552
0.00177984
0.00180584
0.00183438
0.00186626
0.00190151
0.00193865
0.0019738
0.00200134
0.00201673
0.00224877
0.00225488
0.00226364
0.00227311
0.0022825
0.00229138
0.00229965
0.00230736
0.00231455
0.00232126
0.00232764
0.00233383
0.0023402
0.00234701
0.00235468
0.00236326
0.00237218
0.00237994
0.00238458
0.00238549
0.00303957
0.00303258
0.00302266
0.00301166
0.00300024
0.00298875
0.00297715
0.00296526
0.00295294
0.00293998
0.00292621
0.00291132
0.00289495
0.00287668
0.00285611
0.0028334
0.00280977
0.00278729
0.00276833
0.0027556
0.00369357
0.00367812
0.00365649
0.00363249
0.00360757
0.00358237
0.00355713
0.00353178
0.00350596
0.00347925
0.00345119
0.00342119
0.00338846
0.00335219
0.00331174
0.00326726
0.00322047
0.00317547
0.00313831
0.00311513
0.00418708
0.00416848
0.00414231
0.00411308
0.00408247
0.00405125
0.0040197
0.00398783
0.00395538
0.00392185
0.00388655
0.00384874
0.00380746
0.00376176
0.00371088
0.00365484
0.00359524
0.00353647
0.00348661
0.00345549
0.00452641
0.004509
0.00448396
0.00445563
0.00442564
0.00439471
0.00436313
0.00433092
0.00429786
0.00426352
0.00422718
0.00418806
0.00414522
0.00409768
0.00404466
0.00398601
0.003923
0.00385949
0.00380372
0.0037682
0.00474029
0.00472659
0.00470595
0.00468214
0.00465656
0.00462984
0.00460224
0.00457377
0.00454425
0.00451329
0.00448028
0.00444451
0.0044051
0.00436117
0.00431196
0.0042572
0.00419777
0.0041368
0.00408159
0.00404552
0.00486481
0.00485552
0.00484033
0.0048223
0.00480258
0.00478167
0.00475979
0.00473694
0.00471297
0.00468754
0.00466019
0.00463027
0.00459706
0.00455981
0.00451782
0.00447074
0.00441914
0.0043654
0.00431548
0.00428159
0.00493223
0.00492689
0.00491672
0.00490414
0.00489008
0.00487494
0.00485887
0.00484187
0.00482379
0.00480439
0.00478328
0.00475996
0.00473386
0.00470433
0.0046708
0.0046329
0.00459095
0.00454667
0.0045047
0.00447513
0.00496648
0.00496408
0.00495778
0.00494957
0.00494017
0.00492989
0.00491882
0.00490693
0.0048941
0.00488015
0.00486479
0.00484764
0.00482826
0.00480615
0.00478083
0.00475197
0.00471971
0.00468523
0.00465198
0.00462782
0.00498307
0.00498251
0.00497883
0.00497375
0.00496782
0.00496121
0.00495398
0.00494608
0.00493744
0.00492789
0.00491725
0.00490525
0.00489156
0.0048758
0.0048576
0.00483668
0.00481306
0.0047875
0.00476243
0.00474371
0.00499122
0.00499133
0.00498924
0.00498625
0.00498269
0.00497864
0.00497412
0.0049691
0.00496351
0.00495726
0.0049502
0.00494215
0.00493289
0.00492216
0.00490967
0.0048952
0.0048787
0.00486058
0.0048424
0.00482826
2.90402e-52
2.89876e-52
2.89237e-52
2.88757e-52
2.88659e-52
2.89119e-52
2.90264e-52
2.92174e-52
2.94882e-52
2.98377e-52
3.02606e-52
3.07474e-52
3.12849e-52
3.18558e-52
3.24393e-52
3.30103e-52
3.354e-52
3.39958e-52
3.4342e-52
3.4539e-52
1.47324e-51
1.46911e-51
1.46477e-51
1.46144e-51
1.46022e-51
1.46201e-51
1.46747e-51
1.47698e-51
1.4907e-51
1.50856e-51
1.5303e-51
1.55544e-51
1.58329e-51
1.61299e-51
1.64348e-51
1.6735e-51
1.70159e-51
1.72608e-51
1.74518e-51
1.75707e-51
5.12603e-51
5.10473e-51
5.08357e-51
5.06711e-51
5.0591e-51
5.06248e-51
5.07949e-51
5.11148e-51
5.15903e-51
5.22194e-51
5.29925e-51
5.38927e-51
5.48963e-51
5.59728e-51
5.70847e-51
5.81881e-51
5.92316e-51
6.01589e-51
6.09084e-51
6.14128e-51
1.64355e-50
1.63414e-50
1.62507e-50
1.61795e-50
1.61391e-50
1.61389e-50
1.61856e-50
1.62839e-50
1.64356e-50
1.66404e-50
1.6895e-50
1.71941e-50
1.75299e-50
1.78926e-50
1.82696e-50
1.86467e-50
1.90075e-50
1.9334e-50
1.96069e-50
1.98027e-50
5.14503e-50
5.10754e-50
5.07123e-50
5.04244e-50
5.02473e-50
5.02084e-50
5.03286e-50
5.0622e-50
5.10954e-50
5.17472e-50
5.25681e-50
5.3541e-50
5.46413e-50
5.5837e-50
5.70887e-50
5.83508e-50
5.9572e-50
6.06974e-50
6.16659e-50
6.23871e-50
1.59781e-49
1.5836e-49
1.56981e-49
1.55873e-49
1.55154e-49
1.54908e-49
1.55197e-49
1.56064e-49
1.57531e-49
1.59592e-49
1.62221e-49
1.65362e-49
1.68938e-49
1.72849e-49
1.76971e-49
1.8116e-49
1.85261e-49
1.891e-49
1.92476e-49
1.95067e-49
4.9461e-49
4.89408e-49
4.84345e-49
4.80235e-49
4.77466e-49
4.763e-49
4.76929e-49
4.79479e-49
4.84014e-49
4.9052e-49
4.98909e-49
5.09014e-49
5.20592e-49
5.33329e-49
5.46841e-49
5.60687e-49
5.74377e-49
5.87368e-49
5.99005e-49
6.08142e-49
1.52839e-48
1.50981e-48
1.49168e-48
1.47685e-48
1.46658e-48
1.46171e-48
1.46282e-48
1.47029e-48
1.4843e-48
1.5048e-48
1.53153e-48
1.56396e-48
1.60135e-48
1.6427e-48
1.68685e-48
1.73243e-48
1.77792e-48
1.82159e-48
1.86131e-48
1.89309e-48
4.71669e-48
4.65155e-48
4.58787e-48
4.53545e-48
4.49844e-48
4.47945e-48
4.48029e-48
4.50208e-48
4.54535e-48
4.60993e-48
4.69497e-48
4.79886e-48
4.91926e-48
5.05319e-48
5.197e-48
5.34649e-48
5.49695e-48
5.6429e-48
5.77735e-48
5.88662e-48
1.45387e-47
1.43138e-47
1.40936e-47
1.39115e-47
1.37809e-47
1.37102e-47
1.37048e-47
1.37682e-47
1.39018e-47
1.4105e-47
1.43752e-47
1.47074e-47
1.50943e-47
1.55269e-47
1.5994e-47
1.64827e-47
1.69782e-47
1.74633e-47
1.79152e-47
1.82872e-47
4.47629e-47
4.39963e-47
4.32443e-47
4.26201e-47
4.21674e-47
4.19122e-47
4.18713e-47
4.20551e-47
4.24676e-47
4.31068e-47
4.39641e-47
4.50243e-47
4.62654e-47
4.76593e-47
4.91722e-47
5.07641e-47
5.23895e-47
5.39936e-47
5.55028e-47
5.67586e-47
1.37664e-46
1.35078e-46
1.32538e-46
1.30423e-46
1.28876e-46
1.27977e-46
1.27777e-46
1.28309e-46
1.29583e-46
1.31591e-46
1.34308e-46
1.37686e-46
1.41658e-46
1.46139e-46
1.51026e-46
1.56195e-46
1.61506e-46
1.66786e-46
1.71797e-46
1.76005e-46
4.22892e-46
4.14249e-46
4.05747e-46
3.98657e-46
3.9343e-46
3.9032e-46
3.89488e-46
3.91022e-46
3.94956e-46
4.01263e-46
4.09862e-46
4.20606e-46
4.33294e-46
4.47665e-46
4.63405e-46
4.8014e-46
4.97428e-46
5.14732e-46
5.31285e-46
5.45293e-46
1.29762e-45
1.26897e-45
1.24074e-45
1.21717e-45
1.19969e-45
1.1891e-45
1.18588e-45
1.19031e-45
1.20246e-45
1.22225e-45
1.24943e-45
1.28355e-45
1.324e-45
1.36999e-45
1.42055e-45
1.47456e-45
1.53065e-45
1.58713e-45
1.64155e-45
1.6879e-45
3.97715e-45
3.88285e-45
3.78981e-45
3.71204e-45
3.65412e-45
3.61852e-45
3.60668e-45
3.61943e-45
3.65698e-45
3.71905e-45
3.80485e-45
3.91303e-45
4.04172e-45
4.18854e-45
4.3506e-45
4.52441e-45
4.70577e-45
4.88943e-45
5.06751e-45
5.22005e-45
1.2176e-44
1.18676e-44
1.15629e-44
1.13081e-44
1.11176e-44
1.09992e-44
1.09571e-44
1.09939e-44
1.111e-44
1.13045e-44
1.1575e-44
1.19175e-44
1.23261e-44
1.27939e-44
1.3312e-44
1.38698e-44
1.44544e-44
1.50495e-44
1.56299e-44
1.61294e-44
3.72343e-44
3.62317e-44
3.52398e-44
3.44098e-44
3.3788e-44
3.33976e-44
3.32519e-44
3.33579e-44
3.3717e-44
3.43264e-44
3.51784e-44
3.62605e-44
3.75559e-44
3.9043e-44
4.06953e-44
4.24806e-44
4.43596e-44
4.62814e-44
4.81657e-44
4.97942e-44
1.13734e-43
1.10491e-43
1.0728e-43
1.04592e-43
1.02574e-43
1.01298e-43
1.00803e-43
1.0111e-43
1.02221e-43
1.04129e-43
1.06809e-43
1.10223e-43
1.14322e-43
1.1904e-43
1.24297e-43
1.29997e-43
1.36019e-43
1.42206e-43
1.48301e-43
1.53588e-43
3.4701e-43
3.36578e-43
3.26229e-43
3.17568e-43
3.11059e-43
3.06918e-43
3.05264e-43
3.06154e-43
3.09598e-43
3.15565e-43
3.23985e-43
3.34742e-43
3.47687e-43
3.62625e-43
3.79317e-43
3.97471e-43
4.1672e-43
4.36576e-43
4.56227e-43
4.73322e-43
1.05756e-42
1.02414e-42
9.9095e-43
9.63178e-43
9.42287e-43
9.28938e-43
9.2348e-43
9.26078e-43
9.36756e-43
9.55412e-43
9.81833e-43
1.01567e-42
1.05649e-42
1.10369e-42
1.15658e-42
1.21426e-42
1.27563e-42
1.33917e-42
1.40233e-42
1.4574e-42
3.21939e-42
3.11282e-42
3.00682e-42
2.91816e-42
2.85143e-42
2.80866e-42
2.79085e-42
2.79849e-42
2.83162e-42
2.88991e-42
2.97273e-42
3.07903e-42
3.20748e-42
3.35638e-42
3.52358e-42
3.70645e-42
3.90162e-42
4.10446e-42
4.3068e-42
4.48363e-42
9.78934e-42
9.45081e-42
9.11364e-42
8.83176e-42
8.61963e-42
8.4833e-42
8.4258e-42
8.44845e-42
8.55129e-42
8.73333e-42
8.99261e-42
9.32605e-42
9.7297e-42
1.01985e-41
1.07261e-41
1.13046e-41
1.19238e-41
1.25695e-41
1.3216e-41
1.37819e-41
2.97334e-41
2.86621e-41
2.75937e-41
2.6701e-41
2.60293e-41
2.55971e-41
2.5413e-41
2.54808e-41
2.58003e-41
2.63685e-41
2.71793e-41
2.82238e-41
2.94901e-41
3.09634e-41
3.26249e-41
3.44512e-41
3.64115e-41
3.84622e-41
4.05219e-41
4.23276e-41
9.02088e-41
8.68306e-41
8.34569e-41
8.06403e-41
7.85223e-41
7.71583e-41
7.65738e-41
7.67787e-41
7.77721e-41
7.95442e-41
8.20772e-41
8.53443e-41
8.93109e-41
9.39332e-41
9.91561e-41
1.0491e-40
1.11102e-40
1.176e-40
1.24145e-40
1.2989e-40
2.73381e-40
2.62764e-40
2.52148e-40
2.43291e-40
2.36637e-40
2.32352e-40
2.30509e-40
2.31136e-40
2.34226e-40
2.3975e-40
2.47655e-40
2.5786e-40
2.70266e-40
2.84744e-40
3.01133e-40
3.19225e-40
3.38746e-40
3.59286e-40
3.80035e-40
3.98262e-40
8.27568e-40
7.94309e-40
7.61008e-40
7.33253e-40
7.12422e-40
6.99017e-40
6.93248e-40
6.95185e-40
7.04805e-40
7.22014e-40
7.46654e-40
7.78493e-40
8.17236e-40
8.6251e-40
9.13844e-40
9.70629e-40
1.03204e-39
1.09684e-39
1.16246e-39
1.22014e-39
2.50241e-39
2.39854e-39
2.2944e-39
2.20769e-39
2.1427e-39
2.10094e-39
2.08299e-39
2.08904e-39
2.119e-39
2.17258e-39
2.24931e-39
2.34851e-39
2.46933e-39
2.61069e-39
2.77122e-39
2.94913e-39
3.14197e-39
3.34593e-39
3.553e-39
3.73508e-39
7.55845e-39
7.23501e-39
6.91035e-39
6.64027e-39
6.43817e-39
6.30853e-39
6.25304e-39
6.27214e-39
6.36549e-39
6.53221e-39
6.77091e-39
7.0796e-39
7.45585e-39
7.89654e-39
8.39771e-39
8.95414e-39
9.55856e-39
1.01994e-38
1.08513e-38
1.14248e-38
2.2805e-38
2.18007e-38
2.07913e-38
1.99526e-38
1.9326e-38
1.89251e-38
1.87546e-38
1.88154e-38
1.91064e-38
1.96248e-38
2.03666e-38
2.13261e-38
2.24962e-38
2.3868e-38
2.54303e-38
2.71677e-38
2.90587e-38
3.10681e-38
3.31167e-38
3.49188e-38
6.87313e-38
6.56211e-38
6.24915e-38
5.98939e-38
5.79574e-38
5.67219e-38
5.62008e-38
5.63959e-38
5.73033e-38
5.89144e-38
6.12175e-38
6.4196e-38
6.78301e-38
7.20946e-38
7.6957e-38
8.23732e-38
8.82797e-38
9.45689e-38
1.00993e-37
1.06644e-37
2.06922e-37
1.97315e-37
1.87637e-37
1.79614e-37
1.73646e-37
1.69852e-37
1.68269e-37
1.68899e-37
1.71729e-37
1.76732e-37
1.83876e-37
1.93112e-37
2.04384e-37
2.17623e-37
2.32734e-37
2.49593e-37
2.68011e-37
2.87661e-37
3.07769e-37
3.25452e-37
6.22284e-37
5.92686e-37
5.62835e-37
5.3812e-37
5.19778e-37
5.08165e-37
5.0338e-37
5.05425e-37
5.14252e-37
5.29783e-37
5.51919e-37
5.80526e-37
6.15449e-37
6.56491e-37
7.0339e-37
7.55785e-37
8.13125e-37
8.7442e-37
9.37239e-37
9.92467e-37
1.8694e-36
1.77844e-36
1.68659e-36
1.61064e-36
1.55443e-36
1.519e-36
1.50463e-36
1.51129e-36
1.53882e-36
1.58699e-36
1.65553e-36
1.74404e-36
1.8521e-36
1.97918e-36
2.12453e-36
2.28714e-36
2.46538e-36
2.65626e-36
2.85218e-36
3.02434e-36
5.60988e-36
5.33095e-36
5.04902e-36
4.81623e-36
4.64439e-36
4.53665e-36
4.49373e-36
4.51547e-36
4.60136e-36
4.7507e-36
4.96268e-36
5.23625e-36
5.57025e-36
5.96321e-36
6.41312e-36
6.91706e-36
7.47033e-36
8.06381e-36
8.67378e-36
9.20948e-36
1.68167e-35
1.59635e-35
1.51e-35
1.43882e-35
1.38643e-35
1.35377e-35
1.34103e-35
1.34813e-35
1.37492e-35
1.42119e-35
1.4867e-35
1.57117e-35
1.67429e-35
1.79566e-35
1.93474e-35
2.09071e-35
2.2622e-35
2.44645e-35
2.63605e-35
2.80245e-35
5.03582e-35
4.77537e-35
4.51155e-35
4.29437e-35
4.13505e-35
4.03636e-35
3.99877e-35
4.02202e-35
4.10557e-35
4.24881e-35
4.45109e-35
4.71164e-35
5.02965e-35
5.40409e-35
5.8335e-35
6.31562e-35
6.84643e-35
7.4176e-35
8.00602e-35
8.52203e-35
1.5064e-34
1.42708e-34
1.34664e-34
1.28054e-34
1.23221e-34
1.20248e-34
1.19146e-34
1.19907e-34
1.22512e-34
1.26944e-34
1.33184e-34
1.41214e-34
1.51011e-34
1.6255e-34
1.75792e-34
1.90676e-34
2.07085e-34
2.24766e-34
2.43e-34
2.58976e-34
4.50149e-34
4.2604e-34
4.01572e-34
3.81495e-34
3.6687e-34
3.5794e-34
3.54736e-34
3.57221e-34
3.65342e-34
3.79046e-34
3.98284e-34
4.23004e-34
4.53156e-34
4.88677e-34
5.29469e-34
5.75362e-34
6.26021e-34
6.80683e-34
7.37102e-34
7.86487e-34
1.34375e-33
1.27063e-33
1.19635e-33
1.13551e-33
1.09136e-33
1.06463e-33
1.05538e-33
1.06349e-33
1.0888e-33
1.13114e-33
1.1904e-33
1.26644e-33
1.35914e-33
1.46837e-33
1.59389e-33
1.73524e-33
1.89145e-33
2.06022e-33
2.23454e-33
2.38697e-33
4.00709e-33
3.78577e-33
3.56076e-33
3.37677e-33
3.24381e-33
3.16403e-33
3.13757e-33
3.16401e-33
3.24283e-33
3.37361e-33
3.55599e-33
3.78968e-33
4.07445e-33
4.41001e-33
4.79583e-33
5.23068e-33
5.7118e-33
6.2322e-33
6.77011e-33
7.23991e-33
1.19368e-32
1.12683e-32
1.05881e-32
1.00329e-32
9.63342e-33
9.39606e-33
9.32108e-33
9.40711e-33
9.65255e-33
1.00561e-32
1.06171e-32
1.13346e-32
1.22086e-32
1.32385e-32
1.44232e-32
1.57596e-32
1.72397e-32
1.88425e-32
2.05001e-32
2.19461e-32
3.55224e-32
3.35071e-32
3.14546e-32
2.97828e-32
2.85854e-32
2.78816e-32
2.76716e-32
2.79509e-32
2.87148e-32
2.99596e-32
3.16834e-32
3.3885e-32
3.65648e-32
3.97227e-32
4.3357e-32
4.74598e-32
5.20085e-32
5.6939e-32
6.20408e-32
6.64851e-32
1.05601e-31
9.95374e-32
9.33569e-32
8.83331e-32
8.47525e-32
8.26722e-32
8.20918e-32
8.29969e-32
8.5373e-32
8.92099e-32
9.45038e-32
1.01253e-31
1.09463e-31
1.19138e-31
1.30276e-31
1.42859e-31
1.56824e-31
1.71974e-31
1.87658e-31
2.013e-31
3.1361e-31
2.954e-31
2.76825e-31
2.61759e-31
2.51077e-31
2.44949e-31
2.43371e-31
2.46298e-31
2.53685e-31
2.65504e-31
2.8175e-31
3.02427e-31
3.27558e-31
3.57171e-31
3.91277e-31
4.29834e-31
4.72661e-31
5.19167e-31
5.67322e-31
6.09145e-31
9.30395e-31
8.75809e-31
8.2009e-31
7.74997e-31
7.43204e-31
7.2522e-31
7.2102e-31
7.30461e-31
7.53412e-31
7.898e-31
8.39621e-31
9.02915e-31
9.79786e-31
1.07035e-30
1.17469e-30
1.29273e-30
1.42395e-30
1.56656e-30
1.71425e-30
1.84232e-30
2.75741e-30
2.59409e-30
2.42726e-30
2.29257e-30
2.19817e-30
2.14558e-30
2.1347e-30
2.16509e-30
2.23636e-30
2.34831e-30
2.501e-30
2.69461e-30
2.92956e-30
3.20632e-30
3.52527e-30
3.8863e-30
4.28798e-30
4.72486e-30
5.17736e-30
5.56909e-30
8.16383e-30
7.67599e-30
7.17742e-30
6.7759e-30
6.49628e-30
6.34311e-30
6.31602e-30
6.41363e-30
6.63479e-30
6.97904e-30
7.44665e-30
8.03848e-30
8.75604e-30
9.60114e-30
1.05753e-29
1.16787e-29
1.29071e-29
1.42442e-29
1.56292e-29
1.68262e-29
2.41459e-29
2.26912e-29
2.12039e-29
2.00094e-29
1.91832e-29
1.8739e-29
1.86754e-29
1.89882e-29
1.96741e-29
2.0732e-29
2.21632e-29
2.3971e-29
2.6161e-29
2.87396e-29
3.17127e-29
3.50819e-29
3.88358e-29
4.29244e-29
4.71593e-29
5.08132e-29
7.13428e-29
6.7012e-29
6.25836e-29
5.90372e-29
5.66021e-29
5.53195e-29
5.51848e-29
5.61852e-29
5.8311e-29
6.15599e-29
6.59377e-29
7.14564e-29
7.81355e-29
8.59978e-29
9.50647e-29
1.05345e-28
1.16806e-28
1.29297e-28
1.42234e-28
1.53378e-28
2.10577e-28
1.97705e-28
1.84543e-28
1.74036e-28
1.66878e-28
1.63193e-28
1.62966e-28
1.66158e-28
1.72742e-28
1.82714e-28
1.96097e-28
2.12933e-28
2.3329e-28
2.57246e-28
2.84876e-28
3.16218e-28
3.51185e-28
3.89313e-28
4.288e-28
4.62758e-28
6.209e-28
5.82707e-28
5.43658e-28
5.1259e-28
4.91606e-28
4.81075e-28
4.80952e-28
4.91119e-28
5.11498e-28
5.42089e-28
5.82974e-28
6.34305e-28
6.96307e-28
7.6925e-28
8.53394e-28
9.4888e-28
1.05548e-27
1.17177e-27
1.29219e-27
1.39557e-27
1.82886e-27
1.71572e-27
1.60008e-27
1.50842e-27
1.44707e-27
1.41716e-27
1.41853e-27
1.45084e-27
1.51388e-27
1.60767e-27
1.73251e-27
1.88891e-27
2.07764e-27
2.2996e-27
2.55567e-27
2.84637e-27
3.17108e-27
3.5255e-27
3.89242e-27
4.20694e-27
5.3812e-27
5.04661e-27
4.70481e-27
4.43493e-27
4.25611e-27
4.17172e-27
4.18129e-27
4.28379e-27
4.47864e-27
4.76601e-27
5.14698e-27
5.62326e-27
6.1974e-27
6.87237e-27
7.65113e-27
8.53558e-27
9.524e-27
1.06033e-26
1.17205e-26
1.26765e-26
1.58167e-26
1.48288e-26
1.38204e-26
1.30276e-26
1.2508e-26
1.22717e-26
1.23174e-26
1.26419e-26
1.32438e-26
1.41238e-26
1.52857e-26
1.67353e-26
1.84809e-26
2.05322e-26
2.28991e-26
2.55882e-26
2.85949e-26
3.18794e-26
3.52781e-26
3.81821e-26
4.64387e-26
4.35271e-26
4.05576e-26
3.82338e-26
3.6729e-26
3.60734e-26
3.62628e-26
3.72885e-26
3.91463e-26
4.184e-26
4.53819e-26
4.97912e-26
5.50953e-26
6.13259e-26
6.85153e-26
7.6686e-26
8.58261e-26
9.58142e-26
1.06147e-25
1.14961e-25
1.36197e-25
1.2763e-25
1.18902e-25
1.12107e-25
1.07764e-25
1.05964e-25
1.06695e-25
1.09931e-25
1.15662e-25
1.23902e-25
1.34693e-25
1.48098e-25
1.64206e-25
1.8312e-25
2.04945e-25
2.29756e-25
2.57523e-25
2.87877e-25
3.19267e-25
3.46001e-25
3.98993e-25
3.73829e-25
3.48231e-25
3.28409e-25
3.15923e-25
3.11044e-25
3.13736e-25
3.23927e-25
3.41594e-25
3.66788e-25
3.99649e-25
4.40382e-25
4.89274e-25
5.46658e-25
6.12874e-25
6.88172e-25
7.72476e-25
8.6466e-25
9.59957e-25
1.04099e-24
1.16752e-24
1.09374e-24
1.01881e-24
9.61139e-25
9.25386e-25
9.12371e-25
9.21987e-25
9.5403e-25
1.00845e-24
1.08544e-24
1.18546e-24
1.30917e-24
1.45749e-24
1.6315e-24
1.83229e-24
2.06067e-24
2.31648e-24
2.59626e-24
2.88539e-24
3.13083e-24
3.41236e-24
3.19643e-24
2.97756e-24
2.81021e-24
2.70829e-24
2.67427e-24
2.70784e-24
2.80843e-24
2.97596e-24
3.21111e-24
3.51537e-24
3.89091e-24
4.34067e-24
4.86806e-24
5.47658e-24
6.16891e-24
6.94464e-24
7.79331e-24
8.66994e-24
9.41289e-24
9.96141e-24
9.33065e-24
8.69272e-24
8.20847e-24
7.9194e-24
7.83286e-24
7.94802e-24
8.2633e-24
8.7787e-24
9.49654e-24
1.04217e-23
1.15612e-23
1.29243e-23
1.45219e-23
1.63652e-23
1.84628e-23
2.08139e-23
2.33867e-23
2.6043e-23
2.82906e-23
2.90434e-23
2.72044e-23
2.53493e-23
2.39523e-23
2.3137e-23
2.29252e-23
2.33148e-23
2.43015e-23
2.5886e-23
2.80763e-23
3.0888e-23
3.43437e-23
3.8473e-23
4.33104e-23
4.88912e-23
5.52434e-23
6.23656e-23
7.01605e-23
7.82048e-23
8.50002e-23
8.45704e-23
7.92194e-23
7.38377e-23
6.98205e-23
6.7535e-23
6.70468e-23
6.835e-23
7.14335e-23
7.63016e-23
8.29811e-23
9.15229e-23
1.01998e-22
1.14502e-22
1.29142e-22
1.4603e-22
1.65257e-22
1.86821e-22
2.10425e-22
2.34772e-22
2.55306e-22
2.45932e-22
2.30394e-22
2.1482e-22
2.03309e-22
1.96948e-22
1.95934e-22
2.00253e-22
2.09875e-22
2.24821e-22
2.45181e-22
2.71118e-22
3.0286e-22
3.40702e-22
3.84989e-22
4.36075e-22
4.94241e-22
5.59496e-22
6.30936e-22
7.04586e-22
7.66598e-22
7.14192e-22
6.69172e-22
6.24223e-22
5.91359e-22
5.73803e-22
5.72141e-22
5.86337e-22
6.16324e-22
6.62183e-22
7.24212e-22
8.02934e-22
8.99071e-22
1.01356e-21
1.14747e-21
1.30192e-21
1.47782e-21
1.67519e-21
1.8913e-21
2.11397e-21
2.30115e-21
2.07107e-21
1.94092e-21
1.81156e-21
1.71812e-21
1.67014e-21
1.66936e-21
1.7157e-21
1.80903e-21
1.94964e-21
2.13853e-21
2.37736e-21
2.66841e-21
3.01462e-21
3.41938e-21
3.88616e-21
4.4178e-21
5.01453e-21
5.66795e-21
6.34083e-21
6.90552e-21
5.99694e-21
5.62159e-21
5.25037e-21
4.98592e-21
4.85631e-21
4.86677e-21
5.01718e-21
5.30723e-21
5.73811e-21
6.31303e-21
7.03727e-21
7.91806e-21
8.9646e-21
1.01875e-20
1.15976e-20
1.32038e-20
1.50071e-20
1.69818e-20
1.90141e-20
2.07169e-20
1.73376e-20
1.62578e-20
1.5196e-20
1.44513e-20
1.41063e-20
1.41765e-20
1.4662e-20
1.55623e-20
1.68818e-20
1.86308e-20
2.08262e-20
2.34906e-20
2.66528e-20
3.03459e-20
3.4604e-20
3.94548e-20
4.49019e-20
5.08669e-20
5.70022e-20
6.21341e-20
5.00426e-20
4.69445e-20
4.3918e-20
4.18327e-20
4.0931e-20
4.12595e-20
4.28191e-20
4.56104e-20
4.96484e-20
5.49666e-20
6.16183e-20
6.9675e-20
7.92265e-20
9.03756e-20
1.03228e-19
1.17872e-19
1.34319e-19
1.52329e-19
1.70842e-19
1.86302e-19
1.44194e-19
1.3533e-19
1.26736e-19
1.20934e-19
1.18634e-19
1.19976e-19
1.24965e-19
1.33608e-19
1.45957e-19
1.6212e-19
1.82266e-19
2.06618e-19
2.35457e-19
2.69103e-19
3.07883e-19
3.52073e-19
4.0171e-19
4.56068e-19
5.11905e-19
5.58457e-19
4.14734e-19
3.89452e-19
3.65148e-19
3.49123e-19
3.43454e-19
3.48552e-19
3.64446e-19
3.91176e-19
4.28918e-19
4.78019e-19
5.39007e-19
6.12587e-19
6.99629e-19
8.01124e-19
9.18096e-19
1.05139e-18
1.20114e-18
1.36513e-18
1.53346e-18
1.67358e-18
1.19059e-18
1.11872e-18
1.0503e-18
1.00642e-18
9.93124e-19
1.01165e-18
1.06211e-18
1.14468e-18
1.25994e-18
1.40903e-18
1.59358e-18
1.81581e-18
2.07843e-18
2.38449e-18
2.73717e-18
3.1391e-18
3.59071e-18
4.08524e-18
4.5925e-18
5.01402e-18
3.41098e-18
3.20735e-18
3.01572e-18
2.89677e-18
2.8681e-18
2.93336e-18
3.09302e-18
3.34777e-18
3.69958e-18
4.15201e-18
4.71024e-18
5.38118e-18
6.17322e-18
7.09584e-18
8.15884e-18
9.37034e-18
1.07318e-17
1.22224e-17
1.37504e-17
1.5018e-17
9.75127e-18
9.1766e-18
8.64291e-18
8.32438e-18
8.2721e-18
8.49688e-18
9.0005e-18
9.78556e-18
1.08585e-17
1.22308e-17
1.39185e-17
1.59434e-17
1.83313e-17
2.11115e-17
2.43143e-17
2.79647e-17
3.20673e-17
3.65589e-17
4.11595e-17
4.49698e-17
2.7813e-17
2.61981e-17
2.47212e-17
2.38811e-17
2.38254e-17
2.45863e-17
2.61703e-17
2.85866e-17
3.18568e-17
3.60164e-17
4.1117e-17
4.72253e-17
5.44218e-17
6.27968e-17
7.24432e-17
8.34385e-17
9.57968e-17
1.09326e-16
1.23171e-16
1.3462e-16
7.91354e-17
7.46181e-17
7.05613e-17
6.83877e-17
6.85235e-17
7.10638e-17
7.60315e-17
8.34599e-17
9.34183e-17
1.0602e-16
1.21427e-16
1.39847e-16
1.61527e-16
1.86745e-16
2.15789e-16
2.48896e-16
2.86109e-16
3.26841e-16
3.68494e-16
4.02879e-16
2.24571e-16
2.12001e-16
2.00952e-16
1.9547e-16
1.9678e-16
2.05165e-16
2.20704e-16
2.43512e-16
2.73812e-16
3.11967e-16
3.58482e-16
4.14001e-16
4.79287e-16
5.55198e-16
6.4261e-16
7.42255e-16
8.54269e-16
9.76852e-16
1.10211e-15
1.20533e-15
6.35494e-16
6.00716e-16
5.70925e-16
5.57583e-16
5.64201e-16
5.91613e-16
6.40091e-16
7.10021e-16
8.02136e-16
9.17585e-16
1.05795e-15
1.2252e-15
1.42172e-15
1.65012e-15
1.91311e-15
2.2129e-15
2.54993e-15
2.91869e-15
3.29516e-15
3.6049e-15
1.79287e-15
1.69728e-15
1.61792e-15
1.58714e-15
1.61496e-15
1.70384e-15
1.85467e-15
2.06879e-15
2.34857e-15
2.69765e-15
3.12093e-15
3.62457e-15
4.21581e-15
4.90274e-15
5.6936e-15
6.59521e-15
7.60883e-15
8.71764e-15
9.84865e-15
1.07776e-14
5.0415e-15
4.78075e-15
4.57248e-15
4.50758e-15
4.61453e-15
4.90055e-15
5.36866e-15
6.02334e-15
6.87228e-15
7.92692e-15
9.20255e-15
1.07182e-14
1.24961e-14
1.4561e-14
1.69382e-14
1.96485e-14
2.26955e-14
2.60279e-14
2.94239e-14
3.22083e-14
1.41262e-14
1.34212e-14
1.28849e-14
1.27714e-14
1.31611e-14
1.40754e-14
1.55244e-14
1.7523e-14
2.00961e-14
2.32796e-14
2.71211e-14
3.16792e-14
3.70223e-14
4.32262e-14
5.03677e-14
5.85104e-14
6.76652e-14
7.76747e-14
8.78655e-14
9.62063e-14
3.94297e-14
3.75432e-14
3.6196e-14
3.60941e-14
3.74638e-14
4.03682e-14
4.48414e-14
5.0933e-14
5.87223e-14
6.83226e-14
7.98812e-14
9.35789e-14
1.09625e-13
1.28252e-13
1.49693e-13
1.74142e-13
2.01631e-13
2.31677e-13
2.62236e-13
2.87203e-13
1.09603e-13
1.04617e-13
1.01344e-13
1.01735e-13
1.06423e-13
1.15597e-13
1.29369e-13
1.47902e-13
1.7145e-13
2.00368e-13
2.35113e-13
2.76239e-13
3.2439e-13
3.80271e-13
4.44597e-13
5.17953e-13
6.0043e-13
6.90551e-13
7.82118e-13
8.56784e-13
3.033e-13
2.90321e-13
2.82746e-13
2.85936e-13
3.01661e-13
3.30477e-13
3.72756e-13
4.29033e-13
5.00115e-13
5.87108e-13
6.91426e-13
8.14775e-13
9.59118e-13
1.12661e-12
1.31941e-12
1.53931e-12
1.78655e-12
2.05661e-12
2.33071e-12
2.55377e-12
8.35236e-13
8.02072e-13
7.85864e-13
8.0124e-13
8.53118e-13
9.43151e-13
1.07256e-12
1.24308e-12
1.45726e-12
1.71856e-12
2.03134e-12
2.40082e-12
2.83299e-12
3.33441e-12
3.91166e-12
4.5701e-12
5.31044e-12
6.11879e-12
6.93824e-12
7.60376e-12
2.28802e-12
2.20528e-12
2.17543e-12
2.2381e-12
2.40687e-12
2.68668e-12
3.08148e-12
3.59689e-12
4.24098e-12
5.02445e-12
5.9607e-12
7.06569e-12
8.35768e-12
9.85658e-12
1.15824e-11
1.35512e-11
1.57649e-11
1.8181e-11
2.06272e-11
2.26094e-11
6.23224e-12
6.03221e-12
5.99631e-12
6.23088e-12
6.77324e-12
7.63812e-12
8.83835e-12
1.03919e-11
1.23242e-11
1.46683e-11
1.74652e-11
2.07635e-11
2.46187e-11
2.90911e-11
3.42413e-11
4.01178e-11
4.67254e-11
5.39334e-11
6.12214e-11
6.71133e-11
1.68722e-11
1.64097e-11
1.64536e-11
1.72864e-11
1.901e-11
2.16684e-11
2.53029e-11
2.99709e-11
3.57515e-11
4.27467e-11
5.10813e-11
6.09029e-11
7.23792e-11
8.56932e-11
1.01027e-10
1.18527e-10
1.38204e-10
1.59658e-10
1.81317e-10
1.98782e-10
4.53788e-11
4.43804e-11
4.49346e-11
4.77845e-11
5.32059e-11
6.13292e-11
7.2286e-11
8.62584e-11
1.03492e-10
1.243e-10
1.4906e-10
1.7822e-10
2.12284e-10
2.51802e-10
2.97325e-10
3.49286e-10
4.0771e-10
4.71364e-10
5.35525e-10
5.87114e-10
1.21198e-10
1.19291e-10
1.22117e-10
1.31603e-10
1.48488e-10
1.73156e-10
2.06023e-10
2.47656e-10
2.98816e-10
3.60454e-10
4.33722e-10
5.19963e-10
6.20697e-10
7.37567e-10
8.7221e-10
1.02592e-09
1.19872e-09
1.38683e-09
1.5761e-09
1.72779e-09
3.21305e-10
3.18588e-10
3.30215e-10
3.61104e-10
4.132e-10
4.87624e-10
5.85653e-10
7.09042e-10
8.60107e-10
1.04175e-09
1.25745e-09
1.51125e-09
1.8077e-09
2.15167e-09
2.54801e-09
3.00049e-09
3.50905e-09
4.06209e-09
4.61732e-09
5.06075e-09
8.45161e-10
8.45207e-10
8.88456e-10
9.87199e-10
1.14645e-09
1.36941e-09
1.65992e-09
2.02326e-09
2.46647e-09
2.99834e-09
3.62934e-09
4.37148e-09
5.23826e-09
6.24416e-09
7.40348e-09
8.7271e-09
1.02141e-08
1.18291e-08
1.34464e-08
1.47327e-08
2.20498e-09
2.22714e-09
2.37862e-09
2.68925e-09
3.17153e-09
3.83423e-09
4.68852e-09
5.75035e-09
7.04091e-09
8.58629e-09
1.04174e-08
1.25697e-08
1.5083e-08
1.8e-08
2.13626e-08
2.5202e-08
2.95132e-08
3.4188e-08
3.88557e-08
4.25505e-08
5.70425e-09
5.82896e-09
6.33826e-09
7.30132e-09
8.74733e-09
1.06991e-08
1.31892e-08
1.62648e-08
1.99878e-08
2.44341e-08
2.96937e-08
3.58703e-08
4.30802e-08
5.14479e-08
6.10947e-08
7.21092e-08
8.44692e-08
9.78462e-08
1.11158e-07
1.21638e-07
1.4631e-08
1.5157e-08
1.68185e-08
1.97633e-08
2.40519e-08
2.97418e-08
3.69247e-08
4.5735e-08
5.63483e-08
6.89814e-08
8.38924e-08
1.0138e-07
1.21778e-07
1.45447e-07
1.72735e-07
2.03886e-07
2.38813e-07
2.76529e-07
3.13917e-07
3.43161e-07
3.72157e-08
3.91847e-08
4.44787e-08
5.33622e-08
6.59323e-08
8.23222e-08
1.02775e-07
1.27657e-07
1.57454e-07
1.92771e-07
2.34333e-07
2.82984e-07
3.39678e-07
4.05435e-07
4.81236e-07
5.67746e-07
6.64632e-07
7.6898e-07
8.71963e-07
9.51914e-07
9.39457e-08
1.00857e-07
1.17399e-07
1.43828e-07
1.80175e-07
2.26689e-07
2.83968e-07
3.52965e-07
4.3498e-07
5.31656e-07
6.44986e-07
7.77313e-07
9.31297e-07
1.10979e-06
1.31552e-06
1.55023e-06
1.81275e-06
2.09465e-06
2.37146e-06
2.58452e-06
2.35778e-07
2.59081e-07
3.0986e-07
3.87273e-07
4.90608e-07
6.20103e-07
7.77082e-07
9.63904e-07
1.18391e-06
1.4414e-06
1.74171e-06
2.0912e-06
2.49715e-06
2.9674e-06
3.50937e-06
4.12756e-06
4.81817e-06
5.55746e-06
6.27947e-06
6.82971e-06
5.90686e-07
6.66879e-07
8.19661e-07
1.0419e-06
1.32914e-06
1.68056e-06
2.09871e-06
2.58902e-06
3.15962e-06
3.82138e-06
4.58808e-06
5.47646e-06
6.50602e-06
7.69793e-06
9.07207e-06
1.06402e-05
1.2391e-05
1.42609e-05
1.60775e-05
1.74467e-05
1.49246e-06
1.73012e-06
2.17565e-06
2.79514e-06
3.56887e-06
4.49033e-06
5.56296e-06
6.79814e-06
8.21449e-06
9.83804e-06
1.17029e-05
1.38515e-05
1.63344e-05
1.92073e-05
2.25231e-05
2.63144e-05
3.05545e-05
3.50835e-05
3.94713e-05
4.27434e-05
3.92549e-06
4.5455e-06
5.76597e-06
7.41738e-06
9.41261e-06
1.17201e-05
1.43395e-05
1.72913e-05
2.06148e-05
2.43678e-05
2.86296e-05
3.35023e-05
3.91102e-05
4.55945e-05
5.30953e-05
6.17099e-05
7.14035e-05
8.18334e-05
9.20007e-05
9.95692e-05
0.00499661
0.0049961
0.00499506
0.00499365
0.00499193
0.00498992
0.00498763
0.00498503
0.00498208
0.00497872
0.00497489
0.00497048
0.00496539
0.00495947
0.00495261
0.00494472
0.00493582
0.00492625
0.00491691
0.00490997
0.00499871
0.00499851
0.00499813
0.00499759
0.00499692
0.00499612
0.00499518
0.00499409
0.00499283
0.00499138
0.00498971
0.00498777
0.00498553
0.00498292
0.00497991
0.00497646
0.0049726
0.00496848
0.00496449
0.00496152
0.00499949
0.00499942
0.00499929
0.0049991
0.00499885
0.00499854
0.00499817
0.00499774
0.00499723
0.00499665
0.00499596
0.00499516
0.00499423
0.00499316
0.00499192
0.0049905
0.00498891
0.00498722
0.00498558
0.00498434
0.0049998
0.00499978
0.00499973
0.00499966
0.00499957
0.00499946
0.00499932
0.00499916
0.00499896
0.00499873
0.00499846
0.00499815
0.00499779
0.00499736
0.00499688
0.00499632
0.0049957
0.00499503
0.00499438
0.00499389
0.00499992
0.00499991
0.0049999
0.00499987
0.00499984
0.0049998
0.00499975
0.00499969
0.00499962
0.00499953
0.00499943
0.00499931
0.00499917
0.00499901
0.00499883
0.00499862
0.00499838
0.00499813
0.00499788
0.00499769
0.00499997
0.00499997
0.00499996
0.00499995
0.00499994
0.00499993
0.00499991
0.00499989
0.00499986
0.00499983
0.00499979
0.00499975
0.0049997
0.00499964
0.00499957
0.00499949
0.00499941
0.00499931
0.00499922
0.00499915
0.00499999
0.00499999
0.00499999
0.00499998
0.00499998
0.00499997
0.00499997
0.00499996
0.00499995
0.00499994
0.00499993
0.00499991
0.00499989
0.00499987
0.00499985
0.00499982
0.00499979
0.00499975
0.00499972
0.00499969
0.005
0.00499999
0.00499999
0.00499999
0.00499999
0.00499999
0.00499999
0.00499999
0.00499998
0.00499998
0.00499997
0.00499997
0.00499996
0.00499995
0.00499995
0.00499994
0.00499992
0.00499991
0.0049999
0.00499989
0.005
0.005
0.005
0.005
0.005
0.005
0.005
0.00499999
0.00499999
0.00499999
0.00499999
0.00499999
0.00499999
0.00499998
0.00499998
0.00499998
0.00499997
0.00499997
0.00499997
0.00499996
0.005
0.005
0.005
0.005
0.005
0.005
0.005
0.005
0.005
0.005
0.005
0.005
0.005
0.00499999
0.00499999
0.00499999
0.00499999
0.00499999
0.00499999
0.00499999
0.005
0.005
0.005
0.005
0.005
0.005
0.005
0.005
0.005
0.005
0.005
0.005
0.005
0.005
0.005
0.005
0.005
0.005
0.005
0.005
0.005
0.005
0.005
0.005
0.005
0.005
0.005
0.005
0.005
0.005
0.005
0.005
0.005
0.005
0.005
0.005
0.005
0.005
0.005
0.005
0.005
0.005
0.005
0.005
0.005
0.005
0.005
0.005
0.005
0.005
0.005
0.005
0.005
0.005
0.005
0.005
0.005
0.005
0.005
0.005
0.005
0.005
0.005
0.005
0.005
0.005
0.005
0.005
0.005
0.005
0.005
0.005
0.005
0.005
0.005
0.005
0.005
0.005
0.005
0.005
0.005
0.005
0.005
0.005
0.005
0.005
0.005
0.005
0.005
0.005
0.005
0.005
0.005
0.005
0.005
0.005
0.005
0.005
0.005
0.005
0.005
0.005
0.005
0.005
0.005
0.005
0.005
0.005
0.005
0.005
0.005
0.005
0.005
0.005
0.005
0.005
0.005
0.005
0.005
0.005
0.005
0.005
0.005
0.005
0.005
0.005
0.005
0.005
0.005
0.005
0.005
0.005
0.005
0.005
0.005
0.005
0.005
0.005
0.005
0.005
0.005
0.005
0.005
0.005
0.005
0.005
0.005
0.005
0.005
0.005
0.005
0.005
0.005
0.005
0.005
0.005
0.005
0.005
0.005
0.005
0.005
0.005
0.005
0.005
0.005
0.005
0.005
0.005
0.005
0.005
0.005
0.005
0.005
0.005
0.005
0.005
0.005
0.005
0.005
0.005
0.005
0.005
0.005
0.005
0.005
0.005
0.005
0.005
0.005
0.005
0.005
0.005
0.005
0.005
0.005
0.005
0.005
0.005
0.005
0.005
0.005
0.005
0.005
0.005
0.005
0.005
0.005
0.005
0.005
0.005
0.005
0.005
0.005
0.005
0.005
0.005
0.005
0.005
0.005
0.005
0.005
0.005
0.005
0.005
0.005
0.005
0.005
0.005
0.005
0.005
0.005
0.005
0.005
0.005
0.005
0.005
0.005
0.005
0.005
0.005
0.005
0.005
0.005
0.005
0.005
0.005
0.005
0.005
0.005
0.005
0.005
0.005
0.005
0.005
0.005
0.005
0.005
0.005
0.005
0.005
0.005
0.005
0.005
0.005
0.005
0.005
0.005
0.005
0.005
0.005
0.005
0.005
0.005
0.005
0.005
0.005
0.005
0.005
0.005
0.005
0.005
0.005
0.005
0.005
0.005
0.005
0.005
0.005
0.005
0.005
0.005
0.005
0.005
0.005
0.005
0.005
0.005
0.005
0.005
0.005
0.005
0.005
0.005
0.005
0.005
0.005
0.005
0.005
0.005
0.005
0.005
0.005
0.005
0.005
0.005
0.005
0.005
0.005
0.005
0.005
0.005
0.005
0.005
0.005
0.005
0.005
0.005
0.005
0.005
0.005
0.005
0.005
0.005
0.005
0.005
0.005
0.005
0.005
0.005
0.005
0.005
0.005
0.005
0.005
0.005
0.005
0.005
0.005
0.005
0.005
0.005
0.005
0.005
0.005
0.005
0.005
0.005
0.005
0.005
0.005
0.005
0.005
0.005
0.005
0.005
0.005
0.005
0.005
0.005
0.005
0.005
0.005
0.005
0.005
0.005
0.005
0.005
0.005
0.005
0.005
0.005
0.005
0.005
0.005
0.005
0.005
0.005
0.005
0.005
0.005
0.005
0.005
0.005
0.005
0.005
0.005
0.005
0.005
0.005
0.005
0.005
0.005
0.005
0.005
0.005
0.005
0.005
0.005
0.005
0.005
0.005
0.005
0.005
0.005
0.005
0.005
0.005
0.005
0.005
0.005
0.005
0.005
0.005
0.005
0.005
0.005
0.005
0.005
0.005
0.005
0.005
0.005
0.005
0.005
0.005
0.005
0.005
0.005
0.005
0.005
0.005
0.005
0.005
0.005
0.005
0.005
0.005
0.005
0.005
0.005
0.005
0.005
0.005
0.005
0.005
0.005
0.005
0.005
0.005
0.005
0.005
0.005
0.005
0.005
0.005
0.005
0.005
0.005
0.005
0.005
0.005
0.005
0.005
0.005
0.005
0.005
0.005
0.005
0.005
0.005
0.005
0.005
0.005
0.005
0.005
0.005
0.005
0.005
0.005
0.005
0.005
0.005
0.005
0.005
0.005
0.005
0.005
0.005
0.005
0.005
0.005
0.005
0.005
0.005
0.005
0.005
0.005
0.005
0.005
0.005
0.005
0.005
0.005
0.005
0.005
0.005
0.005
0.005
0.005
0.005
0.005
0.005
0.005
0.005
0.005
0.005
0.005
0.005
0.005
0.005
0.005
0.005
0.005
0.005
0.005
0.005
0.005
0.005
0.005
0.005
0.005
0.005
0.005
0.005
0.005
0.005
0.005
0.005
0.005
0.005
0.005
0.005
0.005
0.005
0.005
0.005
0.005
0.005
0.005
0.005
0.005
0.005
0.005
0.005
0.005
0.005
0.005
0.005
0.005
0.005
0.005
0.005
0.005
0.005
0.005
0.005
0.005
0.005
0.005
0.005
0.005
0.005
0.005
0.005
0.005
0.005
0.005
0.005
0.005
0.005
0.005
0.005
0.005
0.005
0.005
0.005
0.005
0.005
0.005
0.005
0.005
0.005
0.005
0.005
0.005
0.005
0.005
0.005
0.005
0.005
0.005
0.005
0.005
0.005
0.005
0.005
0.005
0.005
0.005
0.005
0.005
0.005
0.005
0.005
0.005
0.005
0.005
0.005
0.005
0.005
0.005
0.005
0.005
0.005
0.005
0.005
0.005
0.005
0.005
0.005
0.005
0.005
0.005
0.005
0.005
0.005
0.005
0.005
0.005
0.005
0.005
0.005
0.005
0.005
0.005
0.005
0.005
0.005
0.005
0.005
0.005
0.005
0.005
0.005
0.005
0.005
0.005
0.005
0.005
0.005
0.005
0.005
0.005
0.005
0.005
0.005
0.005
0.005
0.005
0.005
0.005
0.005
0.005
0.005
0.005
0.005
0.005
0.005
0.005
0.005
0.005
0.005
0.005
0.005
0.005
0.005
0.005
0.005
0.005
0.005
0.005
0.005
0.005
0.005
0.005
0.005
0.005
0.005
0.005
0.005
0.005
0.005
0.005
0.005
0.005
0.005
0.005
0.005
0.005
0.005
0.005
0.005
0.005
0.005
0.005
0.005
0.005
0.005
0.005
0.005
0.005
0.005
0.005
0.005
0.005
0.005
0.005
0.005
0.005
0.005
0.005
0.005
0.005
0.005
0.005
0.005
0.005
0.005
0.005
0.005
0.005
0.005
0.005
0.005
0.005
0.005
0.005
0.005
0.005
0.005
0.005
0.005
0.005
0.005
0.005
0.005
0.005
0.005
0.005
0.005
0.005
0.005
0.005
0.005
0.005
0.005
0.005
0.005
0.005
0.005
0.005
0.005
0.005
0.005
0.005
0.005
0.005
0.005
0.005
0.005
0.005
0.005
0.005
0.005
0.005
0.005
0.005
0.005
0.005
0.005
0.005
0.005
0.005
0.005
0.005
0.005
0.005
0.005
0.005
0.005
0.005
0.005
0.005
0.005
0.005
0.005
0.005
0.005
0.005
0.005
0.005
0.005
0.005
0.005
0.005
0.005
0.005
0.005
0.005
0.005
0.005
0.005
0.005
0.005
0.005
0.005
0.005
0.005
0.005
0.005
0.005
0.005
0.005
0.005
0.005
0.005
0.005
0.005
0.005
0.005
0.005
0.005
0.005
0.005
0.005
0.005
0.005
0.005
0.005
0.005
0.005
0.005
0.005
0.005
0.005
0.005
0.005
0.005
0.005
0.005
0.005
0.005
0.005
0.005
0.005
0.005
0.005
0.005
0.005
0.005
0.005
0.005
0.005
0.005
0.005
0.005
0.005
0.005
0.005
0.005
0.005
0.005
0.005
0.005
0.005
0.005
0.005
0.005
0.005
0.005
0.005
0.005
0.005
0.005
0.005
0.005
0.005
0.005
0.005
0.005
0.005
0.005
0.005
0.005
0.005
0.005
0.005
0.005
0.005
0.005
0.005
0.005
0.005
0.005
0.005
0.005
0.005
0.005
0.005
0.005
0.005
0.005
0.005
0.005
0.005
0.005
0.005
0.005
0.005
0.005
0.005
0.005
0.005
0.005
0.005
0.005
0.005
0.005
0.005
0.005
0.005
0.005
0.005
0.005
0.005
0.005
0.005
0.005
0.005
0.005
0.005
0.005
0.005
0.005
0.005
0.005
0.005
0.005
0.005
0.005
0.005
0.005
0.005
0.005
0.005
0.005
0.005
0.005
0.005
0.005
0.005
0.005
0.005
0.005
0.005
0.005
0.005
0.005
0.005
0.005
0.005
0.005
0.005
0.005
0.005
0.005
0.005
0.005
0.005
0.005
0.005
0.005
0.005
0.005
0.005
0.005
0.005
0.005
0.005
0.005
0.005
0.005
0.005
0.005
0.005
0.005
0.005
0.005
0.005
0.005
0.005
0.005
0.005
0.005
0.005
0.005
0.005
0.005
0.005
0.005
0.005
0.005
0.005
0.005
0.005
0.005
0.005
0.005
0.005
0.005
0.005
0.005
0.005
0.005
0.005
0.005
0.005
0.005
0.005
0.005
0.005
0.005
0.005
0.005
0.005
0.005
0.005
0.005
0.005
0.005
0.005
0.005
0.005
0.005
0.005
0.005
0.005
0.005
0.005
0.005
0.005
0.005
0.005
0.005
0.005
0.005
0.005
0.005
0.005
0.005
0.005
0.005
0.005
0.005
0.005
0.005
0.005
0.005
0.005
0.005
0.005
0.005
0.005
0.005
0.005
0.005
0.005
0.005
0.005
0.005
0.005
0.005
0.005
0.005
0.005
0.005
0.005
0.005
0.005
0.005
0.005
0.005
0.005
0.005
0.005
0.005
0.005
0.005
0.005
0.005
0.005
0.005
0.005
0.005
0.005
0.005
0.005
0.005
0.005
0.005
0.005
0.005
0.005
0.005
0.005
0.005
0.005
0.005
0.005
0.005
0.005
0.005
0.005
0.005
0.005
0.005
0.005
0.005
0.005
0.005
0.005
0.005
0.005
0.005
0.005
0.005
0.005
0.005
0.005
0.005
0.005
0.005
0.005
0.005
0.005
0.005
0.005
0.005
0.005
0.005
0.005
0.005
0.005
0.005
0.005
0.005
0.005
0.005
0.005
0.005
0.005
0.005
0.005
0.005
0.005
0.005
0.005
0.005
0.005
0.005
0.005
0.005
0.005
0.005
0.005
0.005
0.005
0.005
0.005
0.005
0.005
0.005
0.005
0.005
0.005
0.005
0.005
0.005
0.005
0.005
0.005
0.005
0.005
0.005
0.005
0.005
0.005
0.005
0.005
0.005
0.005
0.005
0.005
0.005
0.005
0.005
0.005
0.005
0.005
0.005
0.005
0.005
0.005
0.005
0.005
0.005
0.005
0.005
0.005
0.005
0.005
0.005
0.005
0.005
0.005
0.005
0.005
0.005
0.005
0.005
0.005
0.005
0.005
0.005
0.005
0.005
0.005
0.005
0.005
0.005
0.005
0.005
0.005
0.005
0.005
0.005
0.005
0.005
0.005
0.005
0.005
0.005
0.005
0.005
0.005
0.005
0.005
0.005
0.005
0.005
0.005
0.005
0.005
0.005
0.005
0.005
0.005
0.005
0.005
0.005
0.005
0.005
0.005
0.005
0.005
0.005
0.005
0.005
0.005
0.005
0.005
0.005
0.005
0.005
0.005
0.005
0.005
0.005
0.005
0.005
0.005
0.005
0.005
0.005
0.005
0.005
0.005
0.005
0.005
0.005
0.005
0.005
0.005
0.005
0.005
0.005
0.005
0.005
0.005
0.005
0.005
0.005
0.005
0.005
0.005
0.005
0.005
0.005
0.005
0.005
0.005
0.005
0.005
0.005
0.005
0.005
0.005
0.005
0.005
0.005
0.005
0.005
0.005
0.005
0.005
0.005
0.005
0.005
0.005
0.005
0.005
0.005
0.005
0.005
0.005
0.005
0.005
0.005
0.005
0.005
0.005
0.005
0.005
0.005
0.005
0.005
0.005
0.005
0.005
0.005
0.005
0.005
0.005
0.005
0.005
0.005
0.005
0.005
0.005
0.005
0.005
0.005
0.005
0.005
0.005
0.005
0.005
0.005
0.005
0.005
0.005
0.005
0.005
0.005
0.005
0.005
0.005
0.005
0.005
0.005
0.005
0.005
0.005
0.005
0.005
0.005
0.005
0.005
0.005
0.005
0.005
0.005
0.005
0.005
0.005
0.005
0.005
0.005
0.005
0.005
0.005
0.005
0.005
0.005
0.005
0.005
0.005
0.005
0.005
0.005
0.005
0.005
0.005
0.005
0.005
0.005
0.005
0.005
0.005
0.005
0.005
0.005
0.005
0.005
0.005
0.005
0.005
0.005
0.005
0.005
0.005
0.005
0.005
0.005
0.005
0.005
0.005
0.005
0.005
0.005
0.005
0.005
0.005
0.005
0.005
0.005
0.005
0.005
0.005
0.005
0.005
0.005
0.005
0.005
0.005
0.005
0.005
0.005
0.005
0.005
0.005
0.005
0.005
0.005
0.005
0.005
0.005
0.005
0.005
0.005
0.005
0.005
0.005
0.005
0.005
0.005
0.005
0.005
0.005
0.005
0.005
0.005
0.005
0.005
0.005
0.005
0.005
0.005
0.005
0.005
0.005
0.005
0.005
0.005
0.005
0.005
0.005
0.005
0.005
0.005
0.005
0.005
0.005
0.005
0.005
0.005
0.005
0.005
0.005
0.005
0.005
0.005
0.005
0.005
0.005
0.005
0.005
0.005
0.005
0.005
0.005
0.005
0.005
0.005
0.005
0.005
0.005
0.005
0.005
0.005
0.005
0.005
0.005
0.005
0.005
0.005
0.005
0.005
0.005
0.005
0.005
0.005
0.005
0.005
0.005
0.005
0.005
0.005
0.005
0.005
0.005
0.005
0.005
0.005
0.005
0.005
0.005
0.005
0.005
0.005
0.005
0.005
0.005
0.005
0.005
0.005
0.005
0.005
0.005
0.005
0.005
0.005
0.005
0.005
0.005
0.005
0.005
0.005
0.005
0.005
0.005
0.005
0.005
0.005
0.005
0.005
0.005
0.005
0.005
0.005
0.005
0.005
0.005
0.005
0.005
0.005
0.005
0.005
0.005
0.005
0.005
0.005
0.005
0.005
0.005
0.005
0.005
0.005
0.005
0.005
0.005
0.005
0.005
0.005
0.005
0.005
0.005
0.005
0.005
0.005
0.005
0.005
0.005
0.005
0.005
0.005
0.005
0.005
0.005
0.005
0.005
0.005
0.005
0.005
0.005
0.005
0.005
0.005
0.005
0.005
0.005
0.005
0.005
0.005
0.005
0.005
0.005
0.005
0.005
0.005
0.005
0.005
0.005
0.005
0.005
0.005
0.005
0.005
0.005
0.005
0.005
0.005
0.005
0.005
0.005
0.005
0.005
0.005
0.005
0.005
0.005
0.005
0.005
0.005
0.005
0.005
0.005
0.005
0.005
0.005
0.005
0.005
0.005
0.005
0.005
0.005
0.005
0.005
0.005
0.005
0.005
0.005
0.005
0.005
0.005
0.005
0.005
0.005
0.005
0.005
0.005
0.005
0.005
0.005
0.005
0.005
0.005
0.005
0.005
0.005
0.005
0.005
0.005
0.005
0.005
0.005
0.005
0.005
0.005
0.005
0.005
0.005
0.005
0.005
0.005
0.005
0.005
0.005
0.005
0.005
0.005
0.005
0.005
0.005
0.005
0.005
0.005
0.005
0.005
0.005
0.005
0.005
0.005
0.005
0.005
0.005
0.005
0.005
0.005
0.005
0.005
0.005
0.005
0.005
0.005
0.005
0.005
0.005
0.005
0.005
0.005
0.005
0.005
0.005
0.005
0.005
0.005
0.005
0.005
0.005
)
;

boundaryField
{
    outlet
    {
        type            zeroGradient;
    }
    inlet1
    {
        type            fixedValue;
        value           uniform 0;
    }
    inlet2
    {
        type            fixedValue;
        value           uniform 0.005;
    }
    frontAndBack
    {
        type            empty;
    }
    defaultFaces
    {
        type            zeroGradient;
    }
}


// ************************************************************************* //
