/*--------------------------------*- C++ -*----------------------------------*\
| =========                 |                                                 |
| \\      /  F ield         | OpenFOAM: The Open Source CFD Toolbox           |
|  \\    /   O peration     | Version:  2.1.0                                 |
|   \\  /    A nd           | Web:      www.OpenFOAM.org                      |
|    \\/     M anipulation  |                                                 |
\*---------------------------------------------------------------------------*/
FoamFile
{
    version     2.0;
    format      ascii;
    class       volScalarField;
    location    "0.24";
    object      C0;
}
// * * * * * * * * * * * * * * * * * * * * * * * * * * * * * * * * * * * * * //

dimensions      [0 0 0 0 0 0 0];

internalField   nonuniform List<scalar> 
6400
(
2.70669e-06
2.9123e-06
3.1859e-06
3.4946e-06
3.83202e-06
4.19819e-06
4.59468e-06
5.02346e-06
5.48668e-06
5.98661e-06
6.52561e-06
7.10616e-06
7.73084e-06
8.40233e-06
9.12345e-06
9.89712e-06
1.07264e-05
1.16144e-05
1.25644e-05
1.35799e-05
1.46643e-05
1.58213e-05
1.70548e-05
1.83685e-05
1.97665e-05
2.1253e-05
2.28322e-05
2.45086e-05
2.62868e-05
2.81713e-05
3.0167e-05
3.22789e-05
3.4512e-05
3.68715e-05
3.93629e-05
4.19914e-05
4.47629e-05
4.76831e-05
5.07577e-05
5.39931e-05
5.73952e-05
6.09704e-05
6.47253e-05
6.86665e-05
7.28008e-05
7.71351e-05
8.16765e-05
8.64323e-05
9.141e-05
9.66172e-05
0.000102062
0.000107752
0.000113696
0.000119901
0.000126378
0.000133134
0.000140179
0.000147521
0.00015517
0.000163136
0.000171428
0.000180056
0.00018903
0.00019836
0.000208057
0.00021813
0.000228591
0.000239449
0.000250715
0.0002624
0.000274514
0.000287068
0.000300071
0.000313534
0.000327468
0.000341882
0.000356786
0.000372191
0.000388108
0.000404546
0.000421516
0.00043903
0.0004571
0.000475739
0.00049496
0.000514779
0.000535215
0.000556291
0.000578037
0.000600495
0.000623728
0.000647833
0.000672956
0.000699294
0.00072705
0.000756444
0.00078761
0.000820236
0.000852933
0.000882339
2.81507e-06
3.03219e-06
3.3176e-06
3.63839e-06
3.9886e-06
4.36843e-06
4.77955e-06
5.22401e-06
5.70399e-06
6.22183e-06
6.77995e-06
7.38087e-06
8.02724e-06
8.72181e-06
9.46745e-06
1.02671e-05
1.1124e-05
1.20412e-05
1.30221e-05
1.40701e-05
1.51889e-05
1.63822e-05
1.76538e-05
1.90076e-05
2.04478e-05
2.19785e-05
2.36041e-05
2.53291e-05
2.7158e-05
2.90956e-05
3.11467e-05
3.33163e-05
3.56095e-05
3.80316e-05
4.05879e-05
4.3284e-05
4.61255e-05
4.91182e-05
5.2268e-05
5.5581e-05
5.90634e-05
6.27216e-05
6.6562e-05
7.05914e-05
7.48164e-05
7.9244e-05
8.38813e-05
8.87356e-05
9.38142e-05
9.91249e-05
0.000104675
0.000110474
0.000116528
0.000122846
0.000129437
0.00013631
0.000143473
0.000150936
0.000158706
0.000166795
0.000175212
0.000183965
0.000193065
0.000202523
0.000212347
0.000222549
0.000233138
0.000244125
0.00025552
0.000267333
0.000279576
0.000292257
0.000305388
0.000318979
0.00033304
0.000347581
0.000362613
0.000378148
0.000394195
0.000410767
0.000427876
0.000445534
0.000463756
0.000482557
0.000501955
0.000521967
0.000542617
0.000563928
0.000585933
0.00060867
0.000632188
0.000656551
0.000681847
0.000708194
0.000735731
0.000764558
0.000794521
0.000824866
0.000853773
0.000877934
3.00364e-06
3.23844e-06
3.5435e-06
3.88497e-06
4.2572e-06
4.6606e-06
5.09699e-06
5.56849e-06
6.07742e-06
6.6262e-06
7.21734e-06
7.85348e-06
8.53734e-06
9.2718e-06
1.00598e-05
1.09045e-05
1.18089e-05
1.27766e-05
1.38108e-05
1.49152e-05
1.60934e-05
1.73493e-05
1.86867e-05
2.01098e-05
2.16226e-05
2.32295e-05
2.49348e-05
2.67432e-05
2.86593e-05
3.06878e-05
3.28337e-05
3.5102e-05
3.74979e-05
4.00266e-05
4.26934e-05
4.55041e-05
4.84641e-05
5.15793e-05
5.48556e-05
5.82991e-05
6.19158e-05
6.57122e-05
6.96947e-05
7.38697e-05
7.82441e-05
8.28247e-05
8.76184e-05
9.26323e-05
9.78736e-05
0.00010335
0.000109069
0.000115037
0.000121264
0.000127757
0.000134524
0.000141574
0.000148914
0.000156555
0.000164503
0.000172769
0.000181361
0.000190289
0.000199562
0.000209189
0.000219179
0.000229543
0.00024029
0.00025143
0.000262972
0.000274927
0.000287303
0.000300112
0.000313362
0.000327065
0.00034123
0.000355867
0.000370989
0.000386605
0.000402728
0.000419371
0.000436548
0.000454274
0.000472565
0.000491441
0.000510922
0.00053103
0.000551792
0.000573234
0.000595387
0.000618279
0.00064194
0.000666393
0.000691649
0.000717694
0.000744451
0.000771691
0.000799017
0.000825514
0.00084951
0.000868419
3.2544e-06
3.51148e-06
3.84209e-06
4.21076e-06
4.61205e-06
5.04661e-06
5.51638e-06
6.02364e-06
6.57082e-06
7.16046e-06
7.7952e-06
8.47781e-06
9.21114e-06
9.99818e-06
1.0842e-05
1.17459e-05
1.27131e-05
1.37471e-05
1.48514e-05
1.60297e-05
1.72859e-05
1.86238e-05
2.00474e-05
2.15609e-05
2.31685e-05
2.48747e-05
2.66838e-05
2.86006e-05
3.06296e-05
3.27758e-05
3.50441e-05
3.74394e-05
3.99669e-05
4.2632e-05
4.54398e-05
4.8396e-05
5.15061e-05
5.47758e-05
5.82108e-05
6.18171e-05
6.56007e-05
6.95677e-05
7.37242e-05
7.80768e-05
8.26317e-05
8.73955e-05
9.23748e-05
9.75763e-05
0.000103007
0.000108673
0.000114583
0.000120742
0.000127159
0.000133841
0.000140794
0.000148028
0.000155548
0.000163364
0.000171483
0.000179912
0.00018866
0.000197736
0.000207146
0.000216899
0.000227004
0.000237468
0.000248301
0.000259509
0.000271102
0.000283088
0.000295476
0.000308273
0.000321488
0.000335131
0.00034921
0.000363734
0.000378715
0.000394162
0.000410087
0.000426504
0.000443426
0.000460872
0.000478858
0.000497406
0.000516539
0.000536282
0.000556663
0.000577711
0.00059945
0.000621901
0.000645071
0.000668944
0.000693457
0.000718479
0.00074375
0.000768833
0.000793304
0.000816287
0.000836399
0.000851512
3.54846e-06
3.83108e-06
4.1912e-06
4.59148e-06
5.0266e-06
5.49742e-06
6.00605e-06
6.5549e-06
7.14654e-06
7.78364e-06
8.46899e-06
9.20547e-06
9.99609e-06
1.0844e-05
1.17523e-05
1.27245e-05
1.37639e-05
1.48742e-05
1.6059e-05
1.73221e-05
1.86674e-05
2.00988e-05
2.16206e-05
2.32369e-05
2.4952e-05
2.67703e-05
2.86964e-05
3.07349e-05
3.28904e-05
3.51677e-05
3.75718e-05
4.01075e-05
4.278e-05
4.55943e-05
4.85557e-05
5.16693e-05
5.49406e-05
5.83751e-05
6.19781e-05
6.57552e-05
6.97121e-05
7.38544e-05
7.8188e-05
8.27185e-05
8.74519e-05
9.23939e-05
9.75506e-05
0.000102928
0.000108532
0.000114368
0.000120443
0.000126763
0.000133334
0.000140162
0.000147253
0.000154614
0.00016225
0.000170168
0.000178375
0.000186876
0.000195677
0.000204785
0.000214207
0.000223947
0.000234012
0.000244408
0.000255142
0.000266219
0.000277644
0.000289425
0.000301566
0.000314074
0.000326956
0.000340216
0.000353864
0.000367905
0.000382347
0.000397201
0.000412477
0.000428186
0.000444342
0.000460963
0.000478067
0.000495676
0.000513814
0.000532509
0.00055179
0.000571687
0.000592225
0.000613423
0.000635279
0.000657761
0.000680781
0.000704166
0.000727611
0.000750648
0.000772865
0.000793472
0.000811169
0.000823699
3.86323e-06
4.17295e-06
4.56429e-06
4.99801e-06
5.46895e-06
5.97816e-06
6.52789e-06
7.12069e-06
7.75924e-06
8.44634e-06
9.18491e-06
9.97795e-06
1.08286e-05
1.17401e-05
1.27157e-05
1.3759e-05
1.48734e-05
1.60626e-05
1.73305e-05
1.86807e-05
2.01173e-05
2.16444e-05
2.3266e-05
2.49864e-05
2.68098e-05
2.87407e-05
3.07835e-05
3.29427e-05
3.52229e-05
3.76288e-05
4.0165e-05
4.28363e-05
4.56474e-05
4.86033e-05
5.17087e-05
5.49685e-05
5.83876e-05
6.19711e-05
6.57237e-05
6.96506e-05
7.37565e-05
7.80465e-05
8.25256e-05
8.71985e-05
9.20703e-05
9.71458e-05
0.00010243
0.000107927
0.000113643
0.000119581
0.000125746
0.000132144
0.000138778
0.000145653
0.000152774
0.000160144
0.000167768
0.00017565
0.000183795
0.000192205
0.000200885
0.000209839
0.000219069
0.000228581
0.000238376
0.000248458
0.00025883
0.000269496
0.000280457
0.000291717
0.000303278
0.000315144
0.000327317
0.000339802
0.000352601
0.00036572
0.000379163
0.000392937
0.00040705
0.000421511
0.000436332
0.000451528
0.000467116
0.000483118
0.000499558
0.000516465
0.000533869
0.000551805
0.000570304
0.000589394
0.000609085
0.000629367
0.000650182
0.000671408
0.00069282
0.000713998
0.000734518
0.000753621
0.000769867
0.000780487
4.17061e-06
4.50671e-06
4.92812e-06
5.39399e-06
5.89933e-06
6.44535e-06
7.03441e-06
7.66916e-06
8.35238e-06
9.08698e-06
9.87596e-06
1.07224e-05
1.16295e-05
1.26007e-05
1.36392e-05
1.47486e-05
1.59325e-05
1.71946e-05
1.85387e-05
1.99685e-05
2.14881e-05
2.31014e-05
2.48125e-05
2.66255e-05
2.85446e-05
3.05741e-05
3.27182e-05
3.49812e-05
3.73675e-05
3.98813e-05
4.25271e-05
4.53092e-05
4.8232e-05
5.12998e-05
5.45169e-05
5.78875e-05
6.14161e-05
6.51067e-05
6.89635e-05
7.29907e-05
7.71921e-05
8.15718e-05
8.61336e-05
9.08813e-05
9.58185e-05
0.000100949
0.000106275
0.000111802
0.000117531
0.000123467
0.000129611
0.000135966
0.000142536
0.000149323
0.000156328
0.000163554
0.000171003
0.000178676
0.000186574
0.0001947
0.000203055
0.000211638
0.000220451
0.000229494
0.000238767
0.00024827
0.000258003
0.000267966
0.000278158
0.000288578
0.000299225
0.0003101
0.000321202
0.000332529
0.000344084
0.000355865
0.000367876
0.000380117
0.000392594
0.000405311
0.000418276
0.0004315
0.000444998
0.000458786
0.000472887
0.000487329
0.000502143
0.000517366
0.000533038
0.000549201
0.000565892
0.000583137
0.000600944
0.000619285
0.000638084
0.000657093
0.000675748
0.000693338
0.000708225
0.000717097
4.43741e-06
4.79627e-06
5.2433e-06
5.73644e-06
6.27085e-06
6.84788e-06
7.46996e-06
8.13981e-06
8.86026e-06
9.63426e-06
1.04649e-05
1.13552e-05
1.23085e-05
1.33281e-05
1.44174e-05
1.55799e-05
1.68191e-05
1.81388e-05
1.95426e-05
2.10343e-05
2.26177e-05
2.42968e-05
2.60753e-05
2.79572e-05
2.99466e-05
3.20473e-05
3.42634e-05
3.65988e-05
3.90574e-05
4.16432e-05
4.43601e-05
4.72119e-05
5.02024e-05
5.33352e-05
5.6614e-05
6.00424e-05
6.36237e-05
6.73613e-05
7.12584e-05
7.5318e-05
7.95431e-05
8.39363e-05
8.85003e-05
9.32376e-05
9.81502e-05
0.00010324
0.00010851
0.00011396
0.000119592
0.000125408
0.000131408
0.000137594
0.000143965
0.000150521
0.000157263
0.000164191
0.000171303
0.000178598
0.000186076
0.000193735
0.000201572
0.000209586
0.000217775
0.000226135
0.000234663
0.000243357
0.000252211
0.000261223
0.000270388
0.000279702
0.000289159
0.000298757
0.000308491
0.000318356
0.000328349
0.000338467
0.000348705
0.000359064
0.00036954
0.000380135
0.00039085
0.000401689
0.000412662
0.000423778
0.000435054
0.000446512
0.00045818
0.00047009
0.000482285
0.00049481
0.000507718
0.000521066
0.000534911
0.000549315
0.000564344
0.000580003
0.000595631
0.000610583
0.000623209
0.000630031
4.62942e-06
5.00449e-06
5.46943e-06
5.98149e-06
6.53597e-06
7.13428e-06
7.77888e-06
8.4725e-06
9.21798e-06
1.00183e-05
1.08764e-05
1.17955e-05
1.27787e-05
1.38295e-05
1.4951e-05
1.61467e-05
1.74201e-05
1.87748e-05
2.02143e-05
2.17423e-05
2.33623e-05
2.50781e-05
2.68933e-05
2.88116e-05
3.08367e-05
3.29722e-05
3.52216e-05
3.75886e-05
4.00766e-05
4.2689e-05
4.54292e-05
4.83005e-05
5.13058e-05
5.44483e-05
5.77308e-05
6.11559e-05
6.47262e-05
6.84441e-05
7.23118e-05
7.63312e-05
8.0504e-05
8.48317e-05
8.93157e-05
9.39569e-05
9.87559e-05
0.000103713
0.000108829
0.000114104
0.000119537
0.000125127
0.000130873
0.000136774
0.000142829
0.000149034
0.000155388
0.000161888
0.00016853
0.000175312
0.000182228
0.000189275
0.000196448
0.000203741
0.00021115
0.000218667
0.000226288
0.000234005
0.000241811
0.000249698
0.000257659
0.000265686
0.00027377
0.000281904
0.00029008
0.000298289
0.000306524
0.000314778
0.000323043
0.000331314
0.000339584
0.000347847
0.000356097
0.000364332
0.000372553
0.00038076
0.000388958
0.000397158
0.000405375
0.000413631
0.000421953
0.000430375
0.000438936
0.000447686
0.000456683
0.000466005
0.000475768
0.000486118
0.000496801
0.000507026
0.000515585
0.000519602
4.71766e-06
5.09989e-06
5.57244e-06
6.09238e-06
6.65508e-06
7.26194e-06
7.91541e-06
8.61819e-06
9.37308e-06
1.0183e-05
1.10509e-05
1.19798e-05
1.29729e-05
1.40333e-05
1.51644e-05
1.63693e-05
1.76515e-05
1.90144e-05
2.04612e-05
2.19956e-05
2.36207e-05
2.53402e-05
2.71574e-05
2.90756e-05
3.10982e-05
3.32284e-05
3.54694e-05
3.78244e-05
4.02963e-05
4.28881e-05
4.56025e-05
4.8442e-05
5.14093e-05
5.45064e-05
5.77356e-05
6.10986e-05
6.45972e-05
6.82327e-05
7.20064e-05
7.59189e-05
7.9971e-05
8.4163e-05
8.84947e-05
9.29659e-05
9.75757e-05
0.000102323
0.000107207
0.000112225
0.000117376
0.000122656
0.000128064
0.000133594
0.000139244
0.00014501
0.000150886
0.000156867
0.000162949
0.000169124
0.000175387
0.000181729
0.000188145
0.000194626
0.000201162
0.000207746
0.000214369
0.00022102
0.00022769
0.000234368
0.000241044
0.000247706
0.000254344
0.000260945
0.000267498
0.000273991
0.000280412
0.000286749
0.000292991
0.000299128
0.000305148
0.000311043
0.000316808
0.000322433
0.000327909
0.000333224
0.000338365
0.000343331
0.000348121
0.000352732
0.00035717
0.000361439
0.000365543
0.000369489
0.000373282
0.000376931
0.000380455
0.000383884
0.000387263
0.000390433
0.000392667
0.000392657
4.68579e-06
5.06467e-06
5.53319e-06
6.04862e-06
6.60629e-06
7.20756e-06
7.85482e-06
8.5507e-06
9.29793e-06
1.00993e-05
1.09577e-05
1.18762e-05
1.28576e-05
1.39051e-05
1.50219e-05
1.62109e-05
1.74755e-05
1.88188e-05
2.0244e-05
2.17543e-05
2.3353e-05
2.50431e-05
2.68277e-05
2.871e-05
3.06929e-05
3.27792e-05
3.49719e-05
3.72735e-05
3.96867e-05
4.22137e-05
4.48568e-05
4.7618e-05
5.04991e-05
5.35018e-05
5.66273e-05
5.98768e-05
6.32511e-05
6.67507e-05
7.03758e-05
7.41263e-05
7.80017e-05
8.20012e-05
8.61235e-05
9.03671e-05
9.47299e-05
9.92096e-05
0.000103803
0.000108508
0.000113319
0.000118233
0.000123245
0.00012835
0.000133542
0.000138814
0.000144161
0.000149575
0.000155049
0.000160573
0.00016614
0.00017174
0.000177363
0.000183
0.00018864
0.000194271
0.000199882
0.00020546
0.000210994
0.00021647
0.000221874
0.000227194
0.000232415
0.000237522
0.000242501
0.000247337
0.000252015
0.000256521
0.00026084
0.000264957
0.000268858
0.00027253
0.000275959
0.000279133
0.000282037
0.000284662
0.000287
0.00028903
0.000290726
0.000292052
0.000292996
0.000293532
0.000293627
0.000293243
0.000292331
0.000290827
0.000288653
0.000285724
0.000281965
0.000277345
0.000272047
0.000266833
4.53814e-06
4.90367e-06
5.357e-06
5.85603e-06
6.396e-06
6.97816e-06
7.60479e-06
8.27842e-06
9.00168e-06
9.77728e-06
1.0608e-05
1.14966e-05
1.2446e-05
1.34592e-05
1.4539e-05
1.56885e-05
1.69106e-05
1.82084e-05
1.95849e-05
2.1043e-05
2.25857e-05
2.42159e-05
2.59364e-05
2.775e-05
2.96593e-05
3.16669e-05
3.37753e-05
3.59866e-05
3.83031e-05
4.07267e-05
4.3259e-05
4.59016e-05
4.86558e-05
5.15225e-05
5.45025e-05
5.75962e-05
6.08037e-05
6.41247e-05
6.75588e-05
7.11048e-05
7.47615e-05
7.85269e-05
8.2399e-05
8.63751e-05
9.04519e-05
9.4626e-05
9.88934e-05
0.000103249
0.000107689
0.000112206
0.000116796
0.00012145
0.000126162
0.000130925
0.000135729
0.000140566
0.000145427
0.000150302
0.000155179
0.000160049
0.0001649
0.000169719
0.000174494
0.000179212
0.00018386
0.000188424
0.000192888
0.000197238
0.00020146
0.000205536
0.000209452
0.000213191
0.000216736
0.000220071
0.000223179
0.000226044
0.000228648
0.000230975
0.000233009
0.000234733
0.000236131
0.000237187
0.000237884
0.000238206
0.000238136
0.000237653
0.000236736
0.000235369
0.000233501
0.000231071
0.000228023
0.000224303
0.000219851
0.000214587
0.000208429
0.000201316
0.000193276
0.000184555
0.000175904
0.000168969
4.29709e-06
4.64137e-06
5.07045e-06
5.5434e-06
6.05529e-06
6.60722e-06
7.20136e-06
7.8401e-06
8.52595e-06
9.26145e-06
1.00492e-05
1.0892e-05
1.17924e-05
1.27533e-05
1.37774e-05
1.48675e-05
1.60264e-05
1.7257e-05
1.85619e-05
1.99441e-05
2.14062e-05
2.29508e-05
2.45806e-05
2.6298e-05
2.81055e-05
3.00053e-05
3.19995e-05
3.409e-05
3.62787e-05
3.85671e-05
4.09565e-05
4.34481e-05
4.60427e-05
4.87408e-05
5.15426e-05
5.44481e-05
5.74568e-05
6.05679e-05
6.37802e-05
6.7092e-05
7.05014e-05
7.40058e-05
7.76022e-05
8.12872e-05
8.50567e-05
8.89064e-05
9.28313e-05
9.68258e-05
0.000100884
0.000104999
0.000109163
0.00011337
0.00011761
0.000121874
0.000126154
0.000130438
0.000134717
0.000138979
0.000143212
0.000147404
0.000151542
0.000155612
0.000159602
0.000163495
0.000167279
0.000170937
0.000174453
0.000177812
0.000180997
0.000183991
0.000186778
0.000189339
0.000191658
0.000193717
0.000195499
0.000196986
0.000198161
0.000199007
0.000199506
0.000199641
0.000199397
0.000198755
0.0001977
0.000196214
0.00019428
0.000191878
0.000188987
0.000185586
0.000181645
0.000177138
0.000172012
0.000166174
0.000159596
0.000152245
0.000144094
0.000135169
0.000125621
0.000115854
0.000106745
9.99624e-05
3.99422e-06
4.3121e-06
4.71086e-06
5.15117e-06
5.62796e-06
6.14213e-06
6.6957e-06
7.29093e-06
7.93014e-06
8.61575e-06
9.35021e-06
1.0136e-05
1.09757e-05
1.18719e-05
1.28271e-05
1.3844e-05
1.49252e-05
1.60733e-05
1.72909e-05
1.85805e-05
1.99446e-05
2.13857e-05
2.29061e-05
2.45081e-05
2.61938e-05
2.79653e-05
2.98245e-05
3.17729e-05
3.38122e-05
3.59436e-05
3.81682e-05
4.04867e-05
4.28997e-05
4.54075e-05
4.80098e-05
5.07064e-05
5.34963e-05
5.63784e-05
5.93511e-05
6.24124e-05
6.55596e-05
6.87899e-05
7.20998e-05
7.54853e-05
7.89419e-05
8.24646e-05
8.60478e-05
8.96854e-05
9.33707e-05
9.70962e-05
0.000100854
0.000104636
0.000108433
0.000112234
0.000116031
0.000119811
0.000123563
0.000127276
0.000130936
0.000134531
0.000138047
0.000141469
0.000144784
0.000147975
0.000151027
0.000153925
0.000156652
0.000159191
0.000161525
0.000163637
0.000165511
0.000167127
0.00016847
0.000169521
0.000170263
0.000170679
0.000170753
0.000170467
0.000169806
0.000168753
0.000167295
0.000165415
0.0001631
0.000160335
0.000157108
0.000153404
0.00014921
0.000144514
0.000139302
0.000133564
0.000127289
0.000120474
0.000113046
0.000105047
9.65194e-05
8.75644e-05
7.83996e-05
6.94381e-05
6.14209e-05
5.56299e-05
3.66373e-06
3.95303e-06
4.31867e-06
4.7233e-06
5.16172e-06
5.63465e-06
6.14391e-06
6.6916e-06
7.2799e-06
7.91102e-06
8.58726e-06
9.31093e-06
1.00844e-05
1.091e-05
1.17902e-05
1.27274e-05
1.3724e-05
1.47824e-05
1.5905e-05
1.70941e-05
1.8352e-05
1.96811e-05
2.10833e-05
2.25609e-05
2.41156e-05
2.57495e-05
2.7464e-05
2.92608e-05
3.1141e-05
3.31059e-05
3.51562e-05
3.72926e-05
3.95153e-05
4.18245e-05
4.42198e-05
4.67006e-05
4.92658e-05
5.19141e-05
5.46437e-05
5.74522e-05
6.03371e-05
6.3295e-05
6.63223e-05
6.94147e-05
7.25675e-05
7.57755e-05
7.90327e-05
8.23329e-05
8.5669e-05
8.90333e-05
9.24176e-05
9.58131e-05
9.92103e-05
0.000102599
0.000105969
0.000109309
0.000112607
0.00011585
0.000119026
0.00012212
0.00012512
0.000128011
0.000130777
0.000133404
0.000135875
0.000138174
0.000140285
0.000142192
0.000143877
0.000145324
0.000146515
0.000147433
0.000148063
0.000148385
0.000148385
0.000148047
0.000147354
0.000146292
0.000144846
0.000143003
0.000140752
0.000138079
0.000134975
0.000131432
0.000127441
0.000122998
0.000118099
0.000112745
0.00010694
0.000100697
9.40357e-05
8.69884e-05
7.95976e-05
7.18673e-05
6.39053e-05
5.58507e-05
4.7929e-05
4.04877e-05
3.40505e-05
2.94464e-05
3.3367e-06
3.59785e-06
3.93065e-06
4.2999e-06
4.7003e-06
5.13237e-06
5.59776e-06
6.0984e-06
6.63629e-06
7.2135e-06
7.83212e-06
8.4943e-06
9.20221e-06
9.95805e-06
1.0764e-05
1.16224e-05
1.25354e-05
1.35051e-05
1.45339e-05
1.56239e-05
1.67771e-05
1.79956e-05
1.92815e-05
2.06366e-05
2.20626e-05
2.35612e-05
2.5134e-05
2.67822e-05
2.8507e-05
3.03093e-05
3.21898e-05
3.41492e-05
3.61874e-05
3.83045e-05
4.05001e-05
4.27733e-05
4.51232e-05
4.75483e-05
5.00466e-05
5.26158e-05
5.52532e-05
5.79556e-05
6.07191e-05
6.35396e-05
6.64123e-05
6.93319e-05
7.22926e-05
7.5288e-05
7.83111e-05
8.13542e-05
8.44092e-05
8.74672e-05
9.05189e-05
9.35543e-05
9.65627e-05
9.9533e-05
0.000102453
0.000105312
0.000108095
0.000110789
0.000113382
0.000115858
0.000118202
0.0001204
0.000122437
0.000124295
0.00012596
0.000127415
0.000128644
0.00012963
0.000130358
0.000130811
0.000130972
0.000130827
0.000130361
0.000129558
0.000128405
0.000126888
0.000124996
0.000122718
0.000120043
0.000116965
0.000113476
0.000109573
0.000105255
0.000100523
9.5383e-05
8.98474e-05
8.39351e-05
7.76752e-05
7.11106e-05
6.43018e-05
5.73299e-05
5.02565e-05
4.31757e-05
3.62377e-05
2.96485e-05
2.36783e-05
1.86708e-05
1.50995e-05
3.03836e-06
3.27378e-06
3.57649e-06
3.9134e-06
4.27912e-06
4.67394e-06
5.09937e-06
5.55716e-06
6.04917e-06
6.5773e-06
7.14351e-06
7.74976e-06
8.39808e-06
9.09049e-06
9.82905e-06
1.06158e-05
1.14528e-05
1.23422e-05
1.32859e-05
1.42859e-05
1.53442e-05
1.64627e-05
1.76432e-05
1.88875e-05
2.01971e-05
2.15736e-05
2.30184e-05
2.45326e-05
2.61174e-05
2.77735e-05
2.95016e-05
3.1302e-05
3.3175e-05
3.51204e-05
3.71377e-05
3.92262e-05
4.13848e-05
4.36119e-05
4.59057e-05
4.8264e-05
5.0684e-05
5.31625e-05
5.56959e-05
5.82801e-05
6.09104e-05
6.35816e-05
6.62881e-05
6.90237e-05
7.17815e-05
7.45542e-05
7.73337e-05
8.01117e-05
8.28788e-05
8.56254e-05
8.83413e-05
9.10156e-05
9.36369e-05
9.61934e-05
9.86725e-05
0.000101062
0.000103347
0.000105515
0.000107552
0.000109443
0.000111173
0.000112727
0.00011409
0.000115247
0.000116182
0.000116881
0.000117327
0.000117506
0.000117402
0.000117003
0.000116294
0.000115261
0.000113893
0.000112179
0.000110107
0.00010767
0.000104861
0.000101673
9.81035e-05
9.41525e-05
8.98224e-05
8.51195e-05
8.00553e-05
7.46477e-05
6.8923e-05
6.29189e-05
5.66876e-05
5.02994e-05
4.38444e-05
3.74356e-05
3.11479e-05
2.51205e-05
1.95355e-05
1.46122e-05
1.05936e-05
7.74718e-06
2.78851e-06
3.00199e-06
3.2793e-06
3.58906e-06
3.92573e-06
4.28942e-06
4.68146e-06
5.10348e-06
5.55721e-06
6.04442e-06
6.56694e-06
7.12661e-06
7.72531e-06
8.36494e-06
9.04741e-06
9.77466e-06
1.05486e-05
1.13712e-05
1.22442e-05
1.31697e-05
1.41494e-05
1.5185e-05
1.62784e-05
1.7431e-05
1.86445e-05
1.99202e-05
2.12595e-05
2.26634e-05
2.4133e-05
2.5669e-05
2.7272e-05
2.89423e-05
3.06801e-05
3.24852e-05
3.43572e-05
3.62953e-05
3.82983e-05
4.0365e-05
4.24934e-05
4.46814e-05
4.69263e-05
4.92251e-05
5.15743e-05
5.39698e-05
5.64072e-05
5.88816e-05
6.13874e-05
6.39187e-05
6.64689e-05
6.90309e-05
7.15971e-05
7.41592e-05
7.67084e-05
7.92355e-05
8.17306e-05
8.41834e-05
8.65828e-05
8.89177e-05
9.11762e-05
9.33459e-05
9.54142e-05
9.73679e-05
9.91937e-05
0.000100878
0.000102406
0.000103765
0.00010494
0.000105916
0.00010668
0.000107218
0.000107514
0.000107557
0.000107331
0.000106825
0.000106026
0.000104922
0.000103503
0.00010176
9.96832e-05
9.72664e-05
9.4504e-05
9.13925e-05
8.79307e-05
8.412e-05
7.99649e-05
7.54736e-05
7.06593e-05
6.5541e-05
6.01456e-05
5.45105e-05
4.86865e-05
4.27407e-05
3.67583e-05
3.08458e-05
2.51038e-05
1.96371e-05
1.46084e-05
1.02166e-05
6.68129e-06
4.20627e-06
2.60343e-06
2.79986e-06
3.05803e-06
3.34758e-06
3.66274e-06
4.0034e-06
4.37077e-06
4.76638e-06
5.19187e-06
5.64892e-06
6.13926e-06
6.66464e-06
7.22684e-06
7.82768e-06
8.46897e-06
9.15255e-06
9.88026e-06
1.06539e-05
1.14753e-05
1.23463e-05
1.32685e-05
1.42438e-05
1.52736e-05
1.63596e-05
1.75032e-05
1.87058e-05
1.99686e-05
2.12927e-05
2.2679e-05
2.41283e-05
2.56411e-05
2.72178e-05
2.88585e-05
3.05631e-05
3.2331e-05
3.41616e-05
3.60539e-05
3.80064e-05
4.00174e-05
4.20848e-05
4.4206e-05
4.63782e-05
4.85979e-05
5.08613e-05
5.3164e-05
5.55014e-05
5.7868e-05
6.02582e-05
6.26655e-05
6.50832e-05
6.75038e-05
6.99195e-05
7.23218e-05
7.47016e-05
7.70497e-05
7.9356e-05
8.16101e-05
8.38011e-05
8.59176e-05
8.7948e-05
8.98799e-05
9.17011e-05
9.33985e-05
9.49593e-05
9.63703e-05
9.7618e-05
9.86893e-05
9.95705e-05
0.000100248
0.00010071
0.000100942
0.000100932
0.000100668
0.000100138
9.93306e-05
9.82365e-05
9.68461e-05
9.51511e-05
9.31444e-05
9.08204e-05
8.81752e-05
8.52066e-05
8.19145e-05
7.83015e-05
7.4373e-05
7.01376e-05
6.56083e-05
6.08029e-05
5.57456e-05
5.04687e-05
4.50157e-05
3.94435e-05
3.38251e-05
2.82457e-05
2.28142e-05
1.76167e-05
1.27913e-05
8.52537e-06
5.05518e-06
2.61717e-06
2.4986e-06
2.68418e-06
2.93109e-06
3.20907e-06
3.512e-06
3.83961e-06
4.19302e-06
4.57371e-06
4.98326e-06
5.42331e-06
5.89553e-06
6.40162e-06
6.94334e-06
7.52242e-06
8.14065e-06
8.79982e-06
9.5017e-06
1.02481e-05
1.10407e-05
1.18814e-05
1.27718e-05
1.37135e-05
1.47082e-05
1.57574e-05
1.68625e-05
1.80249e-05
1.92457e-05
2.05261e-05
2.18669e-05
2.32689e-05
2.47326e-05
2.62585e-05
2.78465e-05
2.94967e-05
3.12085e-05
3.29813e-05
3.48141e-05
3.67055e-05
3.86539e-05
4.06571e-05
4.27128e-05
4.48181e-05
4.69696e-05
4.91637e-05
5.13961e-05
5.36622e-05
5.59568e-05
5.82742e-05
6.06083e-05
6.29524e-05
6.52993e-05
6.76412e-05
6.997e-05
7.22768e-05
7.45525e-05
7.67874e-05
7.89713e-05
8.10935e-05
8.3143e-05
8.51084e-05
8.69777e-05
8.8739e-05
9.03798e-05
9.18874e-05
9.32492e-05
9.44522e-05
9.54836e-05
9.63304e-05
9.69799e-05
9.74195e-05
9.76367e-05
9.76196e-05
9.73566e-05
9.68369e-05
9.605e-05
9.49866e-05
9.36379e-05
9.19967e-05
9.00564e-05
8.78122e-05
8.52609e-05
8.24008e-05
7.92324e-05
7.57586e-05
7.19849e-05
6.79201e-05
6.35762e-05
5.89697e-05
5.41219e-05
4.90599e-05
4.38191e-05
3.84475e-05
3.30122e-05
2.75994e-05
2.23099e-05
1.7229e-05
1.247e-05
8.18917e-06
4.61023e-06
2.01183e-06
0.000901011
0.000900462
0.000896897
0.000892234
0.000886984
0.000881328
0.000875342
0.000869054
0.000862458
0.000855525
0.000848196
0.000840393
0.000832018
0.000822963
0.00081313
0.000802477
0.000791088
0.000779333
0.000768186
0.00075994
0.00089141
0.000890374
0.000885725
0.000879674
0.000872954
0.000865834
0.000858416
0.000850727
0.00084275
0.000834436
0.000825706
0.000816451
0.000806546
0.000795858
0.000784275
0.000771759
0.000758443
0.000744822
0.000732138
0.000723111
0.000877875
0.000875497
0.000869514
0.000861975
0.000853694
0.000845007
0.000836051
0.000826861
0.000817412
0.000807638
0.000797435
0.000786668
0.000775184
0.000762828
0.000749482
0.000735121
0.000719934
0.000704548
0.000690449
0.000680713
0.000857445
0.000853345
0.000845812
0.000836731
0.000826895
0.000816664
0.000806197
0.00079554
0.000784664
0.000773488
0.000761885
0.000749697
0.000736747
0.000722865
0.000707928
0.000691933
0.000675138
0.000658308
0.000643158
0.00063306
0.000826371
0.000820507
0.000811434
0.000800916
0.000789698
0.000778135
0.000766389
0.000754509
0.000742464
0.00073016
0.000717454
0.000704166
0.000690102
0.000675082
0.000658984
0.000641837
0.000623974
0.000606308
0.000590757
0.000580811
0.000780202
0.000772869
0.000762601
0.00075105
0.000738908
0.000726506
0.000713998
0.000701428
0.00068876
0.000675895
0.000662672
0.0006489
0.000634377
0.000618916
0.000602402
0.000584901
0.000566831
0.00054924
0.000534198
0.000524985
0.000714427
0.000706294
0.000695586
0.000683803
0.000671568
0.000659179
0.000646772
0.000634382
0.00062197
0.000609426
0.000596586
0.00058326
0.000569248
0.000554363
0.000538501
0.000521767
0.000504656
0.000488317
0.00047484
0.000466904
0.000625917
0.000618008
0.000608014
0.000597189
0.000586062
0.000574884
0.000563762
0.000552718
0.000541708
0.000530614
0.000519296
0.000507585
0.000495295
0.000482248
0.000468363
0.000453768
0.000439002
0.000425241
0.000414322
0.000408084
0.000515182
0.000508703
0.000500786
0.00049232
0.000483687
0.000475069
0.000466537
0.000458089
0.000449667
0.000441195
0.000432575
0.000423681
0.000414365
0.000404486
0.000393977
0.000382968
0.000371975
0.000362012
0.00035438
0.000350098
0.000388738
0.000384706
0.000380052
0.000375151
0.000370174
0.000365207
0.000360262
0.000355346
0.000350428
0.000345484
0.000340455
0.000335292
0.00032991
0.00032425
0.000318269
0.000312073
0.000306005
0.000300644
0.000296643
0.000294449
0.000263081
0.000261728
0.000260673
0.00025965
0.000258581
0.000257438
0.000256229
0.000254961
0.000253641
0.000252277
0.000250873
0.000249449
0.000248034
0.000246675
0.000245441
0.00024439
0.000243537
0.000242893
0.000242499
0.000242425
0.000166179
0.000166571
0.000167708
0.000169055
0.000170418
0.000171712
0.000172912
0.000174016
0.00017506
0.000176082
0.000177126
0.000178258
0.000179566
0.000181156
0.000183129
0.000185535
0.000188282
0.000191061
0.000193426
0.000195032
9.79501e-05
9.91697e-05
0.000101276
0.000103675
0.000106144
0.000108589
0.00011097
0.000113282
0.000115548
0.000117821
0.000120173
0.000122689
0.000125478
0.000128662
0.000132354
0.000136603
0.00014131
0.000146101
0.000150259
0.000152974
5.40491e-05
5.54083e-05
5.76188e-05
6.01384e-05
6.27666e-05
6.54159e-05
6.80486e-05
7.06584e-05
7.32641e-05
7.59118e-05
7.86748e-05
8.16402e-05
8.49137e-05
8.8612e-05
9.28442e-05
9.7666e-05
0.000103002
0.000108524
0.000113478
0.00011673
2.80662e-05
2.91831e-05
3.10318e-05
3.31701e-05
3.5435e-05
3.77542e-05
4.00956e-05
4.2454e-05
4.48457e-05
4.73089e-05
4.99046e-05
5.27101e-05
5.58167e-05
5.93257e-05
6.33331e-05
6.78958e-05
7.29695e-05
7.8296e-05
8.32183e-05
8.64969e-05
1.38259e-05
1.4575e-05
1.59132e-05
1.75029e-05
1.92188e-05
2.10043e-05
2.28347e-05
2.47062e-05
2.66324e-05
2.86439e-05
3.07879e-05
3.31263e-05
3.57332e-05
3.86902e-05
4.20772e-05
4.59476e-05
5.02801e-05
5.48877e-05
5.92513e-05
6.22609e-05
6.55236e-06
6.96143e-06
7.82872e-06
8.90225e-06
1.00869e-05
1.13406e-05
1.26458e-05
1.40009e-05
1.54169e-05
1.69171e-05
1.85364e-05
2.03214e-05
2.23285e-05
2.4621e-05
2.72618e-05
3.02971e-05
3.3721e-05
3.74048e-05
4.09613e-05
4.35047e-05
3.06292e-06
3.22173e-06
3.73482e-06
4.40769e-06
5.16794e-06
5.98617e-06
6.85192e-06
7.76563e-06
8.73613e-06
9.78013e-06
1.09224e-05
1.21962e-05
1.36423e-05
1.53077e-05
1.72401e-05
1.94772e-05
2.20216e-05
2.47888e-05
2.75038e-05
2.95064e-05
1.46405e-06
1.4735e-06
1.75668e-06
2.15299e-06
2.61095e-06
3.1129e-06
3.65385e-06
4.23532e-06
4.86385e-06
5.55091e-06
6.31328e-06
7.17348e-06
8.15983e-06
9.30551e-06
1.06455e-05
1.22092e-05
1.40037e-05
1.59776e-05
1.79453e-05
1.9436e-05
7.20804e-07
6.83071e-07
8.33428e-07
1.05374e-06
1.31434e-06
1.60638e-06
1.92795e-06
2.28066e-06
2.66901e-06
3.10047e-06
3.58587e-06
4.13981e-06
4.7809e-06
5.53144e-06
6.41583e-06
7.45603e-06
8.66152e-06
1.00065e-05
1.13781e-05
1.24611e-05
0.001
0.001
0.001
0.001
0.001
0.001
0.001
0.001
0.001
0.001
0.001
0.001
0.001
0.001
0.001
0.001
0.001
0.001
0.001
0.001
0.001
0.001
0.001
0.001
0.001
0.001
0.001
0.001
0.001
0.001
0.001
0.001
0.001
0.001
0.001
0.001
0.001
0.001
0.001
0.001
0.001
0.001
0.001
0.001
0.001
0.001
0.001
0.001
0.001
0.001
0.001
0.001
0.001
0.001
0.001
0.001
0.001
0.001
0.001
0.001
0.001
0.001
0.001
0.001
0.001
0.001
0.001
0.001
0.001
0.001
0.001
0.001
0.001
0.001
0.001
0.001
0.001
0.001
0.001
0.001
0.001
0.001
0.001
0.001
0.001
0.001
0.001
0.001
0.001
0.001
0.001
0.001
0.001
0.001
0.001
0.001
0.001
0.001
0.001
0.001
0.001
0.001
0.001
0.001
0.001
0.001
0.001
0.001
0.001
0.001
0.001
0.001
0.001
0.001
0.001
0.001
0.001
0.001
0.001
0.001
0.001
0.001
0.001
0.001
0.001
0.001
0.001
0.001
0.001
0.001
0.001
0.001
0.001
0.001
0.001
0.001
0.001
0.001
0.001
0.001
0.001
0.001
0.001
0.001
0.001
0.001
0.001
0.001
0.001
0.001
0.001
0.001
0.001
0.001
0.001
0.001
0.001
0.001
0.001
0.001
0.001
0.001
0.001
0.001
0.001
0.001
0.001
0.001
0.001
0.001
0.001
0.001
0.001
0.001
0.001
0.001
0.001
0.001
0.001
0.001
0.001
0.001
0.001
0.001
0.001
0.001
0.001
0.001
0.001
0.001
0.001
0.001
0.001
0.001
0.001
0.001
0.001
0.001
0.001
0.001
0.001
0.001
0.001
0.001
0.001
0.001
0.001
0.001
0.001
0.001
0.001
0.001
0.001
0.001
0.001
0.001
0.001
0.001
0.001
0.001
0.001
0.001
0.001
0.001
0.001
0.001
0.001
0.001
0.001
0.001
0.001
0.001
0.001
0.001
0.001
0.001
0.001
0.001
0.001
0.001
0.001
0.001
0.001
0.001
0.001
0.001
0.001
0.001
0.001
0.001
0.001
0.001
0.001
0.001
0.001
0.001
0.001
0.001
0.001
0.001
0.001
0.001
0.001
0.001
0.001
0.001
0.001
0.001
0.001
0.001
0.001
0.001
0.001
0.001
0.001
0.001
0.001
0.001
0.001
0.001
0.001
0.001
0.001
0.001
0.001
0.001
0.001
0.001
0.001
0.001
0.001
0.001
0.001
0.001
0.001
0.001
0.001
0.001
0.001
0.001
0.001
0.001
0.001
0.001
0.001
0.001
0.001
0.001
0.001
0.001
0.001
0.001
0.001
0.001
0.001
0.001
0.001
0.001
0.001
0.001
0.001
0.001
0.001
0.001
0.001
0.001
0.001
0.001
0.001
0.001
0.001
0.001
0.001
0.001
0.001
0.001
0.001
0.001
0.001
0.001
0.001
0.001
0.001
0.001
0.001
0.001
0.001
0.001
0.001
0.001
0.001
0.001
0.001
0.001
0.001
0.001
0.001
0.001
0.001
0.001
0.001
0.001
0.001
0.001
0.001
0.001
0.001
0.001
0.001
0.001
0.001
0.001
0.001
0.001
0.001
0.001
0.001
0.001
0.001
0.001
0.001
0.001
0.001
0.001
0.001
0.001
0.001
0.001
0.001
0.001
0.001
0.001
0.001
0.001
0.001
0.001
0.001
0.001
0.001
0.001
0.001
0.001
0.001
0.001
0.001
0.001
0.001
0.001
0.001
0.001
0.001
0.001
0.001
0.001
0.001
0.001
0.001
0.001
0.001
0.001
0.001
0.001
0.001
0.001
0.001
0.001
0.001
0.001
0.001
0.001
0.001
0.001
0.001
0.001
0.001
0.001
0.001
0.001
0.001
0.001
0.001
0.001
0.001
0.001
0.001
0.001
0.001
0.001
0.001
0.001
0.001
0.001
0.001
0.001
0.001
0.001
0.001
0.001
0.001
0.001
0.001
0.001
0.001
0.001
0.001
0.001
0.001
0.001
0.001
0.001
0.001
0.001
0.001
0.001
0.001
0.001
0.001
0.001
0.001
0.001
0.001
0.001
0.001
0.001
0.001
0.001
0.001
0.001
0.001
0.001
0.001
0.001
0.001
0.001
0.001
0.001
0.001
0.001
0.001
0.001
0.001
0.001
0.001
0.001
0.001
0.001
0.001
0.001
0.001
0.001
0.001
0.001
0.001
0.001
0.001
0.001
0.001
0.001
0.001
0.001
0.001
0.001
0.001
0.001
0.001
0.001
0.001
0.001
0.001
0.001
0.001
0.001
0.001
0.001
0.001
0.001
0.001
0.001
0.001
0.001
0.001
0.001
0.001
0.001
0.001
0.001
0.001
0.001
0.001
0.001
0.001
0.001
0.001
0.001
0.001
0.001
0.001
0.001
0.001
0.001
0.001
0.001
0.001
0.001
0.001
0.001
0.001
0.001
0.001
0.001
0.001
0.001
0.001
0.001
0.001
0.001
0.001
0.001
0.001
0.001
0.001
0.001
0.001
0.001
0.001
0.001
0.001
0.001
0.001
0.001
0.001
0.001
0.001
0.001
0.001
0.001
0.001
0.001
0.001
0.001
0.001
0.001
0.001
0.001
0.001
0.001
0.001
0.001
0.001
0.001
0.001
0.001
0.001
0.001
0.001
0.001
0.001
0.001
0.001
0.001
0.001
0.001
0.001
0.001
0.001
0.001
0.001
0.001
0.001
0.001
0.001
0.001
0.001
0.001
0.001
0.001
0.001
0.001
0.001
0.001
0.001
0.001
0.001
0.001
0.001
0.001
0.001
0.001
0.001
0.001
0.001
0.001
0.001
0.001
0.001
0.001
0.001
0.001
0.001
0.001
0.001
0.001
0.001
0.001
0.001
0.001
0.001
0.001
0.001
0.001
0.001
0.001
0.001
0.001
0.001
0.001
0.001
0.001
0.001
0.001
0.001
0.001
0.001
0.001
0.001
0.001
0.001
0.001
0.001
0.001
0.001
0.001
0.001
0.001
0.001
0.001
0.001
0.001
0.001
0.001
0.001
0.001
0.001
0.001
0.001
0.001
0.001
0.001
0.001
0.001
0.001
0.001
0.001
0.001
0.001
0.001
0.001
0.001
0.001
0.001
0.001
0.001
0.001
0.001
0.001
0.001
0.001
0.001
0.001
0.001
0.001
0.001
0.001
0.001
0.001
0.001
0.001
0.001
0.001
0.001
0.001
0.001
0.001
0.001
0.001
0.001
0.001
0.001
0.001
0.001
0.001
0.001
0.001
0.001
0.001
0.001
0.001
0.001
0.001
0.001
0.001
0.001
0.001
0.001
0.001
0.001
0.001
0.001
0.001
0.001
0.001
0.001
0.001
0.001
0.001
0.001
0.001
0.001
0.001
0.001
0.001
0.001
0.001
0.001
0.001
0.001
0.001
0.001
0.001
0.001
0.001
0.001
0.001
0.001
0.001
0.001
0.001
0.001
0.001
0.001
0.001
0.001
0.001
0.001
0.001
0.001
0.001
0.001
0.001
0.001
0.001
0.001
0.001
0.001
0.001
0.001
0.001
0.001
0.001
0.001
0.001
0.001
0.001
0.001
0.001
0.001
0.001
0.001
0.001
0.001
0.001
0.001
0.001
0.001
0.001
0.001
0.001
0.001
0.001
0.001
0.001
0.001
0.001
0.001
0.001
0.001
0.001
0.001
0.001
0.001
0.001
0.001
0.001
0.001
0.001
0.001
0.001
0.001
0.001
0.001
0.001
0.001
0.001
0.001
0.001
0.001
0.001
0.001
0.001
0.001
0.001
0.001
0.001
0.001
0.001
0.001
0.001
0.001
0.001
0.001
0.001
0.001
0.001
0.001
0.001
0.001
0.001
0.001
0.001
0.001
0.001
0.001
0.001
0.001
0.001
0.001
0.001
0.001
0.001
0.001
0.001
0.001
0.001
0.001
0.001
0.001
0.001
0.001
0.001
0.001
0.001
0.001
0.001
0.001
0.001
0.001
0.001
0.001
0.001
0.001
0.000999999
0.000999999
0.000999999
0.000999999
0.000999999
0.001
0.001
0.001
0.001
0.001
0.001
0.001
0.001
0.001
0.001
0.001
0.000999999
0.000999999
0.000999999
0.000999999
0.000999999
0.000999999
0.000999999
0.000999999
0.000999999
0.000999999
0.000999999
0.000999999
0.000999999
0.000999999
0.000999999
0.000999999
0.000999999
0.000999999
0.000999999
0.000999999
0.000999999
0.000999999
0.000999999
0.000999999
0.000999999
0.000999999
0.000999999
0.000999999
0.000999999
0.000999999
0.000999999
0.000999999
0.000999999
0.000999999
0.000999999
0.000999999
0.000999999
0.000999999
0.000999999
0.000999999
0.000999999
0.000999999
0.000999999
0.000999999
0.000999998
0.000999998
0.000999998
0.000999999
0.000999999
0.000999999
0.000999999
0.000999999
0.000999999
0.000999999
0.000999999
0.000999999
0.000999999
0.000999999
0.000999999
0.000999999
0.000999999
0.000999998
0.000999998
0.000999998
0.000999998
0.000999998
0.000999998
0.000999998
0.000999998
0.000999998
0.000999998
0.000999998
0.000999998
0.000999998
0.000999998
0.000999998
0.000999998
0.000999998
0.000999998
0.000999998
0.000999998
0.000999998
0.000999998
0.000999998
0.000999997
0.000999997
0.000999997
0.000999997
0.000999997
0.000999997
0.000999997
0.000999997
0.000999997
0.000999997
0.000999997
0.000999997
0.000999997
0.000999997
0.000999997
0.000999997
0.000999997
0.000999997
0.000999997
0.000999997
0.000999996
0.000999996
0.000999996
0.000999996
0.000999996
0.000999996
0.000999996
0.000999996
0.000999996
0.000999996
0.000999996
0.000999996
0.000999996
0.000999996
0.000999996
0.000999996
0.000999996
0.000999996
0.000999996
0.000999996
0.000999994
0.000999994
0.000999994
0.000999995
0.000999995
0.000999995
0.000999995
0.000999995
0.000999995
0.000999995
0.000999995
0.000999995
0.000999995
0.000999995
0.000999995
0.000999995
0.000999995
0.000999994
0.000999994
0.000999994
0.000999992
0.000999992
0.000999992
0.000999993
0.000999993
0.000999993
0.000999993
0.000999993
0.000999993
0.000999993
0.000999993
0.000999993
0.000999993
0.000999993
0.000999993
0.000999993
0.000999993
0.000999992
0.000999992
0.000999992
0.000999989
0.000999989
0.000999989
0.00099999
0.00099999
0.00099999
0.000999991
0.000999991
0.000999991
0.000999991
0.000999991
0.000999991
0.000999991
0.000999991
0.00099999
0.00099999
0.00099999
0.000999989
0.000999989
0.000999989
0.000999985
0.000999985
0.000999986
0.000999986
0.000999987
0.000999987
0.000999987
0.000999987
0.000999988
0.000999988
0.000999988
0.000999988
0.000999987
0.000999987
0.000999987
0.000999987
0.000999986
0.000999986
0.000999985
0.000999985
0.000999979
0.00099998
0.000999981
0.000999981
0.000999982
0.000999982
0.000999983
0.000999983
0.000999983
0.000999983
0.000999983
0.000999983
0.000999983
0.000999983
0.000999982
0.000999982
0.000999981
0.000999981
0.00099998
0.000999979
0.000999972
0.000999973
0.000999974
0.000999975
0.000999976
0.000999976
0.000999977
0.000999977
0.000999977
0.000999978
0.000999978
0.000999977
0.000999977
0.000999977
0.000999976
0.000999976
0.000999975
0.000999974
0.000999973
0.000999972
0.000999963
0.000999964
0.000999965
0.000999966
0.000999967
0.000999968
0.000999969
0.000999969
0.00099997
0.00099997
0.00099997
0.00099997
0.000999969
0.000999969
0.000999968
0.000999967
0.000999966
0.000999965
0.000999964
0.000999963
0.00099995
0.000999952
0.000999953
0.000999955
0.000999956
0.000999958
0.000999958
0.000999959
0.00099996
0.00099996
0.00099996
0.00099996
0.000999959
0.000999958
0.000999958
0.000999956
0.000999955
0.000999953
0.000999952
0.00099995
0.000999934
0.000999936
0.000999938
0.00099994
0.000999942
0.000999944
0.000999945
0.000999946
0.000999946
0.000999947
0.000999947
0.000999946
0.000999946
0.000999945
0.000999944
0.000999942
0.00099994
0.000999938
0.000999936
0.000999934
0.000999913
0.000999915
0.000999918
0.000999921
0.000999924
0.000999926
0.000999927
0.000999928
0.000999929
0.00099993
0.00099993
0.000999929
0.000999928
0.000999927
0.000999926
0.000999924
0.000999921
0.000999918
0.000999915
0.000999913
0.000999886
0.000999889
0.000999893
0.000999896
0.0009999
0.000999902
0.000999904
0.000999906
0.000999907
0.000999907
0.000999907
0.000999907
0.000999906
0.000999904
0.000999902
0.0009999
0.000999896
0.000999893
0.000999889
0.000999886
0.000999851
0.000999855
0.00099986
0.000999864
0.000999869
0.000999872
0.000999875
0.000999877
0.000999878
0.000999879
0.000999879
0.000999878
0.000999877
0.000999875
0.000999872
0.000999869
0.000999864
0.00099986
0.000999855
0.000999851
0.000999806
0.000999811
0.000999817
0.000999823
0.000999829
0.000999833
0.000999837
0.00099984
0.000999841
0.000999842
0.000999842
0.000999841
0.00099984
0.000999837
0.000999833
0.000999829
0.000999823
0.000999817
0.000999811
0.000999806
0.000999748
0.000999755
0.000999763
0.000999771
0.000999778
0.000999784
0.000999789
0.000999792
0.000999794
0.000999795
0.000999795
0.000999794
0.000999792
0.000999788
0.000999784
0.000999778
0.000999771
0.000999763
0.000999755
0.000999748
0.000999675
0.000999684
0.000999695
0.000999705
0.000999714
0.000999721
0.000999727
0.000999731
0.000999734
0.000999736
0.000999736
0.000999734
0.000999731
0.000999727
0.000999721
0.000999714
0.000999705
0.000999695
0.000999684
0.000999675
0.000999583
0.000999594
0.000999608
0.000999621
0.000999632
0.000999642
0.000999649
0.000999655
0.000999659
0.000999661
0.000999661
0.000999659
0.000999655
0.000999649
0.000999641
0.000999632
0.000999621
0.000999608
0.000999594
0.000999583
0.000999467
0.000999482
0.000999499
0.000999515
0.000999529
0.000999542
0.000999551
0.000999558
0.000999563
0.000999566
0.000999566
0.000999563
0.000999558
0.000999551
0.000999541
0.000999529
0.000999515
0.000999498
0.000999481
0.000999467
0.000999323
0.000999341
0.000999362
0.000999383
0.000999401
0.000999416
0.000999428
0.000999438
0.000999444
0.000999447
0.000999447
0.000999444
0.000999437
0.000999428
0.000999416
0.0009994
0.000999382
0.000999361
0.00099934
0.000999322
0.000999142
0.000999165
0.000999192
0.000999218
0.000999241
0.00099926
0.000999275
0.000999287
0.000999294
0.000999298
0.000999298
0.000999294
0.000999286
0.000999275
0.000999259
0.00099924
0.000999217
0.000999191
0.000999164
0.000999141
0.000998919
0.000998947
0.00099898
0.000999013
0.000999042
0.000999066
0.000999085
0.000999099
0.000999109
0.000999114
0.000999114
0.000999109
0.000999099
0.000999084
0.000999065
0.000999041
0.000999012
0.000998979
0.000998946
0.000998918
0.000998644
0.000998678
0.00099872
0.00099876
0.000998796
0.000998826
0.00099885
0.000998868
0.00099888
0.000998886
0.000998886
0.000998879
0.000998867
0.000998849
0.000998825
0.000998794
0.000998758
0.000998718
0.000998676
0.000998641
0.000998306
0.000998348
0.0009984
0.00099845
0.000998494
0.000998531
0.000998561
0.000998583
0.000998598
0.000998605
0.000998605
0.000998597
0.000998582
0.000998559
0.000998529
0.000998491
0.000998447
0.000998397
0.000998345
0.000998302
0.000997893
0.000997945
0.000998008
0.00099807
0.000998124
0.00099817
0.000998207
0.000998234
0.000998252
0.000998261
0.000998261
0.000998251
0.000998232
0.000998204
0.000998167
0.000998121
0.000998065
0.000998003
0.00099794
0.000997887
0.000997391
0.000997455
0.000997532
0.000997608
0.000997674
0.00099773
0.000997775
0.000997809
0.000997831
0.000997842
0.000997841
0.000997829
0.000997806
0.000997772
0.000997726
0.000997668
0.000997601
0.000997524
0.000997446
0.000997382
0.000996784
0.000996861
0.000996956
0.000997047
0.000997129
0.000997197
0.000997252
0.000997293
0.00099732
0.000997333
0.000997332
0.000997317
0.000997289
0.000997246
0.00099719
0.000997119
0.000997037
0.000996943
0.000996848
0.00099677
0.000996053
0.000996147
0.000996261
0.000996372
0.000996471
0.000996554
0.00099662
0.00099667
0.000996702
0.000996717
0.000996716
0.000996698
0.000996663
0.000996611
0.000996542
0.000996456
0.000996355
0.000996242
0.000996126
0.000996031
0.000995178
0.000995291
0.000995428
0.000995562
0.000995681
0.000995781
0.000995861
0.00099592
0.000995959
0.000995977
0.000995975
0.000995952
0.000995909
0.000995846
0.000995762
0.000995658
0.000995535
0.000995398
0.000995257
0.000995143
0.000994136
0.00099427
0.000994434
0.000994595
0.000994737
0.000994857
0.000994952
0.000995023
0.000995069
0.00099509
0.000995087
0.000995059
0.000995007
0.000994929
0.000994828
0.000994702
0.000994553
0.000994388
0.000994218
0.000994081
0.000992899
0.000993059
0.000993255
0.000993446
0.000993615
0.000993757
0.000993871
0.000993955
0.000994009
0.000994033
0.000994028
0.000993993
0.000993929
0.000993835
0.000993712
0.00099356
0.000993382
0.000993182
0.000992979
0.000992814
0.000991441
0.00099163
0.000991861
0.000992087
0.000992287
0.000992456
0.000992589
0.000992687
0.00099275
0.000992777
0.00099277
0.000992727
0.000992648
0.000992535
0.000992386
0.000992204
0.000991989
0.00099175
0.000991507
0.00099131
0.000989731
0.000989952
0.000990224
0.00099049
0.000990725
0.000990922
0.000991078
0.000991192
0.000991264
0.000991294
0.000991282
0.000991228
0.000991132
0.000990995
0.000990816
0.000990597
0.00099034
0.000990054
0.000989764
0.000989531
0.000987737
0.000987994
0.000988312
0.000988621
0.000988895
0.000989124
0.000989304
0.000989435
0.000989516
0.000989547
0.000989529
0.000989461
0.000989345
0.000989178
0.000988963
0.0009887
0.000988393
0.000988053
0.000987708
0.000987432
0.000985425
0.000985723
0.00098609
0.000986448
0.000986764
0.000987028
0.000987234
0.000987381
0.00098747
0.000987501
0.000987473
0.000987388
0.000987244
0.000987043
0.000986784
0.00098647
0.000986103
0.000985698
0.000985289
0.000984963
0.000982763
0.000983104
0.000983525
0.000983935
0.000984297
0.000984596
0.000984828
0.000984992
0.000985086
0.000985113
0.000985071
0.000984962
0.000984785
0.000984541
0.00098423
0.000983853
0.000983416
0.000982935
0.000982451
0.000982066
0.000979716
0.000980104
0.000980583
0.000981047
0.000981455
0.000981791
0.000982047
0.000982224
0.00098232
0.000982337
0.000982275
0.000982134
0.000981915
0.000981618
0.000981242
0.000980791
0.00098027
0.000979699
0.000979127
0.000978673
0.000976256
0.000976692
0.00097723
0.00097775
0.000978204
0.000978573
0.00097885
0.000979034
0.000979125
0.000979124
0.000979031
0.000978848
0.000978574
0.000978209
0.000977755
0.000977213
0.000976592
0.000975913
0.000975236
0.000974703
0.000972358
0.000972842
0.000973438
0.000974011
0.000974506
0.000974903
0.000975193
0.000975375
0.00097545
0.000975417
0.00097528
0.000975038
0.000974692
0.000974242
0.000973689
0.000973036
0.000972292
0.000971484
0.000970683
0.000970054
0.000968002
0.000968532
0.000969181
0.000969801
0.000970329
0.000970741
0.000971031
0.000971195
0.000971236
0.000971154
0.000970951
0.000970628
0.000970186
0.000969625
0.000968947
0.000968155
0.00096726
0.000966295
0.000965343
0.000964602
0.000963181
0.000963752
0.000964444
0.000965096
0.000965639
0.000966049
0.000966316
0.000966439
0.000966419
0.000966258
0.000965959
0.000965524
0.000964952
0.000964247
0.000963407
0.000962439
0.000961355
0.000960195
0.000959059
0.000958181
0.000957901
0.0009585
0.000959217
0.000959878
0.000960409
0.000960784
0.000960994
0.000961038
0.000960918
0.000960636
0.000960197
0.000959604
0.000958857
0.000957958
0.000956908
0.000955712
0.000954388
0.000952982
0.000951617
0.00095057
0.000952179
0.000952789
0.000953501
0.000954133
0.000954608
0.000954899
0.000954998
0.000954905
0.000954624
0.00095416
0.000953519
0.000952703
0.000951715
0.000950555
0.000949225
0.00094773
0.000946092
0.00094437
0.000942712
0.000941453
0.000946053
0.000946643
0.000947301
0.000947843
0.000948191
0.00094832
0.000948225
0.00094791
0.00094738
0.000946645
0.000945711
0.000944581
0.000943258
0.000941741
0.000940032
0.000938137
0.000936082
0.000933942
0.000931901
0.000930366
0.000939567
0.000940089
0.000940615
0.000940967
0.000941077
0.000940925
0.000940512
0.000939847
0.000938942
0.000937807
0.00093645
0.000934876
0.000933083
0.000931072
0.00092884
0.000926396
0.000923772
0.000921065
0.000918506
0.000916602
0.000932766
0.000933135
0.000933398
0.000933403
0.0009331
0.000932485
0.00093157
0.000930373
0.00092891
0.000927193
0.00092523
0.000923023
0.00092057
0.000917863
0.000914898
0.000911684
0.000908264
0.000904764
0.000901483
0.000899071
0.000925659
0.000925728
0.000925507
0.000924909
0.000923927
0.000922582
0.000920902
0.000918914
0.000916638
0.000914086
0.00091126
0.000908158
0.000904767
0.000901073
0.000897065
0.00089275
0.000888189
0.000883553
0.00087924
0.000876105
0.000918154
0.000917656
0.00091659
0.000915002
0.000912955
0.000910506
0.000907703
0.000904578
0.000901148
0.00089742
0.000893386
0.000889027
0.000884315
0.000879219
0.000873715
0.000867809
0.000861584
0.00085528
0.00084945
0.000845259
0.000909841
0.000908459
0.000906051
0.000902947
0.00089933
0.000895303
0.000890925
0.000886228
0.00088122
0.000875888
0.000870204
0.000864121
0.000857582
0.000850523
0.000842893
0.000834687
0.000826011
0.000817197
0.000809031
0.000803199
2.4587e-07
2.76965e-07
3.45406e-07
4.40154e-07
5.54954e-07
6.87358e-07
8.37141e-07
1.00558e-06
1.19524e-06
1.41009e-06
1.65559e-06
1.93887e-06
2.26877e-06
2.65555e-06
3.10983e-06
3.63989e-06
4.24581e-06
4.90756e-06
5.56118e-06
6.05272e-06
8.25438e-08
9.45136e-08
1.17614e-07
1.5004e-07
1.90586e-07
2.38793e-07
2.94818e-07
3.59321e-07
4.33435e-07
5.18783e-07
6.17522e-07
7.3238e-07
8.66642e-07
1.024e-06
1.20811e-06
1.42153e-06
1.66338e-06
1.92485e-06
2.18077e-06
2.37309e-06
2.92124e-08
3.27947e-08
4.00814e-08
5.07261e-08
6.44857e-08
8.13033e-08
1.01306e-07
1.24788e-07
1.52205e-07
1.84177e-07
2.21502e-07
2.65164e-07
3.16316e-07
3.76232e-07
4.46143e-07
5.2687e-07
6.18018e-07
7.16343e-07
8.12691e-07
8.85799e-07
1.04863e-08
1.1494e-08
1.3716e-08
1.71126e-08
2.1646e-08
2.73244e-08
3.42113e-08
4.24248e-08
5.2136e-08
6.35703e-08
7.70095e-08
9.27931e-08
1.11313e-07
1.32997e-07
1.58254e-07
1.87361e-07
2.20193e-07
2.55648e-07
2.90541e-07
3.17303e-07
3.76635e-09
4.04009e-09
4.70365e-09
5.76625e-09
7.22754e-09
9.09761e-09
1.1403e-08
1.41876e-08
1.75125e-08
2.14561e-08
2.61144e-08
3.16014e-08
3.80469e-08
4.55912e-08
5.43697e-08
6.44767e-08
7.58784e-08
8.82189e-08
1.00424e-07
1.09877e-07
1.3458e-09
1.41724e-09
1.61192e-09
1.93923e-09
2.40236e-09
3.00639e-09
3.7613e-09
4.68252e-09
5.79093e-09
7.11287e-09
8.68021e-09
1.05302e-08
1.27052e-08
1.52503e-08
1.82099e-08
2.16156e-08
2.54597e-08
2.96303e-08
3.37746e-08
3.70121e-08
4.77112e-10
4.9466e-10
5.50722e-10
6.50153e-10
7.94892e-10
9.86972e-10
1.22986e-09
1.52874e-09
1.89053e-09
2.32381e-09
2.83892e-09
3.44783e-09
4.16403e-09
5.00199e-09
5.97586e-09
7.09616e-09
8.3614e-09
9.73721e-09
1.11102e-08
1.21907e-08
1.67595e-10
1.71469e-10
1.8727e-10
2.17072e-10
2.61745e-10
3.22036e-10
3.99073e-10
4.94531e-10
6.1063e-10
7.50119e-10
9.16272e-10
1.11287e-09
1.34417e-09
1.61472e-09
1.92901e-09
2.29044e-09
2.69884e-09
3.14381e-09
3.58951e-09
3.94256e-09
5.82964e-11
5.89708e-11
6.33087e-11
7.2121e-11
8.57497e-11
1.04457e-10
1.28599e-10
1.58697e-10
1.95445e-10
2.39703e-10
2.92493e-10
3.54994e-10
4.28529e-10
5.14515e-10
6.14352e-10
7.29136e-10
8.58887e-10
1.0005e-09
1.14281e-09
1.25616e-09
2.0076e-11
2.01108e-11
2.12624e-11
2.38325e-11
2.79457e-11
3.3689e-11
4.11751e-11
5.05623e-11
6.20615e-11
7.5937e-11
9.25033e-11
1.12123e-10
1.35203e-10
1.62181e-10
1.9349e-10
2.29477e-10
2.7017e-10
3.14649e-10
3.59475e-10
3.95351e-10
6.84519e-12
6.79941e-12
7.09153e-12
7.8302e-12
9.05907e-12
1.0806e-11
1.31051e-11
1.60046e-11
1.95679e-11
2.38745e-11
2.90197e-11
3.51141e-11
4.22818e-11
5.06564e-11
6.03717e-11
7.15363e-11
8.41648e-11
9.79856e-11
1.11949e-10
1.2317e-10
2.31127e-12
2.27903e-12
2.34831e-12
2.55728e-12
2.92083e-12
3.44762e-12
4.14783e-12
5.03573e-12
6.13028e-12
7.45523e-12
9.03922e-12
1.09156e-11
1.31219e-11
1.56988e-11
1.86875e-11
2.21214e-11
2.60065e-11
3.02627e-11
3.45719e-11
3.80473e-11
7.73009e-13
7.57371e-13
7.72008e-13
8.30095e-13
9.36603e-13
1.09418e-12
1.3058e-12
1.57562e-12
1.90924e-12
2.31375e-12
2.79769e-12
3.37104e-12
4.04515e-12
4.83233e-12
5.74504e-12
6.79357e-12
7.97995e-12
9.28072e-12
1.06001e-11
1.16676e-11
2.56168e-13
2.49586e-13
2.5197e-13
2.67792e-13
2.9869e-13
3.45463e-13
4.08965e-13
4.904e-13
5.91406e-13
7.14076e-13
8.60952e-13
1.03502e-12
1.23968e-12
1.47863e-12
1.75561e-12
2.07374e-12
2.43371e-12
2.82864e-12
3.2299e-12
3.55548e-12
8.4143e-14
8.15798e-14
8.16536e-14
8.58614e-14
9.47363e-14
1.08518e-13
1.2745e-13
1.51876e-13
1.82272e-13
2.19255e-13
2.63575e-13
3.16122e-13
3.77906e-13
4.50032e-13
5.33616e-13
6.29594e-13
7.38197e-13
8.57419e-13
9.78731e-13
1.07741e-12
2.74045e-14
2.64553e-14
2.62764e-14
2.73629e-14
2.98867e-14
3.39194e-14
3.95292e-14
4.68142e-14
5.59121e-14
6.70025e-14
8.03069e-14
9.60877e-14
1.14644e-13
1.36304e-13
1.61399e-13
1.90209e-13
2.22809e-13
2.58615e-13
2.95098e-13
3.24846e-13
8.85303e-15
8.51396e-15
8.39847e-15
8.66843e-15
9.37884e-15
1.05509e-14
1.22038e-14
1.43652e-14
1.70747e-14
2.03843e-14
2.4359e-14
2.90758e-14
3.4623e-14
4.10971e-14
4.85966e-14
5.72049e-14
6.69454e-14
7.76485e-14
8.85678e-14
9.7491e-14
2.83783e-15
2.72e-15
2.66664e-15
2.73017e-15
2.92802e-15
3.26649e-15
3.75089e-15
4.38901e-15
5.19213e-15
6.17531e-15
7.35743e-15
8.76105e-15
1.0412e-14
1.23388e-14
1.45703e-14
1.71314e-14
2.00293e-14
2.32148e-14
2.64685e-14
2.91328e-14
9.02932e-16
8.62875e-16
8.41297e-16
8.55006e-16
9.09495e-16
1.00662e-15
1.14786e-15
1.33537e-15
1.57237e-15
1.86318e-15
2.21328e-15
2.62923e-15
3.11859e-15
3.68968e-15
4.35101e-15
5.10988e-15
5.96853e-15
6.91275e-15
7.87824e-15
8.67039e-15
2.85261e-16
2.71889e-16
2.63782e-16
2.66282e-16
2.81108e-16
3.08807e-16
3.49784e-16
4.0464e-16
4.74282e-16
5.59949e-16
6.63218e-16
7.85993e-16
9.30475e-16
1.09909e-15
1.29432e-15
1.51832e-15
1.77176e-15
2.05055e-15
2.33591e-15
2.57047e-15
8.95126e-17
8.51174e-17
8.22125e-17
8.24834e-17
8.6464e-17
9.43152e-17
1.06147e-16
1.22126e-16
1.42507e-16
1.67643e-16
1.97987e-16
2.3409e-16
2.76587e-16
3.26186e-16
3.83609e-16
4.49482e-16
5.24009e-16
6.06014e-16
6.90034e-16
7.59222e-16
2.7906e-17
2.64807e-17
2.5475e-17
2.54159e-17
2.64687e-17
2.86805e-17
3.20812e-17
3.67163e-17
4.26574e-17
5.00046e-17
5.88876e-17
6.94646e-17
8.19196e-17
9.64564e-17
1.13285e-16
1.32587e-16
1.54424e-16
1.78457e-16
2.03104e-16
2.23436e-16
8.64559e-18
8.18883e-18
7.84957e-18
7.79146e-18
8.06506e-18
8.68433e-18
9.65733e-18
1.09965e-17
1.27217e-17
1.48613e-17
1.74523e-17
2.054e-17
2.41773e-17
2.84229e-17
3.33375e-17
3.89737e-17
4.53493e-17
5.23676e-17
5.95715e-17
6.55242e-17
2.66247e-18
2.51761e-18
2.40551e-18
2.3766e-18
2.44626e-18
2.61856e-18
2.89572e-18
3.28109e-18
3.7802e-18
4.40103e-18
5.1541e-18
6.05233e-18
7.11087e-18
8.34658e-18
9.77688e-18
1.14169e-17
1.32719e-17
1.53142e-17
1.74123e-17
1.91489e-17
8.15201e-19
7.69696e-19
7.33279e-19
7.21387e-19
7.38671e-19
7.86317e-19
8.64917e-19
9.75392e-19
1.11926e-18
1.29876e-18
1.51688e-18
1.77728e-18
2.08429e-18
2.44272e-18
2.85757e-18
3.33316e-18
3.87102e-18
4.46328e-18
5.07219e-18
5.577e-18
2.48213e-19
2.34042e-19
2.2238e-19
2.17924e-19
2.2207e-19
2.35162e-19
2.57357e-19
2.88905e-19
3.30228e-19
3.81948e-19
4.44905e-19
5.20141e-19
6.08883e-19
7.12502e-19
8.3242e-19
9.69871e-19
1.12529e-18
1.29645e-18
1.47256e-18
1.61879e-18
7.51699e-20
7.07922e-20
6.71043e-20
6.55258e-20
6.64738e-20
7.00477e-20
7.62892e-20
8.52647e-20
9.70914e-20
1.11942e-19
1.30053e-19
1.51717e-19
1.77283e-19
2.07138e-19
2.41687e-19
2.81278e-19
3.26038e-19
3.75332e-19
4.26087e-19
4.68299e-19
2.26462e-20
2.1304e-20
2.01506e-20
1.96125e-20
1.98137e-20
2.07827e-20
2.25306e-20
2.50749e-20
2.84478e-20
3.26977e-20
3.78901e-20
4.41077e-20
5.14485e-20
6.00221e-20
6.99424e-20
8.13083e-20
9.4155e-20
1.08303e-19
1.22881e-19
1.35025e-19
6.78799e-21
6.37941e-21
6.02224e-21
5.84396e-21
5.88116e-21
6.14206e-21
6.62951e-21
7.34818e-21
8.30681e-21
9.51892e-21
1.10027e-20
1.27812e-20
1.4882e-20
1.7336e-20
2.01751e-20
2.34272e-20
2.7102e-20
3.11492e-20
3.5322e-20
3.88032e-20
2.02462e-21
1.90107e-21
1.79147e-21
1.73369e-21
1.73849e-21
1.80821e-21
1.9436e-21
2.14587e-21
2.41741e-21
2.76195e-21
3.18454e-21
3.69161e-21
4.29088e-21
4.99097e-21
5.80082e-21
6.72823e-21
7.77591e-21
8.92968e-21
1.012e-20
1.11146e-20
6.0097e-22
5.63853e-22
5.30502e-22
5.1211e-22
5.11822e-22
5.30308e-22
5.67757e-22
6.2449e-22
7.01147e-22
7.98756e-22
9.18718e-22
1.06282e-21
1.2332e-21
1.43227e-21
1.66252e-21
1.92612e-21
2.22381e-21
2.55162e-21
2.89e-21
3.17319e-21
1.7755e-22
1.66467e-22
1.56396e-22
1.5063e-22
1.50081e-22
1.54941e-22
1.65258e-22
1.81115e-22
2.02684e-22
2.30246e-22
2.64189e-22
3.05007e-22
3.53292e-22
4.09713e-22
4.74961e-22
5.49635e-22
6.33939e-22
7.26761e-22
8.2263e-22
9.02982e-22
5.2214e-23
4.89242e-23
4.59056e-23
4.41209e-23
4.38346e-23
4.51007e-23
4.79314e-23
5.2348e-23
5.83968e-23
6.61543e-23
7.57274e-23
8.72515e-23
1.00891e-22
1.16829e-22
1.35258e-22
1.56343e-22
1.80138e-22
2.06332e-22
2.33401e-22
2.56122e-22
1.5286e-23
1.4315e-23
1.34164e-23
1.28703e-23
1.2753e-23
1.30795e-23
1.38531e-23
1.5079e-23
1.67698e-23
1.89461e-23
2.16373e-23
2.48804e-23
2.87205e-23
3.32085e-23
3.83966e-23
4.43302e-23
5.10239e-23
5.83911e-23
6.60078e-23
7.24109e-23
4.45529e-24
4.17029e-24
3.90454e-24
3.73915e-24
3.69596e-24
3.77925e-24
3.98978e-24
4.32894e-24
4.8e-24
5.40858e-24
6.16266e-24
7.07239e-24
8.15009e-24
9.40966e-24
1.08654e-23
1.25297e-23
1.44064e-23
1.64715e-23
1.86074e-23
2.04057e-23
1.29291e-24
1.2097e-24
1.1316e-24
1.08197e-24
1.06704e-24
1.08802e-24
1.14509e-24
1.2386e-24
1.36942e-24
1.53905e-24
1.74967e-24
2.00404e-24
2.3055e-24
2.65786e-24
3.06501e-24
3.53028e-24
4.05469e-24
4.63157e-24
5.22848e-24
5.73178e-24
3.7359e-25
3.49426e-25
3.2661e-25
3.11844e-25
3.06896e-25
3.12104e-25
3.27513e-25
3.53209e-25
3.8942e-25
4.36552e-25
4.95191e-25
5.66082e-25
6.50138e-25
7.48386e-25
8.61881e-25
9.91523e-25
1.13757e-24
1.29818e-24
1.46443e-24
1.60481e-24
1.07495e-25
1.00513e-25
9.38866e-26
8.95278e-26
8.79366e-26
8.92075e-26
9.33514e-26
1.00389e-25
1.10381e-25
1.23434e-25
1.39707e-25
1.59401e-25
1.82762e-25
2.10067e-25
2.41601e-25
2.77604e-25
3.18141e-25
3.62705e-25
4.08849e-25
4.47869e-25
3.08015e-26
2.87943e-26
2.68804e-26
2.56032e-26
2.51033e-26
2.5407e-26
2.65169e-26
2.84381e-26
3.11862e-26
3.47898e-26
3.92914e-26
4.47448e-26
5.12163e-26
5.87802e-26
6.75129e-26
7.74781e-26
8.86922e-26
1.01015e-25
1.13779e-25
1.24587e-25
8.78955e-27
8.2153e-27
7.66555e-27
7.29392e-27
7.13981e-27
7.21049e-27
7.5066e-27
8.02934e-27
8.78275e-27
9.77445e-27
1.10157e-26
1.2521e-26
1.43079e-26
1.63964e-26
1.88067e-26
2.15558e-26
2.46476e-26
2.80437e-26
3.15621e-26
3.45457e-26
2.498e-27
2.33451e-27
2.17743e-27
2.07002e-27
2.02324e-27
2.03912e-27
2.1178e-27
2.25957e-27
2.46548e-27
2.73752e-27
3.0787e-27
3.49283e-27
3.98464e-27
4.5594e-27
5.22251e-27
5.97839e-27
6.82794e-27
7.76067e-27
8.72717e-27
9.54793e-27
7.0708e-28
6.60754e-28
6.16108e-28
5.85256e-28
5.71247e-28
5.74638e-28
5.95464e-28
6.3379e-28
6.89885e-28
7.64275e-28
8.5775e-28
9.71322e-28
1.10624e-27
1.2639e-27
1.44572e-27
1.65286e-27
1.88552e-27
2.14081e-27
2.4054e-27
2.63039e-27
1.99348e-28
1.86283e-28
1.73657e-28
1.6485e-28
1.60703e-28
1.61371e-28
1.66862e-28
1.7719e-28
1.92424e-28
2.12701e-28
2.3823e-28
2.69275e-28
3.06167e-28
3.49273e-28
3.98964e-28
4.55538e-28
5.19035e-28
5.88673e-28
6.60853e-28
7.22316e-28
5.59805e-29
5.2313e-29
4.87604e-29
4.62608e-29
4.50463e-29
4.5159e-29
4.66009e-29
4.93753e-29
5.34995e-29
5.90092e-29
6.59588e-29
7.4418e-29
8.44729e-29
9.62197e-29
1.09755e-28
1.25154e-28
1.42426e-28
1.61356e-28
1.80979e-28
1.9771e-28
1.56588e-29
1.4634e-29
1.36393e-29
1.29339e-29
1.25816e-29
1.25938e-29
1.29709e-29
1.37139e-29
1.48269e-29
1.63192e-29
1.82051e-29
2.05026e-29
2.32341e-29
2.64247e-29
3.00992e-29
3.4277e-29
3.89589e-29
4.40872e-29
4.9403e-29
5.39415e-29
4.36306e-30
4.078e-30
3.80081e-30
3.60288e-30
3.50155e-30
3.49996e-30
3.59825e-30
3.79657e-30
4.09601e-30
4.49896e-30
5.00907e-30
5.63103e-30
6.37066e-30
7.2344e-30
8.22864e-30
9.35824e-30
1.06231e-29
1.20075e-29
1.34426e-29
1.46693e-29
1.211e-30
1.13207e-30
1.0552e-30
9.99956e-31
9.71047e-31
9.69333e-31
9.9485e-31
1.04763e-30
1.12794e-30
1.23639e-30
1.37393e-30
1.54176e-30
1.74138e-30
1.97444e-30
2.24256e-30
2.54695e-30
2.88748e-30
3.25993e-30
3.64597e-30
3.97639e-30
3.34835e-31
3.13075e-31
2.9186e-31
2.76522e-31
2.68338e-31
2.67541e-31
2.7414e-31
2.88142e-31
3.09615e-31
3.38713e-31
3.75678e-31
4.20818e-31
4.74517e-31
5.37193e-31
6.09257e-31
6.91002e-31
7.8237e-31
8.82222e-31
9.85701e-31
1.07438e-30
9.22277e-32
8.62556e-32
8.04276e-32
7.61916e-32
7.38911e-32
7.35897e-32
7.52902e-32
7.89937e-32
8.47173e-32
9.24998e-32
1.02403e-31
1.14505e-31
1.28902e-31
1.45702e-31
1.65006e-31
1.86884e-31
2.11315e-31
2.37991e-31
2.6563e-31
2.89345e-31
2.53072e-32
2.36754e-32
2.20819e-32
2.09179e-32
2.02757e-32
2.01724e-32
2.06091e-32
2.15857e-32
2.31066e-32
2.51816e-32
2.78261e-32
3.10599e-32
3.49075e-32
3.93955e-32
4.45491e-32
5.03848e-32
5.68945e-32
6.39961e-32
7.13523e-32
7.76715e-32
6.91813e-33
6.47425e-33
6.04054e-33
5.72231e-33
5.54419e-33
5.51085e-33
5.62257e-33
5.87936e-33
6.28227e-33
6.83374e-33
7.53766e-33
8.39899e-33
9.42384e-33
1.06188e-32
1.199e-32
1.35413e-32
1.52698e-32
1.71537e-32
1.91045e-32
2.07823e-32
1.8841e-33
1.76388e-33
1.64638e-33
1.55981e-33
1.51073e-33
1.50038e-33
1.52887e-33
1.59619e-33
1.7026e-33
1.8487e-33
2.03548e-33
2.26414e-33
2.53622e-33
2.85332e-33
3.21692e-33
3.62787e-33
4.08527e-33
4.58327e-33
5.09874e-33
5.54258e-33
5.11208e-34
4.78791e-34
4.47104e-34
4.2367e-34
4.10225e-34
4.07108e-34
4.14348e-34
4.31946e-34
4.59964e-34
4.98551e-34
5.47949e-34
6.08457e-34
6.80449e-34
7.64316e-34
8.60405e-34
9.68895e-34
1.08951e-33
1.22068e-33
1.35639e-33
1.47337e-33
1.3819e-34
1.29487e-34
1.20981e-34
1.14668e-34
1.11008e-34
1.1009e-34
1.11924e-34
1.16511e-34
1.23866e-34
1.34025e-34
1.47048e-34
1.63007e-34
1.81993e-34
2.04099e-34
2.29407e-34
2.57949e-34
2.89642e-34
3.24069e-34
3.59668e-34
3.90389e-34
3.72178e-35
3.48914e-35
3.26184e-35
3.09262e-35
2.99352e-35
2.96701e-35
3.01335e-35
3.13258e-35
3.32506e-35
3.59168e-35
3.93389e-35
4.35343e-35
4.85247e-35
5.43322e-35
6.09748e-35
6.84581e-35
7.67567e-35
8.57597e-35
9.50635e-35
1.03101e-34
9.9867e-36
9.36759e-36
8.76299e-36
8.31154e-36
8.04482e-36
7.9694e-36
8.08616e-36
8.39521e-36
8.89744e-36
9.595e-36
1.04913e-35
1.15906e-35
1.2898e-35
1.44185e-35
1.61561e-35
1.81112e-35
2.02765e-35
2.26224e-35
2.5045e-35
2.71401e-35
2.66992e-36
2.5059e-36
2.34581e-36
2.22595e-36
2.15456e-36
2.1334e-36
2.16275e-36
2.24264e-36
2.37329e-36
2.55522e-36
2.78924e-36
3.07634e-36
3.41769e-36
3.81444e-36
4.26738e-36
4.77643e-36
5.33938e-36
5.94845e-36
6.5769e-36
7.12094e-36
7.1119e-37
6.67929e-37
6.25734e-37
5.94063e-37
5.7506e-37
5.69197e-37
5.76555e-37
5.97152e-37
6.31039e-37
6.78338e-37
7.39243e-37
8.13975e-37
9.02805e-37
1.00598e-36
1.12365e-36
1.25572e-36
1.40156e-36
1.55912e-36
1.72154e-36
1.86226e-36
1.8875e-37
1.77392e-37
1.66322e-37
1.57993e-37
1.52963e-37
1.51356e-37
1.53197e-37
1.58494e-37
1.67257e-37
1.79516e-37
1.95315e-37
2.14704e-37
2.37743e-37
2.64482e-37
2.94945e-37
3.29092e-37
3.6674e-37
4.07348e-37
4.49164e-37
4.85421e-37
4.99127e-38
4.69444e-38
4.40533e-38
4.18735e-38
4.05489e-38
4.0113e-38
4.05733e-38
4.19316e-38
4.41911e-38
4.73584e-38
5.14436e-38
5.64575e-38
6.24127e-38
6.93189e-38
7.71782e-38
8.59756e-38
9.56595e-38
1.06087e-37
1.16812e-37
1.26117e-37
1.31511e-38
1.23789e-38
1.16273e-38
1.10596e-38
1.07127e-38
1.05956e-38
1.07105e-38
1.1058e-38
1.16388e-38
1.24546e-38
1.35075e-38
1.47998e-38
1.6334e-38
1.81117e-38
2.01323e-38
2.23908e-38
2.48727e-38
2.75404e-38
3.02806e-38
3.2659e-38
3.4526e-39
3.25262e-39
3.05818e-39
2.91101e-39
2.82064e-39
2.78947e-39
2.81812e-39
2.9068e-39
3.0557e-39
3.26516e-39
3.53566e-39
3.86763e-39
4.26153e-39
4.71754e-39
5.23523e-39
5.81299e-39
6.44676e-39
7.12672e-39
7.82413e-39
8.42964e-39
9.0317e-40
8.51621e-40
8.01547e-40
7.63584e-40
7.4017e-40
7.31944e-40
7.39087e-40
7.61663e-40
7.99722e-40
8.53336e-40
9.22605e-40
1.0076e-39
1.10839e-39
1.22497e-39
1.35714e-39
1.50441e-39
1.66566e-39
1.83832e-39
2.01513e-39
2.16866e-39
2.35417e-40
2.22191e-40
2.09356e-40
1.9961e-40
1.93577e-40
1.91424e-40
1.93206e-40
1.98939e-40
2.08639e-40
2.2232e-40
2.40001e-40
2.61691e-40
2.87395e-40
3.17094e-40
3.5072e-40
3.88125e-40
4.29002e-40
4.72679e-40
5.17328e-40
5.561e-40
6.11447e-41
5.7767e-41
5.44926e-41
5.2003e-41
5.04565e-41
4.9898e-41
5.03424e-41
5.17954e-41
5.42603e-41
5.77405e-41
6.2239e-41
6.77557e-41
7.42886e-41
8.18284e-41
9.03533e-41
9.98198e-41
1.10144e-40
1.21151e-40
1.32381e-40
1.42133e-40
1.58247e-41
1.49662e-41
1.41348e-41
1.3502e-41
1.31077e-41
1.2964e-41
1.3075e-41
1.34423e-41
1.4067e-41
1.49495e-41
1.60904e-41
1.74889e-41
1.91436e-41
2.10512e-41
2.32048e-41
2.55919e-41
2.81897e-41
3.0953e-41
3.37666e-41
3.6209e-41
4.08112e-42
3.86393e-42
3.65385e-42
3.49376e-42
3.39381e-42
3.35713e-42
3.38488e-42
3.47756e-42
3.63541e-42
3.85852e-42
4.14691e-42
4.50025e-42
4.91796e-42
5.39889e-42
5.94101e-42
6.54078e-42
7.19205e-42
7.88311e-42
8.58519e-42
9.19437e-42
1.0488e-42
9.94116e-43
9.4129e-43
9.00996e-43
8.75796e-43
8.6651e-43
8.73462e-43
8.96794e-43
9.36568e-43
9.92802e-43
1.06547e-42
1.15444e-42
1.25952e-42
1.38036e-42
1.51634e-42
1.66648e-42
1.82914e-42
2.0013e-42
2.17579e-42
2.3271e-42
2.68586e-43
2.54884e-43
2.41665e-43
2.31574e-43
2.25256e-43
2.22925e-43
2.2467e-43
2.30532e-43
2.40526e-43
2.54656e-43
2.72906e-43
2.95237e-43
3.21582e-43
3.51834e-43
3.85821e-43
4.2327e-43
4.63744e-43
5.06466e-43
5.49656e-43
5.87079e-43
6.85424e-44
6.51258e-44
6.18341e-44
5.93201e-44
5.7745e-44
5.71648e-44
5.76037e-44
5.90733e-44
6.15778e-44
6.51171e-44
6.96861e-44
7.52717e-44
8.18541e-44
8.94017e-44
9.78659e-44
1.07172e-43
1.17205e-43
1.27765e-43
1.38412e-43
1.47628e-43
1.74311e-44
1.65834e-44
1.57678e-44
1.51447e-44
1.47543e-44
1.46112e-44
1.47218e-44
1.50895e-44
1.57154e-44
1.65993e-44
1.77394e-44
1.91319e-44
2.07709e-44
2.26473e-44
2.47477e-44
2.70519e-44
2.95295e-44
3.21295e-44
3.47434e-44
3.70033e-44
4.41763e-45
4.20834e-45
4.00729e-45
3.85366e-45
3.75747e-45
3.72247e-45
3.75044e-45
3.84226e-45
3.99824e-45
4.21829e-45
4.50188e-45
4.84787e-45
5.25456e-45
5.71943e-45
6.23876e-45
6.80716e-45
7.41665e-45
8.05429e-45
8.69333e-45
9.24505e-45
1.11573e-45
1.06432e-45
1.01501e-45
9.77339e-46
9.53779e-46
9.45304e-46
9.5239e-46
9.75275e-46
1.01404e-45
1.06866e-45
1.13897e-45
1.22465e-45
1.32522e-45
1.43998e-45
1.56792e-45
1.70761e-45
1.85697e-45
2.01273e-45
2.16831e-45
2.30241e-45
2.80828e-46
2.68265e-46
2.56237e-46
2.47048e-46
2.41313e-46
2.39282e-46
2.41081e-46
2.46773e-46
2.56383e-46
2.69898e-46
2.87274e-46
3.0842e-46
3.33204e-46
3.61434e-46
3.92839e-46
4.27042e-46
4.63504e-46
5.01397e-46
5.39115e-46
5.71562e-46
7.04436e-47
6.73899e-47
6.44709e-47
6.22423e-47
6.08554e-47
6.0374e-47
6.08314e-47
6.22449e-47
6.46203e-47
6.79545e-47
7.22349e-47
7.74364e-47
8.35228e-47
9.04424e-47
9.81234e-47
1.06466e-46
1.15333e-46
1.24515e-46
1.3362e-46
1.41435e-46
1.76104e-47
1.68721e-47
1.61676e-47
1.56302e-47
1.5297e-47
1.51843e-47
1.53008e-47
1.56511e-47
1.62367e-47
1.70568e-47
1.81078e-47
1.9383e-47
2.08725e-47
2.25626e-47
2.44343e-47
2.64618e-47
2.86095e-47
3.08252e-47
3.30136e-47
3.48874e-47
4.38766e-48
4.21013e-48
4.04106e-48
3.91224e-48
3.83274e-48
3.80671e-48
3.83641e-48
3.92305e-48
4.06705e-48
4.26815e-48
4.52539e-48
4.83695e-48
5.20022e-48
5.61156e-48
6.06599e-48
6.55683e-48
7.07502e-48
7.60752e-48
8.13122e-48
8.57836e-48
1.08953e-48
1.04708e-48
1.00674e-48
9.76047e-49
9.57219e-49
9.513e-49
9.58878e-49
9.80268e-49
1.01558e-48
1.06474e-48
1.1275e-48
1.20337e-48
1.29166e-48
1.39141e-48
1.50134e-48
1.61972e-48
1.74425e-48
1.8717e-48
1.99647e-48
2.10266e-48
2.69647e-49
2.59557e-49
2.49988e-49
2.42721e-49
2.38296e-49
2.36975e-49
2.38908e-49
2.44179e-49
2.52816e-49
2.64799e-49
2.80061e-49
2.98474e-49
3.19858e-49
3.43962e-49
3.70454e-49
3.98895e-49
4.28705e-49
4.5908e-49
4.88674e-49
5.13769e-49
6.65139e-50
6.41297e-50
6.1874e-50
6.01648e-50
5.91331e-50
5.88447e-50
5.9338e-50
6.06344e-50
6.27411e-50
6.56532e-50
6.93526e-50
7.38064e-50
7.89675e-50
8.47714e-50
9.11325e-50
9.79394e-50
1.05047e-49
1.12255e-49
1.19243e-49
1.25144e-49
1.6353e-50
1.57931e-50
1.52647e-50
1.48655e-50
1.46271e-50
1.45659e-50
1.46917e-50
1.50099e-50
1.55224e-50
1.6228e-50
1.71219e-50
1.81955e-50
1.94369e-50
2.08293e-50
2.2351e-50
2.39739e-50
2.56615e-50
2.7365e-50
2.90072e-50
3.03877e-50
4.00735e-51
3.87674e-51
3.75379e-51
3.66122e-51
3.60665e-51
3.59415e-51
3.62618e-51
3.70414e-51
3.82851e-51
3.99893e-51
4.21423e-51
4.4722e-51
4.76972e-51
5.10258e-51
5.46525e-51
5.85066e-51
6.24977e-51
6.65061e-51
7.03474e-51
7.35603e-51
9.7882e-52
9.48557e-52
9.20147e-52
8.98849e-52
8.86489e-52
8.84072e-52
8.92217e-52
9.11277e-52
9.41374e-52
9.8242e-52
1.03411e-51
1.09588e-51
1.16695e-51
1.24623e-51
1.33234e-51
1.42352e-51
1.51752e-51
1.61142e-51
1.70085e-51
1.77522e-51
2.38311e-52
2.31348e-52
2.24832e-52
2.19972e-52
2.17206e-52
2.16778e-52
2.18846e-52
2.23496e-52
2.3076e-52
2.40616e-52
2.52986e-52
2.67729e-52
2.84643e-52
3.0346e-52
3.2383e-52
3.45314e-52
3.67362e-52
3.89265e-52
4.09983e-52
4.27102e-52
5.78348e-53
5.62451e-53
5.47621e-53
5.36632e-53
5.3052e-53
5.2989e-53
5.35125e-53
5.46446e-53
5.63933e-53
5.87529e-53
6.17038e-53
6.52105e-53
6.92225e-53
7.36722e-53
7.84726e-53
8.35153e-53
8.86652e-53
9.37508e-53
9.85269e-53
1.02445e-52
1.3991e-53
1.36309e-53
1.32963e-53
1.30502e-53
1.29173e-53
1.29122e-53
1.30444e-53
1.33194e-53
1.37393e-53
1.43025e-53
1.50042e-53
1.58355e-53
1.67839e-53
1.78323e-53
1.89593e-53
2.01382e-53
2.13361e-53
2.25116e-53
2.3607e-53
2.44984e-53
3.37391e-54
3.29306e-54
3.21823e-54
3.16371e-54
3.13533e-54
3.13663e-54
3.16993e-54
3.2366e-54
3.33712e-54
3.47115e-54
3.63749e-54
3.83391e-54
4.05729e-54
4.30344e-54
4.56704e-54
4.84155e-54
5.11898e-54
5.38943e-54
5.63938e-54
5.84094e-54
8.11057e-55
7.93073e-55
7.76507e-55
7.64579e-55
7.58654e-55
7.5959e-55
7.67952e-55
7.84072e-55
8.08076e-55
8.39879e-55
8.79183e-55
9.2544e-55
9.77875e-55
1.03545e-54
1.09688e-54
1.16054e-54
1.22452e-54
1.28646e-54
1.34318e-54
1.38846e-54
1.94364e-55
1.90404e-55
1.86778e-55
1.84204e-55
1.83003e-55
1.8338e-55
1.85473e-55
1.89361e-55
1.95078e-55
2.02601e-55
2.11859e-55
2.22716e-55
2.34982e-55
2.48403e-55
2.62661e-55
2.77367e-55
2.92058e-55
3.06173e-55
3.18977e-55
3.2908e-55
4.64338e-56
4.55722e-56
4.47881e-56
4.42418e-56
4.4008e-56
4.41354e-56
4.4657e-56
4.55928e-56
4.69504e-56
4.8725e-56
5.08986e-56
5.34385e-56
5.6298e-56
5.9415e-56
6.2712e-56
6.60954e-56
6.94542e-56
7.26554e-56
7.5529e-56
7.77669e-56
1.10591e-56
1.08741e-56
1.0707e-56
1.05933e-56
1.05504e-56
1.05897e-56
1.07193e-56
1.09439e-56
1.12654e-56
1.16828e-56
1.21915e-56
1.27837e-56
1.3448e-56
1.41694e-56
1.49289e-56
1.57042e-56
1.64687e-56
1.71911e-56
1.78323e-56
1.83242e-56
2.62593e-57
2.58679e-57
2.55179e-57
2.52873e-57
2.52159e-57
2.5331e-57
2.56515e-57
2.61891e-57
2.69486e-57
2.79271e-57
2.91141e-57
3.04904e-57
3.20284e-57
3.36916e-57
3.54349e-57
3.72042e-57
3.89366e-57
4.05587e-57
4.19804e-57
4.30531e-57
6.21638e-58
6.13507e-58
6.06326e-58
6.01797e-58
6.00833e-58
6.04073e-58
6.11968e-58
6.24803e-58
6.42691e-58
6.65566e-58
6.93175e-58
7.25054e-58
7.60538e-58
7.98754e-58
8.38616e-58
8.78833e-58
9.17915e-58
9.54148e-58
9.85472e-58
1.00865e-57
1.4672e-58
1.45069e-58
1.43634e-58
1.42785e-58
1.42728e-58
1.43615e-58
1.45551e-58
1.48607e-58
1.52808e-58
1.58141e-58
1.64542e-58
1.71901e-58
1.8006e-58
1.88809e-58
1.9789e-58
2.06995e-58
2.15773e-58
2.23824e-58
2.30679e-58
2.35639e-58
3.4526e-59
3.42001e-59
3.39236e-59
3.37749e-59
3.38016e-59
3.40387e-59
3.45116e-59
3.52369e-59
3.62212e-59
3.74605e-59
3.894e-59
4.06333e-59
4.25026e-59
4.44985e-59
4.65595e-59
4.86129e-59
5.05757e-59
5.23551e-59
5.38444e-59
5.48941e-59
8.09958e-60
8.03777e-60
7.98713e-60
7.96417e-60
7.97966e-60
8.04182e-60
8.15679e-60
8.32848e-60
8.55841e-60
8.84558e-60
9.18644e-60
9.57468e-60
1.00014e-59
1.0455e-59
1.0921e-59
1.13823e-59
1.18193e-59
1.22104e-59
1.25314e-59
1.27508e-59
1.89281e-60
1.88176e-60
1.87325e-60
1.87059e-60
1.87629e-60
1.89231e-60
1.92012e-60
1.96062e-60
2.01415e-60
2.08045e-60
2.15867e-60
2.24732e-60
2.34431e-60
2.44692e-60
2.5518e-60
2.65496e-60
2.75183e-60
2.83731e-60
2.90585e-60
2.95099e-60
4.38474e-61
4.36727e-61
4.35485e-61
4.35461e-61
4.37241e-61
4.41289e-61
4.47947e-61
4.57419e-61
4.69778e-61
4.84959e-61
5.02759e-61
5.22829e-61
5.44684e-61
5.67697e-61
5.91096e-61
6.13965e-61
6.35249e-61
6.53768e-61
6.6824e-61
6.77272e-61
9.75752e-62
9.73492e-62
9.72192e-62
9.73335e-62
9.78225e-62
9.87914e-62
1.00316e-61
1.02442e-61
1.05184e-61
1.08527e-61
1.12424e-61
1.16799e-61
1.21542e-61
1.26513e-61
1.31543e-61
1.36429e-61
1.40936e-61
1.44802e-61
1.47744e-61
1.49472e-61
1.62614e-62
1.62436e-62
1.62386e-62
1.62716e-62
1.63643e-62
1.65339e-62
1.67931e-62
1.71493e-62
1.76052e-62
1.81581e-62
1.88003e-62
1.95189e-62
2.02956e-62
2.11073e-62
2.19253e-62
2.27159e-62
2.34403e-62
2.40553e-62
2.45144e-62
2.47683e-62
)
;

boundaryField
{
    outlet
    {
        type            zeroGradient;
    }
    inlet1
    {
        type            fixedValue;
        value           uniform 0.001;
    }
    inlet2
    {
        type            fixedValue;
        value           uniform 0;
    }
    frontAndBack
    {
        type            empty;
    }
    defaultFaces
    {
        type            zeroGradient;
    }
}


// ************************************************************************* //
