/*--------------------------------*- C++ -*----------------------------------*\
| =========                 |                                                 |
| \\      /  F ield         | OpenFOAM: The Open Source CFD Toolbox           |
|  \\    /   O peration     | Version:  2.1.0                                 |
|   \\  /    A nd           | Web:      www.OpenFOAM.org                      |
|    \\/     M anipulation  |                                                 |
\*---------------------------------------------------------------------------*/
FoamFile
{
    version     2.0;
    format      ascii;
    class       volScalarField;
    location    "0.01";
    object      C1;
}
// * * * * * * * * * * * * * * * * * * * * * * * * * * * * * * * * * * * * * //

dimensions      [0 0 0 0 0 0 0];

internalField   nonuniform List<scalar> 
6400
(
6.01942e-173
4.18017e-172
2.90435e-171
2.01282e-170
1.39164e-169
9.59979e-169
6.60636e-168
4.53603e-167
3.10723e-166
2.12409e-165
1.44884e-164
9.86142e-164
6.6963e-163
4.53605e-162
3.06474e-161
2.06556e-160
1.38864e-159
9.31271e-159
6.22954e-158
4.1564e-157
2.76603e-156
1.83591e-155
1.2152e-154
8.02501e-154
5.28631e-153
3.47295e-152
2.27545e-151
1.48673e-150
9.68645e-150
6.29248e-149
4.07603e-148
2.63262e-147
1.69578e-146
1.08917e-145
6.97488e-145
4.45313e-144
2.83524e-143
1.80015e-142
1.13958e-141
7.19271e-141
4.52648e-140
2.84028e-139
1.77677e-138
1.10824e-137
6.89252e-137
4.27364e-136
2.64193e-135
1.62838e-134
1.00082e-133
6.13306e-133
3.74727e-132
2.28299e-131
1.3871e-130
8.40457e-130
5.07763e-129
3.05985e-128
1.83926e-127
1.10262e-126
6.59222e-126
3.93167e-125
2.33914e-124
1.38805e-123
8.21631e-123
4.85163e-122
2.85721e-121
1.67813e-120
9.82828e-120
5.73947e-119
3.34096e-118
1.93837e-117
1.12045e-116
6.44926e-116
3.69417e-115
2.10449e-114
1.19175e-113
6.70394e-113
3.74264e-112
2.07171e-111
1.1355e-110
6.14638e-110
3.27815e-109
1.71779e-108
8.82266e-108
4.42733e-107
2.1617e-106
1.02183e-105
4.64583e-105
2.01459e-104
8.24032e-104
3.13293e-103
1.08534e-102
3.33183e-102
8.69618e-102
1.80632e-101
2.65772e-101
2.19108e-101
6.24589e-102
7.00398e-103
7.11769e-103
5.09955e-103
6.32494e-172
4.41225e-171
3.07941e-170
2.14382e-169
1.48901e-168
1.03195e-167
7.13566e-167
4.92288e-166
3.38788e-165
2.32687e-164
1.59472e-163
1.09083e-162
7.44444e-162
5.06869e-161
3.44239e-160
2.33221e-159
1.57602e-158
1.06264e-157
7.14698e-157
4.79447e-156
3.2082e-155
2.14106e-154
1.42458e-153
9.45815e-153
6.26428e-152
4.13796e-151
2.72608e-150
1.791e-149
1.17337e-148
7.66481e-148
4.99241e-147
3.2419e-146
2.09967e-145
1.35605e-144
8.73193e-144
5.60452e-143
3.5874e-142
2.29007e-141
1.45753e-140
9.24816e-140
5.85033e-139
3.68997e-138
2.31979e-137
1.45404e-136
9.08816e-136
5.66234e-135
3.51675e-134
2.17723e-133
1.34391e-132
8.26944e-132
5.07247e-131
3.10154e-130
1.89096e-129
1.14946e-128
6.9637e-128
4.20743e-127
2.53564e-126
1.52376e-125
9.1291e-125
5.45544e-124
3.25183e-123
1.93296e-122
1.146e-121
6.77962e-121
4.00061e-120
2.35497e-119
1.38283e-118
8.10102e-118
4.7336e-117
2.75949e-116
1.60458e-115
9.30362e-115
5.3768e-114
3.09595e-113
1.77564e-112
1.01402e-111
5.76272e-111
3.25711e-110
1.82999e-109
1.01957e-108
5.6165e-108
3.0494e-107
1.62757e-106
8.50919e-106
4.33684e-105
2.14205e-104
1.01759e-103
4.60476e-103
1.96031e-102
7.72505e-102
2.75838e-101
8.66722e-101
2.29711e-100
4.80897e-100
7.11844e-100
6.05292e-100
2.017e-100
3.59692e-101
3.84965e-101
2.92472e-101
6.08262e-171
4.26387e-170
2.99057e-169
2.09233e-168
1.46051e-167
1.01727e-166
7.07112e-166
4.90418e-165
3.39254e-164
2.34196e-163
1.61328e-162
1.10942e-161
7.61235e-161
5.21146e-160
3.55937e-159
2.4252e-158
1.64818e-157
1.11785e-156
7.56375e-156
5.10504e-155
3.43723e-154
2.30833e-153
1.54528e-152
1.03211e-151
6.87765e-151
4.57122e-150
3.0302e-149
2.00323e-148
1.32074e-147
8.68231e-147
5.69071e-146
3.71807e-145
2.42308e-144
1.57486e-143
1.02054e-142
6.5906e-142
4.24481e-141
2.72693e-140
1.74661e-139
1.1152e-138
7.09807e-138
4.5043e-137
2.84852e-136
1.79583e-135
1.12935e-134
7.07919e-134
4.42286e-133
2.75398e-132
1.70946e-131
1.05765e-130
6.52232e-130
4.00815e-129
2.45548e-128
1.49944e-127
9.12054e-127
5.53164e-126
3.3462e-125
2.01789e-124
1.21271e-123
7.26792e-123
4.34336e-122
2.58753e-121
1.53661e-120
9.10544e-120
5.38051e-119
3.17081e-118
1.86377e-117
1.09292e-116
6.39269e-116
3.73139e-115
2.17342e-114
1.26316e-113
7.32353e-113
4.23497e-112
2.44202e-111
1.40395e-110
8.04712e-110
4.59703e-109
2.61606e-108
1.48112e-107
8.31098e-107
4.60798e-106
2.51732e-105
1.34982e-104
7.06762e-104
3.58989e-103
1.75426e-102
8.16136e-102
3.56726e-101
1.44044e-100
5.25775e-100
1.6853e-99
4.55422e-99
9.7613e-99
1.50367e-98
1.40019e-98
5.9649e-99
1.89907e-99
2.17618e-99
1.81548e-99
5.47413e-170
3.85576e-169
2.71776e-168
1.91103e-167
1.34076e-166
9.38473e-166
6.55762e-165
4.57209e-164
3.17978e-163
2.20678e-162
1.52809e-161
1.0563e-160
7.28557e-160
5.01453e-159
3.44358e-158
2.35929e-157
1.61217e-156
1.09955e-155
7.48465e-155
5.08312e-154
3.4441e-153
2.3281e-152
1.56899e-151
1.05464e-150
7.07286e-150
4.73082e-149
3.15605e-148
2.09991e-147
1.39358e-146
9.22283e-146
6.08547e-145
4.00269e-144
2.62557e-143
1.71779e-142
1.1207e-141
7.28488e-141
4.72366e-140
3.05512e-139
1.97043e-138
1.26692e-137
8.11903e-137
5.18618e-136
3.30057e-135
2.09347e-134
1.32513e-133
8.36376e-133
5.26151e-132
3.29863e-131
2.06109e-130
1.28355e-129
7.96735e-129
4.92769e-128
3.03756e-127
1.86591e-126
1.14128e-125
6.95864e-125
4.2301e-124
2.56314e-123
1.54738e-122
9.31332e-122
5.58805e-121
3.34148e-120
1.99008e-119
1.1824e-118
7.00254e-118
4.13359e-117
2.4326e-116
1.42755e-115
8.35243e-115
4.8749e-114
2.83848e-113
1.64902e-112
9.55909e-112
5.52894e-111
3.18989e-110
1.83571e-109
1.05402e-108
6.03841e-108
3.45064e-107
1.96507e-106
1.11097e-105
6.21753e-105
3.43537e-104
1.867e-103
9.92883e-103
5.13192e-102
2.55603e-101
1.21364e-100
5.42038e-100
2.23934e-99
8.37929e-99
2.76351e-98
7.7399e-98
1.74486e-97
2.91478e-97
3.15036e-97
1.83989e-97
9.99089e-98
1.24664e-97
1.16311e-97
4.38444e-169
3.10268e-168
2.19722e-167
1.55336e-166
1.0961e-165
7.71582e-165
5.42091e-164
3.80094e-163
2.65873e-162
1.85606e-161
1.29258e-160
8.98657e-160
6.23444e-159
4.31553e-158
2.98094e-157
2.05424e-156
1.41204e-155
9.68793e-155
6.63418e-154
4.53388e-153
3.09169e-152
2.10428e-151
1.42834e-150
9.66785e-150
6.52804e-149
4.39612e-148
2.95275e-147
1.97824e-146
1.32205e-145
8.81261e-145
5.85692e-144
3.88033e-143
2.5629e-142
1.68909e-141
1.11026e-140
7.27285e-140
4.75179e-139
3.09576e-138
2.01185e-137
1.30376e-136
8.42086e-136
5.42099e-135
3.47565e-134
2.22029e-133
1.41556e-132
9.00384e-132
5.70907e-131
3.60778e-130
2.27184e-129
1.42581e-128
8.91729e-128
5.55921e-127
3.4534e-126
2.13781e-125
1.31795e-124
8.09573e-124
4.9537e-123
3.02069e-122
1.83501e-121
1.1109e-120
6.70511e-120
4.03269e-119
2.41499e-118
1.44178e-117
8.57697e-117
5.0825e-116
3.00061e-115
1.76552e-114
1.03511e-113
6.04993e-113
3.52548e-112
2.04846e-111
1.18731e-110
6.86628e-110
3.96109e-109
2.27932e-108
1.30841e-107
7.49388e-107
4.28275e-106
2.44072e-105
1.38234e-104
7.76002e-104
4.3075e-103
2.35614e-102
1.26403e-101
6.60775e-101
3.33796e-100
1.61255e-99
7.35437e-99
3.11658e-98
1.20347e-97
4.13224e-97
1.22163e-96
2.97386e-96
5.58264e-96
7.32195e-96
6.07021e-96
5.15654e-96
7.10502e-96
7.47343e-96
3.11477e-168
2.21456e-167
1.5761e-166
1.12063e-165
7.95401e-165
5.63112e-164
3.98039e-163
2.80779e-162
1.97649e-161
1.38835e-160
9.72973e-160
6.80463e-159
4.75123e-158
3.30873e-157
2.3006e-156
1.59572e-155
1.10408e-154
7.62232e-154
5.25173e-153
3.61085e-152
2.47771e-151
1.69777e-150
1.16034e-149
7.90958e-149
5.37861e-148
3.64749e-147
2.46771e-146
1.66522e-145
1.121e-144
7.52722e-144
5.04148e-143
3.36733e-142
2.24211e-141
1.48908e-140
9.86624e-140
6.51809e-139
4.29322e-138
2.81928e-137
1.84687e-136
1.20652e-135
7.85943e-135
5.10642e-134
3.30434e-133
2.13037e-132
1.36935e-131
8.78107e-131
5.61568e-130
3.5801e-129
2.27405e-128
1.43945e-127
9.07586e-127
5.70694e-126
3.57785e-125
2.23536e-124
1.39126e-123
8.62582e-123
5.32632e-122
3.27598e-121
2.00658e-120
1.22426e-119
7.44526e-119
4.51359e-118
2.72476e-117
1.63808e-116
9.81471e-116
5.85562e-115
3.47884e-114
2.05815e-113
1.21279e-112
7.11901e-112
4.16322e-111
2.42549e-110
1.40871e-109
8.15819e-109
4.71092e-108
2.71302e-107
1.55789e-106
8.91728e-106
5.09082e-105
2.89718e-104
1.64008e-103
9.21301e-103
5.12172e-102
2.81e-101
1.51538e-100
7.98574e-100
4.0814e-99
2.00383e-98
9.33997e-98
4.07421e-97
1.6348e-96
5.90901e-96
1.8737e-95
5.03238e-95
1.09052e-94
1.78537e-94
2.1082e-94
2.57368e-94
3.96396e-94
4.72507e-94
2.02256e-167
1.44599e-166
1.03496e-165
7.39447e-165
5.27541e-164
3.75761e-163
2.6716e-162
1.8956e-161
1.3424e-160
9.48905e-160
6.69326e-159
4.70858e-158
3.30707e-157
2.31943e-156
1.62296e-155
1.13288e-154
7.88891e-154
5.48286e-153
3.80169e-152
2.62948e-151
1.81529e-150
1.25151e-149
8.61211e-149
5.91157e-148
4.04874e-147
2.76544e-146
1.88427e-145
1.28075e-144
8.68504e-144
5.87572e-143
3.96598e-142
2.67045e-141
1.79308e-140
1.20013e-139
8.01288e-139
5.33937e-138
3.54688e-137
2.34861e-136
1.55158e-135
1.02202e-134
6.7169e-134
4.4026e-133
2.87663e-132
1.87306e-131
1.21509e-130
7.86006e-130
5.07152e-129
3.26092e-128
2.09042e-127
1.33545e-126
8.4991e-126
5.3922e-125
3.41088e-124
2.15146e-123
1.35266e-122
8.47526e-122
5.28842e-121
3.2864e-120
2.03347e-119
1.25245e-118
7.69038e-118
4.70778e-117
2.86971e-116
1.74149e-115
1.05299e-114
6.34395e-114
3.80483e-113
2.27164e-112
1.34996e-111
7.98555e-111
4.70179e-110
2.75632e-109
1.60935e-108
9.35902e-108
5.42324e-107
3.132e-106
1.80141e-105
1.03213e-104
5.8934e-104
3.35179e-103
1.8958e-102
1.06462e-101
5.92149e-101
3.25403e-100
1.76105e-99
9.34018e-99
4.82385e-98
2.40613e-97
1.14742e-96
5.16781e-96
2.16681e-95
8.31605e-95
2.86247e-94
8.61231e-94
2.19121e-93
4.53122e-93
7.47353e-93
1.22461e-92
2.13431e-92
2.90275e-92
1.20434e-166
8.65374e-166
6.22621e-165
4.47178e-164
3.20577e-163
2.29624e-162
1.64164e-161
1.17133e-160
8.34282e-160
5.93204e-159
4.21052e-158
2.98053e-157
2.10531e-156
1.48517e-155
1.04587e-154
7.34789e-154
5.14881e-153
3.60154e-152
2.51373e-151
1.74988e-150
1.2158e-149
8.43361e-149
5.84033e-148
4.03387e-147
2.78196e-146
1.91494e-145
1.31457e-144
8.99911e-144
6.14634e-143
4.18878e-142
2.84939e-141
1.93347e-140
1.30833e-139
8.82564e-139
5.93653e-138
3.98832e-137
2.67276e-136
1.78556e-135
1.19015e-134
7.91124e-134
5.24425e-133
3.46611e-132
2.28505e-131
1.50207e-130
9.83899e-130
6.42235e-129
4.18016e-128
2.71276e-127
1.75542e-126
1.13222e-125
7.27686e-125
4.6592e-124
2.974e-123
1.89442e-122
1.20299e-121
7.61419e-121
4.80542e-120
3.02109e-119
1.8915e-118
1.17854e-117
7.31661e-117
4.53027e-116
2.79346e-115
1.71506e-114
1.04843e-113
6.38673e-113
3.87598e-112
2.34103e-111
1.40776e-110
8.42228e-110
5.01286e-109
2.96888e-108
1.74987e-107
1.0269e-106
5.99603e-106
3.48391e-105
2.01536e-104
1.16108e-103
6.65623e-103
3.79607e-102
2.15142e-101
1.21041e-100
6.74848e-100
3.71893e-99
2.02104e-98
1.07905e-97
5.63219e-97
2.85514e-96
1.39435e-95
6.49701e-95
2.85638e-94
1.17001e-93
4.40132e-93
1.49481e-92
4.49174e-92
1.16851e-91
2.60395e-91
5.46422e-91
1.09371e-90
1.7166e-90
6.52612e-166
4.70728e-165
3.40585e-164
2.45959e-163
1.77271e-162
1.27614e-161
9.17241e-161
6.58165e-160
4.71425e-159
3.36974e-158
2.40457e-157
1.71217e-156
1.21692e-155
8.63124e-155
6.11321e-154
4.32232e-153
3.04749e-152
2.14478e-151
1.50673e-150
1.05577e-149
7.38087e-149
5.15292e-148
3.5908e-147
2.49572e-146
1.73279e-145
1.201e-144
8.30215e-144
5.72491e-143
3.93724e-142
2.7027e-141
1.85088e-140
1.26449e-139
8.62345e-139
5.86312e-138
3.97415e-137
2.68916e-136
1.81649e-135
1.22402e-134
8.22802e-134
5.51646e-133
3.68796e-132
2.45792e-131
1.63447e-130
1.08362e-129
7.16211e-129
4.71914e-128
3.10031e-127
2.03165e-126
1.32763e-125
8.64884e-125
5.61713e-124
3.63359e-123
2.3428e-122
1.50707e-121
9.67021e-121
6.18431e-120
3.94352e-119
2.50806e-118
1.58926e-117
1.00257e-116
6.29761e-116
3.94377e-115
2.46314e-114
1.5319e-113
9.48649e-113
5.84795e-112
3.59464e-111
2.20056e-110
1.34112e-109
8.13547e-109
4.91187e-108
2.95103e-107
1.76372e-106
1.04871e-105
6.20411e-105
3.65086e-104
2.13799e-103
1.24548e-102
7.21218e-102
4.15097e-101
2.37288e-100
1.34589e-99
7.56378e-99
4.20285e-98
2.3046e-97
1.2436e-96
6.58004e-96
3.39748e-95
1.7018e-94
8.21251e-94
3.78869e-93
1.65695e-92
6.80895e-92
2.60397e-91
9.17163e-91
2.94323e-90
8.51609e-90
2.23443e-89
5.24665e-89
9.6885e-89
3.1873e-165
2.31102e-164
1.68033e-163
1.21977e-162
8.83823e-162
6.39366e-161
4.61776e-160
3.32958e-159
2.39695e-158
1.72223e-157
1.23522e-156
8.84528e-156
6.32316e-155
4.50974e-154
3.20947e-153
2.28084e-152
1.61845e-151
1.1459e-150
8.0986e-150
5.7126e-149
4.01929e-148
2.82325e-147
1.98043e-146
1.38546e-145
9.67509e-145
6.74689e-144
4.6946e-143
3.25897e-142
2.25738e-141
1.56023e-140
1.07584e-139
7.40349e-139
5.08367e-138
3.48173e-137
2.37824e-136
1.62065e-135
1.10243e-134
7.48291e-134
5.06679e-133
3.42393e-132
2.30742e-131
1.5506e-130
1.03965e-129
6.94781e-129
4.63264e-128
3.07929e-127
2.04052e-126
1.34924e-125
8.89922e-125
5.85517e-124
3.84231e-123
2.51252e-122
1.63772e-121
1.06426e-120
6.89983e-120
4.45942e-119
2.87291e-118
1.84505e-117
1.18188e-116
7.545e-116
4.79846e-115
3.04153e-114
1.92221e-113
1.21134e-112
7.60584e-112
4.75445e-111
2.96244e-110
1.83919e-109
1.13638e-108
6.99721e-108
4.29256e-107
2.62202e-106
1.59377e-105
9.63561e-105
5.79843e-104
3.47366e-103
2.07075e-102
1.22751e-101
7.23448e-101
4.2379e-100
2.46499e-99
1.42264e-98
8.13868e-98
4.60816e-97
2.57766e-96
1.421e-95
7.69715e-95
4.08157e-94
2.10963e-93
1.05771e-92
5.11789e-92
2.37799e-91
1.05619e-90
4.4668e-90
1.79323e-89
6.81654e-89
2.44552e-88
8.04967e-88
2.29769e-87
5.16474e-87
1.38753e-164
1.01157e-163
7.38979e-163
5.39243e-162
3.92893e-161
2.8565e-160
2.07257e-159
1.50086e-158
1.08499e-157
7.83456e-157
5.65229e-156
4.07032e-155
2.92424e-154
2.09675e-153
1.50036e-152
1.07174e-151
7.64728e-151
5.44595e-150
3.86998e-149
2.74476e-148
1.9424e-147
1.37159e-146
9.67457e-146
6.81149e-145
4.78428e-144
3.35386e-143
2.34655e-142
1.6389e-141
1.14302e-140
7.95404e-140
5.52051e-139
3.82238e-138
2.64154e-137
1.82181e-136
1.25348e-135
8.60086e-135
5.88915e-134
4.02444e-133
2.74313e-132
1.86645e-131
1.26734e-130
8.58158e-130
5.79753e-129
3.90566e-128
2.62345e-127
1.75799e-126
1.17488e-125
7.83006e-125
5.2066e-124
3.45568e-123
2.2878e-122
1.51036e-121
9.94434e-121
6.52768e-120
4.27273e-119
2.78995e-118
1.81652e-117
1.17894e-116
7.63082e-116
4.9232e-115
3.1661e-114
2.03039e-113
1.2982e-112
8.28085e-112
5.26668e-111
3.33621e-110
2.10573e-109
1.32512e-108
8.30974e-108
5.19151e-107
3.23284e-106
2.00611e-105
1.23954e-104
7.62789e-104
4.67603e-103
2.85477e-102
1.73536e-101
1.04999e-100
6.32537e-100
3.79186e-99
2.26013e-98
1.33869e-97
7.87185e-97
4.58978e-96
2.64923e-95
1.51062e-94
8.48708e-94
4.68291e-93
2.52794e-92
1.32942e-91
6.78088e-91
3.34063e-90
1.5841e-89
7.21356e-89
3.15253e-88
1.32439e-87
5.37158e-87
2.12181e-86
7.46453e-86
2.06936e-85
5.3167e-164
3.8955e-163
2.85895e-162
2.09548e-161
1.53398e-160
1.12061e-159
8.16966e-159
5.94709e-158
4.32107e-157
3.13534e-156
2.27227e-155
1.64416e-154
1.18713e-153
8.55381e-153
6.1534e-152
4.41851e-151
3.16721e-150
2.26597e-149
1.61844e-148
1.15415e-147
8.21496e-147
5.83144e-146
4.13393e-145
2.92668e-144
2.06714e-143
1.4572e-142
1.02497e-141
7.19938e-141
5.04817e-140
3.532e-139
2.46641e-138
1.71821e-137
1.19443e-136
8.28696e-136
5.73669e-135
3.96091e-134
2.72821e-133
1.87669e-132
1.28825e-131
8.82086e-131
6.02759e-130
4.10895e-129
2.79395e-128
1.89561e-127
1.28254e-126
8.66019e-126
5.83316e-125
3.91768e-124
2.6247e-123
1.75454e-122
1.17041e-121
7.79166e-121
5.17538e-120
3.42722e-119
2.26278e-118
1.49087e-117
9.80296e-117
6.42395e-116
4.19868e-115
2.73623e-114
1.77764e-113
1.1517e-112
7.44179e-112
4.7939e-111
3.08011e-110
1.97408e-109
1.26079e-108
8.02656e-108
5.09638e-107
3.22545e-106
2.03438e-105
1.27893e-104
8.0119e-104
5.0046e-103
3.11552e-102
1.93201e-101
1.19398e-100
7.35245e-100
4.50892e-99
2.75387e-98
1.67424e-97
1.01246e-96
6.08599e-96
3.63237e-95
2.14933e-94
1.25857e-93
7.27627e-93
4.14155e-92
2.31301e-91
1.26276e-90
6.71243e-90
3.46114e-89
1.72564e-88
8.30122e-88
3.85082e-87
1.72543e-86
7.50365e-86
3.19521e-85
1.22949e-84
3.76904e-84
1.75806e-163
1.29407e-162
9.54156e-162
7.02254e-161
5.16053e-160
3.78584e-159
2.77446e-158
2.03094e-157
1.48371e-156
1.0815e-155
7.86714e-155
5.71444e-154
4.14541e-153
3.00198e-152
2.16989e-151
1.56568e-150
1.12757e-149
8.09966e-149
5.80785e-148
4.16122e-147
2.97702e-146
2.12405e-145
1.51228e-144
1.07523e-143
7.62996e-143
5.40521e-142
3.8228e-141
2.69824e-140
1.90098e-139
1.33649e-138
9.37905e-138
6.57042e-137
4.59279e-136
3.20335e-135
2.22925e-134
1.54805e-133
1.07236e-132
7.41845e-132
5.12369e-131
3.52826e-130
2.42418e-129
1.66188e-128
1.13673e-127
7.76424e-127
5.29127e-126
3.59545e-125
2.43835e-124
1.65012e-123
1.11361e-122
7.49954e-122
5.04019e-121
3.37845e-120
2.2596e-119
1.50837e-118
1.00479e-117
6.67257e-117
4.42142e-116
2.92215e-115
1.92629e-114
1.26633e-113
8.29815e-113
5.42196e-112
3.53426e-111
2.29745e-110
1.48908e-109
9.62948e-109
6.20965e-108
3.99279e-107
2.56102e-106
1.63858e-105
1.04506e-104
6.6412e-104
4.20938e-103
2.66104e-102
1.67748e-101
1.05382e-100
6.60022e-100
4.12246e-99
2.56593e-98
1.59148e-97
9.83242e-97
6.04788e-96
3.70094e-95
2.25086e-94
1.35878e-93
8.12865e-93
4.8093e-92
2.80711e-91
1.61168e-90
9.07183e-90
4.98845e-89
2.67025e-88
1.38693e-87
6.97257e-87
3.38863e-86
1.59305e-85
7.27107e-85
3.24571e-84
1.32708e-83
4.41318e-83
4.86726e-163
3.59973e-162
2.66602e-161
1.97064e-160
1.45414e-159
1.0715e-158
7.8864e-158
5.79703e-157
4.25404e-156
3.11498e-155
2.27559e-154
1.65957e-153
1.2088e-152
8.79361e-152
6.38556e-151
4.62719e-150
3.34691e-149
2.41587e-148
1.74015e-147
1.25127e-146
8.98805e-146
6.44351e-145
4.60733e-144
3.28892e-143
2.34344e-142
1.66717e-141
1.18451e-140
8.39602e-140
5.93973e-139
4.19431e-138
2.95648e-137
2.08108e-136
1.4616e-135
1.0241e-134
7.1644e-134
5.00192e-133
3.48329e-132
2.41978e-131
1.6786e-130
1.16278e-129
8.03295e-129
5.53592e-128
3.80904e-127
2.61609e-126
1.79299e-125
1.22571e-124
8.36079e-124
5.69554e-123
3.87126e-122
2.62419e-121
1.77501e-120
1.1975e-119
8.05523e-119
5.41027e-118
3.62778e-117
2.42438e-116
1.61584e-115
1.07513e-114
7.13595e-114
4.72302e-113
3.11786e-112
2.05245e-111
1.34735e-110
8.8242e-110
5.76434e-109
3.75566e-108
2.44078e-107
1.58207e-106
1.02324e-105
6.60014e-105
4.24406e-104
2.72202e-103
1.74197e-102
1.11157e-101
7.07552e-101
4.49161e-100
2.84247e-99
1.79432e-98
1.12971e-97
7.08829e-97
4.43383e-96
2.7637e-95
1.71484e-94
1.05833e-93
6.49001e-93
3.94915e-92
2.38055e-91
1.4187e-90
8.33898e-90
4.82117e-89
2.73336e-88
1.51481e-87
8.17986e-87
4.29133e-86
2.18238e-85
1.07494e-84
5.13671e-84
2.39311e-83
1.03557e-82
3.73895e-82
1.07975e-162
8.01744e-162
5.96004e-161
4.42232e-160
3.27619e-159
2.42478e-158
1.79191e-157
1.32177e-156
9.73407e-156
7.15428e-155
5.24798e-154
3.84344e-153
2.81054e-152
2.05276e-151
1.49682e-150
1.08922e-149
7.91253e-149
5.73697e-148
4.15083e-147
2.99648e-146
2.15951e-145
1.55413e-144
1.11631e-143
8.00281e-143
5.72701e-142
4.091e-141
2.9181e-140
2.07809e-139
1.47663e-138
1.04739e-137
7.41611e-137
5.242e-136
3.69757e-135
2.60202e-134
1.82831e-133
1.28213e-132
8.9729e-132
6.263e-131
4.36265e-130
3.03591e-129
2.10738e-128
1.45934e-127
1.00893e-126
6.96237e-126
4.79466e-125
3.29541e-124
2.25971e-123
1.54676e-122
1.057e-121
7.2038e-121
4.89589e-120
3.31943e-119
2.24462e-118
1.51428e-117
1.01956e-116
6.84779e-116
4.58814e-115
3.06741e-114
2.04634e-113
1.36199e-112
9.04116e-112
5.98491e-111
3.95053e-110
2.60149e-109
1.70949e-108
1.12045e-107
7.32375e-107
4.77521e-106
3.10683e-105
2.01579e-104
1.30391e-103
8.42325e-103
5.4277e-102
3.48596e-101
2.23328e-100
1.42786e-99
9.10481e-99
5.78949e-98
3.67354e-97
2.32443e-96
1.46651e-95
9.22414e-95
5.77954e-94
3.60474e-93
2.23638e-92
1.37878e-91
8.43778e-91
5.11881e-90
3.07355e-89
1.82325e-88
1.06625e-87
6.13183e-87
3.45762e-86
1.90557e-85
1.02304e-84
5.33502e-84
2.69929e-83
1.3271e-82
6.13881e-82
2.43324e-81
1.78182e-162
1.3277e-161
9.90476e-161
7.37675e-160
5.48488e-159
4.07322e-158
3.02022e-157
2.23515e-156
1.65164e-155
1.21848e-154
8.97432e-154
6.59922e-153
4.84514e-152
3.55235e-151
2.59981e-150
1.89893e-149
1.38479e-148
1.00813e-147
7.32543e-147
5.31244e-146
3.84526e-145
2.77819e-144
2.00404e-143
1.44301e-142
1.03708e-141
7.43993e-141
5.32729e-140
3.80817e-139
2.71743e-138
1.93603e-137
1.37667e-136
9.77022e-136
6.92011e-135
4.89047e-134
3.44965e-133
2.42861e-132
1.70629e-131
1.19642e-130
8.37144e-130
5.84648e-129
4.07481e-128
2.83378e-127
1.96666e-126
1.36265e-125
9.42549e-125
6.50763e-124
4.48361e-123
3.08135e-122
2.11259e-121
1.44498e-120
9.85721e-120
6.70767e-119
4.55437e-118
3.08443e-117
2.08377e-116
1.4046e-115
9.44737e-115
6.33965e-114
4.24437e-113
2.83531e-112
1.88914e-111
1.25536e-110
8.32003e-110
5.50014e-109
3.62746e-108
2.38627e-107
1.56574e-106
1.02496e-105
6.6927e-105
4.35912e-104
2.83278e-103
1.83664e-102
1.18775e-101
7.66068e-101
4.92748e-100
3.16205e-99
2.02426e-98
1.29242e-97
8.23629e-97
5.23704e-96
3.31972e-95
2.09817e-94
1.32181e-93
8.29659e-93
5.18622e-92
3.2275e-91
1.99893e-90
1.23171e-89
7.54857e-89
4.59918e-88
2.78394e-87
1.67222e-86
9.94794e-86
5.8436e-85
3.3753e-84
1.90706e-83
1.04851e-82
5.59053e-82
2.83295e-81
1.25988e-80
1.97697e-162
1.47762e-161
1.10572e-160
8.26135e-160
6.16286e-159
4.59027e-158
3.41333e-157
2.5339e-156
1.87814e-155
1.39012e-154
1.02737e-153
7.58039e-153
5.58474e-152
4.10832e-151
3.01672e-150
2.2109e-149
1.61763e-148
1.1816e-147
8.61725e-147
6.27362e-146
4.55889e-145
3.30656e-144
2.3938e-143
1.73001e-142
1.24811e-141
8.98764e-141
6.45981e-140
4.63448e-139
3.31917e-138
2.37295e-137
1.69322e-136
1.20591e-135
8.57136e-135
6.08061e-134
4.30496e-133
3.0417e-132
2.14471e-131
1.50917e-130
1.05976e-129
7.42513e-129
5.19196e-128
3.6237e-127
2.52373e-126
1.75435e-125
1.21738e-124
8.4316e-124
5.82707e-123
4.0171e-122
2.76237e-121
1.89487e-120
1.29665e-119
8.85289e-119
6.03109e-118
4.09886e-117
2.77849e-116
1.87898e-115
1.26769e-114
8.53256e-114
5.72856e-113
3.83644e-112
2.56305e-111
1.70813e-110
1.13554e-109
7.52876e-109
4.97808e-108
3.28277e-107
2.15937e-106
1.41698e-105
9.27373e-105
6.05336e-104
3.94269e-103
2.56087e-102
1.65846e-101
1.07135e-100
6.90213e-100
4.43428e-99
2.84101e-98
1.81527e-97
1.15704e-96
7.35589e-96
4.66191e-95
2.94502e-94
1.85499e-93
1.16508e-92
7.29822e-92
4.56176e-91
2.84736e-90
1.77674e-89
1.10992e-88
6.95267e-88
4.37446e-87
2.76806e-86
1.76235e-85
1.1276e-84
7.22334e-84
4.60001e-83
2.88178e-82
1.75538e-81
1.02229e-80
5.30597e-80
1.61074e-162
1.20622e-161
9.04369e-161
6.76994e-160
5.06024e-159
3.77605e-158
2.81293e-157
2.09205e-156
1.55335e-155
1.15161e-154
8.52511e-154
6.30119e-153
4.64992e-152
3.4255e-151
2.51892e-150
1.84901e-149
1.35492e-148
9.91141e-148
7.23837e-147
5.27717e-146
3.84018e-145
2.78943e-144
2.0223e-143
1.46343e-142
1.05718e-141
7.62235e-141
5.48516e-140
3.93998e-139
2.82491e-138
2.02141e-137
1.44363e-136
1.02897e-135
7.31978e-135
5.19711e-134
3.68229e-133
2.60354e-132
1.83704e-131
1.2935e-130
9.0882e-130
6.37105e-129
4.45696e-128
3.11185e-127
2.1681e-126
1.50721e-125
1.04559e-124
7.2384e-124
4.99987e-123
3.44543e-122
2.36854e-121
1.62417e-120
1.111e-119
7.58225e-119
5.16245e-118
3.50593e-117
2.37465e-116
1.60443e-115
1.08128e-114
7.26852e-114
4.87311e-113
3.25864e-112
2.17352e-111
1.44606e-110
9.59585e-110
6.34971e-109
4.1894e-108
2.75626e-107
1.80839e-106
1.1832e-105
7.71901e-105
5.02093e-104
3.25676e-103
2.10577e-102
1.35711e-101
8.7189e-101
5.58284e-100
3.56243e-99
2.26528e-98
1.43537e-97
9.06154e-97
5.70028e-96
3.57354e-95
2.23285e-94
1.39121e-93
8.65045e-93
5.37344e-92
3.33956e-91
2.08093e-90
1.30361e-89
8.23932e-89
5.27698e-88
3.44246e-87
2.30056e-86
1.5842e-85
1.12953e-84
8.35385e-84
6.37974e-83
4.95727e-82
3.81868e-81
2.81794e-80
1.84225e-79
1.13634e-162
8.50582e-162
6.3739e-161
4.76833e-160
3.56145e-159
2.65539e-158
1.97624e-157
1.46821e-156
1.08891e-155
8.06268e-155
5.96054e-154
4.39948e-153
3.24177e-152
2.38405e-151
1.74995e-150
1.28227e-149
9.37831e-149
6.84665e-148
4.9895e-147
3.62939e-146
2.63493e-145
1.90925e-144
1.3807e-143
9.96559e-143
7.17901e-142
5.16113e-141
3.70296e-140
2.65148e-139
1.89473e-138
1.35108e-137
9.61419e-137
6.82677e-136
4.83726e-135
3.42041e-134
2.41313e-133
1.69865e-132
1.19304e-131
8.36024e-131
5.84468e-130
4.07623e-129
2.83644e-128
1.96941e-127
1.36427e-126
9.42699e-126
6.49785e-125
4.46809e-124
3.065e-123
2.09727e-122
1.43123e-121
9.74045e-121
6.61112e-120
4.47529e-119
3.02127e-118
2.03381e-117
1.36507e-116
9.13598e-116
6.09666e-115
4.05641e-114
2.69078e-113
1.77961e-112
1.1735e-111
7.71519e-111
5.05673e-110
3.30334e-109
2.15053e-108
1.39529e-107
9.02259e-107
5.81461e-106
3.73383e-105
2.38906e-104
1.52301e-103
9.67053e-103
6.11594e-102
3.8519e-101
2.41548e-100
1.50789e-99
9.36925e-99
5.79404e-98
3.56529e-97
2.18323e-96
1.3308e-95
8.0794e-95
4.88901e-94
2.95227e-93
1.78201e-92
1.07761e-91
6.54845e-91
4.0149e-90
2.49667e-89
1.58561e-88
1.03783e-87
7.0851e-87
5.12493e-86
4.00846e-85
3.4735e-84
3.41099e-83
3.81096e-82
4.64454e-81
5.46766e-80
5.2977e-79
5.19061e-163
3.88084e-162
2.90471e-161
2.17022e-160
1.61866e-159
1.20505e-158
8.95392e-158
6.64073e-157
4.91621e-156
3.63322e-155
2.68055e-154
1.97431e-153
1.45154e-152
1.06497e-151
7.79802e-151
5.69933e-150
4.15718e-149
3.02638e-148
2.19891e-147
1.59452e-146
1.15386e-145
8.33246e-145
6.00465e-144
4.3183e-143
3.09901e-142
2.21914e-141
1.58566e-140
1.13057e-139
8.04309e-139
5.70873e-138
4.04277e-137
2.85634e-136
2.01341e-135
1.41597e-134
9.93369e-134
6.95176e-133
4.85296e-132
3.3793e-131
2.34701e-130
1.62576e-129
1.12332e-128
7.74226e-128
5.3224e-127
3.64864e-126
2.49416e-125
1.70026e-124
1.15591e-123
7.83625e-123
5.29631e-122
3.56863e-121
2.39717e-120
1.60532e-119
1.07167e-118
7.13055e-118
4.72845e-117
3.12509e-116
2.05834e-115
1.35098e-114
8.83554e-114
5.75798e-113
3.73897e-112
2.41907e-111
1.55921e-110
1.00092e-109
6.39838e-109
4.07296e-108
2.58171e-107
1.62936e-106
1.02359e-105
6.40051e-105
3.98277e-104
2.46542e-103
1.5181e-102
9.29521e-102
5.65819e-101
3.42315e-100
2.05784e-99
1.22903e-98
7.29029e-98
4.2942e-97
2.51252e-96
1.46123e-95
8.4542e-95
4.87229e-94
2.80199e-93
1.61169e-92
9.30031e-92
5.40521e-91
3.18009e-90
1.90669e-89
1.17544e-88
7.54224e-88
5.12673e-87
3.79618e-86
3.22215e-85
3.49477e-84
6.02559e-83
1.85897e-81
6.19136e-80
1.22748e-78
1.55828e-103
1.17616e-103
8.21838e-104
5.35489e-104
3.29697e-104
1.94368e-104
1.12044e-104
6.47684e-105
3.83709e-105
2.36017e-105
1.51339e-105
1.00867e-105
6.92789e-106
4.83765e-106
3.38315e-106
2.35302e-106
1.64882e-106
1.19689e-106
8.94221e-107
6.58714e-107
1.22479e-101
8.72896e-102
5.84131e-102
3.69816e-102
2.22776e-102
1.28933e-102
7.31137e-103
4.16482e-103
2.4355e-103
1.48112e-103
9.40445e-104
6.21629e-104
4.24055e-104
2.94475e-104
2.04968e-104
1.4194e-104
9.90787e-105
7.17413e-105
5.34814e-105
3.89971e-105
9.45481e-100
6.51264e-100
4.18947e-100
2.57183e-100
1.51195e-100
8.57206e-101
4.77341e-101
2.67556e-101
1.54258e-101
9.266e-102
5.8216e-102
3.81403e-102
2.58301e-102
1.78324e-102
1.23508e-102
8.51374e-103
5.91835e-103
4.27384e-103
3.17881e-103
2.29327e-103
7.12669e-98
4.78586e-98
2.98422e-98
1.78178e-98
1.02257e-98
5.67494e-99
3.09981e-99
1.70775e-99
9.69742e-100
5.7487e-100
3.57123e-100
2.31771e-100
1.55765e-100
1.06877e-100
7.36397e-101
5.05166e-101
3.4962e-101
2.51745e-101
1.86806e-101
1.33263e-101
5.22811e-96
3.44455e-96
2.09411e-96
1.22102e-96
6.85511e-97
3.72642e-97
1.99635e-97
1.08046e-97
6.0392e-98
3.53111e-98
2.16789e-98
1.39314e-98
9.28844e-99
6.33287e-99
4.34013e-99
2.96235e-99
2.04066e-99
1.46491e-99
1.08448e-99
7.64569e-100
3.72407e-94
2.42009e-94
1.44121e-94
8.23631e-95
4.53482e-95
2.41796e-95
1.27116e-95
6.75891e-96
3.71796e-96
2.14357e-96
1.30023e-96
8.27162e-97
5.47018e-97
3.70563e-97
2.52586e-97
1.71514e-97
1.17575e-97
8.41351e-98
6.21415e-98
4.32707e-98
2.57282e-92
1.65645e-92
9.69952e-93
5.45029e-93
2.95009e-93
1.54537e-93
7.9795e-94
4.17005e-94
2.25784e-94
1.28363e-94
7.69222e-95
4.84407e-95
3.17741e-95
2.13871e-95
1.44998e-95
9.79471e-96
6.68076e-96
4.76514e-96
3.51168e-96
2.41355e-96
1.72353e-90
1.10324e-90
6.37099e-91
3.52934e-91
1.88212e-91
9.7016e-92
4.92527e-92
2.53142e-92
1.34965e-92
7.5682e-93
4.48133e-93
2.79388e-93
1.81795e-93
1.21604e-93
8.20144e-94
5.51165e-94
3.74025e-94
2.65906e-94
1.95555e-94
1.32565e-94
1.11982e-88
7.14497e-89
4.07793e-89
2.23187e-89
1.17487e-89
5.96802e-90
2.98216e-90
1.50861e-90
7.92514e-91
4.38536e-91
2.56672e-91
1.58473e-91
1.02321e-91
6.80383e-92
4.56607e-92
3.05325e-92
2.0614e-92
1.46077e-92
1.07232e-92
7.16385e-93
7.0591e-87
4.49709e-87
2.54026e-87
1.37585e-87
7.16094e-88
3.58973e-88
1.76749e-88
8.80858e-89
4.56294e-89
2.49316e-89
1.44319e-89
8.82839e-90
5.65868e-90
3.74202e-90
2.49981e-90
1.66365e-90
1.11756e-90
7.89431e-91
5.78597e-91
3.80614e-91
3.37383e-85
2.14537e-85
1.20146e-85
6.45291e-86
3.32768e-86
1.64936e-86
8.01563e-87
3.94137e-87
2.01602e-87
1.08909e-87
6.24229e-88
3.78734e-88
2.412e-88
1.58743e-88
1.05615e-88
6.9958e-89
4.67286e-89
3.28644e-89
2.40291e-89
1.56206e-89
6.90595e-84
4.4402e-84
2.52808e-84
1.38872e-84
7.34378e-85
3.73102e-85
1.8558e-85
9.32403e-86
4.86823e-86
2.68355e-86
1.56769e-86
9.68098e-87
6.26674e-87
4.18591e-87
2.81947e-87
1.88321e-87
1.26268e-87
8.89471e-88
6.51052e-88
4.2037e-88
9.08959e-83
5.93627e-83
3.46063e-83
1.96271e-83
1.07622e-83
5.67172e-84
2.92305e-84
1.51934e-84
8.19526e-85
4.66278e-85
2.80684e-85
1.78218e-85
1.18349e-85
8.0895e-86
5.55557e-86
3.76349e-86
2.54393e-86
1.80017e-86
1.32184e-86
8.49434e-87
8.75492e-82
5.84217e-82
3.50868e-82
2.06891e-82
1.18523e-82
6.52872e-83
3.51241e-83
1.90247e-83
1.0675e-83
6.30797e-84
3.93573e-84
2.5833e-84
1.76854e-84
1.24251e-84
8.73407e-85
6.01998e-85
4.11218e-85
2.92819e-85
2.15988e-85
1.38359e-85
6.57862e-81
4.52145e-81
2.81764e-81
1.73986e-81
1.04892e-81
6.08029e-82
3.43581e-82
1.94996e-82
1.14386e-82
7.04922e-83
4.57528e-83
3.11442e-83
2.20431e-83
1.5958e-83
1.1507e-83
8.08455e-84
5.58853e-84
4.00853e-84
2.97281e-84
1.90139e-84
4.0079e-80
2.86544e-80
1.86857e-80
1.21818e-80
7.78985e-81
4.78516e-81
2.85681e-81
1.70705e-81
1.05094e-81
6.77538e-82
4.5854e-82
3.24319e-82
2.37678e-82
1.7754e-82
1.3148e-82
9.42524e-83
6.59817e-83
4.76993e-83
3.55878e-83
2.27623e-83
2.0335e-79
1.53015e-79
1.05444e-79
7.32639e-80
5.01327e-80
3.28769e-80
2.08567e-80
1.31769e-80
8.53924e-81
5.77136e-81
4.07832e-81
2.99992e-81
2.27783e-81
1.75646e-81
1.3365e-81
9.77943e-82
6.9353e-82
5.05432e-82
3.7949e-82
2.43082e-82
8.77502e-79
7.04395e-79
5.18926e-79
3.88578e-79
2.87354e-79
2.02705e-79
1.37342e-79
9.20331e-80
6.28932e-80
4.46054e-80
3.29249e-80
2.51889e-80
1.98131e-80
1.5769e-80
1.23268e-80
9.20634e-81
6.61387e-81
4.8593e-81
3.67205e-81
2.35845e-81
3.2777e-78
2.85198e-78
2.28027e-78
1.86649e-78
1.50709e-78
1.15065e-78
8.3531e-79
5.9448e-79
4.28512e-79
3.18815e-79
2.45671e-79
1.95333e-79
1.59039e-79
1.30551e-79
1.04786e-79
7.98481e-80
5.80962e-80
4.30254e-80
3.27218e-80
2.10922e-80
1.07391e-77
1.03624e-77
9.23537e-78
8.38784e-78
7.44183e-78
6.16105e-78
4.79145e-78
3.61777e-78
2.74666e-78
2.14045e-78
1.71928e-78
1.41867e-78
1.19403e-78
1.00977e-78
8.31428e-79
6.46006e-79
4.75833e-79
3.55127e-79
2.71745e-79
1.75928e-79
0
0
0
0
0
0
0
0
0
0
0
0
0
0
0
0
0
0
0
0
0
0
0
0
0
0
0
0
0
0
0
0
0
0
0
0
0
0
0
0
0
0
0
0
0
0
0
0
0
0
0
0
0
0
0
0
0
0
0
0
0
0
0
0
0
0
0
0
0
0
0
0
0
0
0
0
0
0
0
0
0
0
0
0
0
0
0
0
0
0
0
0
0
0
0
0
0
0
0
0
0
0
0
0
0
0
0
0
0
0
0
0
0
0
0
0
0
0
0
0
0
0
0
0
0
0
0
0
0
0
0
0
0
0
0
0
0
0
0
0
0
0
0
0
0
0
0
0
0
0
0
0
0
0
0
0
0
0
0
0
0
0
0
0
0
0
0
0
0
0
0
0
0
0
0
0
0
0
0
0
1.4822e-323
1.4822e-323
1.4822e-323
4.94066e-324
4.94066e-324
0
0
0
0
0
0
0
0
0
0
0
0
0
0
0
6.59084e-321
5.50883e-321
4.1798e-321
2.8804e-321
1.90709e-321
1.18576e-321
7.11455e-322
4.00193e-322
2.51973e-322
1.38338e-322
7.41098e-323
4.94066e-323
2.96439e-323
1.4822e-323
1.4822e-323
4.94066e-324
4.94066e-324
0
0
0
1.88778e-318
1.5807e-318
1.19722e-318
8.35613e-319
5.44811e-319
3.37457e-319
2.0144e-319
1.17578e-319
6.82947e-320
4.02219e-320
2.43624e-320
1.52815e-320
9.90108e-321
6.60566e-321
4.44659e-321
3.00886e-321
2.11954e-321
1.50196e-321
1.16105e-321
9.98013e-322
5.38673e-316
4.5081e-316
3.41165e-316
2.37947e-316
1.55035e-316
9.59763e-317
5.72832e-317
3.34298e-317
1.94197e-317
1.14373e-317
6.931e-318
4.35122e-318
2.82766e-318
1.88546e-318
1.27568e-318
8.71235e-319
6.03867e-319
4.32238e-319
3.32304e-319
2.93544e-319
1.53462e-313
1.28362e-313
9.70719e-314
6.76529e-314
4.40503e-314
2.72553e-314
1.62601e-314
9.48728e-315
5.51147e-315
3.24701e-315
1.96873e-315
1.23686e-315
8.04388e-316
5.36701e-316
3.63282e-316
2.48166e-316
1.72047e-316
1.23159e-316
9.46583e-317
8.35919e-317
4.36487e-311
3.64905e-311
2.75756e-311
1.92048e-311
1.24963e-311
7.72775e-312
4.60826e-312
2.68823e-312
1.56182e-312
9.20437e-313
5.58384e-313
3.51042e-313
2.28471e-313
1.52535e-313
1.03292e-313
7.05798e-314
4.89376e-314
3.50328e-314
2.69216e-314
2.37654e-314
1.23947e-308
1.03566e-308
7.82078e-309
5.44273e-309
3.5394e-309
2.18758e-309
1.30405e-309
7.60538e-310
4.4189e-310
2.60515e-310
1.58127e-310
9.9476e-311
6.47878e-311
4.32822e-311
2.93232e-311
2.00417e-311
1.3898e-311
9.94948e-312
7.64449e-312
6.7457e-312
3.5139e-306
2.93457e-306
2.21448e-306
1.53998e-306
1.00083e-306
6.18285e-307
3.68427e-307
2.14824e-307
1.24822e-307
7.36145e-308
4.47068e-308
2.81437e-308
1.83417e-308
1.22611e-308
8.31081e-309
5.68211e-309
3.94086e-309
2.82125e-309
2.16723e-309
1.91167e-309
9.94545e-304
8.30134e-304
6.25997e-304
4.35015e-304
2.82533e-304
1.74459e-304
1.03915e-304
6.05783e-305
3.51989e-305
2.07662e-305
1.26189e-305
7.94942e-306
5.18447e-306
3.46803e-306
2.35178e-306
1.60841e-306
1.11565e-306
7.98704e-307
6.13435e-307
5.40877e-307
2.8102e-301
2.34437e-301
1.76659e-301
1.2268e-301
7.96283e-302
4.91426e-302
2.92597e-302
1.70533e-302
9.90982e-303
5.84861e-303
3.55608e-303
2.24171e-303
1.4631e-303
9.7937e-304
6.64471e-304
4.5455e-304
3.15329e-304
2.25752e-304
1.73353e-304
1.52784e-304
7.92718e-299
6.60954e-299
4.97696e-299
3.45382e-299
2.24047e-299
1.38195e-299
8.22487e-300
4.79289e-300
2.78562e-300
1.64458e-300
1.00042e-300
6.31092e-301
4.12224e-301
2.7613e-301
1.87432e-301
1.28249e-301
8.89811e-302
6.37049e-302
4.89085e-302
4.30867e-302
2.23238e-296
1.8603e-296
1.39978e-296
9.70711e-297
6.29317e-297
3.87981e-297
2.30825e-297
1.34489e-297
7.81719e-298
4.61636e-298
2.80988e-298
1.77381e-298
1.15958e-298
7.77282e-299
5.27836e-299
3.61257e-299
2.50672e-299
1.79468e-299
1.37758e-299
1.21307e-299
6.276e-294
5.22706e-294
3.93021e-294
2.72358e-294
1.76465e-294
1.08742e-294
6.4671e-295
3.7674e-295
2.1899e-295
1.29368e-295
7.87921e-296
4.97774e-296
3.25655e-296
2.18429e-296
1.48401e-296
1.01592e-296
7.04984e-297
5.04743e-297
3.8737e-297
3.40958e-297
1.76141e-291
1.46619e-291
1.10159e-291
7.62843e-292
4.93968e-292
3.04258e-292
1.80875e-292
1.05353e-292
6.12412e-293
3.61936e-293
2.20577e-293
1.39458e-293
9.13045e-294
6.12797e-294
4.16528e-294
2.85216e-294
1.97936e-294
1.41722e-294
1.08746e-294
9.56731e-295
4.93502e-289
4.10553e-289
3.08229e-289
2.13293e-289
1.38031e-289
8.49817e-290
5.04969e-290
2.94081e-290
1.70975e-290
1.01088e-290
6.16452e-291
3.90054e-291
2.55557e-291
1.71629e-291
1.16711e-291
7.99377e-292
5.54822e-292
3.97271e-292
3.04773e-292
2.68007e-292
1.38026e-286
1.14759e-286
8.60917e-287
5.9531e-287
3.85024e-287
2.36935e-287
1.40743e-287
8.19504e-288
4.76519e-288
2.81853e-288
1.71975e-288
1.08904e-288
7.14056e-289
4.7987e-289
3.26462e-289
2.2366e-289
1.55256e-289
1.11174e-289
8.52714e-290
7.49481e-290
3.85363e-284
3.20214e-284
2.40039e-284
1.65858e-284
1.07208e-284
6.59451e-285
3.91614e-285
2.27987e-285
1.32573e-285
7.84396e-286
4.78934e-286
3.03539e-286
1.9918e-286
1.3394e-286
9.11588e-287
6.24726e-287
4.33716e-287
3.10576e-287
2.38167e-287
2.0923e-287
1.07401e-281
8.91905e-282
6.68079e-282
4.61288e-282
2.97993e-282
1.83218e-282
1.0877e-282
6.33094e-283
3.68156e-283
2.17912e-283
1.33155e-283
8.44583e-284
5.54647e-284
3.73197e-284
2.54114e-284
1.74197e-284
1.2095e-284
8.66131e-285
6.64066e-285
5.83085e-285
2.98794e-279
2.47982e-279
1.85607e-279
1.28067e-279
8.26839e-280
5.08112e-280
3.01544e-280
1.7548e-280
1.02055e-280
6.04382e-281
3.69544e-281
2.34582e-281
1.54177e-281
1.03801e-281
7.0715e-282
4.84888e-282
3.36713e-282
2.4113e-282
1.84836e-282
1.62211e-282
8.29765e-277
6.8824e-277
5.14731e-277
3.54909e-277
2.29006e-277
1.40654e-277
8.34403e-278
4.85526e-278
2.82417e-278
1.67325e-278
1.02379e-278
6.50435e-279
4.27799e-279
2.88223e-279
1.96451e-279
1.3474e-279
9.35746e-280
6.70122e-280
5.13566e-280
4.50461e-280
2.30013e-274
1.90665e-274
1.42488e-274
9.81766e-275
6.33092e-275
3.88633e-275
2.30467e-275
1.34093e-275
7.80115e-276
4.62396e-276
2.83126e-276
1.80017e-276
1.18495e-276
7.98922e-277
5.44799e-277
3.73748e-277
2.59583e-277
1.85906e-277
1.42445e-277
1.24872e-277
6.36438e-272
5.27236e-272
3.93707e-272
2.71072e-272
1.74693e-272
1.07182e-272
6.35406e-273
3.69658e-273
2.15098e-273
1.27555e-273
7.81569e-274
4.97349e-274
3.2765e-274
2.21052e-274
1.5081e-274
1.03486e-274
7.18821e-275
5.14829e-275
3.94385e-275
3.45533e-275
1.75774e-269
1.45522e-269
1.08582e-269
7.47041e-270
4.81132e-270
2.95053e-270
1.7486e-270
1.01716e-270
5.91987e-271
3.51238e-271
2.1537e-271
1.37168e-271
9.04351e-272
6.10505e-272
4.16707e-272
2.86022e-272
1.98696e-272
1.42313e-272
1.08994e-272
9.54379e-273
4.84544e-267
4.00895e-267
2.98895e-267
2.05492e-267
1.32268e-267
8.1073e-268
4.8028e-268
2.79349e-268
1.62628e-268
9.65433e-269
5.92397e-269
3.776e-269
2.49147e-269
1.68302e-269
1.14932e-269
7.8909e-270
5.48236e-270
3.92682e-270
3.00678e-270
2.63123e-270
1.33319e-264
1.10232e-264
8.21208e-265
5.64189e-265
3.62939e-265
2.2235e-265
1.31671e-265
7.65813e-266
4.45941e-266
2.64866e-266
1.62644e-266
1.03756e-266
6.85128e-267
4.63112e-267
3.16413e-267
2.17295e-267
1.50988e-267
1.08154e-267
8.2796e-268
7.24095e-268
3.66123e-262
3.02523e-262
2.25194e-262
1.54603e-262
9.93959e-263
6.08649e-263
3.60318e-263
2.09549e-263
1.22048e-263
7.25296e-264
4.45732e-264
2.84581e-264
1.88055e-264
1.27194e-264
8.69443e-265
5.97231e-265
4.15057e-265
2.9733e-265
2.2757e-265
1.98895e-265
1.00352e-259
8.28642e-260
6.16336e-260
4.22837e-260
2.71693e-260
1.66292e-260
9.84131e-261
5.72275e-261
3.33391e-261
1.98243e-261
1.21927e-261
7.79092e-262
5.15214e-262
3.48677e-262
2.38445e-262
1.63836e-262
1.13881e-262
8.1588e-263
6.24327e-263
5.45305e-263
2.74528e-257
2.26532e-257
1.68357e-257
1.15421e-257
7.41224e-258
4.53472e-258
2.68268e-258
1.55985e-258
9.0896e-259
5.40806e-259
3.32882e-259
2.1288e-259
1.40884e-259
9.54003e-260
6.52652e-260
4.4859e-260
3.11871e-260
2.23464e-260
1.70962e-260
1.49222e-260
7.49547e-255
6.18077e-255
4.58978e-255
3.14443e-255
2.01815e-255
1.23414e-255
7.29846e-256
4.2436e-256
2.47343e-256
1.47236e-256
9.07016e-257
5.80534e-257
3.84476e-257
2.60506e-257
1.78301e-257
1.22597e-257
8.52502e-258
6.10908e-258
4.67269e-258
4.07564e-258
2.04248e-252
1.68305e-252
1.24878e-252
8.54923e-253
5.48388e-253
3.35204e-253
1.98178e-253
1.15217e-253
6.71694e-254
4.00081e-254
2.46632e-254
1.58e-254
1.04717e-254
7.09991e-255
4.86211e-255
3.34429e-255
2.32592e-255
1.6669e-255
1.27467e-255
1.11101e-255
5.55461e-250
4.57386e-250
3.39082e-250
2.31969e-250
1.48715e-250
9.08606e-251
5.3701e-251
3.12192e-251
1.82043e-251
1.08498e-251
6.69324e-252
4.29153e-252
2.84673e-252
1.9315e-252
1.32339e-252
9.10546e-253
6.33363e-253
4.53948e-253
3.4705e-253
3.02264e-253
1.50756e-247
1.24047e-247
9.18847e-248
6.28131e-248
4.02473e-248
2.45784e-248
1.45214e-248
8.44237e-249
4.92419e-249
2.93635e-249
1.81295e-249
1.16346e-249
7.72407e-250
5.24452e-250
3.59511e-250
2.47431e-250
1.72135e-250
1.23384e-250
9.43045e-251
8.20721e-251
4.08328e-245
3.35739e-245
2.4848e-245
1.69737e-245
1.08697e-245
6.63512e-246
3.91904e-246
2.27831e-246
1.32934e-246
7.93175e-247
4.90092e-247
3.14796e-247
2.0917e-247
1.42124e-247
9.74714e-248
6.71029e-248
4.66907e-248
3.34702e-248
2.55753e-248
2.22403e-248
1.10371e-242
9.06821e-243
6.70563e-243
4.57729e-243
2.92958e-243
1.78755e-243
1.05554e-243
6.13633e-244
3.58162e-244
2.13837e-244
1.32226e-244
8.50039e-245
5.65307e-245
3.84362e-245
2.63734e-245
1.81627e-245
1.26397e-245
9.06146e-246
6.92226e-246
6.01475e-246
2.97718e-240
2.44423e-240
1.80586e-240
1.23178e-240
7.87959e-241
4.80601e-241
2.83712e-241
1.64938e-241
9.63028e-242
5.75319e-242
3.56026e-242
2.29069e-242
1.52464e-242
1.03733e-242
7.12159e-243
4.90608e-243
3.41482e-243
2.44835e-243
1.86986e-243
1.62337e-243
8.01405e-238
6.57435e-238
4.85307e-238
3.30789e-238
2.11495e-238
1.28945e-238
7.60995e-239
4.42389e-239
2.58397e-239
1.5446e-239
9.56594e-240
6.1602e-240
4.10355e-240
2.79389e-240
1.91913e-240
1.32254e-240
9.20714e-241
6.60202e-241
5.0408e-241
4.37253e-241
2.15272e-235
1.76459e-235
1.30145e-235
8.86445e-236
5.66466e-236
3.45203e-236
2.03682e-236
1.184e-236
6.9183e-237
4.13806e-237
2.56497e-237
1.65329e-237
1.10217e-237
7.50936e-238
5.16111e-238
3.5581e-238
2.47742e-238
1.77664e-238
1.35615e-238
1.17532e-238
5.7703e-233
4.72613e-233
3.48264e-233
2.37037e-233
1.51392e-233
9.22173e-234
5.43962e-234
3.16206e-234
1.84824e-234
1.10632e-234
6.86377e-235
4.42783e-235
2.95411e-235
2.01425e-235
1.38515e-235
9.55262e-236
6.65236e-236
4.7713e-236
3.64104e-236
3.15266e-236
1.5434e-230
1.26307e-230
9.29914e-231
6.32469e-231
4.0371e-231
2.45815e-231
1.44961e-231
8.42713e-232
4.92743e-232
2.95147e-232
1.83274e-232
1.18336e-232
7.90192e-233
5.39178e-233
3.70987e-233
2.5593e-233
1.78259e-233
1.27871e-233
9.75531e-234
8.43882e-234
4.11922e-228
3.36823e-228
2.47755e-228
1.68386e-228
1.07421e-228
6.53821e-229
3.85493e-229
2.24118e-229
1.31084e-229
7.8571e-230
4.88329e-230
3.15604e-230
2.10921e-230
1.44024e-230
9.91569e-231
6.84257e-231
4.76669e-231
3.41977e-231
2.60821e-231
2.25403e-231
1.09698e-225
8.9623e-226
6.58635e-226
4.47314e-226
2.85209e-226
1.73533e-226
1.0229e-226
5.9471e-227
3.47969e-227
2.08727e-227
1.29848e-227
8.39956e-228
5.61821e-228
3.83907e-228
2.6446e-228
1.82552e-228
1.27193e-228
9.12641e-229
6.95862e-229
6.00766e-229
2.91491e-223
2.37942e-223
1.74705e-223
1.18566e-223
7.55571e-224
4.59558e-224
2.70829e-224
1.57463e-224
9.21674e-225
5.53311e-225
3.44532e-225
2.23077e-225
1.49335e-225
1.02112e-225
7.03802e-226
4.85957e-226
3.38667e-226
2.43039e-226
1.85259e-226
1.59776e-226
7.72822e-221
6.30298e-221
4.62371e-221
3.13576e-221
1.99723e-221
1.21429e-221
7.15467e-222
4.16001e-222
2.43588e-222
1.46348e-222
9.12168e-223
5.91182e-223
3.96075e-223
2.71001e-223
1.86882e-223
1.29085e-223
8.99844e-224
6.45847e-224
4.92155e-224
4.24003e-224
2.04436e-218
1.66586e-218
1.22094e-218
8.2745e-219
5.2675e-219
3.20121e-219
1.88575e-219
1.09657e-219
6.42377e-220
3.86223e-220
2.40968e-220
1.5632e-220
1.04816e-220
7.17645e-221
4.95155e-221
3.42163e-221
2.38569e-221
1.7125e-221
1.30458e-221
1.12269e-221
5.39571e-216
4.39276e-216
3.21662e-216
2.17845e-216
1.38608e-216
8.42015e-217
4.9591e-217
2.88403e-217
1.69027e-217
1.01707e-217
6.35143e-218
4.12396e-218
2.76754e-218
1.89623e-218
1.30912e-218
9.04948e-219
6.31069e-219
4.53069e-219
3.45049e-219
2.96605e-219
1.42085e-213
1.15569e-213
8.45481e-214
5.72202e-214
3.63895e-214
2.2097e-214
1.30119e-214
7.56776e-215
4.43743e-215
2.67229e-215
1.67031e-215
1.0855e-215
7.29068e-216
4.99933e-216
3.45341e-216
2.38798e-216
1.6656e-216
1.19602e-216
9.10598e-217
7.81838e-217
3.7329e-211
3.03343e-211
2.21715e-211
1.49946e-211
9.53151e-212
5.7855e-212
3.40608e-212
1.98121e-212
1.16228e-212
7.00502e-213
4.38243e-213
2.85068e-213
1.91629e-213
1.31512e-213
9.08952e-214
6.28725e-214
4.38624e-214
3.15021e-214
2.39774e-214
2.05622e-214
9.78431e-209
7.94339e-209
5.80048e-209
3.92014e-209
2.4907e-209
1.51119e-209
8.89468e-210
5.17439e-210
3.03712e-210
1.8319e-210
1.14724e-210
7.46952e-211
5.02563e-211
3.45157e-211
2.3869e-211
1.65156e-211
1.15244e-211
8.27852e-212
6.29936e-212
5.39546e-212
2.55851e-206
2.07511e-206
1.51389e-206
1.02242e-206
6.4929e-207
3.93776e-207
2.31725e-207
1.34814e-207
7.91703e-208
4.7796e-208
2.99636e-208
1.95282e-208
1.31501e-208
9.0373e-209
6.25318e-209
4.32821e-209
3.02089e-209
2.17057e-209
1.65121e-209
1.41247e-209
6.67428e-204
5.40788e-204
3.94163e-204
2.66019e-204
1.68847e-204
1.02358e-204
6.02216e-205
3.5041e-205
2.05895e-205
1.24413e-205
7.80747e-206
5.09341e-206
3.43279e-206
2.36076e-206
1.63434e-206
1.13165e-206
7.9004e-207
5.67806e-207
4.31827e-207
3.68905e-207
1.73689e-201
1.4059e-201
1.02374e-201
6.90438e-202
4.38005e-202
2.65417e-202
1.56128e-202
9.08619e-203
5.3419e-203
3.2308e-203
2.02956e-203
1.32533e-203
8.93944e-204
6.15261e-204
4.26174e-204
2.95194e-204
2.06139e-204
1.48188e-204
1.12669e-204
9.61211e-205
4.50898e-199
3.64592e-199
2.65229e-199
1.78752e-199
1.13342e-199
6.86518e-200
4.03782e-200
2.35041e-200
1.38268e-200
8.37026e-201
5.26329e-201
3.44017e-201
2.32255e-201
1.59974e-201
1.1087e-201
7.68203e-202
5.36588e-202
3.85838e-202
2.93279e-202
2.49855e-202
1.16764e-196
9.43136e-197
6.85432e-197
4.61618e-197
2.92557e-197
1.77142e-197
1.04174e-197
6.06529e-198
3.57033e-198
2.16324e-198
1.36159e-198
8.90847e-199
6.01982e-199
4.14937e-199
2.87728e-199
1.99437e-199
1.39348e-199
1.00227e-199
7.61624e-200
6.47905e-200
3.01612e-194
2.43357e-194
1.76688e-194
1.18911e-194
7.53286e-195
4.5598e-195
2.68116e-195
1.56136e-195
9.19641e-196
5.57666e-196
3.51384e-196
2.30145e-196
1.55642e-196
1.07356e-196
7.44875e-197
5.16544e-197
3.61025e-197
2.59741e-197
1.97317e-197
1.676e-197
7.77131e-192
6.26339e-192
4.54306e-192
3.05544e-192
1.93478e-192
1.17079e-192
6.8831e-193
4.00905e-193
2.36278e-193
1.43418e-193
9.04654e-194
5.93085e-194
4.01406e-194
2.7709e-194
1.92376e-194
1.33466e-194
9.33093e-195
6.71491e-195
5.09952e-195
4.3247e-195
1.99726e-189
1.6079e-189
1.16513e-189
7.83093e-190
4.95661e-190
2.99836e-190
1.76248e-190
1.02678e-190
6.05545e-191
3.67929e-191
2.32325e-191
1.52457e-191
1.03277e-191
7.13464e-192
4.95642e-192
3.44002e-192
2.40567e-192
1.73168e-192
1.31469e-192
1.11313e-192
5.11984e-187
4.11701e-187
2.98039e-187
2.00182e-187
1.26654e-187
7.6588e-188
4.50142e-188
2.62307e-188
1.54803e-188
9.41448e-189
5.95125e-189
3.90909e-189
2.65058e-189
1.83249e-189
1.27379e-189
8.84411e-190
6.18662e-190
4.45466e-190
3.381e-190
2.85784e-190
1.30902e-184
1.05139e-184
7.60387e-185
5.10389e-185
3.22783e-185
1.95131e-185
1.14667e-185
6.68364e-186
3.9471e-186
2.4025e-186
1.52043e-186
9.99743e-187
6.78552e-187
4.6947e-187
3.26526e-187
2.26806e-187
1.58707e-187
1.14312e-187
8.67333e-188
7.31847e-188
3.33812e-182
2.67795e-182
1.93486e-182
1.29785e-182
8.20439e-183
4.95828e-183
2.91331e-183
1.69853e-183
1.00377e-183
6.11569e-184
3.87408e-184
2.55041e-184
1.73266e-184
1.19966e-184
8.34894e-185
5.80191e-185
4.06118e-185
2.92601e-185
2.21937e-185
1.8693e-185
8.49004e-180
6.80273e-180
4.91025e-180
3.29143e-180
2.07981e-180
1.25651e-180
7.38222e-181
4.30526e-181
2.54585e-181
1.55271e-181
9.84729e-182
6.4897e-182
4.4127e-182
3.0577e-182
2.12934e-182
1.48039e-182
1.03654e-182
7.47036e-183
5.66454e-183
4.76221e-183
2.15356e-177
1.72343e-177
1.24277e-177
8.32488e-178
5.25814e-178
3.17569e-178
1.86564e-178
1.08834e-178
6.44006e-179
3.93179e-179
2.4965e-179
1.64712e-179
1.12093e-179
7.77318e-180
5.41657e-180
3.76748e-180
2.63872e-180
1.90237e-180
1.44209e-180
1.21004e-180
5.44793e-175
4.35427e-175
3.13681e-175
2.09983e-175
1.32572e-175
8.00453e-176
4.70211e-176
2.74376e-176
1.62476e-176
9.9298e-177
6.31219e-177
4.16923e-177
2.83994e-177
1.97092e-177
1.37424e-177
9.56307e-178
6.69997e-178
4.83204e-178
3.66185e-178
3.06645e-178
1.37441e-172
1.09707e-172
7.89549e-173
5.28177e-173
3.33319e-173
2.01203e-173
1.18186e-173
6.89855e-174
4.08804e-174
2.50103e-174
1.59167e-174
1.05243e-174
7.17568e-175
4.98406e-175
3.4775e-175
2.42107e-175
1.6968e-175
1.22418e-175
9.27422e-176
7.75015e-176
3.45771e-170
2.75631e-170
1.98174e-170
1.32484e-170
8.35728e-171
5.04342e-171
2.96247e-171
1.72975e-171
1.02579e-171
6.28222e-172
4.00241e-172
2.64921e-172
1.80812e-172
1.25701e-172
8.77648e-173
6.11304e-173
4.28585e-173
3.09327e-173
2.34266e-173
1.95345e-173
8.67443e-168
6.90539e-168
4.95998e-168
3.31373e-168
2.08956e-168
1.26072e-168
7.40497e-169
4.32495e-169
2.56676e-169
1.57354e-169
1.00357e-169
6.65034e-170
4.54377e-170
3.16175e-170
2.20901e-170
1.53936e-170
1.07963e-170
7.79507e-171
5.90166e-171
4.91009e-171
2.16999e-165
1.72505e-165
1.23786e-165
8.26478e-166
5.20956e-166
3.14248e-166
1.84559e-166
1.07826e-166
6.40429e-167
3.9304e-167
2.50967e-167
1.66504e-167
1.13876e-167
7.93086e-168
5.54476e-168
3.86577e-168
2.71213e-168
1.95898e-168
1.4827e-168
1.23071e-168
5.41289e-163
4.29688e-163
3.0804e-163
2.05538e-163
1.29505e-163
7.80979e-164
4.58647e-164
2.68043e-164
1.59336e-164
9.79087e-165
6.2597e-165
4.15747e-165
2.84621e-165
1.9839e-165
1.38792e-165
9.68059e-166
6.79404e-166
4.90943e-166
3.71477e-166
3.07599e-166
1.3463e-160
1.06718e-160
7.64309e-161
5.09651e-161
3.20987e-161
1.93515e-161
1.13646e-161
6.64473e-162
3.9537e-162
2.43225e-162
1.55685e-162
1.03517e-162
7.09425e-163
4.94893e-163
3.46431e-163
2.41728e-163
1.69717e-163
1.22696e-163
9.28134e-164
7.66604e-164
3.33879e-158
2.64263e-158
1.8908e-158
1.25997e-158
7.9322e-159
4.78106e-159
2.80797e-159
1.64262e-159
9.78303e-160
6.0249e-160
3.86087e-160
2.57017e-160
1.76325e-160
1.23099e-160
8.62234e-161
6.01903e-161
4.22773e-161
3.05784e-161
2.31244e-161
1.905e-161
8.25569e-156
6.52443e-156
4.66372e-156
3.10569e-156
1.95437e-156
1.17776e-156
6.91773e-157
4.04891e-157
2.41363e-157
1.48813e-157
9.54758e-158
6.36293e-158
4.36969e-158
3.05315e-158
2.13984e-158
1.4945e-158
1.05014e-158
7.59911e-159
5.74503e-159
4.71998e-159
2.03528e-153
1.60598e-153
1.14689e-153
7.6325e-154
4.80091e-154
2.89257e-154
1.69921e-154
9.95098e-155
5.93718e-155
3.66489e-155
2.35419e-155
1.57068e-155
1.07971e-155
7.55057e-156
5.29522e-156
3.69995e-156
2.60093e-156
1.88308e-156
1.42322e-156
1.16599e-156
5.00257e-151
3.94113e-151
2.81191e-151
1.87014e-151
1.17583e-151
7.0827e-152
4.16117e-152
2.43821e-152
1.45611e-152
8.99888e-153
5.78762e-153
3.86584e-153
2.66e-153
1.86178e-153
1.30651e-153
9.13327e-154
6.42314e-154
4.65284e-154
3.51557e-154
2.87171e-154
1.22589e-148
9.64215e-149
6.87324e-149
4.56843e-149
2.87112e-149
1.72898e-149
1.01585e-149
5.95565e-150
3.56046e-150
2.20307e-150
1.41863e-150
9.48613e-151
6.53384e-151
4.57698e-151
3.21399e-151
2.24789e-151
1.58159e-151
1.14629e-151
8.6586e-152
7.05125e-152
2.99497e-146
2.35177e-146
1.67492e-146
1.11258e-146
6.98893e-147
4.20747e-147
2.4722e-147
1.45033e-147
8.68001e-148
5.37719e-148
3.46671e-148
2.32073e-148
1.60011e-148
1.12179e-148
7.88239e-149
5.51581e-149
3.88287e-149
2.81569e-149
2.12626e-149
1.72604e-149
7.29481e-144
5.71844e-144
4.06894e-144
2.70107e-144
1.69592e-144
1.0207e-144
5.99826e-145
3.52127e-145
2.10958e-145
1.30839e-145
8.44557e-146
5.66043e-146
3.90675e-146
2.74098e-146
1.92725e-146
1.34937e-146
9.50372e-147
6.89548e-147
5.20575e-147
4.21189e-147
1.77139e-141
1.38618e-141
9.85424e-142
6.53707e-142
4.10248e-142
2.46853e-142
1.45095e-142
8.52288e-143
5.11092e-143
3.17373e-143
2.05115e-143
1.37639e-143
9.50929e-144
6.67695e-144
4.69778e-144
3.2909e-144
2.31893e-144
1.68347e-144
1.27064e-144
1.02452e-144
4.28837e-139
3.34984e-139
2.37915e-139
1.57715e-139
9.89311e-140
5.95165e-140
3.49884e-140
2.0564e-140
1.23439e-140
7.6744e-141
4.96625e-141
3.33647e-141
2.30754e-141
1.62157e-141
1.14161e-141
8.00066e-142
5.64032e-142
4.09718e-142
3.09184e-142
2.48402e-142
1.03503e-136
8.07018e-137
5.72625e-137
3.79323e-137
2.37827e-137
1.43045e-137
8.41075e-138
4.94651e-138
2.97228e-138
1.85004e-138
1.19871e-138
8.0629e-139
5.58222e-139
3.92588e-139
2.7655e-139
1.93884e-139
1.36748e-139
9.93991e-140
7.49967e-140
6.00281e-140
2.49053e-134
1.9382e-134
1.37397e-134
9.09525e-135
5.69984e-135
3.42751e-135
2.01567e-135
1.18626e-135
7.13516e-136
4.44625e-136
2.88436e-136
1.94242e-136
1.34613e-136
9.47408e-137
6.67739e-137
4.68318e-137
3.30465e-137
2.40369e-137
1.8133e-137
1.44573e-137
5.97471e-132
4.64074e-132
3.28673e-132
2.17426e-132
1.36199e-132
8.18851e-133
4.81632e-133
2.83623e-133
1.70758e-133
1.06531e-133
6.91896e-134
4.66459e-134
3.2356e-134
2.27882e-134
1.60692e-134
1.12745e-134
7.95972e-135
5.79346e-135
4.36978e-135
3.46979e-135
1.42905e-129
1.10784e-129
7.83918e-130
5.18257e-130
3.24507e-130
1.9506e-130
1.14745e-130
6.76091e-131
4.07426e-131
2.54469e-131
1.65457e-131
1.11659e-131
7.75183e-132
5.46313e-132
3.85416e-132
2.70516e-132
1.91072e-132
1.39162e-132
1.04946e-132
8.29742e-133
3.40821e-127
2.63707e-127
1.86445e-127
1.23186e-127
7.71015e-128
4.63357e-128
2.72604e-128
1.60706e-128
9.69295e-129
6.06027e-129
3.94452e-129
2.66439e-129
1.85112e-129
1.30534e-129
9.21275e-130
6.46832e-130
4.57065e-130
3.33091e-130
2.51141e-130
1.97663e-130
8.10613e-125
6.2602e-125
4.42264e-125
2.92046e-125
1.82719e-125
1.09786e-125
6.45954e-126
3.80981e-126
2.29964e-126
1.43911e-126
9.37533e-127
6.33769e-127
4.40594e-127
3.10835e-127
2.19451e-127
1.54115e-127
1.08938e-127
7.94325e-128
5.98736e-128
4.6898e-128
1.92315e-122
1.4825e-122
1.04663e-122
6.90795e-123
4.32044e-123
2.59533e-123
1.52708e-123
9.00987e-124
5.44185e-124
3.408e-124
2.22176e-124
1.50279e-124
1.04521e-124
7.37623e-125
5.20869e-125
3.65843e-125
2.58658e-125
1.88686e-125
1.42175e-125
1.10796e-125
4.5528e-120
3.50365e-120
2.4722e-120
1.63102e-120
1.01975e-120
6.12411e-121
3.6031e-121
2.12626e-121
1.28475e-121
8.04974e-122
5.25009e-122
3.55232e-122
2.47125e-122
1.74422e-122
1.23171e-122
8.65093e-123
6.11681e-123
4.46351e-123
3.36177e-123
2.60558e-123
1.07611e-117
8.2688e-118
5.83235e-118
3.8466e-118
2.40419e-118
1.44331e-118
8.48938e-119
5.00931e-119
3.02702e-119
1.89683e-119
1.2372e-119
8.37106e-120
5.82309e-120
4.10946e-120
2.90141e-120
2.03732e-120
1.44032e-120
1.05118e-120
7.91276e-121
6.09739e-121
2.54168e-115
1.9507e-115
1.37568e-115
9.07063e-116
5.66708e-116
3.40021e-116
1.99877e-116
1.17881e-116
7.1204e-117
4.46012e-117
2.90785e-117
1.96657e-117
1.36736e-117
9.6454e-118
6.80674e-118
4.77711e-118
3.37589e-118
2.46366e-118
1.85324e-118
1.41922e-118
6.00737e-113
4.6072e-113
3.24911e-113
2.14173e-113
1.3373e-113
8.01622e-114
4.70693e-114
2.77282e-114
1.67301e-114
1.04681e-114
6.81736e-115
4.60573e-115
3.19932e-115
2.25489e-115
1.58996e-115
1.11491e-115
7.87299e-116
5.74374e-116
4.31694e-116
3.28397e-116
1.42428e-110
1.09204e-110
7.70164e-111
5.07407e-111
3.16487e-111
1.89408e-111
1.10997e-111
6.52502e-112
3.92873e-112
2.45319e-112
1.59453e-112
1.07531e-112
7.45782e-113
5.2492e-113
3.69666e-113
2.58888e-113
1.82606e-113
1.33136e-113
9.9958e-114
7.5496e-114
3.40204e-108
2.60786e-108
1.83844e-108
1.20966e-108
7.52973e-109
4.49385e-109
2.62488e-109
1.5377e-109
9.22671e-110
5.74245e-110
3.72108e-110
2.50258e-110
1.73165e-110
1.21646e-110
8.55173e-111
5.97855e-111
4.2101e-111
3.06649e-111
2.29928e-111
1.72322e-111
8.25446e-106
6.31381e-106
4.4414e-106
2.91337e-106
1.80645e-106
1.07309e-106
6.23537e-107
3.63319e-107
2.16868e-107
1.34315e-107
8.66517e-108
5.80532e-108
4.00415e-108
2.80551e-108
1.96772e-108
1.37249e-108
9.64415e-109
7.01442e-109
5.25096e-109
3.90275e-109
3.12885e-77
3.61359e-77
3.68042e-77
3.72372e-77
3.62628e-77
3.25008e-77
2.70405e-77
2.16378e-77
1.72891e-77
1.41044e-77
1.18049e-77
1.01065e-77
8.79155e-78
7.65888e-78
6.46956e-78
5.12628e-78
3.82333e-78
2.876e-78
2.21446e-78
1.44165e-78
1.84458e-76
2.42731e-76
2.69809e-76
2.95723e-76
3.11255e-76
2.99228e-76
2.647e-76
2.23459e-76
1.87245e-76
1.59455e-76
1.38745e-76
1.23009e-76
1.10421e-76
9.89759e-77
8.56988e-77
6.92065e-77
5.22395e-77
3.95972e-77
3.06729e-77
2.00845e-77
1.28207e-75
1.79447e-75
2.09295e-75
2.41573e-75
2.68695e-75
2.72216e-75
2.52489e-75
2.22372e-75
1.93617e-75
1.70781e-75
1.53459e-75
1.40088e-75
1.29122e-75
1.18575e-75
1.04868e-75
8.60846e-76
6.56561e-76
5.01018e-76
3.90089e-76
2.56881e-76
9.96315e-75
1.43257e-74
1.71565e-74
2.04559e-74
2.36317e-74
2.48621e-74
2.38884e-74
2.17304e-74
1.94945e-74
1.76812e-74
1.63039e-74
1.52405e-74
1.43549e-74
1.34496e-74
1.21079e-74
1.0077e-74
7.75273e-75
5.95018e-75
4.65296e-75
3.08137e-75
8.32376e-74
1.2104e-73
1.47106e-73
1.78966e-73
2.12115e-73
2.29181e-73
2.25926e-73
2.10529e-73
1.93214e-73
1.79063e-73
1.68496e-73
1.60494e-73
1.53811e-73
1.46477e-73
1.33804e-73
1.12633e-73
8.72729e-74
6.73066e-74
5.28295e-74
3.51764e-74
7.28671e-73
1.06438e-72
1.30459e-72
1.60717e-72
1.93801e-72
2.1332e-72
2.14197e-72
2.03162e-72
1.89661e-72
1.78677e-72
1.70773e-72
1.6505e-72
1.60345e-72
1.54702e-72
1.42999e-72
1.21488e-72
9.46718e-73
7.3306e-73
5.77258e-73
3.86334e-73
6.57498e-72
9.61822e-72
1.18487e-71
1.47135e-71
1.79511e-71
2.00161e-71
2.03636e-71
1.95655e-71
1.84987e-71
1.76439e-71
1.70627e-71
1.66744e-71
1.637e-71
1.5957e-71
1.48903e-71
1.27443e-71
9.97577e-72
7.7496e-72
6.1201e-72
4.1154e-72
6.04981e-71
8.84887e-71
1.09355e-70
1.36499e-70
1.67879e-70
1.88884e-70
1.93961e-70
1.88127e-70
1.79563e-70
1.72857e-70
1.68625e-70
1.66143e-70
1.64407e-70
1.61548e-70
1.51891e-70
1.30771e-70
1.02717e-70
8.00028e-71
6.33416e-71
4.27818e-71
5.63537e-70
8.23344e-70
1.01961e-69
1.27708e-69
1.5795e-69
1.78833e-69
1.84859e-69
1.80551e-69
1.73569e-69
1.68254e-69
1.65177e-69
1.637e-69
1.62938e-69
1.61095e-69
1.52374e-69
1.3181e-69
1.03811e-69
8.10216e-70
6.42915e-70
4.36017e-70
5.28736e-69
7.71164e-69
9.56272e-69
1.20049e-68
1.4907e-68
1.69524e-68
1.76057e-68
1.7286e-68
1.67085e-68
1.62829e-68
1.60576e-68
1.59776e-68
1.59688e-68
1.5862e-68
1.50746e-68
1.30905e-68
1.03321e-68
8.07753e-69
6.42187e-69
4.37166e-69
4.97907e-68
7.24695e-68
8.99334e-68
1.13066e-67
1.40801e-67
1.6061e-67
1.67347e-67
1.64991e-67
1.60186e-67
1.56715e-67
1.55005e-67
1.54629e-67
1.54982e-67
1.54483e-67
1.4737e-67
1.28386e-67
1.0152e-67
7.94856e-68
6.3294e-68
4.32343e-68
4.69428e-67
6.81705e-67
8.4624e-67
1.06478e-66
1.32866e-66
1.5189e-66
1.58608e-66
1.56899e-66
1.52894e-66
1.49947e-66
1.48562e-66
1.48478e-66
1.49098e-66
1.48986e-66
1.42571e-66
1.24561e-66
9.86639e-67
7.73532e-67
6.168e-67
4.22649e-67
4.42327e-66
6.40839e-66
7.95484e-66
1.00131e-65
1.25121e-65
1.4325e-65
1.49777e-65
1.48549e-65
1.45121e-65
1.42579e-65
1.41381e-65
1.41481e-65
1.42268e-65
1.42418e-65
1.36638e-65
1.19695e-65
9.49649e-66
7.45501e-66
5.95266e-66
4.09154e-66
4.16054e-65
6.01289e-65
7.46093e-65
9.3919e-65
1.17474e-64
1.34612e-64
1.40814e-64
1.39946e-64
1.36916e-64
1.34703e-64
1.3364e-64
1.33795e-64
1.34688e-64
1.35027e-64
1.29815e-64
1.13998e-64
9.05998e-65
7.12264e-65
5.6962e-65
3.92772e-65
3.90322e-64
5.62574e-64
6.97458e-64
8.77697e-64
1.09857e-63
1.25955e-63
1.31747e-63
1.31052e-63
1.28395e-63
1.26444e-63
1.25477e-63
1.25641e-63
1.26566e-63
1.27028e-63
1.22323e-63
1.07659e-63
8.57246e-64
6.75111e-64
5.40903e-64
3.74213e-64
3.64994e-63
5.24453e-63
6.49354e-63
8.16748e-63
1.02244e-62
1.17197e-62
1.22603e-62
1.21969e-62
1.19693e-62
1.1791e-62
1.16988e-62
1.17157e-62
1.18122e-62
1.18643e-62
1.14368e-62
1.00865e-62
8.04844e-63
6.35103e-63
5.09944e-63
3.54035e-63
3.40035e-62
4.86956e-62
6.01928e-62
7.56267e-62
9.46182e-62
1.08377e-61
1.13345e-61
1.12845e-61
1.10881e-61
1.09258e-61
1.08328e-61
1.08439e-61
1.09443e-61
1.10046e-61
1.06202e-61
9.38262e-62
7.5001e-62
5.93112e-62
4.77426e-62
3.32682e-62
3.15462e-61
4.50197e-61
5.55265e-61
6.962e-61
8.70093e-61
9.95715e-61
1.04078e-60
1.03794e-60
1.02033e-60
1.00549e-60
9.9623e-61
9.97365e-61
1.00677e-60
1.0137e-60
9.79538e-61
8.66541e-61
6.93895e-61
5.50011e-61
4.43955e-61
3.10538e-61
2.91265e-60
4.14152e-60
5.09422e-60
6.37211e-60
7.95152e-60
9.08327e-60
9.4978e-60
9.48251e-60
9.32514e-60
9.18297e-60
9.10397e-60
9.11952e-60
9.20696e-60
9.27107e-60
8.96768e-60
7.9437e-60
6.37472e-60
5.06562e-60
4.10055e-60
2.87946e-60
2.67462e-59
3.78871e-59
4.64728e-59
5.79885e-59
7.22005e-59
8.23179e-59
8.60939e-59
8.59933e-59
8.46134e-59
8.32908e-59
8.26499e-59
8.28485e-59
8.37092e-59
8.42172e-59
8.14798e-59
7.22912e-59
5.81495e-59
4.63375e-59
3.762e-59
2.65217e-59
2.44168e-58
3.44569e-58
4.21458e-58
5.24372e-58
6.51191e-58
7.41229e-58
7.75153e-58
7.74462e-58
7.6214e-58
7.5056e-58
7.45222e-58
7.47622e-58
7.55678e-58
7.59987e-58
7.34926e-58
6.53122e-58
5.2672e-58
4.20986e-58
3.42821e-58
2.42638e-58
2.21499e-57
3.11395e-57
3.79798e-57
4.71166e-57
5.83526e-57
6.62996e-57
6.93357e-57
6.92626e-57
6.81469e-57
6.71658e-57
6.67591e-57
6.70161e-57
6.76908e-57
6.80766e-57
6.58422e-57
5.85994e-57
4.73763e-57
3.79809e-57
3.10249e-57
2.20452e-57
1.99606e-56
2.79547e-56
3.4005e-56
4.20673e-56
5.19453e-56
5.89077e-56
6.15803e-56
6.15103e-56
6.05194e-56
5.96837e-56
5.9368e-56
5.96306e-56
6.01845e-56
6.05336e-56
5.85884e-56
5.22116e-56
4.23142e-56
3.40268e-56
2.78792e-56
1.98889e-56
1.78661e-55
2.4926e-55
3.02406e-55
3.73069e-55
4.59404e-55
5.19969e-55
5.42866e-55
5.42295e-55
5.33912e-55
5.26664e-55
5.23962e-55
5.2642e-55
5.31211e-55
5.34387e-55
5.17429e-55
4.61801e-55
3.75257e-55
3.02744e-55
2.48779e-55
1.78177e-55
1.58777e-54
2.20655e-54
2.67022e-54
3.28641e-54
4.03712e-54
4.55887e-54
4.75056e-54
4.74523e-54
4.67602e-54
4.6154e-54
4.58979e-54
4.61275e-54
4.65583e-54
4.6816e-54
4.53389e-54
4.05536e-54
3.3042e-54
2.67408e-54
2.20398e-54
1.58473e-54
1.401e-53
1.93944e-53
2.34114e-53
2.87421e-53
3.52129e-53
3.96747e-53
4.12745e-53
4.12091e-53
4.06539e-53
4.01629e-53
3.99284e-53
4.01208e-53
4.04904e-53
4.07013e-53
3.9437e-53
3.53555e-53
2.88807e-53
2.34419e-53
1.93804e-53
1.39905e-53
1.22738e-52
1.69256e-52
2.03777e-52
2.49469e-52
3.04749e-52
3.42538e-52
3.56042e-52
3.55493e-52
3.50853e-52
3.46689e-52
3.4473e-52
3.46332e-52
3.4948e-52
3.51252e-52
3.40538e-52
3.05853e-52
2.50538e-52
2.03947e-52
1.69139e-52
1.2259e-52
1.06726e-51
1.46601e-51
1.7602e-51
2.1492e-51
2.61806e-51
2.93524e-51
3.04819e-51
3.04408e-51
3.00465e-51
2.96807e-51
2.95228e-51
2.96688e-51
2.99427e-51
3.00897e-51
2.91913e-51
2.62543e-51
2.15639e-51
1.76081e-51
1.46484e-51
1.066e-51
9.20909e-51
1.26001e-50
1.50868e-50
1.83715e-50
2.23106e-50
2.49568e-50
2.59004e-50
2.58654e-50
2.55325e-50
2.52136e-50
2.50963e-50
2.5225e-50
2.54534e-50
2.55805e-50
2.48305e-50
2.23614e-50
1.84101e-50
1.50821e-50
1.25877e-50
9.19765e-51
7.88328e-50
1.07438e-49
1.28275e-49
1.55722e-49
1.88511e-49
2.10516e-49
2.18401e-49
2.18191e-49
2.15308e-49
2.12592e-49
2.11666e-49
2.12782e-49
2.1471e-49
2.15807e-49
2.09515e-49
1.8891e-49
1.55925e-49
1.28146e-49
1.07304e-49
7.87259e-50
6.69291e-49
9.08543e-49
1.0816e-48
1.30888e-48
1.58002e-48
1.76191e-48
1.82655e-48
1.82543e-48
1.80088e-48
1.77842e-48
1.77096e-48
1.7812e-48
1.79772e-48
1.80672e-48
1.75464e-48
1.58271e-48
1.30963e-48
1.07982e-48
9.07165e-49
6.68304e-49
5.63519e-48
7.61906e-48
9.04384e-48
1.09104e-47
1.31338e-47
1.46207e-47
1.51528e-47
1.5138e-47
1.49343e-47
1.47513e-47
1.46999e-47
1.47961e-47
1.4935e-47
1.50111e-47
1.45846e-47
1.31528e-47
1.09046e-47
9.02201e-48
7.60524e-48
5.62596e-48
4.70483e-47
6.33554e-47
7.49819e-47
9.01711e-47
1.08225e-46
1.20298e-46
1.24652e-46
1.24487e-46
1.22774e-46
1.2134e-46
1.21016e-46
1.21917e-46
1.23051e-46
1.23655e-46
1.20154e-46
1.08411e-46
9.00682e-47
7.47645e-47
6.32288e-47
4.69668e-47
3.89451e-46
5.22299e-46
6.16322e-46
7.38854e-46
8.84277e-46
9.81323e-46
1.01612e-45
1.01484e-45
1.00035e-45
9.89602e-46
9.88151e-46
9.95968e-46
1.00522e-45
1.00964e-45
9.80823e-46
8.86001e-46
7.38025e-46
6.14525e-46
5.21283e-46
3.888e-46
3.19612e-45
4.26886e-45
5.02232e-45
6.00091e-45
7.16131e-45
7.93267e-45
8.20875e-45
8.19775e-45
8.08034e-45
8.00106e-45
7.99807e-45
8.06154e-45
8.14002e-45
8.17553e-45
7.93931e-45
7.17628e-45
5.9947e-45
5.00785e-45
4.26109e-45
3.19112e-45
2.59992e-44
3.45818e-44
4.05606e-44
4.83119e-44
5.74963e-44
6.35333e-44
6.56878e-44
6.56285e-44
6.47619e-44
6.4116e-44
6.41076e-44
6.46423e-44
6.52997e-44
6.55936e-44
6.37367e-44
5.76317e-44
4.82613e-44
4.0444e-44
3.45219e-44
2.59605e-44
2.09601e-43
2.77618e-43
3.24585e-43
3.85511e-43
4.5746e-43
5.04328e-43
5.20806e-43
5.20682e-43
5.14397e-43
5.0929e-43
5.089e-43
5.13323e-43
5.18699e-43
5.21276e-43
5.07262e-43
4.58954e-43
3.85017e-43
3.23621e-43
2.77128e-43
2.09277e-43
1.67439e-42
2.20842e-42
2.57382e-42
3.04745e-42
3.60505e-42
3.96863e-42
4.09383e-42
4.0936e-42
4.04347e-42
4.00643e-42
4.00278e-42
4.03697e-42
4.0823e-42
4.104e-42
3.99716e-42
3.62053e-42
3.04329e-42
2.56588e-42
2.2043e-42
1.6716e-42
1.32502e-41
1.74027e-41
2.02167e-41
2.38593e-41
2.81492e-41
3.09431e-41
3.18899e-41
3.1882e-41
3.14884e-41
3.11895e-41
3.1177e-41
3.14496e-41
3.1826e-41
3.20064e-41
3.11751e-41
2.82682e-41
2.38274e-41
2.01575e-41
1.73716e-41
1.32287e-41
1.03842e-40
1.35806e-40
1.57269e-40
1.85028e-40
2.17681e-40
2.3888e-40
2.46069e-40
2.45972e-40
2.42947e-40
2.40541e-40
2.40374e-40
2.42485e-40
2.4559e-40
2.47125e-40
2.40724e-40
2.18469e-40
1.84746e-40
1.56866e-40
1.35619e-40
1.03705e-40
8.05769e-40
1.04928e-39
1.21139e-39
1.4209e-39
1.66705e-39
1.8264e-39
1.87949e-39
1.8781e-39
1.85619e-39
1.83702e-39
1.83502e-39
1.85037e-39
1.87524e-39
1.88784e-39
1.84037e-39
1.67279e-39
1.41883e-39
1.20867e-39
1.04823e-39
8.04946e-40
6.18989e-39
8.02575e-39
9.23703e-39
1.08018e-38
1.26425e-38
1.38253e-38
1.42041e-38
1.4181e-38
1.40268e-38
1.38855e-38
1.38719e-38
1.39824e-38
1.41795e-38
1.4274e-38
1.39264e-38
1.26823e-38
1.07882e-38
9.21827e-39
8.01873e-39
6.18401e-39
4.70681e-38
6.07634e-38
6.97195e-38
8.12818e-38
9.48834e-38
1.03515e-37
1.0618e-37
1.05932e-37
1.04833e-37
1.03853e-37
1.03763e-37
1.04677e-37
1.0619e-37
1.06852e-37
1.04235e-37
9.50992e-38
8.11655e-38
6.95842e-38
6.07095e-38
4.7019e-38
3.54171e-37
4.55241e-37
5.20778e-37
6.05213e-37
7.04424e-37
7.66423e-37
7.8509e-37
7.83169e-37
7.75485e-37
7.68408e-37
7.68045e-37
7.75428e-37
7.86453e-37
7.91061e-37
7.71778e-37
7.05401e-37
6.04165e-37
5.19795e-37
4.54834e-37
3.53771e-37
2.63613e-36
3.37367e-36
3.84781e-36
4.45688e-36
5.17149e-36
5.61312e-36
5.74661e-36
5.7283e-36
5.67547e-36
5.62313e-36
5.62512e-36
5.67805e-36
5.75771e-36
5.78831e-36
5.65138e-36
5.17707e-36
4.44956e-36
3.84147e-36
3.37108e-36
2.63329e-36
1.94006e-35
2.47197e-35
2.8105e-35
3.24393e-35
3.75292e-35
4.06823e-35
4.16335e-35
4.14568e-35
4.1058e-35
4.06776e-35
4.07183e-35
4.11109e-35
4.16945e-35
4.18943e-35
4.09107e-35
3.7577e-35
3.24165e-35
2.80766e-35
2.4706e-35
1.93826e-35
1.41144e-34
1.79044e-34
2.02896e-34
2.33352e-34
2.69155e-34
2.91448e-34
2.981e-34
2.96728e-34
2.93726e-34
2.9097e-34
2.9128e-34
2.94254e-34
2.98594e-34
2.99916e-34
2.92841e-34
2.69648e-34
2.33469e-34
2.02879e-34
1.78992e-34
1.41035e-34
1.01483e-33
1.28164e-33
1.44766e-33
1.65931e-33
1.90752e-33
2.06185e-33
2.10791e-33
2.09823e-33
2.07698e-33
2.05789e-33
2.06046e-33
2.08249e-33
2.11276e-33
2.12236e-33
2.07278e-33
1.91249e-33
1.6616e-33
1.44889e-33
1.28175e-33
1.0143e-33
7.20822e-33
9.06251e-33
1.02047e-32
1.16602e-32
1.33599e-32
1.44139e-32
1.472e-32
1.4651e-32
1.45064e-32
1.43793e-32
1.4403e-32
1.45626e-32
1.47709e-32
1.48417e-32
1.45072e-32
1.34105e-32
1.16853e-32
1.02213e-32
9.06707e-33
7.20666e-33
5.0566e-32
6.32881e-32
7.10409e-32
8.09001e-32
9.24272e-32
9.95734e-32
1.01582e-31
1.01047e-31
1.0004e-31
9.92066e-32
9.94121e-32
1.00525e-31
1.02003e-31
1.0258e-31
1.00401e-31
9.29552e-32
8.1165e-32
7.11868e-32
6.33301e-32
5.05625e-32
3.50279e-31
4.36443e-31
4.88365e-31
5.54144e-31
6.31197e-31
6.79037e-31
6.92298e-31
6.88394e-31
6.81327e-31
6.75857e-31
6.77436e-31
6.85151e-31
6.95686e-31
7.00221e-31
6.86166e-31
6.36086e-31
5.56541e-31
4.8945e-31
4.36752e-31
3.50279e-31
2.39518e-30
2.97091e-30
3.31441e-30
3.74839e-30
4.25525e-30
4.5695e-30
4.65612e-30
4.62961e-30
4.58108e-30
4.545e-30
4.55679e-30
4.61208e-30
4.68556e-30
4.7161e-30
4.62542e-30
4.29406e-30
3.76682e-30
3.32209e-30
2.97312e-30
2.39539e-30
1.61613e-29
1.99545e-29
2.21975e-29
2.5029e-29
2.83188e-29
3.03477e-29
3.08946e-29
3.07153e-29
3.03802e-29
3.01563e-29
3.02705e-29
3.06585e-29
3.11372e-29
3.13288e-29
3.07387e-29
2.85922e-29
2.51557e-29
2.22518e-29
1.99702e-29
1.61638e-29
1.07568e-28
1.32211e-28
1.46655e-28
1.64841e-28
1.85884e-28
1.98793e-28
2.02158e-28
2.00965e-28
1.98772e-28
1.9753e-28
1.98502e-28
2.01099e-28
2.04093e-28
2.05215e-28
2.01362e-28
1.87706e-28
1.65655e-28
1.47006e-28
1.32311e-28
1.07586e-28
7.05906e-28
8.63662e-28
9.5519e-28
1.06994e-27
1.20278e-27
1.28402e-27
1.30501e-27
1.29732e-27
1.28352e-27
1.27682e-27
1.28379e-27
1.30059e-27
1.31801e-27
1.32463e-27
1.30071e-27
1.21466e-27
1.0753e-27
9.57441e-28
8.64316e-28
7.06067e-28
4.56545e-27
5.55971e-27
6.1299e-27
6.84218e-27
7.67019e-27
8.17985e-27
8.31082e-27
8.26386e-27
8.17258e-27
8.13327e-27
8.18079e-27
8.28415e-27
8.38668e-27
8.42381e-27
8.27994e-27
7.74769e-27
6.88053e-27
6.14528e-27
5.5641e-27
4.56673e-27
2.90918e-26
3.52607e-26
3.87564e-26
4.31165e-26
4.8207e-26
5.13446e-26
5.21605e-26
5.18682e-26
5.12834e-26
5.10373e-26
5.13395e-26
5.19507e-26
5.25625e-26
5.27766e-26
5.19207e-26
4.86891e-26
4.33745e-26
3.88609e-26
3.5288e-26
2.90995e-26
1.82597e-25
2.20281e-25
2.41402e-25
2.67702e-25
2.9839e-25
3.17222e-25
3.22177e-25
3.20558e-25
3.17141e-25
3.15477e-25
3.17179e-25
3.20748e-25
3.24275e-25
3.25641e-25
3.20577e-25
3.01206e-25
2.69188e-25
2.42026e-25
2.20441e-25
1.82631e-25
1.12836e-24
1.35491e-24
1.48051e-24
1.63668e-24
1.81793e-24
1.92766e-24
1.95798e-24
1.95155e-24
1.93136e-24
1.92e-24
1.92767e-24
1.94854e-24
1.96932e-24
1.9776e-24
1.94769e-24
1.83325e-24
1.64442e-24
1.48396e-24
1.35573e-24
1.12843e-24
6.86009e-24
8.19897e-24
8.93325e-24
9.84425e-24
1.08959e-23
1.15286e-23
1.17146e-23
1.16889e-23
1.15727e-23
1.14964e-23
1.15264e-23
1.16421e-23
1.17632e-23
1.1815e-23
1.16405e-23
1.09769e-23
9.88343e-24
8.95304e-24
8.20363e-24
6.86022e-24
4.10099e-23
4.87825e-23
5.29937e-23
5.81968e-23
6.4224e-23
6.78801e-23
6.89784e-23
6.88165e-23
6.81672e-23
6.76601e-23
6.77794e-23
6.84089e-23
6.90848e-23
6.93857e-23
6.84125e-23
6.46675e-23
5.84184e-23
5.31129e-23
4.88132e-23
4.10123e-23
2.40969e-22
2.85282e-22
3.0896e-22
3.38107e-22
3.72088e-22
3.92809e-22
3.99092e-22
3.9813e-22
3.94528e-22
3.91405e-22
3.91755e-22
3.95089e-22
3.98812e-22
4.00422e-22
3.95236e-22
3.74612e-22
3.39422e-22
3.09634e-22
2.85437e-22
2.40966e-22
1.39096e-21
1.63897e-21
1.7697e-21
1.93021e-21
2.11777e-21
2.2319e-21
2.26636e-21
2.26115e-21
2.24191e-21
2.22463e-21
2.22583e-21
2.24178e-21
2.26134e-21
2.27129e-21
2.24319e-21
2.13102e-21
1.93705e-21
1.77312e-21
1.63957e-21
1.39077e-21
7.88214e-21
9.24337e-21
9.95177e-21
1.08191e-20
1.18341e-20
1.24464e-20
1.26316e-20
1.26076e-20
1.25065e-20
1.24087e-20
1.24119e-20
1.24901e-20
1.25926e-20
1.2651e-20
1.25015e-20
1.18995e-20
1.0852e-20
9.9678e-21
9.24614e-21
7.88081e-21
4.3824e-20
5.1149e-20
5.49045e-20
5.94795e-20
6.48454e-20
6.80932e-20
6.91085e-20
6.89832e-20
6.84492e-20
6.79024e-20
6.78502e-20
6.82512e-20
6.88171e-20
6.91351e-20
6.83923e-20
6.52161e-20
5.96687e-20
5.49766e-20
5.11511e-20
4.38106e-20
2.389e-19
2.77502e-19
2.96975e-19
3.20562e-19
3.48325e-19
3.65332e-19
3.70718e-19
3.69984e-19
3.67174e-19
3.64312e-19
3.63651e-19
3.65626e-19
3.68669e-19
3.70575e-19
3.66941e-19
3.50517e-19
3.21708e-19
2.97332e-19
2.77453e-19
2.38799e-19
1.27592e-18
1.47494e-18
1.57384e-18
1.69288e-18
1.83353e-18
1.92054e-18
1.9478e-18
1.94384e-18
1.9294e-18
1.91458e-18
1.91049e-18
1.91942e-18
1.9353e-18
1.946e-18
1.92855e-18
1.84562e-18
1.69942e-18
1.57595e-18
1.47492e-18
1.27558e-18
6.67213e-18
7.67567e-18
8.16598e-18
8.75098e-18
9.44694e-18
9.88121e-18
1.00215e-17
9.99947e-18
9.92368e-18
9.85149e-18
9.8321e-18
9.86728e-18
9.94433e-18
1.0006e-17
9.92516e-18
9.51431e-18
8.78923e-18
8.17849e-18
7.67737e-18
6.67202e-18
3.41369e-17
3.90805e-17
4.14509e-17
4.42549e-17
4.76053e-17
4.97116e-17
5.04327e-17
5.03197e-17
4.99386e-17
4.96022e-17
4.94956e-17
4.9624e-17
5.00124e-17
5.03577e-17
4.99816e-17
4.79852e-17
4.44732e-17
4.15147e-17
3.90906e-17
3.41399e-17
1.70742e-16
1.94512e-16
2.05693e-16
2.18802e-16
2.34479e-16
2.44416e-16
2.48029e-16
2.47537e-16
2.45696e-16
2.44096e-16
2.43472e-16
2.44011e-16
2.45949e-16
2.47676e-16
2.45996e-16
2.36601e-16
2.20018e-16
2.06005e-16
1.9455e-16
1.70757e-16
8.34125e-16
9.45596e-16
9.96912e-16
1.05643e-15
1.12803e-15
1.17409e-15
1.1914e-15
1.18926e-15
1.18041e-15
1.17296e-15
1.16995e-15
1.17255e-15
1.18123e-15
1.18874e-15
1.18169e-15
1.13917e-15
1.06317e-15
9.98634e-16
9.45793e-16
8.34227e-16
3.97606e-15
4.48512e-15
4.71444e-15
4.97855e-15
5.29809e-15
5.50505e-15
5.58326e-15
5.57284e-15
5.5318e-15
5.49835e-15
5.48622e-15
5.49911e-15
5.53601e-15
5.5694e-15
5.53657e-15
5.34943e-15
5.01156e-15
4.72376e-15
4.48674e-15
3.97702e-15
1.84748e-14
2.07363e-14
2.17335e-14
2.28761e-14
2.42663e-14
2.51633e-14
2.54968e-14
2.5448e-14
2.52688e-14
2.51237e-14
2.50702e-14
2.5138e-14
2.5297e-14
2.54425e-14
2.52944e-14
2.44898e-14
2.30217e-14
2.17743e-14
2.07445e-14
1.84796e-14
8.3591e-14
9.3351e-14
9.75473e-14
1.02336e-13
1.082e-13
1.12002e-13
1.13362e-13
1.13167e-13
1.12449e-13
1.11837e-13
1.1156e-13
1.11883e-13
1.12597e-13
1.13136e-13
1.12542e-13
1.09163e-13
1.02966e-13
9.7719e-14
9.33805e-14
8.36036e-14
3.67863e-13
4.08726e-13
4.25779e-13
4.45167e-13
4.69053e-13
4.84665e-13
4.90294e-13
4.89867e-13
4.86948e-13
4.84299e-13
4.83186e-13
4.84431e-13
4.8725e-13
4.89281e-13
4.86887e-13
4.73064e-13
4.47772e-13
4.26544e-13
4.08878e-13
3.67897e-13
1.5727e-12
1.73849e-12
1.80558e-12
1.88145e-12
1.97512e-12
2.03689e-12
2.06019e-12
2.05999e-12
2.04837e-12
2.03712e-12
2.03295e-12
2.03762e-12
2.04743e-12
2.05551e-12
2.04576e-12
1.99152e-12
1.89241e-12
1.80899e-12
1.73912e-12
1.57266e-12
6.52364e-12
7.17473e-12
7.43015e-12
7.71688e-12
8.0705e-12
8.30528e-12
8.39731e-12
8.39853e-12
8.35619e-12
8.31246e-12
8.29357e-12
8.30991e-12
8.34687e-12
8.3787e-12
8.34077e-12
8.13592e-12
7.76287e-12
7.44504e-12
7.17629e-12
6.5221e-12
2.62153e-11
2.86858e-11
2.96242e-11
3.06638e-11
3.19494e-11
3.28128e-11
3.31529e-11
3.31619e-11
3.30114e-11
3.28506e-11
3.2773e-11
3.28294e-11
3.29893e-11
3.30926e-11
3.29425e-11
3.21963e-11
3.0843e-11
2.96898e-11
2.86937e-11
2.62072e-11
1.01891e-10
1.10929e-10
1.14233e-10
1.17841e-10
1.22336e-10
1.25385e-10
1.266e-10
1.26671e-10
1.26108e-10
1.25552e-10
1.25323e-10
1.25523e-10
1.26134e-10
1.26485e-10
1.25902e-10
1.23223e-10
1.18515e-10
1.14507e-10
1.10967e-10
1.01854e-10
3.82402e-10
4.14225e-10
4.25372e-10
4.3732e-10
4.52228e-10
4.6247e-10
4.66793e-10
4.67261e-10
4.65265e-10
4.63523e-10
4.62967e-10
4.63656e-10
4.65523e-10
4.66974e-10
4.64882e-10
4.55624e-10
4.39769e-10
4.2638e-10
4.14288e-10
3.82178e-10
1.38317e-09
1.49072e-09
1.52674e-09
1.5643e-09
1.61143e-09
1.64494e-09
1.65922e-09
1.66117e-09
1.6551e-09
1.6498e-09
1.6484e-09
1.65139e-09
1.65698e-09
1.66132e-09
1.65426e-09
1.62469e-09
1.57326e-09
1.53015e-09
1.49054e-09
1.38195e-09
4.81208e-09
5.15993e-09
5.27067e-09
5.38274e-09
5.52665e-09
5.63061e-09
5.67504e-09
5.68217e-09
5.6635e-09
5.64903e-09
5.64803e-09
5.66144e-09
5.67613e-09
5.68358e-09
5.66266e-09
5.57316e-09
5.41483e-09
5.28224e-09
5.15834e-09
4.80682e-09
1.60686e-08
1.71424e-08
1.74663e-08
1.77835e-08
1.81979e-08
1.84975e-08
1.86322e-08
1.86582e-08
1.8614e-08
1.8589e-08
1.85865e-08
1.86298e-08
1.86624e-08
1.86753e-08
1.86029e-08
1.83432e-08
1.78864e-08
1.75043e-08
1.7137e-08
1.605e-08
5.13828e-08
5.45383e-08
5.54351e-08
5.62744e-08
5.7388e-08
5.8198e-08
5.85789e-08
5.86904e-08
5.86446e-08
5.86178e-08
5.85988e-08
5.86814e-08
5.87449e-08
5.87844e-08
5.8543e-08
5.78137e-08
5.65798e-08
5.55494e-08
5.4521e-08
5.13214e-08
1.56943e-07
1.65737e-07
1.68074e-07
1.70121e-07
1.72905e-07
1.74984e-07
1.76007e-07
1.76484e-07
1.76547e-07
1.76489e-07
1.76417e-07
1.7649e-07
1.76633e-07
1.76737e-07
1.76092e-07
1.74141e-07
1.70975e-07
1.68383e-07
1.6568e-07
1.56752e-07
4.56576e-07
4.7971e-07
4.85351e-07
4.89945e-07
4.96544e-07
5.01525e-07
5.04117e-07
5.05577e-07
5.06118e-07
5.06151e-07
5.05633e-07
5.05532e-07
5.05874e-07
5.06212e-07
5.04715e-07
4.99774e-07
4.92183e-07
4.86197e-07
4.7958e-07
4.56049e-07
1.26106e-06
1.31822e-06
1.33078e-06
1.34036e-06
1.3549e-06
1.36593e-06
1.37179e-06
1.37545e-06
1.37761e-06
1.37799e-06
1.37625e-06
1.37566e-06
1.37602e-06
1.37686e-06
1.37363e-06
1.36208e-06
1.34549e-06
1.33309e-06
1.31814e-06
1.25986e-06
3.29518e-06
3.42714e-06
3.45306e-06
3.47097e-06
3.49947e-06
3.52193e-06
3.53408e-06
3.54207e-06
3.54853e-06
3.54917e-06
3.54595e-06
3.54504e-06
3.54476e-06
3.54563e-06
3.53744e-06
3.51337e-06
3.48098e-06
3.45867e-06
3.4277e-06
3.29284e-06
8.11405e-06
8.39708e-06
8.44561e-06
8.47283e-06
8.52267e-06
8.56656e-06
8.58912e-06
8.60331e-06
8.61711e-06
8.62156e-06
8.61647e-06
8.61396e-06
8.61346e-06
8.61373e-06
8.59252e-06
8.54683e-06
8.49153e-06
8.45772e-06
8.39918e-06
8.10972e-06
1.87463e-05
1.93055e-05
1.93865e-05
1.94154e-05
1.9491e-05
1.95726e-05
1.96149e-05
1.96387e-05
1.96553e-05
1.96703e-05
1.96605e-05
1.96552e-05
1.96574e-05
1.96552e-05
1.96097e-05
1.95325e-05
1.94521e-05
1.94115e-05
1.93108e-05
1.87391e-05
4.04466e-05
4.14551e-05
4.15761e-05
4.1587e-05
4.16766e-05
4.18002e-05
4.18857e-05
4.1926e-05
4.19393e-05
4.19587e-05
4.19406e-05
4.19404e-05
4.19483e-05
4.19425e-05
4.18581e-05
4.17489e-05
4.16536e-05
4.16201e-05
4.14627e-05
4.04338e-05
8.10877e-05
8.27265e-05
8.28967e-05
8.28549e-05
8.29122e-05
8.30668e-05
8.32051e-05
8.3268e-05
8.32943e-05
8.3302e-05
8.32734e-05
8.32812e-05
8.32951e-05
8.32974e-05
8.31813e-05
8.30341e-05
8.29462e-05
8.29493e-05
8.27319e-05
8.10651e-05
0.000150267
0.000152626
0.000152838
0.0001527
0.000152687
0.000152838
0.000153
0.000153101
0.000153144
0.000153133
0.000153098
0.000153113
0.000153136
0.000153148
0.000153012
0.000152848
0.00015281
0.000152888
0.000152624
0.000150233
0.000256055
0.000259001
0.000259222
0.000258962
0.000258846
0.000258944
0.000259124
0.000259234
0.000259265
0.000259253
0.000259245
0.000259282
0.000259297
0.000259276
0.000259133
0.000259017
0.000259076
0.000259273
0.000258992
0.000256012
0.000399245
0.000402345
0.000402542
0.000402176
0.000401923
0.000401958
0.000402113
0.000402209
0.000402241
0.000402257
0.000402277
0.000402312
0.000402296
0.000402224
0.00040212
0.0004021
0.000402271
0.00040258
0.000402334
0.0003992
0.000567504
0.000570143
0.000570276
0.0005699
0.000569618
0.000569552
0.000569598
0.000569692
0.000569766
0.000569798
0.00056982
0.000569826
0.000569787
0.000569714
0.000569655
0.000569737
0.000569987
0.000570303
0.000570124
0.000567457
0.000734736
0.000736434
0.000736496
0.000736243
0.000736033
0.000735924
0.000735909
0.000735966
0.000736036
0.000736067
0.000736082
0.000736073
0.00073604
0.000735999
0.000735992
0.00073609
0.000736288
0.000736512
0.000736417
0.0007347
0.000870269
0.000870972
0.000871
0.000870896
0.000870799
0.000870741
0.000870725
0.000870743
0.000870772
0.00087079
0.000870794
0.000870792
0.000870781
0.000870769
0.000870777
0.000870821
0.000870907
0.000871002
0.000870963
0.000870251
0.000954855
0.000955007
0.000955009
0.000954985
0.000954964
0.000954952
0.000954949
0.000954952
0.000954958
0.000954962
0.000954963
0.000954963
0.000954961
0.00095496
0.000954962
0.000954969
0.000954986
0.000955008
0.000955005
0.000954851
0.000991621
0.000991627
0.000991627
0.000991625
0.000991624
0.000991624
0.000991624
0.000991624
0.000991625
0.000991625
0.000991625
0.000991625
0.000991625
0.000991624
0.000991624
0.000991624
0.000991625
0.000991627
0.000991627
0.000991621
)
;

boundaryField
{
    outlet
    {
        type            zeroGradient;
    }
    inlet1
    {
        type            fixedValue;
        value           uniform 0;
    }
    inlet2
    {
        type            fixedValue;
        value           uniform 0.001;
    }
    frontAndBack
    {
        type            empty;
    }
    defaultFaces
    {
        type            zeroGradient;
    }
}


// ************************************************************************* //
