/*--------------------------------*- C++ -*----------------------------------*\
| =========                 |                                                 |
| \\      /  F ield         | OpenFOAM: The Open Source CFD Toolbox           |
|  \\    /   O peration     | Version:  2.1.0                                 |
|   \\  /    A nd           | Web:      www.OpenFOAM.org                      |
|    \\/     M anipulation  |                                                 |
\*---------------------------------------------------------------------------*/
FoamFile
{
    version     2.0;
    format      ascii;
    class       volScalarField;
    location    "0.2";
    object      C2;
}
// * * * * * * * * * * * * * * * * * * * * * * * * * * * * * * * * * * * * * //

dimensions      [0 0 0 0 0 0 0];

internalField   nonuniform List<scalar> 
6400
(
1.26682e-07
1.42638e-07
1.64662e-07
1.90748e-07
2.20814e-07
2.5525e-07
2.94599e-07
3.39484e-07
3.90601e-07
4.48721e-07
5.14697e-07
5.89468e-07
6.74069e-07
7.69637e-07
8.77417e-07
9.98771e-07
1.13518e-06
1.28828e-06
1.45981e-06
1.65167e-06
1.86594e-06
2.10483e-06
2.37073e-06
2.6662e-06
2.99399e-06
3.35702e-06
3.7584e-06
4.20144e-06
4.68962e-06
5.22663e-06
5.81633e-06
6.46276e-06
7.17015e-06
7.94286e-06
8.78543e-06
9.70252e-06
1.06989e-05
1.17794e-05
1.29489e-05
1.42124e-05
1.55748e-05
1.7041e-05
1.86156e-05
2.03033e-05
2.21084e-05
2.40351e-05
2.60869e-05
2.82672e-05
3.05787e-05
3.30236e-05
3.56033e-05
3.83185e-05
4.11688e-05
4.41531e-05
4.72688e-05
5.05123e-05
5.38787e-05
5.73612e-05
6.09516e-05
6.464e-05
6.84145e-05
7.22611e-05
7.61639e-05
8.01047e-05
8.40629e-05
8.80155e-05
9.19371e-05
9.58e-05
9.95736e-05
0.000103225
0.000106719
0.000110018
0.000113083
0.00011587
0.000118337
0.000120438
0.000122126
0.000123353
0.000124073
0.000124236
0.000123797
0.000122709
0.000120929
0.000118419
0.000115144
0.000111078
0.000106204
0.000100515
9.40232e-05
8.67571e-05
7.87703e-05
7.01462e-05
6.1009e-05
5.1545e-05
4.20248e-05
3.27639e-05
2.3977e-05
1.59388e-05
9.08255e-06
3.98732e-06
1.35797e-07
1.5317e-07
1.7687e-07
2.04845e-07
2.37052e-07
2.73922e-07
3.16035e-07
3.64054e-07
4.1872e-07
4.80852e-07
5.51357e-07
6.31231e-07
7.21574e-07
8.23592e-07
9.38605e-07
1.06806e-06
1.21353e-06
1.37672e-06
1.55951e-06
1.7639e-06
1.99208e-06
2.2464e-06
2.52937e-06
2.84372e-06
3.19235e-06
3.57833e-06
4.00497e-06
4.47574e-06
4.99434e-06
5.56465e-06
6.19076e-06
6.87692e-06
7.62759e-06
8.4474e-06
9.34111e-06
1.03136e-05
1.137e-05
1.25154e-05
1.3755e-05
1.50939e-05
1.65374e-05
1.80905e-05
1.97585e-05
2.15459e-05
2.34576e-05
2.54978e-05
2.76705e-05
2.99792e-05
3.24267e-05
3.50154e-05
3.77469e-05
4.0622e-05
4.36403e-05
4.68007e-05
5.01005e-05
5.35361e-05
5.71022e-05
6.07919e-05
6.45966e-05
6.8506e-05
7.25074e-05
7.65865e-05
8.07263e-05
8.49079e-05
8.91095e-05
9.33071e-05
9.7474e-05
0.000101581
0.000105595
0.000109483
0.000113206
0.000116726
0.000119999
0.000122981
0.000125626
0.000127885
0.000129709
0.000131047
0.000131847
0.000132058
0.000131628
0.000130509
0.000128651
0.000126012
0.000122551
0.000118236
0.000113044
0.000106966
0.000100007
9.2198e-05
8.35993e-05
7.43123e-05
6.44939e-05
5.43709e-05
4.42471e-05
3.44897e-05
2.53254e-05
1.70887e-05
1.02522e-05
5.33175e-06
1.52073e-07
1.71804e-07
1.98428e-07
2.29744e-07
2.65752e-07
3.06947e-07
3.53975e-07
4.07573e-07
4.68561e-07
5.37846e-07
6.1643e-07
7.05418e-07
8.06023e-07
9.19578e-07
1.04754e-06
1.19151e-06
1.35321e-06
1.53454e-06
1.73756e-06
1.96447e-06
2.21769e-06
2.4998e-06
2.81357e-06
3.16199e-06
3.54826e-06
3.97575e-06
4.44811e-06
4.96914e-06
5.54292e-06
6.1737e-06
6.86597e-06
7.62442e-06
8.45394e-06
9.35962e-06
1.03467e-05
1.14206e-05
1.25869e-05
1.38511e-05
1.52191e-05
1.66965e-05
1.82892e-05
2.00027e-05
2.18427e-05
2.38146e-05
2.59236e-05
2.81744e-05
3.05715e-05
3.3119e-05
3.58201e-05
3.86777e-05
4.16935e-05
4.48686e-05
4.82031e-05
5.16957e-05
5.5344e-05
5.91442e-05
6.30907e-05
6.71765e-05
7.13925e-05
7.57277e-05
8.01689e-05
8.47006e-05
8.93048e-05
9.39612e-05
9.86464e-05
0.000103335
0.000107997
0.000112601
0.000117114
0.000121496
0.000125708
0.000129705
0.000133443
0.000136871
0.00013994
0.000142594
0.00014478
0.000146441
0.000147518
0.000147953
0.000147687
0.000146663
0.000144822
0.000142111
0.000138479
0.000133881
0.000128281
0.000121657
0.000114007
0.000105355
9.57647e-05
8.53559e-05
7.43199e-05
6.29371e-05
5.15875e-05
4.0733e-05
3.06109e-05
2.16141e-05
1.4224e-05
8.92327e-06
1.74397e-07
1.97285e-07
2.27884e-07
2.63763e-07
3.04973e-07
3.5209e-07
4.05853e-07
4.67099e-07
5.36756e-07
6.15853e-07
7.05526e-07
8.07024e-07
9.21721e-07
1.05112e-06
1.19688e-06
1.36079e-06
1.54483e-06
1.75111e-06
1.98197e-06
2.2399e-06
2.52761e-06
2.84802e-06
3.20425e-06
3.59968e-06
4.03789e-06
4.52271e-06
5.05822e-06
5.64872e-06
6.29879e-06
7.01323e-06
7.7971e-06
8.65568e-06
9.59448e-06
1.06192e-05
1.17359e-05
1.29505e-05
1.42694e-05
1.5699e-05
1.72457e-05
1.8916e-05
2.07166e-05
2.26538e-05
2.47341e-05
2.69637e-05
2.93485e-05
3.18943e-05
3.46062e-05
3.74889e-05
4.05465e-05
4.37826e-05
4.71994e-05
5.07987e-05
5.45808e-05
5.8545e-05
6.26892e-05
6.70096e-05
7.15009e-05
7.61559e-05
8.09652e-05
8.59174e-05
9.09987e-05
9.61928e-05
0.000101481
0.000106841
0.000112248
0.000117675
0.00012309
0.00012846
0.000133746
0.000138908
0.000143903
0.000148681
0.000153194
0.000157386
0.000161203
0.000164583
0.000167466
0.000169788
0.000171483
0.000172483
0.00017272
0.000172124
0.000170625
0.000168153
0.00016464
0.000160023
0.000154243
0.000147255
0.000139035
0.000129587
0.00011896
0.000107268
9.4713e-05
8.16041e-05
6.83823e-05
5.55925e-05
4.35393e-05
3.27024e-05
2.36703e-05
1.7107e-05
2.01516e-07
2.28216e-07
2.63623e-07
3.05033e-07
3.52553e-07
4.0686e-07
4.68799e-07
5.3933e-07
6.19515e-07
7.10529e-07
8.13669e-07
9.30361e-07
1.06217e-06
1.21082e-06
1.37819e-06
1.56634e-06
1.77749e-06
2.01408e-06
2.27874e-06
2.57434e-06
2.90395e-06
3.27088e-06
3.67869e-06
4.13122e-06
4.63254e-06
5.187e-06
5.79923e-06
6.47415e-06
7.21694e-06
8.03307e-06
8.92829e-06
9.90861e-06
1.09803e-05
1.21499e-05
1.34242e-05
1.48102e-05
1.6315e-05
1.79459e-05
1.97104e-05
2.16159e-05
2.36701e-05
2.58804e-05
2.82543e-05
3.0799e-05
3.35216e-05
3.64287e-05
3.95266e-05
4.28211e-05
4.63173e-05
5.00196e-05
5.39316e-05
5.80555e-05
6.23929e-05
6.69438e-05
7.17068e-05
7.66787e-05
8.18549e-05
8.72286e-05
9.27908e-05
9.85304e-05
0.000104433
0.000110484
0.000116662
0.000122946
0.00012931
0.000135725
0.00014216
0.000148579
0.000154942
0.000161207
0.000167326
0.000173249
0.000178923
0.000184289
0.000189287
0.000193851
0.000197914
0.000201403
0.000204246
0.000206365
0.000207679
0.000208105
0.000207557
0.000205945
0.000203178
0.000199164
0.000193814
0.000187044
0.000178789
0.000169007
0.000157701
0.000144938
0.000130879
0.000115805
0.000100152
8.4531e-05
6.94092e-05
5.53993e-05
4.3375e-05
3.45149e-05
2.31682e-07
2.62635e-07
3.03377e-07
3.50924e-07
4.0545e-07
4.67737e-07
5.38754e-07
6.19591e-07
7.11459e-07
8.15693e-07
9.33769e-07
1.06731e-06
1.21809e-06
1.38807e-06
1.57938e-06
1.79435e-06
2.03551e-06
2.30563e-06
2.60769e-06
2.94491e-06
3.3208e-06
3.73911e-06
4.20387e-06
4.7194e-06
5.29032e-06
5.92157e-06
6.61839e-06
7.38633e-06
8.23126e-06
9.15939e-06
1.01772e-05
1.12916e-05
1.25096e-05
1.38387e-05
1.52866e-05
1.68612e-05
1.85707e-05
2.04235e-05
2.2428e-05
2.4593e-05
2.69271e-05
2.94391e-05
3.21375e-05
3.5031e-05
3.81278e-05
4.1436e-05
4.49633e-05
4.87167e-05
5.27028e-05
5.69274e-05
6.13955e-05
6.6111e-05
7.10767e-05
7.62941e-05
8.17634e-05
8.74829e-05
9.34493e-05
9.96574e-05
0.0001061
0.000112766
0.000119645
0.00012672
0.000133975
0.000141388
0.000148934
0.000156586
0.000164312
0.000172078
0.000179844
0.000187568
0.000195203
0.000202697
0.000209994
0.000217036
0.000223758
0.00023009
0.000235961
0.000241292
0.000246002
0.000250003
0.000253204
0.000255507
0.00025681
0.000256999
0.000255958
0.000253561
0.000249677
0.000244175
0.000236928
0.000227824
0.000216781
0.000203772
0.000188848
0.000172179
0.000154089
0.000135179
0.000116178
9.78531e-05
8.15427e-05
6.93052e-05
2.62372e-07
2.97677e-07
3.43833e-07
3.97601e-07
4.59224e-07
5.29593e-07
6.09798e-07
7.01062e-07
8.0474e-07
9.22331e-07
1.05549e-06
1.20602e-06
1.37593e-06
1.56739e-06
1.78279e-06
2.02474e-06
2.29607e-06
2.59986e-06
2.93944e-06
3.31842e-06
3.74068e-06
4.21043e-06
4.73217e-06
5.3107e-06
5.95119e-06
6.65913e-06
7.44038e-06
8.30113e-06
9.24795e-06
1.02878e-05
1.14278e-05
1.26758e-05
1.40397e-05
1.55279e-05
1.71489e-05
1.89117e-05
2.08256e-05
2.29001e-05
2.51448e-05
2.75696e-05
3.01846e-05
3.29997e-05
3.60251e-05
3.92707e-05
4.27465e-05
4.64622e-05
5.0427e-05
5.46499e-05
5.91394e-05
6.39032e-05
6.89483e-05
7.4281e-05
7.99061e-05
8.58277e-05
9.20484e-05
9.85691e-05
0.000105389
0.000112506
0.000119916
0.000127611
0.000135582
0.000143819
0.000152305
0.000161024
0.000169955
0.000179073
0.00018835
0.000197756
0.000207253
0.000216803
0.000226362
0.00023588
0.000245305
0.000254577
0.000263632
0.000272401
0.000280809
0.000288774
0.000296209
0.000303019
0.000309103
0.000314353
0.000318652
0.000321868
0.000323859
0.000324467
0.000323522
0.000320839
0.000316225
0.000309484
0.000300429
0.000288901
0.000274785
0.00025805
0.000238775
0.000217341
0.000194779
0.000171956
0.000150722
0.00013425
2.9022e-07
3.29495e-07
3.80548e-07
4.39928e-07
5.07949e-07
5.85598e-07
6.74071e-07
7.74708e-07
8.88994e-07
1.01857e-06
1.16524e-06
1.33099e-06
1.51801e-06
1.72867e-06
1.9656e-06
2.23162e-06
2.52984e-06
2.86361e-06
3.23659e-06
3.6527e-06
4.1162e-06
4.63167e-06
5.20401e-06
5.8385e-06
6.54076e-06
7.31681e-06
8.17302e-06
9.11621e-06
1.01535e-05
1.12926e-05
1.25414e-05
1.39084e-05
1.54023e-05
1.70324e-05
1.88082e-05
2.07396e-05
2.28371e-05
2.51111e-05
2.75726e-05
3.02328e-05
3.3103e-05
3.61948e-05
3.95198e-05
4.30897e-05
4.69163e-05
5.10111e-05
5.53856e-05
6.0051e-05
6.5018e-05
7.0297e-05
7.58978e-05
8.18293e-05
8.80999e-05
9.47168e-05
0.000101686
0.000109013
0.0001167
0.00012475
0.000133162
0.000141935
0.000151065
0.000160545
0.000170366
0.000180518
0.000190984
0.000201748
0.000212789
0.00022408
0.000235593
0.000247296
0.000259152
0.000271119
0.000283151
0.000295193
0.000307187
0.000319066
0.000330759
0.000342185
0.000353256
0.000363874
0.000373933
0.000383317
0.000391908
0.000399561
0.000406117
0.000411404
0.00041522
0.000417341
0.000417521
0.000415494
0.00041098
0.000403693
0.000393347
0.000379671
0.000362407
0.000341421
0.000317785
0.000292407
0.000267323
0.000246584
3.11404e-07
3.53719e-07
4.08488e-07
4.72118e-07
5.44979e-07
6.2813e-07
7.22847e-07
8.30558e-07
9.52843e-07
1.09145e-06
1.2483e-06
1.4255e-06
1.62539e-06
1.85048e-06
2.10357e-06
2.38768e-06
2.7061e-06
3.0624e-06
3.46046e-06
3.90448e-06
4.39899e-06
4.94884e-06
5.55929e-06
6.23596e-06
6.98484e-06
7.81236e-06
8.72537e-06
9.73112e-06
1.08373e-05
1.20522e-05
1.33842e-05
1.48426e-05
1.64368e-05
1.81769e-05
2.00732e-05
2.21366e-05
2.43785e-05
2.68105e-05
2.94448e-05
3.22938e-05
3.53703e-05
3.86874e-05
4.22585e-05
4.60971e-05
5.02168e-05
5.46316e-05
5.93551e-05
6.44011e-05
6.97833e-05
7.5515e-05
8.16093e-05
8.80789e-05
9.49358e-05
0.000102191
0.000109857
0.000117941
0.000126454
0.000135402
0.000144791
0.000154627
0.000164912
0.000175648
0.000186833
0.000198465
0.000210538
0.000223043
0.000235969
0.000249301
0.000263021
0.000277106
0.000291531
0.000306264
0.000321269
0.000336507
0.00035193
0.000367484
0.000383109
0.000398735
0.000414283
0.000429662
0.000444771
0.000459492
0.000473685
0.000487208
0.000499912
0.000511642
0.000522184
0.000531306
0.000538741
0.000544192
0.000547334
0.000547817
0.000545263
0.000539253
0.000529304
0.000514849
0.000495551
0.000472968
0.000448259
0.000425124
3.22412e-07
3.66322e-07
4.23029e-07
4.88874e-07
5.64257e-07
6.50277e-07
7.48252e-07
8.59657e-07
9.86125e-07
1.12946e-06
1.29164e-06
1.47487e-06
1.68153e-06
1.91424e-06
2.17589e-06
2.4696e-06
2.79878e-06
3.16713e-06
3.57868e-06
4.03776e-06
4.54909e-06
5.11772e-06
5.74911e-06
6.4491e-06
7.22397e-06
8.08043e-06
9.02562e-06
1.00672e-05
1.12132e-05
1.24723e-05
1.38536e-05
1.53666e-05
1.70215e-05
1.88289e-05
2.08001e-05
2.29466e-05
2.52808e-05
2.78153e-05
3.05633e-05
3.35386e-05
3.67553e-05
4.02281e-05
4.39719e-05
4.80022e-05
5.23347e-05
5.69854e-05
6.19708e-05
6.73073e-05
7.30115e-05
7.91001e-05
8.559e-05
9.24977e-05
9.98397e-05
0.000107632
0.000115892
0.000124633
0.000133871
0.00014362
0.000153893
0.000164703
0.000176062
0.000187979
0.000200463
0.000213521
0.000227158
0.000241378
0.000256182
0.000271567
0.000287532
0.000304067
0.000321162
0.000338803
0.000356971
0.000375645
0.000394795
0.000414386
0.000434377
0.000454717
0.000475348
0.000496198
0.000517185
0.00053821
0.000559156
0.000579892
0.000600259
0.000620066
0.000639144
0.000657328
0.000674377
0.00069001
0.000703915
0.000715761
0.000725191
0.000731816
0.000735189
0.000734772
0.000729856
0.000719388
0.000703757
0.000683702
3.21048e-07
3.64778e-07
4.21276e-07
4.8689e-07
5.62021e-07
6.47768e-07
7.45448e-07
8.56538e-07
9.82672e-07
1.12566e-06
1.28749e-06
1.47036e-06
1.67667e-06
1.90906e-06
2.17042e-06
2.4639e-06
2.79293e-06
3.16126e-06
3.57293e-06
4.03236e-06
4.54428e-06
5.11385e-06
5.74659e-06
6.44847e-06
7.22586e-06
8.08562e-06
9.03509e-06
1.00821e-05
1.12349e-05
1.25024e-05
1.38941e-05
1.54199e-05
1.70903e-05
1.89165e-05
2.09101e-05
2.30836e-05
2.54499e-05
2.80224e-05
3.08154e-05
3.38436e-05
3.71224e-05
4.06679e-05
4.44964e-05
4.86253e-05
5.30722e-05
5.78553e-05
6.29933e-05
6.85055e-05
7.44115e-05
8.07314e-05
8.74856e-05
9.46949e-05
0.00010238
0.000110563
0.000119264
0.000128505
0.000138307
0.000148693
0.000159682
0.000171296
0.000183555
0.00019648
0.000210089
0.000224402
0.000239436
0.000255209
0.000271735
0.00028903
0.000307105
0.000325972
0.000345638
0.000366111
0.000387394
0.000409487
0.000432386
0.000456081
0.000480559
0.000505799
0.00053177
0.000558435
0.000585742
0.000613627
0.00064201
0.000670791
0.000699847
0.000729033
0.00075818
0.000787079
0.000815563
0.000843506
0.000870634
0.000896677
0.000921348
0.000944357
0.000965383
0.000984005
0.000999536
0.00101071
0.00101513
0.00100766
3.0762e-07
3.49439e-07
4.03627e-07
4.66617e-07
5.38775e-07
6.21161e-07
7.15053e-07
8.21881e-07
9.43233e-07
1.08086e-06
1.23671e-06
1.41292e-06
1.61182e-06
1.836e-06
2.08827e-06
2.37172e-06
2.68972e-06
3.04594e-06
3.44437e-06
3.88933e-06
4.38552e-06
4.93802e-06
5.55231e-06
6.2343e-06
6.99035e-06
7.82729e-06
8.75244e-06
9.77364e-06
1.08993e-05
1.21383e-05
1.35001e-05
1.4995e-05
1.66336e-05
1.84274e-05
2.03882e-05
2.25289e-05
2.48629e-05
2.74043e-05
3.01679e-05
3.31692e-05
3.64246e-05
3.99511e-05
4.37666e-05
4.78895e-05
5.23392e-05
5.71359e-05
6.23003e-05
6.7854e-05
7.38195e-05
8.02198e-05
8.70787e-05
9.44207e-05
0.000102271
0.000110656
0.000119601
0.000129135
0.000139284
0.000150077
0.000161543
0.000173711
0.00018661
0.000200272
0.000214727
0.000230004
0.000246136
0.000263152
0.000281085
0.000299966
0.000319824
0.00034069
0.000362595
0.000385568
0.000409636
0.000434826
0.000461164
0.000488672
0.000517369
0.000547271
0.000578386
0.000610718
0.000644262
0.000679
0.000714902
0.000751923
0.000789994
0.000829026
0.000868905
0.000909485
0.000950602
0.000992047
0.00103375
0.00107555
0.00111718
0.00115835
0.00119878
0.00123796
0.00127492
0.00130752
0.00133105
0.00133589
2.84682e-07
3.23243e-07
3.73448e-07
4.31891e-07
4.98884e-07
5.75413e-07
6.62677e-07
7.62021e-07
8.74941e-07
1.00309e-06
1.1483e-06
1.31258e-06
1.49817e-06
1.70749e-06
1.94323e-06
2.20832e-06
2.50596e-06
2.83967e-06
3.21324e-06
3.63084e-06
4.09696e-06
4.61648e-06
5.1947e-06
5.83733e-06
6.55052e-06
7.3409e-06
8.21562e-06
9.18233e-06
1.02492e-05
1.14251e-05
1.27194e-05
1.4142e-05
1.57037e-05
1.74157e-05
1.92903e-05
2.134e-05
2.35786e-05
2.60203e-05
2.86802e-05
3.15743e-05
3.47195e-05
3.81334e-05
4.18346e-05
4.58428e-05
5.01783e-05
5.48626e-05
5.99181e-05
6.53682e-05
7.12375e-05
7.75515e-05
8.43366e-05
9.16206e-05
9.94323e-05
0.000107801
0.000116759
0.000126337
0.00013657
0.00014749
0.000159135
0.000171541
0.000184746
0.000198789
0.000213712
0.000229555
0.000246363
0.00026418
0.000283052
0.000303026
0.000324151
0.000346476
0.000370053
0.000394934
0.000421173
0.000448824
0.000477944
0.000508588
0.000540812
0.000574672
0.000610222
0.000647514
0.000686595
0.000727506
0.000770281
0.000814939
0.000861488
0.000909911
0.000960169
0.00101219
0.00106587
0.00112106
0.00117757
0.0012353
0.00129408
0.00135352
0.00141317
0.0014723
0.00152949
0.00158189
0.00162344
0.00164193
2.5583e-07
2.90305e-07
3.35467e-07
3.88132e-07
4.48548e-07
5.17604e-07
5.96392e-07
6.86143e-07
7.88225e-07
9.04156e-07
1.03561e-06
1.18445e-06
1.35272e-06
1.54266e-06
1.75675e-06
1.9977e-06
2.26849e-06
2.57236e-06
2.91286e-06
3.29386e-06
3.71957e-06
4.19455e-06
4.72377e-06
5.3126e-06
5.96684e-06
6.69277e-06
7.49715e-06
8.38726e-06
9.37093e-06
1.04566e-05
1.16532e-05
1.29704e-05
1.44186e-05
1.60087e-05
1.77525e-05
1.96626e-05
2.17522e-05
2.40354e-05
2.65274e-05
2.92439e-05
3.2202e-05
3.54193e-05
3.89147e-05
4.27082e-05
4.68207e-05
5.12743e-05
5.60924e-05
6.12993e-05
6.6921e-05
7.29843e-05
7.95178e-05
8.65513e-05
9.41159e-05
0.000102244
0.000110971
0.000120332
0.000130365
0.000141108
0.000152604
0.000164894
0.000178025
0.000192042
0.000206995
0.000222936
0.000239917
0.000257995
0.000277229
0.00029768
0.000319411
0.000342491
0.000366989
0.000392979
0.000420538
0.000449747
0.000480689
0.000513453
0.00054813
0.000584816
0.00062361
0.000664612
0.000707926
0.000753656
0.000801903
0.000852765
0.000906331
0.00096268
0.00102187
0.00108392
0.00114882
0.00121651
0.00128685
0.00135959
0.00143458
0.00151137
0.00158929
0.00166727
0.00174346
0.00181448
0.00187375
0.00190813
2.24798e-07
2.54897e-07
2.94603e-07
3.41003e-07
3.94274e-07
4.552e-07
5.24752e-07
6.04032e-07
6.94264e-07
7.96806e-07
9.13164e-07
1.045e-06
1.19417e-06
1.36267e-06
1.55276e-06
1.76688e-06
2.00772e-06
2.27823e-06
2.58164e-06
2.92145e-06
3.30152e-06
3.72602e-06
4.19949e-06
4.72686e-06
5.31349e-06
5.96516e-06
6.68812e-06
7.48914e-06
8.37549e-06
9.35502e-06
1.04362e-05
1.1628e-05
1.29402e-05
1.43832e-05
1.59681e-05
1.7707e-05
1.96124e-05
2.1698e-05
2.39782e-05
2.64684e-05
2.91851e-05
3.21456e-05
3.53685e-05
3.88733e-05
4.26808e-05
4.68132e-05
5.12936e-05
5.61469e-05
6.13991e-05
6.70778e-05
7.32121e-05
7.98328e-05
8.69723e-05
9.46648e-05
0.000102946
0.000111855
0.000121431
0.000131717
0.000142757
0.000154597
0.000167289
0.000180882
0.000195433
0.000210999
0.000227641
0.000245424
0.000264415
0.000284686
0.000306312
0.000329375
0.000353959
0.000380153
0.000408054
0.000437762
0.000469385
0.000503038
0.000538842
0.000576925
0.000617426
0.00066049
0.000706269
0.000754925
0.000806626
0.000861548
0.000919867
0.00098176
0.0010474
0.00111693
0.0011905
0.00126816
0.00134992
0.00143564
0.00152501
0.00161768
0.00171287
0.0018092
0.00190442
0.00199464
0.00207301
0.00212633
1.94751e-07
2.20631e-07
2.55033e-07
2.9533e-07
3.41638e-07
3.94632e-07
4.55167e-07
5.24211e-07
6.02843e-07
6.92264e-07
7.93804e-07
9.08937e-07
1.03929e-06
1.18667e-06
1.35305e-06
1.54062e-06
1.75177e-06
1.98913e-06
2.2556e-06
2.55431e-06
2.88872e-06
3.26258e-06
3.67999e-06
4.14539e-06
4.66363e-06
5.23995e-06
5.88004e-06
6.59004e-06
7.3766e-06
8.2469e-06
9.20868e-06
1.02703e-05
1.14406e-05
1.27294e-05
1.4147e-05
1.57043e-05
1.74134e-05
1.9287e-05
2.13385e-05
2.35827e-05
2.60349e-05
2.87117e-05
3.16308e-05
3.4811e-05
3.82722e-05
4.20358e-05
4.61244e-05
5.0562e-05
5.53742e-05
6.0588e-05
6.62323e-05
7.23376e-05
7.89362e-05
8.60624e-05
9.37526e-05
0.000102045
0.000110981
0.000120603
0.000130958
0.000142093
0.00015406
0.000166914
0.000180711
0.000195514
0.000211386
0.000228396
0.000246618
0.000266129
0.00028701
0.000309351
0.000333245
0.000358791
0.000386096
0.000415275
0.00044645
0.000479752
0.000515324
0.000553318
0.000593897
0.000637238
0.000683533
0.000732986
0.00078582
0.000842273
0.0009026
0.000967072
0.00103597
0.0011096
0.00118825
0.0012722
0.00136171
0.00145693
0.00155784
0.00166415
0.00177535
0.00189008
0.00200582
0.00211815
0.0022194
0.00229589
1.68e-07
1.90131e-07
2.19793e-07
2.54635e-07
2.94716e-07
3.40619e-07
3.93086e-07
4.52968e-07
5.21212e-07
5.98872e-07
6.87119e-07
7.87253e-07
9.00709e-07
1.02908e-06
1.17411e-06
1.33774e-06
1.52209e-06
1.7295e-06
1.96253e-06
2.22399e-06
2.51696e-06
2.84478e-06
3.21112e-06
3.61997e-06
4.07567e-06
4.58294e-06
5.1469e-06
5.77311e-06
6.46759e-06
7.23683e-06
8.08787e-06
9.0283e-06
1.00663e-05
1.12107e-05
1.24709e-05
1.38572e-05
1.53804e-05
1.70524e-05
1.88856e-05
2.08937e-05
2.3091e-05
2.54929e-05
2.81161e-05
3.0978e-05
3.40976e-05
3.74949e-05
4.11913e-05
4.52097e-05
4.95745e-05
5.43114e-05
5.94482e-05
6.50141e-05
7.10403e-05
7.756e-05
8.46086e-05
9.22234e-05
0.000100444
0.000109314
0.000118877
0.000129181
0.000140277
0.000152219
0.000165065
0.000178876
0.000193715
0.000209654
0.000226765
0.000245127
0.000264825
0.000285947
0.000308591
0.000332858
0.000358861
0.000386716
0.000416554
0.000448512
0.000482739
0.000519398
0.000558666
0.000600734
0.000645814
0.000694135
0.00074595
0.000801536
0.000861202
0.000925286
0.000994162
0.00106825
0.001148
0.00123394
0.00132663
0.00142666
0.00153462
0.00165089
0.00177551
0.00190779
0.00204572
0.00218454
0.00231503
0.00242095
1.46127e-07
1.6517e-07
1.90936e-07
2.21299e-07
2.56274e-07
2.96359e-07
3.42209e-07
3.94574e-07
4.54291e-07
5.22296e-07
5.99627e-07
6.87436e-07
7.87001e-07
8.99734e-07
1.0272e-06
1.17111e-06
1.33338e-06
1.51609e-06
1.72153e-06
1.95222e-06
2.21092e-06
2.50064e-06
2.82467e-06
3.18662e-06
3.5904e-06
4.04027e-06
4.54088e-06
5.09726e-06
5.71487e-06
6.39963e-06
7.15795e-06
7.99674e-06
8.92349e-06
9.94626e-06
1.10737e-05
1.23153e-05
1.3681e-05
1.51816e-05
1.68289e-05
1.86352e-05
2.06139e-05
2.27795e-05
2.51472e-05
2.77336e-05
3.05561e-05
3.36335e-05
3.69861e-05
4.06351e-05
4.46035e-05
4.89157e-05
5.35978e-05
5.86773e-05
6.4184e-05
7.01493e-05
7.66066e-05
8.35917e-05
9.11427e-05
9.93e-05
0.000108107
0.000117609
0.000127854
0.000138896
0.000150789
0.000163591
0.000177366
0.00019218
0.000208106
0.000225218
0.000243599
0.000263335
0.000284521
0.000307256
0.000331647
0.000357812
0.000385876
0.000415973
0.000448252
0.000482873
0.00052001
0.000559856
0.000602623
0.000648544
0.000697879
0.000750919
0.000807988
0.000869456
0.000935744
0.00100734
0.00108482
0.00116885
0.0012603
0.00136017
0.00146975
0.0015904
0.00172348
0.00186957
0.0020285
0.00219664
0.00236359
0.00250788
1.3026e-07
1.47007e-07
1.69915e-07
1.97011e-07
2.28266e-07
2.64116e-07
3.05149e-07
3.52042e-07
4.05554e-07
4.66531e-07
5.35915e-07
6.14751e-07
7.042e-07
8.05547e-07
9.20213e-07
1.04977e-06
1.19594e-06
1.36064e-06
1.54596e-06
1.75421e-06
1.9879e-06
2.2498e-06
2.54294e-06
2.87062e-06
3.23644e-06
3.64433e-06
4.09857e-06
4.6038e-06
5.16508e-06
5.78787e-06
6.47811e-06
7.24221e-06
8.08711e-06
9.02032e-06
1.00499e-05
1.11846e-05
1.24338e-05
1.38076e-05
1.53169e-05
1.69734e-05
1.87895e-05
2.07788e-05
2.29557e-05
2.53357e-05
2.79352e-05
3.07721e-05
3.38652e-05
3.72347e-05
4.09024e-05
4.48912e-05
4.92258e-05
5.39325e-05
5.90393e-05
6.45759e-05
7.05743e-05
7.70685e-05
8.40944e-05
9.16907e-05
9.98984e-05
0.000108761
0.000118325
0.000128639
0.000139756
0.000151733
0.000164629
0.000178507
0.000193436
0.000209488
0.00022674
0.000245275
0.000265181
0.000286554
0.000309495
0.000334114
0.00036053
0.00038887
0.000419274
0.000451893
0.000486893
0.000524455
0.000564781
0.000608094
0.000654642
0.000704706
0.000758603
0.000816698
0.000879416
0.000947262
0.00102085
0.00110094
0.00118853
0.00128494
0.00139189
0.00151157
0.00164657
0.00179934
0.00197237
0.00216574
0.00237125
0.00256333
1.21414e-07
1.36786e-07
1.58063e-07
1.83316e-07
2.1248e-07
2.45952e-07
2.84281e-07
3.28104e-07
3.78136e-07
4.35173e-07
5.00103e-07
5.73913e-07
6.57698e-07
7.52671e-07
8.60175e-07
9.81693e-07
1.11886e-06
1.27349e-06
1.44756e-06
1.64326e-06
1.86297e-06
2.10933e-06
2.3852e-06
2.69372e-06
3.03833e-06
3.42276e-06
3.85108e-06
4.32772e-06
4.85749e-06
5.44562e-06
6.09777e-06
6.82006e-06
7.61914e-06
8.50217e-06
9.4769e-06
1.05517e-05
1.17355e-05
1.30381e-05
1.44698e-05
1.6042e-05
1.77666e-05
1.96566e-05
2.17258e-05
2.39892e-05
2.64626e-05
2.91631e-05
3.2109e-05
3.53198e-05
3.88163e-05
4.26208e-05
4.6757e-05
5.12503e-05
5.61278e-05
6.14183e-05
6.71526e-05
7.33634e-05
8.00857e-05
8.73565e-05
9.52155e-05
0.000103705
0.000112869
0.000122755
0.000133415
0.000144902
0.000157274
0.000170593
0.000184923
0.000200335
0.000216902
0.000234705
0.000253827
0.00027436
0.000296402
0.000320056
0.000345436
0.000372665
0.000401873
0.000433206
0.000466822
0.000502893
0.000541611
0.000583189
0.000627864
0.000675906
0.00072762
0.000783359
0.000843541
0.00090867
0.000979376
0.00105648
0.00114109
0.0012347
0.00133918
0.00145682
0.00159042
0.0017433
0.00191987
0.00212442
0.00235548
0.00259194
1.3909e-06
1.28196e-06
1.52778e-06
1.88692e-06
2.29389e-06
2.72486e-06
3.16971e-06
3.62529e-06
4.09403e-06
4.58399e-06
5.10917e-06
5.69007e-06
6.35413e-06
7.13589e-06
8.07575e-06
9.21549e-06
1.05853e-05
1.21731e-05
1.38519e-05
1.52175e-05
2.9302e-06
2.89021e-06
3.37023e-06
4.03346e-06
4.76557e-06
5.52162e-06
6.28267e-06
7.04324e-06
7.80802e-06
8.59125e-06
9.41693e-06
1.03192e-05
1.13426e-05
1.25418e-05
1.39782e-05
1.5712e-05
1.77793e-05
2.0143e-05
2.25824e-05
2.44753e-05
6.36996e-06
6.57545e-06
7.45961e-06
8.59724e-06
9.82296e-06
1.10631e-05
1.22847e-05
1.3478e-05
1.4651e-05
1.58275e-05
1.70464e-05
1.8362e-05
1.98432e-05
2.15721e-05
2.36387e-05
2.61259e-05
2.9077e-05
3.24218e-05
3.58198e-05
3.83766e-05
1.41346e-05
1.47318e-05
1.62173e-05
1.80178e-05
1.99091e-05
2.1785e-05
2.35949e-05
2.53235e-05
2.69834e-05
2.86115e-05
3.0268e-05
3.20345e-05
3.40131e-05
3.6322e-05
3.90874e-05
4.24211e-05
4.63724e-05
5.08226e-05
5.5276e-05
5.85153e-05
3.0819e-05
3.18715e-05
3.40822e-05
3.66582e-05
3.92969e-05
4.18558e-05
4.42667e-05
4.65094e-05
4.86034e-05
5.0603e-05
5.2595e-05
5.46957e-05
5.70482e-05
5.98154e-05
6.31683e-05
6.72525e-05
7.21179e-05
7.75756e-05
8.2944e-05
8.67064e-05
6.44057e-05
6.57356e-05
6.85259e-05
7.17124e-05
7.48963e-05
7.78958e-05
8.06264e-05
8.30664e-05
8.52442e-05
8.72338e-05
8.9153e-05
9.11549e-05
9.3428e-05
9.61871e-05
9.96545e-05
0.000104011
0.000109299
0.000115243
0.000120975
0.000124857
0.000127289
0.000128217
0.000130868
0.000133912
0.000136857
0.000139484
0.000141698
0.000143478
0.000144862
0.000145942
0.000146862
0.000147806
0.000149
0.00015071
0.000153211
0.000156718
0.000161266
0.000166508
0.000171487
0.000174806
0.00023617
0.000235247
0.000236123
0.000237327
0.00023832
0.000238874
0.000238892
0.000238355
0.000237311
0.000235857
0.000234131
0.000232322
0.000230675
0.000229481
0.000229059
0.000229668
0.000231371
0.000233841
0.000236339
0.000238148
0.000409575
0.000404489
0.000400831
0.000397308
0.000393479
0.00038917
0.000384313
0.000378884
0.000372913
0.000366461
0.000359625
0.000352548
0.000345433
0.000338543
0.000332209
0.000326768
0.000322415
0.00031914
0.000316927
0.000316077
0.000662249
0.000650133
0.000638205
0.000626007
0.000613469
0.000600562
0.000587268
0.000573558
0.000559421
0.000544836
0.000529797
0.000514314
0.000498446
0.000482329
0.000466232
0.000450615
0.00043608
0.0004235
0.000414096
0.000409238
0.000983125
0.000962063
0.000938709
0.000914375
0.000889651
0.000864835
0.00084004
0.000815258
0.000790406
0.000765339
0.000739866
0.000713776
0.000686848
0.000658955
0.000630135
0.000600862
0.000572471
0.000547197
0.00052812
0.000517718
0.00130992
0.00128119
0.00124747
0.00121182
0.00117562
0.00113955
0.00110384
0.00106851
0.00103343
0.000998311
0.000962814
0.00092652
0.000888984
0.000849853
0.000809022
0.000766967
0.000725337
0.000687441
0.000657997
0.000641229
0.00161925
0.0015855
0.00154383
0.0014991
0.00145349
0.00140802
0.00136315
0.00131896
0.00127526
0.00123168
0.00118772
0.00114281
0.00109634
0.0010478
0.000996933
0.000944183
0.000891236
0.000841825
0.000802105
0.000778852
0.0018948
0.00185954
0.00181315
0.00176236
0.0017102
0.00165808
0.00160664
0.00155601
0.00150601
0.00145624
0.0014061
0.00135488
0.00130188
0.00124645
0.00118822
0.00112752
0.00106593
0.00100723
0.000958398
0.000928948
0.00212853
0.0020955
0.00204779
0.00199415
0.0019385
0.00188269
0.00182751
0.00177318
0.00171953
0.00166612
0.0016123
0.00155733
0.00150039
0.00144078
0.00137802
0.0013123
0.00124501
0.0011798
0.00112396
0.00108941
0.00231924
0.00229177
0.00224579
0.00219225
0.00213601
0.00207931
0.00202312
0.0019677
0.00191289
0.00185827
0.00180318
0.00174684
0.00168843
0.00162716
0.00156249
0.00149448
0.00142431
0.00135537
0.00129488
0.00125605
0.00247047
0.00245102
0.00240904
0.00235799
0.00230364
0.00224854
0.00219373
0.00213949
0.00208569
0.00203192
0.00197757
0.00192189
0.00186405
0.00180325
0.0017389
0.00167093
0.00160032
0.00153014
0.00146735
0.00142554
0.00258873
0.00257828
0.00254152
0.00249473
0.00244435
0.00239294
0.00234148
0.00229025
0.00223915
0.00218783
0.00213576
0.00208225
0.00202655
0.00196785
0.00190554
0.00183943
0.00177032
0.00170096
0.00163788
0.00159451
0.00268239
0.00267944
0.00264801
0.00260689
0.00256221
0.00251615
0.00246954
0.00242265
0.00237544
0.00232768
0.00227893
0.00222864
0.00217611
0.00212064
0.00206158
0.00199867
0.00193251
0.00186549
0.00180359
0.00175982
0.00276129
0.00275992
0.00273371
0.00269957
0.0026619
0.0026223
0.00258145
0.00253969
0.00249709
0.00245354
0.00240874
0.00236226
0.00231354
0.00226196
0.00220691
0.00214808
0.00208588
0.0020223
0.00196252
0.00191866
5.23575e-66
5.21844e-66
5.19457e-66
5.17453e-66
5.16726e-66
5.18022e-66
5.21929e-66
5.28854e-66
5.39029e-66
5.52507e-66
5.69155e-66
5.88653e-66
6.10492e-66
6.33972e-66
6.58197e-66
6.82076e-66
7.04323e-66
7.23481e-66
7.37956e-66
7.46071e-66
3.36712e-65
3.3515e-65
3.33231e-65
3.31612e-65
3.30873e-65
3.31501e-65
3.33873e-65
3.38252e-65
3.44786e-65
3.53507e-65
3.64333e-65
3.77057e-65
3.91356e-65
4.06779e-65
4.22755e-65
4.38584e-65
4.53433e-65
4.66354e-65
4.76307e-65
4.82215e-65
1.66855e-64
1.65784e-64
1.64561e-64
1.63532e-64
1.62986e-64
1.63159e-64
1.64239e-64
1.66355e-64
1.69584e-64
1.73941e-64
1.79388e-64
1.85823e-64
1.93086e-64
2.00956e-64
2.09148e-64
2.17313e-64
2.25041e-64
2.31861e-64
2.37252e-64
2.40646e-64
8.01599e-64
7.94897e-64
7.87604e-64
7.81492e-64
7.77929e-64
7.78051e-64
7.82741e-64
7.92633e-64
8.08094e-64
8.29215e-64
8.55811e-64
8.87405e-64
9.23233e-64
9.62235e-64
1.00304e-63
1.04396e-63
1.08302e-63
1.11796e-63
1.14629e-63
1.16508e-63
3.82493e-63
3.78578e-63
3.74392e-63
3.7089e-63
3.68731e-63
3.68443e-63
3.70444e-63
3.75035e-63
3.82392e-63
3.92564e-63
4.05465e-63
4.20871e-63
4.38421e-63
4.57611e-63
4.77786e-63
4.98144e-63
5.17744e-63
5.35519e-63
5.50257e-63
5.60389e-63
1.81834e-62
1.7963e-62
1.77305e-62
1.75356e-62
1.74105e-62
1.73801e-62
1.74641e-62
1.76764e-62
1.80254e-62
1.85136e-62
1.91369e-62
1.98851e-62
2.07411e-62
2.1681e-62
2.2674e-62
2.36822e-62
2.46612e-62
2.55602e-62
2.63197e-62
2.68581e-62
8.61529e-62
8.49458e-62
8.36848e-62
8.2626e-62
8.19255e-62
8.17022e-62
8.2047e-62
8.30255e-62
8.46767e-62
8.70119e-62
9.00136e-62
9.3633e-62
9.7791e-62
1.02376e-61
1.07243e-61
1.12215e-61
1.17083e-61
1.21603e-61
1.25487e-61
1.28311e-61
4.06835e-61
4.00365e-61
3.93656e-61
3.88014e-61
3.84196e-61
3.82765e-61
3.84145e-61
3.88639e-61
3.96428e-61
4.07564e-61
4.21967e-61
4.39412e-61
4.59532e-61
4.81808e-61
5.05566e-61
5.2998e-61
5.54066e-61
5.76669e-61
5.96379e-61
6.11033e-61
1.91474e-60
1.88066e-60
1.84553e-60
1.81596e-60
1.7956e-60
1.7871e-60
1.79243e-60
1.813e-60
1.84964e-60
1.90257e-60
1.97145e-60
2.05522e-60
2.1522e-60
2.25999e-60
2.37549e-60
2.49485e-60
2.61347e-60
2.72585e-60
2.82518e-60
2.90046e-60
8.98114e-60
8.80425e-60
8.62282e-60
8.47004e-60
8.36337e-60
8.31529e-60
8.33496e-60
8.42881e-60
8.60059e-60
8.85142e-60
9.1796e-60
9.58039e-60
1.0046e-59
1.05656e-59
1.11248e-59
1.17058e-59
1.22871e-59
1.28428e-59
1.33401e-59
1.37233e-59
4.19826e-59
4.10764e-59
4.01506e-59
3.93709e-59
3.88207e-59
3.8558e-59
3.86254e-59
3.90522e-59
3.98554e-59
4.104e-59
4.25983e-59
4.45088e-59
4.67361e-59
4.92304e-59
5.19263e-59
5.47418e-59
5.75772e-59
6.03104e-59
6.27836e-59
6.47182e-59
1.95574e-58
1.90984e-58
1.86311e-58
1.82376e-58
1.79575e-58
1.78179e-58
1.78381e-58
1.80316e-58
1.84061e-58
1.89637e-58
1.9701e-58
2.06083e-58
2.16696e-58
2.28623e-58
2.41566e-58
2.5515e-58
2.68914e-58
2.82285e-58
2.94511e-58
3.04199e-58
9.0791e-58
8.84909e-58
8.6155e-58
8.41892e-58
8.27801e-58
8.20528e-58
8.20964e-58
8.29713e-58
8.4712e-58
8.73285e-58
9.08051e-58
9.50978e-58
1.00135e-57
1.05815e-57
1.12004e-57
1.18529e-57
1.25178e-57
1.31686e-57
1.37693e-57
1.42509e-57
4.20004e-57
4.08585e-57
3.97015e-57
3.87284e-57
3.80271e-57
3.76551e-57
3.76527e-57
3.80472e-57
3.88541e-57
4.00778e-57
4.17112e-57
4.37347e-57
4.61165e-57
4.88109e-57
5.17571e-57
5.48777e-57
5.80751e-57
6.12259e-57
6.41604e-57
6.65374e-57
1.9361e-56
1.87992e-56
1.82309e-56
1.77534e-56
1.74077e-56
1.72202e-56
1.72091e-56
1.73866e-56
1.77596e-56
1.833e-56
1.90947e-56
2.00451e-56
2.11668e-56
2.24398e-56
2.38367e-56
2.53224e-56
2.68527e-56
2.83706e-56
2.9796e-56
3.09613e-56
8.89321e-56
8.619e-56
8.3421e-56
8.10966e-56
7.94083e-56
7.84756e-56
7.83805e-56
7.91773e-56
8.08965e-56
8.35467e-56
8.71142e-56
9.15607e-56
9.68237e-56
1.02813e-55
1.09409e-55
1.16452e-55
1.23742e-55
1.31018e-55
1.37904e-55
1.43578e-55
4.07033e-55
3.93756e-55
3.80364e-55
3.69135e-55
3.60958e-55
3.56373e-55
3.55745e-55
3.59315e-55
3.67217e-55
3.7949e-55
3.96074e-55
4.168e-55
4.41397e-55
4.69467e-55
5.00475e-55
5.33718e-55
5.68289e-55
6.02994e-55
6.36075e-55
6.63539e-55
1.85623e-54
1.79241e-54
1.72811e-54
1.67426e-54
1.63496e-54
1.61266e-54
1.60896e-54
1.62493e-54
1.66115e-54
1.7178e-54
1.79461e-54
1.89086e-54
2.00537e-54
2.13639e-54
2.28157e-54
2.43779e-54
2.60098e-54
2.76572e-54
2.9238e-54
3.05591e-54
8.43432e-54
8.12977e-54
7.82313e-54
7.56666e-54
7.37925e-54
7.27178e-54
7.2514e-54
7.32272e-54
7.48833e-54
7.74893e-54
8.10345e-54
8.54874e-54
9.07969e-54
9.68879e-54
1.03657e-53
1.10967e-53
1.18635e-53
1.26417e-53
1.33932e-53
1.40249e-53
3.81836e-53
3.674e-53
3.52874e-53
3.4074e-53
3.31866e-53
3.26735e-53
3.2566e-53
3.28842e-53
3.36391e-53
3.4834e-53
3.64644e-53
3.85167e-53
4.09692e-53
4.37893e-53
4.69323e-53
5.03378e-53
5.39251e-53
5.75837e-53
6.11377e-53
6.41407e-53
1.72226e-52
1.65428e-52
1.58591e-52
1.52888e-52
1.48714e-52
1.46285e-52
1.45736e-52
1.47154e-52
1.50586e-52
1.56047e-52
1.63518e-52
1.72941e-52
1.84225e-52
1.97229e-52
2.11762e-52
2.2756e-52
2.44266e-52
2.61386e-52
2.78108e-52
2.92304e-52
7.73938e-52
7.42131e-52
7.10147e-52
6.83507e-52
6.6401e-52
6.52599e-52
6.49866e-52
6.56178e-52
6.71741e-52
6.96614e-52
7.30723e-52
7.73828e-52
8.25539e-52
8.85268e-52
9.52187e-52
1.02515e-51
1.10261e-51
1.18235e-51
1.26063e-51
1.32737e-51
3.46488e-51
3.31697e-51
3.16826e-51
3.04458e-51
2.95407e-51
2.90089e-51
2.88755e-51
2.91564e-51
2.98601e-51
3.09892e-51
3.25409e-51
3.45051e-51
3.68657e-51
3.95979e-51
4.26665e-51
4.60225e-51
4.95979e-51
5.32941e-51
5.6941e-51
6.00618e-51
1.54537e-50
1.477e-50
1.40827e-50
1.35119e-50
1.30944e-50
1.28483e-50
1.27844e-50
1.29093e-50
1.32266e-50
1.37375e-50
1.44408e-50
1.53324e-50
1.64058e-50
1.76506e-50
1.90519e-50
2.05889e-50
2.22319e-50
2.39375e-50
2.56281e-50
2.70796e-50
6.86643e-50
6.55228e-50
6.23642e-50
5.97452e-50
5.7831e-50
5.67002e-50
5.63985e-50
5.69535e-50
5.83804e-50
6.06841e-50
6.38603e-50
6.78928e-50
7.27543e-50
7.84027e-50
8.47757e-50
9.17846e-50
9.93022e-50
1.07137e-49
1.14935e-49
1.21651e-49
3.03929e-49
2.89577e-49
2.75145e-49
2.63196e-49
2.54472e-49
2.49311e-49
2.47907e-49
2.50372e-49
2.56771e-49
2.67124e-49
2.81416e-49
2.99582e-49
3.21515e-49
3.47042e-49
3.75906e-49
4.07733e-49
4.41979e-49
4.77801e-49
5.13606e-49
5.44519e-49
1.34013e-48
1.27493e-48
1.20935e-48
1.15515e-48
1.11562e-48
1.09222e-48
1.08577e-48
1.09672e-48
1.12533e-48
1.1717e-48
1.23577e-48
1.3173e-48
1.41586e-48
1.53076e-48
1.66095e-48
1.80487e-48
1.96019e-48
2.12325e-48
2.28684e-48
2.42841e-48
5.88632e-48
5.59177e-48
5.29546e-48
5.0509e-48
4.87283e-48
4.76746e-48
4.73812e-48
4.78672e-48
4.91431e-48
5.12128e-48
5.40748e-48
5.77199e-48
6.21316e-48
6.72827e-48
7.31306e-48
7.96108e-48
8.66251e-48
9.40137e-48
1.01453e-47
1.07904e-47
2.57546e-47
2.44312e-47
2.30995e-47
2.20022e-47
2.12045e-47
2.0733e-47
2.06012e-47
2.08168e-47
2.13841e-47
2.23048e-47
2.35785e-47
2.52019e-47
2.71689e-47
2.94689e-47
3.20849e-47
3.49905e-47
3.81444e-47
4.14775e-47
4.48448e-47
4.77699e-47
1.12245e-46
1.06332e-46
1.00379e-46
9.54821e-47
9.19288e-47
8.98316e-47
8.92459e-47
9.02024e-47
9.27174e-47
9.67988e-47
1.02447e-46
1.09649e-46
1.18385e-46
1.28613e-46
1.40268e-46
1.53241e-46
1.67361e-46
1.8233e-46
1.975e-46
2.10698e-46
4.87276e-46
4.60992e-46
4.34526e-46
4.12789e-46
3.97048e-46
3.87778e-46
3.85204e-46
3.89443e-46
4.00561e-46
4.18591e-46
4.43541e-46
4.75374e-46
5.14016e-46
5.5932e-46
6.1103e-46
6.68716e-46
7.3166e-46
7.98585e-46
8.66614e-46
9.25874e-46
2.10701e-45
1.99081e-45
1.87375e-45
1.77777e-45
1.70843e-45
1.6677e-45
1.6565e-45
1.67528e-45
1.72428e-45
1.80366e-45
1.91347e-45
2.05363e-45
2.22389e-45
2.42375e-45
2.65224e-45
2.90766e-45
3.18705e-45
3.48495e-45
3.78861e-45
4.05342e-45
9.07468e-45
8.56365e-45
8.04864e-45
7.62708e-45
7.32325e-45
7.14544e-45
7.09722e-45
7.1803e-45
7.39565e-45
7.74388e-45
8.22542e-45
8.84012e-45
9.58738e-45
1.04655e-44
1.1471e-44
1.25972e-44
1.38321e-44
1.51523e-44
1.65015e-44
1.76792e-44
3.8928e-44
3.66922e-44
3.44381e-44
3.25962e-44
3.12722e-44
3.05006e-44
3.02952e-44
3.06624e-44
3.16059e-44
3.31283e-44
3.5232e-44
3.79177e-44
4.11844e-44
4.50274e-44
4.94341e-44
5.43792e-44
5.98136e-44
6.56387e-44
7.16064e-44
7.68188e-44
1.66321e-43
1.56591e-43
1.46776e-43
1.3877e-43
1.33031e-43
1.29703e-43
1.28837e-43
1.30459e-43
1.3458e-43
1.41212e-43
1.50369e-43
1.62057e-43
1.76282e-43
1.93032e-43
2.12267e-43
2.3389e-43
2.57704e-43
2.83294e-43
3.09569e-43
3.32532e-43
7.0775e-43
6.65619e-43
6.23102e-43
5.88484e-43
5.63744e-43
5.49472e-43
5.4587e-43
5.53017e-43
5.7096e-43
5.99752e-43
6.39458e-43
6.90134e-43
7.51832e-43
8.24548e-43
9.0816e-43
1.00232e-42
1.10624e-42
1.21816e-42
1.33332e-42
1.43401e-42
2.9995e-42
2.81801e-42
2.63478e-42
2.48586e-42
2.37978e-42
2.31896e-42
2.30414e-42
2.3356e-42
2.41348e-42
2.53803e-42
2.70956e-42
2.92842e-42
3.19498e-42
3.50939e-42
3.87137e-42
4.27967e-42
4.73121e-42
5.21861e-42
5.72112e-42
6.16054e-42
1.26603e-41
1.18826e-41
1.10969e-41
1.04596e-41
1.00072e-41
9.74952e-42
9.68939e-42
9.82757e-42
1.01646e-41
1.07014e-41
1.14397e-41
1.23813e-41
1.35283e-41
1.48824e-41
1.64431e-41
1.82064e-41
2.01601e-41
2.22734e-41
2.44562e-41
2.63651e-41
5.32181e-41
4.99018e-41
4.65505e-41
4.38371e-41
4.19179e-41
4.08331e-41
4.05926e-41
4.11983e-41
4.26518e-41
4.49574e-41
4.81232e-41
5.21585e-41
5.70752e-41
6.28831e-41
6.95852e-41
7.71683e-41
8.55858e-41
9.47094e-41
1.04149e-40
1.12403e-40
2.22783e-40
2.08715e-40
1.94492e-40
1.82999e-40
1.74901e-40
1.70362e-40
1.69416e-40
1.72065e-40
1.78313e-40
1.88181e-40
2.01704e-40
2.18932e-40
2.39924e-40
2.64736e-40
2.93399e-40
3.25877e-40
3.61991e-40
4.0121e-40
4.41848e-40
4.77376e-40
9.28765e-40
8.6939e-40
8.09329e-40
7.60897e-40
7.26914e-40
7.08041e-40
7.04388e-40
7.15946e-40
7.42722e-40
7.84798e-40
8.42351e-40
9.15614e-40
1.00489e-39
1.11047e-39
1.23255e-39
1.37108e-39
1.52537e-39
1.69323e-39
1.86741e-39
2.01963e-39
3.85584e-39
3.60651e-39
3.35419e-39
3.15114e-39
3.0093e-39
2.93132e-39
2.91754e-39
2.96784e-39
3.08219e-39
3.26096e-39
3.50498e-39
3.81534e-39
4.1935e-39
4.64096e-39
5.15886e-39
5.74728e-39
6.40372e-39
7.11909e-39
7.86235e-39
8.51159e-39
1.59409e-38
1.48993e-38
1.38446e-38
1.29977e-38
1.24089e-38
1.20887e-38
1.20383e-38
1.22565e-38
1.27432e-38
1.35001e-38
1.45307e-38
1.58404e-38
1.7436e-38
1.93249e-38
2.1513e-38
2.40021e-38
2.67832e-38
2.9819e-38
3.29766e-38
3.57331e-38
6.56266e-38
6.12965e-38
5.69104e-38
5.33964e-38
5.09654e-38
4.96599e-38
4.94819e-38
5.0426e-38
5.24907e-38
5.56832e-38
6.00202e-38
6.55255e-38
7.22314e-38
8.01727e-38
8.93799e-38
9.98662e-38
1.116e-37
1.24427e-37
1.37784e-37
1.49434e-37
2.69035e-37
2.51126e-37
2.32978e-37
2.18473e-37
2.08491e-37
2.03203e-37
2.02609e-37
2.06681e-37
2.1541e-37
2.28827e-37
2.47008e-37
2.70061e-37
2.98133e-37
3.31388e-37
3.69973e-37
4.13969e-37
4.63268e-37
5.1724e-37
5.73487e-37
6.22511e-37
1.09823e-36
1.02453e-36
9.49817e-37
8.90249e-37
8.49494e-37
8.28227e-37
8.26414e-37
8.43918e-37
8.80695e-37
9.36879e-37
1.0128e-36
1.10896e-36
1.22601e-36
1.36471e-36
1.52576e-36
1.70959e-36
1.91586e-36
2.14199e-36
2.37784e-36
2.5832e-36
4.46397e-36
4.16218e-36
3.85617e-36
3.61283e-36
3.44736e-36
3.36245e-36
3.35782e-36
3.43281e-36
3.58722e-36
3.82162e-36
4.1375e-36
4.53703e-36
5.02319e-36
5.59937e-36
6.26885e-36
7.03381e-36
7.89321e-36
8.83661e-36
9.82127e-36
1.06778e-35
1.8067e-35
1.68373e-35
1.55902e-35
1.46014e-35
1.39335e-35
1.3597e-35
1.35904e-35
1.39106e-35
1.45566e-35
1.5531e-35
1.68401e-35
1.84938e-35
2.0505e-35
2.2889e-35
2.56607e-35
2.88308e-35
3.23967e-35
3.63158e-35
4.0409e-35
4.39661e-35
7.28069e-35
6.78211e-35
6.27654e-35
5.87685e-35
5.6088e-35
5.47652e-35
5.47919e-35
5.61541e-35
5.88475e-35
6.28829e-35
6.82884e-35
7.5106e-35
8.33937e-35
9.32182e-35
1.04647e-34
1.17731e-34
1.32465e-34
1.48677e-34
1.65619e-34
1.80328e-34
2.92128e-34
2.72013e-34
2.51621e-34
2.35552e-34
2.24859e-34
2.19703e-34
2.20042e-34
2.25816e-34
2.37006e-34
2.53657e-34
2.75891e-34
3.03891e-34
3.37907e-34
3.78233e-34
4.25168e-34
4.78946e-34
5.39572e-34
6.06357e-34
6.7618e-34
7.36737e-34
1.16701e-33
1.08626e-33
1.00444e-33
9.40186e-34
8.97782e-34
8.77864e-34
8.80231e-34
9.04615e-34
9.50934e-34
1.01939e-33
1.11049e-33
1.22504e-33
1.36411e-33
1.52897e-33
1.72094e-33
1.94108e-33
2.18951e-33
2.46345e-33
2.74999e-33
2.99824e-33
4.64159e-33
4.31906e-33
3.99243e-33
3.73691e-33
3.56981e-33
3.49361e-33
3.50737e-33
3.60996e-33
3.80101e-33
4.08139e-33
4.45329e-33
4.92008e-33
5.48639e-33
6.1577e-33
6.9397e-33
7.83713e-33
8.85092e-33
9.9699e-33
1.11407e-32
1.21541e-32
1.83795e-32
1.70977e-32
1.58007e-32
1.47902e-32
1.41359e-32
1.38474e-32
1.39206e-32
1.43505e-32
1.51357e-32
1.62798e-32
1.77921e-32
1.9687e-32
2.19841e-32
2.47067e-32
2.78794e-32
3.1523e-32
3.56428e-32
4.01943e-32
4.49582e-32
4.90771e-32
7.24543e-32
6.73862e-32
6.2263e-32
5.82892e-32
5.57442e-32
5.46646e-32
5.50324e-32
5.68268e-32
6.00419e-32
6.46933e-32
7.082e-32
7.84823e-32
8.7763e-32
9.8761e-32
1.11581e-31
1.26314e-31
1.42987e-31
1.61423e-31
1.80724e-31
1.97393e-31
2.84343e-31
2.64407e-31
2.44278e-31
2.28741e-31
2.18908e-31
2.1492e-31
2.167e-31
2.2416e-31
2.37277e-31
2.56117e-31
2.80842e-31
3.11706e-31
3.49055e-31
3.93305e-31
4.44899e-31
5.04227e-31
5.71424e-31
6.45784e-31
7.23651e-31
7.90832e-31
1.11086e-30
1.03283e-30
9.54173e-31
8.93774e-31
8.56053e-31
8.41543e-31
8.49911e-31
8.80801e-31
9.34119e-31
1.01014e-30
1.10955e-30
1.23339e-30
1.3831e-30
1.56043e-30
1.76723e-30
2.00517e-30
2.27487e-30
2.57355e-30
2.88636e-30
3.15596e-30
4.32008e-30
4.0163e-30
3.7106e-30
3.4772e-30
3.33355e-30
3.28167e-30
3.32014e-30
3.44752e-30
3.66345e-30
3.96906e-30
4.36719e-30
4.86216e-30
5.45996e-30
6.16777e-30
6.99335e-30
7.9437e-30
9.02173e-30
1.02164e-29
1.14677e-29
1.25451e-29
1.67236e-29
1.55471e-29
1.43655e-29
1.34691e-29
1.29262e-29
1.27446e-29
1.29183e-29
1.34414e-29
1.43125e-29
1.55365e-29
1.7125e-29
1.90957e-29
2.14733e-29
2.42873e-29
2.75698e-29
3.13503e-29
3.56415e-29
4.04001e-29
4.53848e-29
4.96716e-29
6.444e-29
5.99074e-29
5.5366e-29
5.19444e-29
4.99097e-29
4.92903e-29
5.0062e-29
5.22012e-29
5.57028e-29
6.05866e-29
6.69e-29
7.47162e-29
8.41352e-29
9.52783e-29
1.08278e-28
1.23255e-28
1.40266e-28
1.59142e-28
1.78915e-28
1.95902e-28
2.47145e-28
2.29776e-28
2.1242e-28
1.99443e-28
1.91882e-28
1.89842e-28
1.93225e-28
2.01936e-28
2.15958e-28
2.35371e-28
2.60369e-28
2.91249e-28
3.28418e-28
3.72368e-28
4.23641e-28
4.82737e-28
5.49898e-28
6.24458e-28
7.02567e-28
7.69594e-28
9.43409e-28
8.77207e-28
8.11261e-28
7.62367e-28
7.34528e-28
7.28133e-28
7.42784e-28
7.7811e-28
8.34042e-28
9.10918e-28
1.00952e-27
1.13105e-27
1.27715e-27
1.44981e-27
1.65124e-27
1.88347e-27
2.14753e-27
2.44084e-27
2.74809e-27
3.01148e-27
3.58411e-27
3.33315e-27
3.08405e-27
2.90108e-27
2.7996e-27
2.78104e-27
2.84381e-27
2.98644e-27
3.2087e-27
3.51198e-27
3.89942e-27
4.37586e-27
4.94789e-27
5.62355e-27
6.41167e-27
7.32057e-27
8.35458e-27
9.50363e-27
1.07073e-26
1.17379e-26
1.35511e-26
1.2605e-26
1.16697e-26
1.09898e-26
1.06239e-26
1.05772e-26
1.08434e-26
1.14169e-26
1.22967e-26
1.34886e-26
1.50052e-26
1.68658e-26
1.90968e-26
2.17302e-26
2.48017e-26
2.83446e-26
3.2377e-26
3.686e-26
4.15555e-26
4.55722e-26
5.0987e-26
4.744e-26
4.39495e-26
4.14413e-26
4.01382e-26
4.00585e-26
4.11773e-26
4.34726e-26
4.69421e-26
5.16085e-26
5.75222e-26
6.47602e-26
7.34272e-26
8.36511e-26
9.55732e-26
1.09328e-25
1.2499e-25
1.42408e-25
1.60651e-25
1.7624e-25
1.90902e-25
1.77679e-25
1.64734e-25
1.55553e-25
1.50975e-25
1.51065e-25
1.55726e-25
1.64874e-25
1.78502e-25
1.96702e-25
2.19673e-25
2.47721e-25
2.81261e-25
3.20796e-25
3.66889e-25
4.20076e-25
4.80658e-25
5.48059e-25
6.18643e-25
6.78902e-25
7.11217e-25
6.62207e-25
6.14508e-25
5.81169e-25
5.65337e-25
5.67244e-25
5.86504e-25
6.22803e-25
6.76122e-25
7.46832e-25
8.35721e-25
9.43992e-25
1.07327e-24
1.22556e-24
1.40305e-24
1.60789e-24
1.84128e-24
2.10103e-24
2.37302e-24
2.60501e-24
2.63638e-24
2.45578e-24
2.28117e-24
2.16115e-24
2.10742e-24
2.12079e-24
2.19976e-24
2.34316e-24
2.55095e-24
2.82462e-24
3.16725e-24
3.58358e-24
4.07999e-24
4.66424e-24
5.34504e-24
6.13076e-24
7.02627e-24
8.02324e-24
9.06708e-24
9.9566e-24
9.72288e-24
9.06132e-24
8.42655e-24
7.99837e-24
7.82018e-24
7.89466e-24
8.2161e-24
8.78006e-24
9.58664e-24
1.06417e-23
1.19574e-23
1.35521e-23
1.54507e-23
1.76835e-23
2.02844e-23
2.32862e-23
2.67084e-23
3.05195e-23
3.45094e-23
3.79065e-23
3.56723e-23
3.32637e-23
3.09722e-23
2.94598e-23
2.88859e-23
2.92594e-23
3.05583e-23
3.27664e-23
3.58848e-23
3.99366e-23
4.4969e-23
5.10537e-23
5.82871e-23
6.67864e-23
7.66834e-23
8.81061e-23
1.01132e-22
1.15642e-22
1.30831e-22
1.43754e-22
1.30191e-22
1.21475e-22
1.13265e-22
1.0798e-22
1.06203e-22
1.07963e-22
1.13176e-22
1.21783e-22
1.3379e-22
1.4929e-22
1.68464e-22
1.91591e-22
2.19041e-22
2.51268e-22
2.88779e-22
3.32072e-22
3.81452e-22
4.36472e-22
4.94067e-22
5.43031e-22
4.72604e-22
4.41271e-22
4.12079e-22
3.93832e-22
3.88643e-22
3.96596e-22
4.17379e-22
4.50773e-22
4.96819e-22
5.55875e-22
6.28648e-22
7.16208e-22
8.19976e-22
9.41689e-22
1.0833e-21
1.24673e-21
1.43318e-21
1.64098e-21
1.8585e-21
2.04329e-21
1.70623e-21
1.59433e-21
1.49139e-21
1.42924e-21
1.41547e-21
1.45033e-21
1.53264e-21
1.66162e-21
1.83747e-21
2.0616e-21
2.33672e-21
2.66693e-21
3.05767e-21
3.51555e-21
4.04805e-21
4.66255e-21
5.3637e-21
6.14537e-21
6.96361e-21
7.65833e-21
6.12565e-21
5.72877e-21
5.36895e-21
5.16052e-21
5.13058e-21
5.27973e-21
5.60364e-21
6.09951e-21
6.76828e-21
7.61546e-21
8.6515e-21
9.89198e-21
1.13575e-20
1.30733e-20
1.50677e-20
1.7369e-20
1.99952e-20
2.29238e-20
2.59896e-20
2.85911e-20
2.18666e-20
2.04691e-20
1.92233e-20
1.8537e-20
1.85062e-20
1.91322e-20
2.03987e-20
2.22961e-20
2.48288e-20
2.80182e-20
3.19043e-20
3.65459e-20
4.20211e-20
4.84251e-20
5.58656e-20
6.44497e-20
7.4247e-20
8.51754e-20
9.66167e-20
1.0632e-19
7.75996e-20
7.27167e-20
6.84476e-20
6.62381e-20
6.64248e-20
6.9008e-20
7.39294e-20
8.11556e-20
9.07065e-20
1.02665e-19
1.17183e-19
1.34482e-19
1.54857e-19
1.78665e-19
2.06313e-19
2.38205e-19
2.74608e-19
3.15225e-19
3.57753e-19
3.93805e-19
2.73727e-19
2.56807e-19
2.42344e-19
2.35429e-19
2.37231e-19
2.47739e-19
2.66744e-19
2.94133e-19
3.29994e-19
3.74646e-19
4.28664e-19
4.92884e-19
5.68404e-19
6.56566e-19
7.58891e-19
8.76901e-19
1.01162e-18
1.16197e-18
1.31942e-18
1.45283e-18
9.59589e-19
9.01475e-19
8.53096e-19
8.32241e-19
8.42959e-19
8.85162e-19
9.58098e-19
1.06141e-18
1.19546e-18
1.3615e-18
1.56167e-18
1.79911e-18
2.07791e-18
2.40307e-18
2.78027e-18
3.21519e-18
3.71174e-18
4.26604e-18
4.84658e-18
5.33826e-18
3.34262e-18
3.14485e-18
2.9853e-18
2.92569e-18
2.97988e-18
3.14741e-18
3.42563e-18
3.81339e-18
4.31228e-18
4.927e-18
5.66568e-18
6.53999e-18
7.56511e-18
8.75957e-18
1.01444e-17
1.17409e-17
1.35636e-17
1.55988e-17
1.77307e-17
1.95354e-17
1.15673e-17
1.0901e-17
1.03834e-17
1.0227e-17
1.04789e-17
1.11368e-17
1.21915e-17
1.36396e-17
1.54877e-17
1.77538e-17
2.04682e-17
2.36743e-17
2.74281e-17
3.1798e-17
3.68619e-17
4.26981e-17
4.93617e-17
5.68037e-17
6.45998e-17
7.11959e-17
3.97575e-17
3.75376e-17
3.58907e-17
3.55432e-17
3.66534e-17
3.92112e-17
4.3185e-17
4.85655e-17
5.53795e-17
6.36955e-17
7.36269e-17
8.53336e-17
9.90222e-17
1.14944e-16
1.33384e-16
1.54632e-16
1.78893e-16
2.05992e-16
2.34382e-16
2.58387e-16
1.35689e-16
1.28383e-16
1.23266e-16
1.22802e-16
1.27515e-16
1.37364e-16
1.52243e-16
1.72128e-16
1.9713e-16
2.27508e-16
2.63682e-16
3.06242e-16
3.55946e-16
4.13712e-16
4.80583e-16
5.5762e-16
6.45578e-16
7.43838e-16
8.4678e-16
9.33756e-16
4.59718e-16
4.36e-16
4.20582e-16
4.21731e-16
4.41178e-16
4.78757e-16
5.34112e-16
6.07207e-16
6.98483e-16
8.0892e-16
9.40076e-16
1.09411e-15
1.27379e-15
1.48246e-15
1.72393e-15
2.00205e-15
2.31959e-15
2.67435e-15
3.04597e-15
3.35965e-15
1.54576e-15
1.46996e-15
1.42536e-15
1.43946e-15
1.51788e-15
1.65998e-15
1.86459e-15
2.13177e-15
2.46326e-15
2.86274e-15
3.33598e-15
3.89085e-15
4.53743e-15
5.28786e-15
6.15591e-15
7.15559e-15
8.29696e-15
9.57215e-15
1.09076e-14
1.20336e-14
5.15661e-15
4.91875e-15
4.79723e-15
4.88253e-15
5.19271e-15
5.7253e-15
6.47666e-15
7.44753e-15
8.64483e-15
1.00823e-14
1.17812e-14
1.37701e-14
1.60857e-14
1.87717e-14
2.1878e-14
2.5455e-14
2.95391e-14
3.4102e-14
3.88787e-14
4.29e-14
1.7062e-14
1.63316e-14
1.60315e-14
1.64561e-14
1.76624e-14
1.96412e-14
2.23814e-14
2.58879e-14
3.01876e-14
3.53318e-14
4.13977e-14
4.84897e-14
5.67399e-14
6.63064e-14
7.73681e-14
9.01063e-14
1.04651e-13
1.20901e-13
1.37903e-13
1.52189e-13
5.59766e-14
5.37926e-14
5.31873e-14
5.5107e-14
5.97275e-14
6.70158e-14
7.69384e-14
8.95214e-14
1.04868e-13
1.23168e-13
1.44703e-13
1.69849e-13
1.99083e-13
2.32974e-13
2.7216e-13
3.17293e-13
3.68836e-13
4.26416e-13
4.86615e-13
5.37089e-13
1.82038e-13
1.75727e-13
1.75163e-13
1.83341e-13
2.00793e-13
2.27398e-13
2.63062e-13
3.07908e-13
3.62328e-13
4.27018e-13
5.02995e-13
5.91616e-13
6.9459e-13
8.13952e-13
9.51994e-13
1.11103e-12
1.29269e-12
1.49563e-12
1.70759e-12
1.88484e-12
5.86654e-13
5.69246e-13
5.7259e-13
6.06013e-13
6.71061e-13
7.67299e-13
8.94479e-13
1.05313e-12
1.24473e-12
1.47183e-12
1.73807e-12
2.04832e-12
2.40867e-12
2.8264e-12
3.30966e-12
3.86667e-12
4.50319e-12
5.21416e-12
5.95591e-12
6.57427e-12
1.8731e-12
1.82832e-12
1.85788e-12
1.99024e-12
2.22966e-12
2.57453e-12
3.02424e-12
3.58096e-12
4.25024e-12
5.04126e-12
5.96717e-12
7.04532e-12
8.29732e-12
9.74892e-12
1.14291e-11
1.33668e-11
1.55822e-11
1.80566e-11
2.06345e-11
2.27758e-11
5.92407e-12
5.8221e-12
5.9843e-12
6.49542e-12
7.36607e-12
8.59013e-12
1.0166e-11
1.21023e-11
1.44192e-11
1.71501e-11
2.03422e-11
2.40572e-11
2.83715e-11
3.33758e-11
3.91714e-11
4.58606e-11
5.35131e-11
6.2059e-11
7.09478e-11
7.83008e-11
1.85574e-11
1.83828e-11
1.91398e-11
2.10724e-11
2.42017e-11
2.85033e-11
3.39724e-11
4.06405e-11
4.8582e-11
5.79164e-11
6.88111e-11
8.14846e-11
9.62072e-11
1.13297e-10
1.33107e-10
1.55994e-10
1.82195e-10
2.11448e-10
2.41815e-10
2.66816e-10
5.7577e-11
5.75629e-11
6.08093e-11
6.79848e-11
7.91022e-11
9.40609e-11
1.12842e-10
1.35562e-10
1.62484e-10
1.94029e-10
2.30783e-10
2.73514e-10
3.23168e-10
3.80862e-10
4.47834e-10
5.25309e-10
6.14083e-10
7.13165e-10
8.15765e-10
8.9978e-10
1.76965e-10
1.78838e-10
1.92035e-10
2.18246e-10
2.57286e-10
3.08728e-10
3.725e-10
4.48998e-10
5.39124e-10
6.44319e-10
7.66621e-10
9.08695e-10
1.07384e-09
1.26595e-09
1.48933e-09
1.7482e-09
2.04515e-09
2.37643e-09
2.71847e-09
2.9968e-09
5.39044e-10
5.51705e-10
6.03382e-10
6.97701e-10
8.33153e-10
1.008e-09
1.22183e-09
1.47589e-09
1.77315e-09
2.11847e-09
2.51882e-09
2.98336e-09
3.52347e-09
4.15258e-09
4.88551e-09
5.73665e-09
6.71434e-09
7.80442e-09
8.92598e-09
9.83213e-09
1.6288e-09
1.69227e-09
1.889e-09
2.22364e-09
2.68786e-09
3.27443e-09
3.98107e-09
4.81119e-09
5.77428e-09
6.88645e-09
8.17108e-09
9.6592e-09
1.13896e-08
1.3408e-08
1.57649e-08
1.85085e-08
2.16648e-08
2.51812e-08
2.87845e-08
3.16722e-08
4.89077e-09
5.1726e-09
5.90481e-09
7.07575e-09
8.64555e-09
1.05837e-08
1.28785e-08
1.55379e-08
1.8591e-08
2.20899e-08
2.61113e-08
3.07586e-08
3.61617e-08
4.24747e-08
4.98667e-08
5.84961e-08
6.84401e-08
7.9508e-08
9.07976e-08
9.97623e-08
1.4642e-08
1.58109e-08
1.8481e-08
2.25171e-08
2.77418e-08
3.40294e-08
4.13241e-08
4.96396e-08
5.90609e-08
6.97503e-08
8.19542e-08
9.60092e-08
1.12342e-07
1.31462e-07
1.53925e-07
1.80241e-07
2.10635e-07
2.44436e-07
2.78747e-07
3.05716e-07
4.39981e-08
4.85965e-08
5.81068e-08
7.17576e-08
8.87995e-08
1.08731e-07
1.3131e-07
1.56535e-07
1.84638e-07
2.16108e-07
2.51711e-07
2.9251e-07
3.39871e-07
3.95432e-07
4.60986e-07
5.38161e-07
6.27607e-07
7.27113e-07
8.27706e-07
9.0594e-07
1.34735e-07
1.51371e-07
1.84008e-07
2.28948e-07
2.83063e-07
3.44392e-07
4.11959e-07
4.85599e-07
5.65911e-07
6.54299e-07
7.5304e-07
8.65357e-07
9.95451e-07
1.14842e-06
1.3299e-06
1.54505e-06
1.79602e-06
2.07632e-06
2.35953e-06
2.57787e-06
4.37748e-07
4.81277e-07
5.85509e-07
7.27909e-07
8.9377e-07
1.07539e-06
1.26913e-06
1.47404e-06
1.69153e-06
1.92539e-06
2.182e-06
2.47058e-06
2.80331e-06
3.19524e-06
3.66343e-06
4.22428e-06
4.88646e-06
5.6352e-06
6.39984e-06
6.99113e-06
0.00284417
0.00283352
0.00281484
0.00279079
0.00276296
0.00273237
0.00269966
0.00266526
0.00262936
0.002592
0.00255306
0.00251228
0.0024693
0.00242369
0.00237506
0.00232329
0.00226889
0.00221384
0.00216297
0.00212664
0.00293813
0.00293543
0.002928
0.0029158
0.00289938
0.00287937
0.00285637
0.00283083
0.00280306
0.00277324
0.00274142
0.00270751
0.00267133
0.00263261
0.00259113
0.00254682
0.00250012
0.00245271
0.00240867
0.00237687
0.00303444
0.0030377
0.00303853
0.00303539
0.0030281
0.00301691
0.00300224
0.0029845
0.002964
0.002941
0.00291562
0.00288789
0.00285774
0.00282503
0.00278962
0.00275146
0.00271094
0.00266945
0.00263051
0.00260197
0.00313482
0.00314183
0.00314819
0.00315147
0.00315094
0.00314656
0.00313855
0.00312721
0.00311283
0.00309563
0.00307579
0.00305338
0.0030284
0.00300079
0.00297046
0.00293741
0.00290196
0.00286529
0.00283051
0.00280466
0.0032389
0.0032483
0.0032583
0.00326596
0.00327024
0.00327088
0.00326793
0.0032616
0.00325209
0.00323963
0.00322435
0.00320636
0.00318569
0.00316231
0.0031362
0.00310736
0.00307608
0.00304339
0.00301205
0.00298848
0.00334568
0.00335662
0.00336901
0.00337961
0.00338721
0.00339142
0.0033922
0.00338964
0.00338391
0.00337517
0.00336354
0.00334913
0.00333197
0.00331207
0.00328942
0.00326404
0.00323621
0.00320682
0.00317838
0.00315674
0.00345392
0.00346582
0.00347975
0.00349228
0.00350211
0.0035088
0.00351223
0.00351244
0.00350955
0.00350367
0.00349491
0.00348335
0.00346902
0.00345195
0.00343214
0.00340963
0.00338466
0.00335805
0.00333206
0.00331209
0.00356237
0.00357481
0.00358965
0.00360339
0.00361466
0.00362299
0.00362825
0.00363045
0.00362965
0.00362593
0.00361938
0.00361006
0.00359801
0.00358324
0.00356577
0.00354563
0.00352307
0.00349882
0.00347495
0.00345644
0.00366983
0.00368249
0.00369778
0.00371219
0.00372431
0.00373369
0.00374016
0.00374372
0.00374441
0.0037423
0.00373744
0.00372988
0.00371964
0.00370675
0.00369121
0.00367308
0.00365258
0.00363036
0.00360835
0.00359117
0.00377526
0.0037879
0.00380326
0.00381791
0.00383046
0.00384042
0.00384764
0.0038521
0.00385383
0.00385289
0.0038493
0.00384311
0.00383433
0.00382298
0.00380907
0.00379265
0.00377393
0.00375351
0.00373317
0.00371718
0.00387775
0.00389016
0.00390532
0.00391988
0.0039325
0.00394271
0.00395033
0.00395535
0.00395778
0.00395766
0.00395503
0.00394991
0.00394231
0.00393224
0.00391971
0.00390478
0.00388762
0.00386882
0.00385
0.00383514
0.00397655
0.00398857
0.0040033
0.00401753
0.00402996
0.00404014
0.0040479
0.00405321
0.00405609
0.00405655
0.00405462
0.00405034
0.0040437
0.00403471
0.00402337
0.00400975
0.00399401
0.00397669
0.00395929
0.00394548
0.00407104
0.00408256
0.0040967
0.0041104
0.00412244
0.00413239
0.00414008
0.00414548
0.0041486
0.00414945
0.00414806
0.00414443
0.00413859
0.00413052
0.00412023
0.00410779
0.00409336
0.00407742
0.00406135
0.00404855
0.00416076
0.00417167
0.00418509
0.00419813
0.00420964
0.0042192
0.00422667
0.00423201
0.00423522
0.00423632
0.00423532
0.00423222
0.00422704
0.00421978
0.00421045
0.00419909
0.00418586
0.00417122
0.00415641
0.00414458
0.00424533
0.00425559
0.00426821
0.00428048
0.00429135
0.00430041
0.00430755
0.00431272
0.00431592
0.00431715
0.00431643
0.00431377
0.00430916
0.00430262
0.00429415
0.0042838
0.00427171
0.00425828
0.00424468
0.00423378
0.00432452
0.00433408
0.00434585
0.0043573
0.00436746
0.00437596
0.00438268
0.0043876
0.0043907
0.00439199
0.00439148
0.00438917
0.00438507
0.00437918
0.0043715
0.00436209
0.00435106
0.0043388
0.00432635
0.00431634
0.00439821
0.00440705
0.00441792
0.00442852
0.00443792
0.00444582
0.00445209
0.0044567
0.00445964
0.00446093
0.00446057
0.00445856
0.00445491
0.0044496
0.00444267
0.00443413
0.00442411
0.00441295
0.0044016
0.00439245
0.00446634
0.00447445
0.00448443
0.00449416
0.0045028
0.00451006
0.00451584
0.00452012
0.00452288
0.00452413
0.00452387
0.00452211
0.00451886
0.0045141
0.00450784
0.00450013
0.00449107
0.00448095
0.00447064
0.00446232
0.00452895
0.00453635
0.00454544
0.0045543
0.00456218
0.0045688
0.00457409
0.00457801
0.00458056
0.00458175
0.00458157
0.00458003
0.00457713
0.00457287
0.00456726
0.00456032
0.00455215
0.00454302
0.00453371
0.00452617
0.00458615
0.00459285
0.00460108
0.0046091
0.00461622
0.00462223
0.00462702
0.00463059
0.00463292
0.00463402
0.0046339
0.00463255
0.00462997
0.00462617
0.00462115
0.00461494
0.00460761
0.00459941
0.00459103
0.00458423
0.0046381
0.00464414
0.00465154
0.00465874
0.00466514
0.00467054
0.00467486
0.00467807
0.00468018
0.0046812
0.00468111
0.00467993
0.00467765
0.00467427
0.0046698
0.00466426
0.00465772
0.00465039
0.00464289
0.00463679
0.00468502
0.00469042
0.00469703
0.00470346
0.00470918
0.004714
0.00471785
0.00472073
0.00472263
0.00472355
0.00472349
0.00472245
0.00472044
0.00471745
0.00471349
0.00470857
0.00470276
0.00469625
0.00468957
0.00468413
0.00472715
0.00473195
0.00473783
0.00474353
0.0047486
0.00475287
0.0047563
0.00475885
0.00476054
0.00476137
0.00476133
0.00476042
0.00475866
0.00475602
0.00475253
0.00474819
0.00474305
0.0047373
0.00473138
0.00472655
0.00476477
0.00476902
0.0047742
0.00477923
0.0047837
0.00478746
0.00479048
0.00479274
0.00479423
0.00479496
0.00479494
0.00479415
0.0047926
0.0047903
0.00478723
0.00478342
0.00477891
0.00477384
0.00476863
0.00476437
0.00479818
0.00480191
0.00480646
0.00481086
0.00481478
0.00481808
0.00482072
0.0048227
0.00482401
0.00482465
0.00482463
0.00482395
0.00482261
0.00482059
0.00481792
0.00481459
0.00481065
0.00480621
0.00480165
0.0047979
0.00482767
0.00483093
0.0048349
0.00483874
0.00484215
0.00484502
0.00484732
0.00484904
0.00485018
0.00485075
0.00485074
0.00485015
0.00484898
0.00484723
0.00484491
0.00484202
0.00483859
0.00483474
0.00483076
0.00482749
0.00485357
0.00485641
0.00485985
0.00486317
0.00486612
0.0048686
0.00487059
0.00487208
0.00487307
0.00487356
0.00487355
0.00487305
0.00487204
0.00487054
0.00486853
0.00486603
0.00486307
0.00485974
0.00485629
0.00485345
0.00487619
0.00487864
0.0048816
0.00488446
0.004887
0.00488914
0.00489085
0.00489213
0.00489298
0.0048934
0.0048934
0.00489296
0.0048921
0.00489081
0.00488909
0.00488694
0.0048844
0.00488153
0.00487856
0.0048761
0.00489582
0.00489793
0.00490047
0.00490292
0.00490509
0.00490692
0.00490838
0.00490948
0.0049102
0.00491057
0.00491056
0.00491019
0.00490946
0.00490836
0.00490689
0.00490505
0.00490288
0.00490042
0.00489788
0.00489577
0.00491278
0.00491458
0.00491675
0.00491883
0.00492068
0.00492223
0.00492347
0.0049244
0.00492502
0.00492533
0.00492533
0.00492501
0.00492439
0.00492346
0.00492221
0.00492065
0.0049188
0.00491672
0.00491455
0.00491275
0.00492735
0.00492888
0.00493071
0.00493247
0.00493403
0.00493534
0.00493639
0.00493718
0.0049377
0.00493796
0.00493796
0.0049377
0.00493717
0.00493638
0.00493533
0.00493402
0.00493246
0.00493069
0.00492885
0.00492732
0.00493979
0.00494108
0.00494262
0.00494411
0.00494541
0.00494652
0.0049474
0.00494806
0.00494849
0.00494871
0.00494871
0.00494849
0.00494805
0.00494739
0.00494651
0.0049454
0.00494409
0.00494261
0.00494106
0.00493977
0.00495035
0.00495143
0.00495273
0.00495397
0.00495506
0.00495598
0.00495671
0.00495726
0.00495763
0.00495781
0.00495781
0.00495763
0.00495726
0.00495671
0.00495597
0.00495505
0.00495396
0.00495272
0.00495142
0.00495034
0.00495927
0.00496017
0.00496125
0.00496228
0.00496319
0.00496395
0.00496456
0.00496502
0.00496532
0.00496547
0.00496547
0.00496532
0.00496501
0.00496456
0.00496395
0.00496318
0.00496227
0.00496124
0.00496017
0.00495926
0.00496676
0.00496751
0.0049684
0.00496925
0.00497
0.00497063
0.00497113
0.00497151
0.00497176
0.00497188
0.00497188
0.00497176
0.00497151
0.00497113
0.00497063
0.00497
0.00496925
0.0049684
0.0049675
0.00496675
0.00497301
0.00497363
0.00497436
0.00497506
0.00497568
0.00497619
0.0049766
0.00497691
0.00497712
0.00497722
0.00497722
0.00497712
0.00497691
0.0049766
0.00497619
0.00497568
0.00497506
0.00497436
0.00497363
0.00497301
0.00497821
0.00497871
0.00497931
0.00497988
0.00498038
0.0049808
0.00498114
0.00498139
0.00498156
0.00498164
0.00498164
0.00498156
0.00498139
0.00498114
0.0049808
0.00498038
0.00497988
0.00497931
0.00497871
0.0049782
0.00498249
0.00498291
0.00498339
0.00498385
0.00498426
0.0049846
0.00498487
0.00498508
0.00498521
0.00498528
0.00498528
0.00498521
0.00498507
0.00498487
0.0049846
0.00498426
0.00498385
0.00498339
0.0049829
0.00498249
0.00498601
0.00498634
0.00498674
0.00498711
0.00498744
0.00498771
0.00498793
0.00498809
0.0049882
0.00498826
0.00498826
0.0049882
0.00498809
0.00498793
0.00498771
0.00498744
0.00498711
0.00498674
0.00498634
0.00498601
0.00498888
0.00498915
0.00498947
0.00498976
0.00499003
0.00499025
0.00499042
0.00499055
0.00499064
0.00499068
0.00499068
0.00499064
0.00499055
0.00499042
0.00499025
0.00499003
0.00498976
0.00498947
0.00498915
0.00498888
0.00499121
0.00499143
0.00499168
0.00499192
0.00499212
0.0049923
0.00499244
0.00499254
0.00499261
0.00499264
0.00499264
0.00499261
0.00499254
0.00499244
0.0049923
0.00499212
0.00499192
0.00499168
0.00499143
0.00499121
0.00499309
0.00499326
0.00499346
0.00499365
0.00499381
0.00499395
0.00499406
0.00499414
0.0049942
0.00499423
0.00499423
0.0049942
0.00499414
0.00499406
0.00499395
0.00499381
0.00499365
0.00499346
0.00499326
0.00499309
0.0049946
0.00499473
0.00499489
0.00499504
0.00499517
0.00499528
0.00499536
0.00499543
0.00499547
0.00499549
0.00499549
0.00499547
0.00499543
0.00499536
0.00499528
0.00499517
0.00499504
0.00499489
0.00499473
0.0049946
0.0049958
0.00499591
0.00499603
0.00499614
0.00499625
0.00499633
0.0049964
0.00499645
0.00499648
0.0049965
0.0049965
0.00499648
0.00499645
0.0049964
0.00499633
0.00499625
0.00499614
0.00499603
0.00499591
0.0049958
0.00499675
0.00499683
0.00499693
0.00499702
0.0049971
0.00499716
0.00499722
0.00499726
0.00499728
0.00499729
0.00499729
0.00499728
0.00499726
0.00499722
0.00499716
0.0049971
0.00499702
0.00499693
0.00499683
0.00499675
0.0049975
0.00499757
0.00499764
0.00499771
0.00499777
0.00499782
0.00499786
0.00499789
0.00499791
0.00499792
0.00499792
0.00499791
0.00499789
0.00499786
0.00499782
0.00499777
0.00499771
0.00499764
0.00499757
0.0049975
0.00499809
0.00499814
0.0049982
0.00499825
0.0049983
0.00499833
0.00499837
0.00499839
0.0049984
0.00499841
0.00499841
0.0049984
0.00499839
0.00499837
0.00499833
0.0049983
0.00499825
0.0049982
0.00499814
0.00499809
0.00499855
0.00499859
0.00499863
0.00499867
0.0049987
0.00499873
0.00499876
0.00499878
0.00499879
0.00499879
0.00499879
0.00499879
0.00499878
0.00499876
0.00499873
0.0049987
0.00499867
0.00499863
0.00499859
0.00499855
0.0049989
0.00499893
0.00499896
0.00499899
0.00499902
0.00499904
0.00499906
0.00499907
0.00499908
0.00499909
0.00499909
0.00499908
0.00499907
0.00499906
0.00499904
0.00499902
0.00499899
0.00499896
0.00499893
0.0049989
0.00499917
0.0049992
0.00499922
0.00499924
0.00499926
0.00499928
0.00499929
0.0049993
0.00499931
0.00499931
0.00499931
0.00499931
0.0049993
0.00499929
0.00499928
0.00499926
0.00499924
0.00499922
0.0049992
0.00499917
0.00499938
0.0049994
0.00499942
0.00499944
0.00499945
0.00499946
0.00499947
0.00499948
0.00499949
0.00499949
0.00499949
0.00499949
0.00499948
0.00499947
0.00499946
0.00499945
0.00499944
0.00499942
0.0049994
0.00499938
0.00499954
0.00499955
0.00499957
0.00499958
0.00499959
0.0049996
0.00499961
0.00499961
0.00499962
0.00499962
0.00499962
0.00499962
0.00499961
0.00499961
0.0049996
0.00499959
0.00499958
0.00499957
0.00499955
0.00499954
0.00499966
0.00499967
0.00499968
0.00499969
0.0049997
0.00499971
0.00499971
0.00499971
0.00499972
0.00499972
0.00499972
0.00499972
0.00499971
0.00499971
0.00499971
0.0049997
0.00499969
0.00499968
0.00499967
0.00499966
0.00499975
0.00499976
0.00499977
0.00499977
0.00499978
0.00499978
0.00499979
0.00499979
0.00499979
0.00499979
0.00499979
0.00499979
0.00499979
0.00499979
0.00499978
0.00499978
0.00499977
0.00499977
0.00499976
0.00499975
0.00499982
0.00499982
0.00499983
0.00499983
0.00499984
0.00499984
0.00499984
0.00499985
0.00499985
0.00499985
0.00499985
0.00499985
0.00499985
0.00499984
0.00499984
0.00499984
0.00499983
0.00499983
0.00499982
0.00499982
0.00499987
0.00499987
0.00499988
0.00499988
0.00499988
0.00499989
0.00499989
0.00499989
0.00499989
0.00499989
0.00499989
0.00499989
0.00499989
0.00499989
0.00499989
0.00499988
0.00499988
0.00499988
0.00499987
0.00499987
0.0049999
0.00499991
0.00499991
0.00499991
0.00499992
0.00499992
0.00499992
0.00499992
0.00499992
0.00499992
0.00499992
0.00499992
0.00499992
0.00499992
0.00499992
0.00499992
0.00499991
0.00499991
0.00499991
0.0049999
0.00499993
0.00499993
0.00499994
0.00499994
0.00499994
0.00499994
0.00499994
0.00499994
0.00499994
0.00499994
0.00499994
0.00499994
0.00499994
0.00499994
0.00499994
0.00499994
0.00499994
0.00499994
0.00499993
0.00499993
0.00499995
0.00499995
0.00499995
0.00499996
0.00499996
0.00499996
0.00499996
0.00499996
0.00499996
0.00499996
0.00499996
0.00499996
0.00499996
0.00499996
0.00499996
0.00499996
0.00499996
0.00499995
0.00499995
0.00499995
0.00499997
0.00499997
0.00499997
0.00499997
0.00499997
0.00499997
0.00499997
0.00499997
0.00499997
0.00499997
0.00499997
0.00499997
0.00499997
0.00499997
0.00499997
0.00499997
0.00499997
0.00499997
0.00499997
0.00499997
0.00499998
0.00499998
0.00499998
0.00499998
0.00499998
0.00499998
0.00499998
0.00499998
0.00499998
0.00499998
0.00499998
0.00499998
0.00499998
0.00499998
0.00499998
0.00499998
0.00499998
0.00499998
0.00499998
0.00499998
0.00499998
0.00499998
0.00499998
0.00499998
0.00499998
0.00499999
0.00499999
0.00499999
0.00499999
0.00499999
0.00499999
0.00499999
0.00499999
0.00499999
0.00499999
0.00499998
0.00499998
0.00499998
0.00499998
0.00499998
0.00499999
0.00499999
0.00499999
0.00499999
0.00499999
0.00499999
0.00499999
0.00499999
0.00499999
0.00499999
0.00499999
0.00499999
0.00499999
0.00499999
0.00499999
0.00499999
0.00499999
0.00499999
0.00499999
0.00499999
0.00499999
0.00499999
0.00499999
0.00499999
0.00499999
0.00499999
0.00499999
0.00499999
0.00499999
0.00499999
0.00499999
0.00499999
0.00499999
0.00499999
0.00499999
0.00499999
0.00499999
0.00499999
0.00499999
0.00499999
0.00499999
0.00499999
0.00499999
0.00499999
0.00499999
0.005
0.005
0.005
0.005
0.005
0.005
0.005
0.005
0.005
0.005
0.00499999
0.00499999
0.00499999
0.00499999
0.00499999
0.005
0.005
0.005
0.005
0.005
0.005
0.005
0.005
0.005
0.005
0.005
0.005
0.005
0.005
0.005
0.005
0.005
0.005
0.005
0.005
0.005
0.005
0.005
0.005
0.005
0.005
0.005
0.005
0.005
0.005
0.005
0.005
0.005
0.005
0.005
0.005
0.005
0.005
0.005
0.005
0.005
0.005
0.005
0.005
0.005
0.005
0.005
0.005
0.005
0.005
0.005
0.005
0.005
0.005
0.005
0.005
0.005
0.005
0.005
0.005
0.005
0.005
0.005
0.005
0.005
0.005
0.005
0.005
0.005
0.005
0.005
0.005
0.005
0.005
0.005
0.005
0.005
0.005
0.005
0.005
0.005
0.005
0.005
0.005
0.005
0.005
0.005
0.005
0.005
0.005
0.005
0.005
0.005
0.005
0.005
0.005
0.005
0.005
0.005
0.005
0.005
0.005
0.005
0.005
0.005
0.005
0.005
0.005
0.005
0.005
0.005
0.005
0.005
0.005
0.005
0.005
0.005
0.005
0.005
0.005
0.005
0.005
0.005
0.005
0.005
0.005
0.005
0.005
0.005
0.005
0.005
0.005
0.005
0.005
0.005
0.005
0.005
0.005
0.005
0.005
0.005
0.005
0.005
0.005
0.005
0.005
0.005
0.005
0.005
0.005
0.005
0.005
0.005
0.005
0.005
0.005
0.005
0.005
0.005
0.005
0.005
0.005
0.005
0.005
0.005
0.005
0.005
0.005
0.005
0.005
0.005
0.005
0.005
0.005
0.005
0.005
0.005
0.005
0.005
0.005
0.005
0.005
0.005
0.005
0.005
0.005
0.005
0.005
0.005
0.005
0.005
0.005
0.005
0.005
0.005
0.005
0.005
0.005
0.005
0.005
0.005
0.005
0.005
0.005
0.005
0.005
0.005
0.005
0.005
0.005
0.005
0.005
0.005
0.005
0.005
0.005
0.005
0.005
0.005
0.005
0.005
0.005
0.005
0.005
0.005
0.005
0.005
0.005
0.005
0.005
0.005
0.005
0.005
0.005
0.005
0.005
0.005
0.005
0.005
0.005
0.005
0.005
0.005
0.005
0.005
0.005
0.005
0.005
0.005
0.005
0.005
0.005
0.005
0.005
0.005
0.005
0.005
0.005
0.005
0.005
0.005
0.005
0.005
0.005
0.005
0.005
0.005
0.005
0.005
0.005
0.005
0.005
0.005
0.005
0.005
0.005
0.005
0.005
0.005
0.005
0.005
0.005
0.005
0.005
0.005
0.005
0.005
0.005
0.005
0.005
0.005
0.005
0.005
0.005
0.005
0.005
0.005
0.005
0.005
0.005
0.005
0.005
0.005
0.005
0.005
0.005
0.005
0.005
0.005
0.005
0.005
0.005
0.005
0.005
0.005
0.005
0.005
0.005
0.005
0.005
0.005
0.005
0.005
0.005
0.005
0.005
0.005
0.005
0.005
0.005
0.005
0.005
0.005
0.005
0.005
0.005
0.005
0.005
0.005
0.005
0.005
0.005
0.005
0.005
0.005
0.005
0.005
0.005
0.005
0.005
0.005
0.005
0.005
0.005
0.005
0.005
0.005
0.005
0.005
0.005
0.005
0.005
0.005
0.005
0.005
0.005
0.005
0.005
0.005
0.005
0.005
0.005
0.005
0.005
0.005
0.005
0.005
0.005
0.005
0.005
0.005
0.005
0.005
0.005
0.005
0.005
0.005
0.005
0.005
0.005
0.005
0.005
0.005
0.005
0.005
0.005
0.005
0.005
0.005
0.005
0.005
0.005
0.005
0.005
0.005
0.005
0.005
0.005
0.005
0.005
0.005
0.005
0.005
0.005
0.005
0.005
0.005
0.005
0.005
0.005
0.005
0.005
0.005
0.005
0.005
0.005
0.005
0.005
0.005
0.005
0.005
0.005
0.005
0.005
0.005
0.005
0.005
0.005
0.005
0.005
0.005
0.005
0.005
0.005
0.005
0.005
0.005
0.005
0.005
0.005
0.005
0.005
0.005
0.005
0.005
0.005
0.005
0.005
0.005
0.005
0.005
0.005
0.005
0.005
0.005
0.005
0.005
0.005
0.005
0.005
0.005
0.005
0.005
0.005
0.005
0.005
0.005
0.005
0.005
0.005
0.005
0.005
0.005
0.005
0.005
0.005
0.005
0.005
0.005
0.005
0.005
0.005
0.005
0.005
0.005
0.005
0.005
0.005
0.005
0.005
0.005
0.005
0.005
0.005
0.005
0.005
0.005
0.005
0.005
0.005
0.005
0.005
0.005
0.005
0.005
0.005
0.005
0.005
0.005
0.005
0.005
0.005
0.005
0.005
0.005
0.005
0.005
0.005
0.005
0.005
0.005
0.005
0.005
0.005
0.005
0.005
0.005
0.005
0.005
0.005
0.005
0.005
0.005
0.005
0.005
0.005
0.005
0.005
0.005
0.005
0.005
0.005
0.005
0.005
0.005
0.005
0.005
0.005
0.005
0.005
0.005
0.005
0.005
0.005
0.005
0.005
0.005
0.005
0.005
0.005
0.005
0.005
0.005
0.005
0.005
0.005
0.005
0.005
0.005
0.005
0.005
0.005
0.005
0.005
0.005
0.005
0.005
0.005
0.005
0.005
0.005
0.005
0.005
0.005
0.005
0.005
0.005
0.005
0.005
0.005
0.005
0.005
0.005
0.005
0.005
0.005
0.005
0.005
0.005
0.005
0.005
0.005
0.005
0.005
0.005
0.005
0.005
0.005
0.005
0.005
0.005
0.005
0.005
0.005
0.005
0.005
0.005
0.005
0.005
0.005
0.005
0.005
0.005
0.005
0.005
0.005
0.005
0.005
0.005
0.005
0.005
0.005
0.005
0.005
0.005
0.005
0.005
0.005
0.005
0.005
0.005
0.005
0.005
0.005
0.005
0.005
0.005
0.005
0.005
0.005
0.005
0.005
0.005
0.005
0.005
0.005
0.005
0.005
0.005
0.005
0.005
0.005
0.005
0.005
0.005
0.005
0.005
0.005
0.005
0.005
0.005
0.005
0.005
0.005
0.005
0.005
0.005
0.005
0.005
0.005
0.005
0.005
0.005
0.005
0.005
0.005
0.005
0.005
0.005
0.005
)
;

boundaryField
{
    outlet
    {
        type            zeroGradient;
    }
    inlet1
    {
        type            fixedValue;
        value           uniform 0;
    }
    inlet2
    {
        type            fixedValue;
        value           uniform 0.005;
    }
    frontAndBack
    {
        type            empty;
    }
    defaultFaces
    {
        type            zeroGradient;
    }
}


// ************************************************************************* //
