/*--------------------------------*- C++ -*----------------------------------*\
| =========                 |                                                 |
| \\      /  F ield         | OpenFOAM: The Open Source CFD Toolbox           |
|  \\    /   O peration     | Version:  2.1.0                                 |
|   \\  /    A nd           | Web:      www.OpenFOAM.org                      |
|    \\/     M anipulation  |                                                 |
\*---------------------------------------------------------------------------*/
FoamFile
{
    version     2.0;
    format      ascii;
    class       volScalarField;
    location    "0.36";
    object      omega;
}
// * * * * * * * * * * * * * * * * * * * * * * * * * * * * * * * * * * * * * //

dimensions      [0 0 -1 0 0 0 0];

internalField   nonuniform List<scalar> 
6400
(
1643.93
1645.14
1645.31
1645.33
1644.91
1644.72
1644.09
1643.79
1643.06
1642.68
1641.88
1641.4
1640.56
1639.97
1639.11
1638.41
1637.5
1636.7
1635.75
1634.85
1633.87
1632.89
1631.87
1630.82
1629.75
1628.64
1627.53
1626.36
1625.2
1623.97
1622.74
1621.44
1620.14
1618.78
1617.4
1615.95
1614.48
1612.93
1611.34
1609.66
1607.92
1606.06
1604.11
1602.02
1599.81
1597.43
1594.88
1592.13
1589.18
1585.99
1582.56
1578.87
1574.86
1570.44
1565.63
1560.35
1554.98
1549.2
1543.25
1536.94
1530.42
1523.6
1516.51
1509.11
1501.4
1493.36
1484.95
1476.18
1466.9
1457.17
1446.89
1436.07
1424.61
1412.54
1399.78
1386.37
1372.25
1357.49
1342.09
1326.14
1309.65
1292.63
1274.87
1255.59
1234.47
1212.09
1187.48
1159.88
1127.77
1088.98
1039.91
974.587
885.51
766.148
613.415
538.098
566.072
735.328
892.98
942.849
691.552
691.753
692.961
693.915
695.257
696.61
698.001
699.555
701.007
702.682
704.213
705.975
707.6
709.438
711.163
713.073
714.904
716.889
718.825
720.891
722.936
725.091
727.252
729.511
731.801
734.183
736.62
739.147
741.745
744.435
747.209
750.081
753.051
756.128
759.319
762.632
766.077
769.666
773.383
777.239
781.245
785.402
789.724
794.213
798.882
803.735
808.785
814.036
819.502
825.189
831.111
837.282
843.675
850.32
857.21
864.366
871.882
879.702
887.902
896.462
905.44
914.842
924.714
935.084
945.998
957.506
969.453
981.894
994.93
1008.67
1023.12
1038.37
1054.44
1071.43
1089.38
1108.4
1128.56
1149.98
1172.77
1197.1
1223.15
1251.2
1280.68
1311.01
1342.99
1375.62
1408.43
1440.24
1469.79
1495.46
1514.12
1522.69
1524.42
1510.14
1474.85
1395.59
1285.28
1150.9
1005.8
848.227
503.163
506.255
507.73
510.739
512.732
515.781
518.094
521.185
523.748
526.902
529.684
532.928
535.917
539.273
542.465
545.955
549.352
552.997
556.601
560.412
564.221
568.212
572.234
576.42
580.665
585.056
589.529
594.146
598.862
603.723
608.7
613.826
619.082
624.492
630.045
635.759
641.627
647.659
653.897
660.301
666.922
673.744
680.791
688.066
695.582
703.349
711.378
719.679
728.262
737.135
746.301
755.763
765.547
775.647
786.091
796.886
808.072
819.643
831.634
844.045
856.904
870.216
883.998
898.257
913
928.229
944.008
960.339
977.098
994.226
1011.69
1029.43
1047.41
1065.57
1083.86
1102.26
1120.72
1139.25
1157.83
1176.48
1195.24
1214.12
1233.13
1252.33
1271.67
1290.96
1310.04
1328.38
1345.32
1359.69
1367.63
1370.49
1364.19
1338.15
1289.83
1210.11
1101.88
960.653
797.185
628.029
454.405
459.288
461.45
465.772
468.519
472.819
475.982
480.289
483.792
488.151
491.953
496.407
500.485
505.07
509.414
514.162
518.769
523.706
528.579
533.731
538.877
544.266
549.69
555.328
561.032
566.932
572.92
579.092
585.375
591.836
598.424
605.19
612.099
619.186
626.428
633.853
641.444
649.224
657.167
665.319
673.631
682.138
690.814
699.672
708.698
717.894
727.249
736.759
746.414
756.207
766.128
776.165
786.316
796.563
806.904
817.329
827.832
838.4
849.024
859.693
870.394
881.114
891.836
902.548
913.221
923.834
934.433
944.957
955.412
965.759
975.982
986.057
995.935
1005.56
1014.91
1023.87
1032.42
1040.42
1047.8
1054.39
1060.08
1064.64
1067.63
1068.98
1069.29
1066.79
1061.98
1054
1042.66
1027.14
1006.86
980.832
947.814
906.017
853.425
788.15
711.85
628.98
552.891
496.652
443.376
449.298
451.87
457.023
460.262
465.373
469.081
474.173
478.254
483.369
487.766
492.944
497.62
502.894
507.825
513.219
518.385
523.916
529.307
534.991
540.598
546.443
552.257
558.266
564.275
570.454
576.654
582.993
589.367
595.856
602.387
609.016
615.686
622.438
629.229
636.085
642.972
649.91
656.867
663.858
670.864
677.889
684.915
691.942
698.956
705.952
712.918
719.846
726.726
733.55
740.31
746.995
753.6
760.111
766.51
772.832
779.02
785.081
790.955
796.642
802.092
807.288
812.186
816.759
820.963
824.767
828.124
830.993
833.327
835.083
836.03
836.413
836.429
835.124
833.4
830.457
826.839
822.012
816.316
809.386
801.429
792.203
781.839
770.274
757.554
743.609
728.63
712.468
695.269
676.839
657.156
635.846
612.769
587.191
558.45
527.354
495.072
465.291
444.257
432.609
433.265
439.014
441.48
446.442
449.493
454.381
457.818
462.623
466.341
471.084
475.017
479.721
483.824
488.508
492.747
497.423
501.769
506.443
510.872
515.548
520.039
524.712
529.244
533.91
538.462
543.108
547.71
552.389
557.027
561.712
566.351
571.012
575.617
580.22
584.754
589.262
593.684
598.057
602.324
606.515
610.584
614.541
618.353
622.024
625.524
628.85
631.975
634.894
637.581
640.028
642.208
644.111
645.709
646.993
647.933
648.602
648.914
649.008
648.696
647.952
646.828
645.26
643.27
640.827
637.939
634.597
630.801
626.558
621.868
616.748
611.201
605.305
599.037
592.429
585.541
578.339
570.925
563.246
555.476
547.524
539.517
531.428
523.373
515.316
507.354
499.405
491.449
483.446
475.502
467.451
459.336
450.973
442.348
433.257
423.86
414.584
406.89
403.211
402.192
402.178
402.22
406.781
408.715
412.609
414.917
418.731
421.26
424.958
427.625
431.202
433.955
437.415
440.215
443.564
446.378
449.616
452.418
455.543
458.307
461.313
464.018
466.879
469.477
472.173
474.639
477.148
479.488
481.831
483.992
486.112
488.033
489.876
491.502
493.02
494.301
495.446
496.339
497.072
497.525
497.745
497.81
497.618
497.14
496.446
495.471
494.268
492.79
491.08
489.103
486.901
484.447
481.781
478.884
475.808
472.555
469.1
465.481
461.715
457.814
453.819
449.741
445.615
441.455
437.289
433.119
429.002
424.978
421.064
417.295
413.69
410.275
407.032
403.991
401.151
398.53
396.123
393.931
391.926
390.17
388.582
387.242
386.061
385.094
384.259
383.59
383.006
382.525
382.076
381.655
381.21
380.762
380.312
380.036
379.936
380.487
381.793
384.352
388.951
392.653
393.713
353.979
357.099
358.381
360.913
362.279
364.671
366.039
368.239
369.551
371.539
372.756
374.522
375.611
377.143
378.077
379.364
380.119
381.148
381.697
382.432
382.787
383.159
383.314
383.373
383.293
383.048
382.576
381.964
381.087
380.098
378.827
377.461
375.813
374.093
372.108
370.06
367.772
365.435
362.888
360.308
357.564
354.794
351.904
349.016
346.048
343.111
340.14
337.226
334.32
331.501
328.717
326.047
323.491
321.087
318.807
316.71
314.774
313.051
311.518
310.226
309.149
308.333
307.784
307.524
307.44
307.618
308.095
308.771
309.723
310.883
312.298
313.918
315.77
317.823
320.086
322.537
325.178
327.991
330.957
334.096
337.378
340.797
344.325
347.949
351.641
355.383
359.145
362.911
366.656
370.376
374.066
377.754
381.484
385.327
389.489
394.29
399.883
406.871
412.412
414.669
292.137
292.892
293.157
293.58
293.762
293.947
294
294.015
293.803
293.639
293.166
292.803
292.085
291.5
290.549
289.733
288.557
287.511
286.122
284.853
283.268
281.809
280.082
278.455
276.61
274.845
272.909
271.057
269.072
267.186
265.205
263.336
261.411
259.601
257.776
256.075
254.4
252.856
251.376
250.035
248.793
247.697
246.73
245.92
245.261
244.77
244.486
244.363
244.343
244.633
245.049
245.741
246.53
247.578
248.742
250.152
251.693
253.468
255.385
257.527
259.82
262.331
265.001
267.885
270.936
274.2
277.625
281.257
285.061
289.069
293.26
297.66
302.253
307.062
312.075
317.311
322.764
328.451
334.367
340.522
346.915
353.555
360.439
367.57
374.941
382.55
390.38
398.419
406.644
415.035
423.565
432.222
441.001
449.924
459.057
468.599
479.346
490.934
502.593
508.344
236.916
235.537
234.935
233.694
232.925
231.632
230.728
229.385
228.373
226.997
225.903
224.513
223.367
221.984
220.818
219.465
218.311
217.013
215.902
214.685
213.647
212.538
211.601
210.623
209.814
208.988
208.33
207.678
207.194
206.734
206.441
206.219
206.122
206.095
206.203
206.43
206.774
207.238
207.825
208.531
209.365
210.326
211.407
212.615
213.942
215.398
216.975
218.678
220.504
222.463
224.541
226.755
229.077
231.535
234.102
236.808
239.624
242.581
245.652
248.869
252.204
255.689
259.299
263.065
266.964
271.026
275.233
279.612
284.148
288.868
293.761
298.852
304.134
309.63
315.34
321.284
327.466
333.908
340.618
347.617
354.919
362.547
370.521
378.867
387.61
396.782
406.415
416.552
427.236
438.522
450.472
463.158
476.671
491.117
506.611
523.236
540.967
559.46
574.148
580.702
265.512
265.016
264.694
264.094
263.546
262.803
262.04
261.138
260.178
259.11
257.971
256.74
255.443
254.063
252.627
251.136
249.59
248.021
246.4
244.788
243.132
241.512
239.863
238.274
236.671
235.151
233.637
232.224
230.837
229.568
228.347
227.255
226.232
225.349
224.559
223.914
223.383
223.003
222.798
222.716
222.713
223.005
223.334
223.905
224.548
225.408
226.362
227.515
228.777
230.224
231.791
233.533
235.402
237.437
239.609
241.948
244.407
247.03
249.778
252.687
255.725
258.925
262.26
265.757
269.397
273.202
277.159
281.285
285.574
290.042
294.685
299.516
304.537
309.761
315.195
320.85
326.733
332.857
339.235
345.878
352.803
360.024
367.56
375.43
383.655
392.257
401.264
410.7
420.595
430.983
441.903
453.428
465.621
478.575
492.419
507.296
523.297
540.085
553.855
560.089
324.386
326.17
326.864
328.125
328.742
329.793
330.299
331.1
331.477
332.011
332.251
332.461
332.512
332.49
332.159
331.86
331.216
330.625
329.679
328.792
327.557
326.38
324.872
323.419
321.657
319.949
317.97
316.033
313.859
311.732
309.404
307.131
304.693
302.322
299.823
297.405
294.894
292.478
290.016
287.666
285.311
283.085
280.907
278.896
276.973
275.231
273.612
272.193
270.928
269.877
269.007
268.363
267.963
267.784
267.742
268.012
268.449
269.137
270.007
271.121
272.425
273.962
275.693
277.645
279.794
282.156
284.718
287.469
290.41
293.531
296.836
300.316
303.971
307.8
311.804
315.978
320.324
324.835
329.512
334.347
339.328
344.445
349.694
355.062
360.546
366.133
371.816
377.588
383.438
389.368
395.378
401.451
407.632
414.075
420.918
428.558
437.326
447.627
458.549
464.282
373.482
377.007
378.474
381.344
382.953
385.684
387.344
389.896
391.552
393.909
395.527
397.684
399.265
401.231
402.713
404.474
405.809
407.343
408.491
409.772
410.697
411.701
412.37
413.073
413.457
413.768
413.888
413.915
413.683
413.335
412.746
412.039
411.087
410.016
408.705
407.279
405.623
403.78
401.687
399.431
396.937
394.305
391.46
388.508
385.377
382.159
378.827
375.432
371.976
368.496
365.005
361.533
358.094
354.712
351.395
348.181
345.116
342.207
339.457
336.899
334.538
332.396
330.48
328.808
327.382
326.209
325.281
324.592
324.183
323.998
323.952
324.203
324.642
325.29
326.099
327.08
328.196
329.445
330.797
332.241
333.812
335.479
337.252
339.106
341.049
343.079
345.189
347.382
349.665
352.056
354.573
357.276
360.185
363.357
366.806
370.883
376.009
382.626
387.487
389.279
409.049
413.902
415.965
420.069
422.538
426.531
429.246
433.105
435.973
439.701
442.658
446.257
449.315
452.85
455.965
459.437
462.574
465.973
469.1
472.415
475.501
478.715
481.731
484.827
487.742
490.696
493.485
496.27
498.893
501.48
503.901
506.254
508.432
510.511
512.402
514.163
515.72
517.206
518.474
519.604
520.485
521.177
521.539
521.69
521.702
521.247
520.636
519.625
518.392
516.793
514.937
512.742
510.275
507.496
504.45
501.123
497.549
493.732
489.737
485.55
481.211
476.701
472.058
467.301
462.469
457.574
452.644
447.765
442.935
438.211
433.605
429.168
424.903
420.854
416.955
413.273
409.767
406.48
403.372
400.462
397.66
395.042
392.511
390.115
387.768
385.528
383.302
381.137
378.962
376.83
374.702
372.662
370.71
369.234
368.126
367.718
368.479
372.257
375.369
376.263
423.747
429.569
432.071
437.061
440.161
445.067
448.572
453.403
457.209
461.997
466.043
470.82
475.067
479.856
484.268
489.083
493.632
498.483
503.145
508.033
512.788
517.712
522.54
527.493
532.375
537.349
542.268
547.251
552.189
557.169
562.112
567.077
572.001
576.925
581.798
586.647
591.428
596.222
600.948
605.649
610.263
614.813
619.253
623.599
627.808
631.874
635.782
639.506
643.038
646.348
649.429
652.249
654.8
657.052
658.992
660.593
661.839
662.662
663.052
663.17
662.819
662.052
660.948
659.376
657.401
654.933
652.024
648.615
644.749
640.392
635.578
630.291
624.561
618.386
611.887
605.006
597.802
590.318
582.517
574.496
566.184
557.723
549.008
540.167
531.092
521.831
512.313
502.559
492.413
481.79
470.783
459.202
447.084
434.378
421.715
408.92
398.102
391.462
388.608
387.327
424.407
430.058
432.519
437.404
440.5
445.338
448.885
453.708
457.617
462.474
466.695
471.626
476.121
481.16
485.912
491.085
496.08
501.408
506.635
512.131
517.584
523.259
528.93
534.788
540.671
546.715
552.801
559.027
565.308
571.71
578.177
584.75
591.387
598.12
604.917
611.799
618.744
625.767
632.843
639.985
647.172
654.41
661.681
668.991
676.321
683.672
691.031
698.387
705.726
713.029
720.309
727.543
734.726
741.844
748.888
755.843
762.706
769.457
776.086
782.569
788.875
795.021
800.972
806.69
812.146
817.295
822.106
826.529
830.528
834.054
837.067
839.515
841.349
842.316
842.698
842.694
841.239
839.353
836.109
832.101
826.709
820.261
812.314
803.036
792.092
779.567
765.302
749.123
731.061
710.868
688.459
663.419
635.452
604.067
570.105
532.979
495.761
460.588
435.383
418.664
432.606
437.115
439.125
443.126
445.686
449.661
452.605
456.581
459.833
463.847
467.362
471.451
475.212
479.416
483.415
487.763
491.996
496.514
500.984
505.694
510.407
515.332
520.298
525.458
530.691
536.106
541.619
547.306
553.108
559.078
565.178
571.444
577.853
584.435
591.175
598.099
605.198
612.493
619.963
627.631
635.485
643.539
651.785
660.23
668.865
677.689
686.752
696.034
705.564
715.348
725.31
735.482
745.831
756.362
767.055
777.9
788.885
799.991
811.206
822.513
833.903
845.367
856.893
868.475
880.105
891.768
903.447
915.122
926.759
938.323
949.838
961.291
972.658
983.909
995.025
1005.94
1016.58
1026.94
1036.84
1046.25
1054.97
1062.88
1069.71
1075.24
1078.6
1080.01
1080.15
1075.6
1068.21
1055.36
1037.31
1011.9
978.131
933.514
877.786
807.703
725.457
634.602
553.251
488.431
480.088
482.823
484.148
486.863
488.675
491.429
493.533
496.324
498.651
501.501
504.026
506.96
509.674
512.707
515.596
518.745
521.811
525.093
528.339
531.769
535.202
538.796
542.422
546.195
550.024
553.989
558.03
562.203
566.467
570.865
575.36
579.992
584.737
589.622
594.631
599.782
605.065
610.489
616.099
621.882
627.862
634.043
640.444
647.077
653.963
661.124
668.517
676.181
684.1
692.283
700.792
709.619
718.793
728.319
738.212
748.477
759.134
770.195
781.674
793.59
805.963
818.815
832.17
846.064
860.515
875.54
891.157
907.374
924.208
941.668
959.841
978.364
997.426
1016.86
1036.67
1056.74
1077.05
1097.53
1118.13
1138.84
1159.62
1180.47
1201.34
1222.22
1243.24
1264.26
1285.12
1305.26
1324.17
1340.5
1350.26
1353.94
1348.89
1321.31
1271.31
1196.12
1093.14
963.632
802.563
630.341
663.222
663.178
664.214
664.974
666.151
667.303
668.518
669.866
671.132
672.597
673.935
675.484
676.908
678.527
680.045
681.733
683.349
685.109
686.826
688.663
690.482
692.401
694.323
696.33
698.358
700.463
702.602
704.814
707.076
709.416
711.82
714.312
716.884
719.552
722.318
725.191
728.182
731.302
734.533
737.895
741.388
745.024
748.808
752.749
756.856
761.131
765.581
770.218
775.049
780.089
785.352
790.845
796.586
802.586
808.863
815.437
822.308
829.491
837.007
844.869
853.094
861.69
870.668
880.113
890.07
900.543
911.586
923.21
935.473
948.396
961.812
976.082
991.101
1007.03
1023.86
1041.72
1060.64
1080.74
1102.09
1124.81
1148.98
1174.73
1202.15
1231.39
1262.68
1294.48
1327.09
1358.78
1388.04
1412.52
1426.51
1431.66
1429.48
1413.35
1381.56
1321
1233.15
1122.19
997.855
848.996
1597.24
1598.06
1598.1
1597.8
1597.24
1596.88
1596.09
1595.7
1594.83
1594.38
1593.49
1592.96
1592.07
1591.45
1590.55
1589.83
1588.92
1588.11
1587.16
1586.26
1585.26
1584.27
1583.22
1582.15
1581.04
1579.89
1578.73
1577.52
1576.3
1575.04
1573.78
1572.47
1571.15
1569.79
1568.41
1566.99
1565.56
1564.08
1562.59
1561.05
1559.5
1557.9
1556.27
1554.6
1552.88
1551.11
1549.28
1547.34
1545.32
1543.17
1540.9
1538.49
1535.93
1533.22
1530.37
1527.38
1524.25
1520.9
1517.29
1513.34
1508.95
1504
1498.36
1492.3
1485.95
1479.23
1472.23
1464.84
1457.07
1448.87
1440.24
1431.1
1421.23
1410.8
1399.49
1387.43
1374.35
1360.32
1345.11
1328.77
1311.11
1292.16
1271.76
1249.93
1226.49
1201.25
1173.15
1140.58
1101.46
1054.13
993.69
913.91
813.362
703.208
584.647
535.353
556.072
721.845
886.784
939.945
865.879
324.751
176.613
119.708
95.2699
82.3305
76.1226
73.1537
72.1814
74.027
80.9403
97.4153
118.836
156.145
207.03
271.479
348.911
443.943
560.319
610.372
693.17
329.196
219.158
154.347
121.768
104.131
92.9309
87.4589
85.5317
87.5195
99.6233
115.549
144.496
184.665
237.846
299.831
372.251
459.456
544.808
568.699
544.624
318.76
242.292
180.173
147.633
125.462
111.879
105.974
104.304
108.652
120.186
144.059
174.645
218.661
269.426
326.078
390.197
462.55
514.527
522.878
444.677
305.202
256.318
198.18
171.211
146.161
134.085
128.441
126.886
131.226
154.078
177.636
213.862
256.329
301.963
352.133
406.408
455.303
474.397
474.751
388.244
300.454
266.32
214.695
192.008
168.735
159.183
155.446
155.196
174.996
195.398
222.765
257.272
292.708
330.689
370.656
409.982
432.697
426.67
428.355
360.125
300.399
273.862
232.048
214.55
201.048
197.432
197.407
211.619
227.801
247.802
272.539
299.33
326.676
355.781
383.465
398.884
396.963
368.247
383.766
352.357
312.878
296.083
273.006
265.917
263.379
263.011
269.824
279.057
291.087
305.907
322.265
339.168
355.501
369.791
376.607
374.965
343.92
300.99
349.744
386.951
375.285
371.459
361.667
356.91
351.375
349.166
348.632
350.788
355.094
359.393
364.162
366.785
367.788
366.318
357.981
331.339
277.886
232.708
331.122
499.156
483.912
476.514
457.592
448.691
434.331
427.284
417.594
412.39
404.324
397.838
388.659
378.113
365.433
349.135
316.669
268.165
203.466
161.253
325.295
563.215
541.809
532.144
509.07
498.017
479.358
469.072
452.228
440.656
423.736
409.564
390.333
370.243
341.538
301.974
251.588
197.759
143.647
117.742
328.903
544.327
524.175
515.12
493.368
482.983
465.591
456.274
441.312
431.121
416.467
403.961
387.414
369.67
345.095
309.355
259.529
203.495
144.283
115.691
327.36
457.565
446.381
440.79
424.836
417.546
406.599
401.339
395.675
392.877
389.451
385.972
381.3
374.269
364.78
353.412
326.946
279.228
211.802
171.023
324.93
358.841
343.711
338.712
330.772
327.378
324.278
323.44
326.089
330.959
338.503
346.525
354.774
362.457
366.284
367.636
363.267
339.802
287.229
239.561
326.095
336.617
296.737
279.203
253.998
245.597
242.627
242.435
250.809
261.526
275.522
292.86
311.68
331.919
352.058
370.547
379.743
380.945
352.421
307.915
335.816
346.727
288.129
262.238
220.999
203.587
189.078
184.729
184.244
198.026
215.293
236.764
263.081
291.899
321.623
353.742
385.613
403.675
404.817
374.559
370.445
374.444
289.264
255.988
206.23
184.283
161.452
151.796
147.713
147.113
165.132
186.509
214.567
250.402
287.609
327.674
370.117
413.982
438.726
433.818
420.53
429.504
293.949
246.174
189.973
163.801
140.038
128.53
123.183
121.729
125.937
147.072
171.263
207.603
251.173
298.598
350.816
407.64
460.329
480.574
471.758
531.519
308.174
233.653
173.694
141.9
120.356
107.397
101.716
100.138
104.677
116.004
138.97
169.896
213.812
265.725
324.038
390.637
467.041
518.697
523.145
686.62
318.055
211.216
148.231
116.975
99.847
89.5028
84.4072
82.6203
84.6632
96.1498
112.059
140.537
180.735
234.197
297.299
371.208
461.05
548.539
570.916
863.366
313.468
170.671
115.72
92.0637
79.583
73.1901
70.4832
69.6988
72.0523
78.7492
94.3738
115.991
152.704
203.728
268.861
347.673
444.728
563.138
613.281
646.053
32.1745
12.7362
11.3229
11.19
11.171
11.1705
11.1708
11.1706
11.1705
11.1705
11.1706
11.1708
11.1705
11.171
11.19
11.3229
12.7362
32.1744
646.053
672.74
55.0628
17.0386
12.087
11.3039
11.1803
11.1547
11.1529
11.1534
11.1536
11.1536
11.1534
11.1529
11.1547
11.1803
11.3039
12.087
17.0386
55.0627
672.74
698.454
71.0938
21.1543
13.3033
11.5874
11.2261
11.1552
11.1382
11.1358
11.1355
11.1355
11.1358
11.1382
11.1552
11.2261
11.5874
13.3033
21.1542
71.0937
698.454
723.136
85.8503
25.1369
14.6461
12.0431
11.3371
11.1684
11.1265
11.1183
11.1171
11.1171
11.1183
11.1265
11.1684
11.3371
12.0431
14.6461
25.1369
85.8502
723.136
746.742
101.866
29.2064
16.0658
12.5884
11.5234
11.2064
11.1273
11.105
11.1003
11.1003
11.105
11.1273
11.2064
11.5234
12.5884
16.0658
29.2064
101.866
746.742
769.31
118.433
33.3669
17.5405
13.1971
11.7624
11.283
11.1366
11.0944
11.0843
11.0843
11.0944
11.1366
11.283
11.7624
13.1971
17.5405
33.3669
118.433
769.31
790.729
134.968
37.5677
19.0511
13.8502
12.0431
11.3872
11.16
11.0918
11.0718
11.0718
11.0918
11.16
11.3872
12.0431
13.8502
19.0511
37.5678
134.968
790.729
810.982
151.251
41.7801
20.5851
14.5352
12.3571
11.5178
11.2031
11.0955
11.0625
11.0625
11.0955
11.2031
11.5178
12.3571
14.5352
20.5852
41.7802
151.251
810.982
829.955
167.078
45.9691
22.1303
15.2422
12.6968
11.6708
11.2604
11.1065
11.0594
11.0594
11.1065
11.2604
11.6708
12.6968
15.2422
22.1303
45.9691
167.079
829.955
847.653
182.401
50.1208
23.6797
15.9647
13.0568
11.8431
11.3324
11.129
11.0619
11.0619
11.129
11.3324
11.8431
13.0568
15.9648
23.6797
50.1209
182.401
847.653
863.991
197.096
54.2106
25.2248
16.6968
13.4321
12.0315
11.4179
11.1609
11.0697
11.0697
11.1609
11.4179
12.0315
13.4322
16.6968
25.2248
54.2107
197.097
863.991
879.013
211.155
58.2321
26.7619
17.4347
13.8193
12.2335
11.5156
11.2021
11.0862
11.0862
11.2021
11.5156
12.2335
13.8193
17.4347
26.7619
58.2323
211.156
879.013
892.663
224.491
62.1652
28.2844
18.1745
14.2149
12.4467
11.6242
11.2528
11.1113
11.1113
11.2528
11.6242
12.4467
14.2149
18.1745
28.2845
62.1654
224.492
892.663
905.026
237.118
66.0088
29.7907
18.9141
14.6169
12.6691
11.7427
11.3126
11.1446
11.1446
11.3126
11.7427
12.6691
14.6169
18.9141
29.7908
66.0091
237.119
905.026
916.068
248.97
69.7458
31.2754
19.6506
15.023
12.899
11.8698
11.381
11.1861
11.1861
11.381
11.8698
12.899
15.023
19.6506
31.2754
69.746
248.971
916.067
925.904
260.09
73.3779
32.7378
20.3829
15.4319
13.1351
12.0048
11.4576
11.2357
11.2357
11.4576
12.0048
13.1352
15.4319
20.383
32.738
73.3782
260.09
925.904
934.512
270.424
76.8909
34.1735
21.1088
15.8418
13.3762
12.1466
11.5418
11.293
11.293
11.5418
12.1466
13.3762
15.8418
21.1088
34.1734
76.8909
270.424
934.512
942.037
280.036
80.2888
35.5824
21.8276
16.2519
13.6211
12.2944
11.6331
11.3579
11.3579
11.6331
12.2944
13.6211
16.2519
21.8276
35.5825
80.2891
280.035
942.036
948.451
288.886
83.5606
36.9609
22.5375
16.661
13.8691
12.4475
11.7309
11.4299
11.4299
11.7309
12.4475
13.8691
16.6609
22.5374
36.9608
83.5605
288.886
948.45
953.925
297.052
86.7119
38.3095
23.2382
17.0685
14.1193
12.6053
11.8348
11.5085
11.5085
11.8348
12.6053
14.1194
17.0685
23.2383
38.3097
86.7122
297.051
953.924
958.416
304.505
89.7345
39.6252
23.9284
17.4735
14.3712
12.7671
11.9442
11.5934
11.5934
11.9442
12.7671
14.3712
17.4735
23.9283
39.625
89.7343
304.506
958.416
962.12
311.327
92.6351
40.909
24.6079
17.8756
14.6241
12.9325
12.0587
11.684
11.684
12.0587
12.9325
14.6242
17.8757
24.608
40.9093
92.6354
311.325
962.119
964.967
317.504
95.408
42.1582
25.2755
18.2742
14.8776
13.1009
12.1777
11.78
11.78
12.1777
13.1009
14.8776
18.2742
25.2755
42.158
95.4079
317.506
964.966
967.18
323.105
98.0613
43.3748
25.9317
18.669
15.1313
13.2719
12.3009
11.8809
11.8809
12.3009
13.2719
15.1313
18.669
25.9318
43.375
98.0615
323.102
967.179
968.649
328.145
100.59
44.5556
26.575
19.0593
15.3846
13.445
12.4277
11.9862
11.9862
12.4277
13.445
15.3846
19.0593
26.5749
44.5555
100.59
328.148
968.648
969.635
332.656
103.004
45.7041
27.2063
19.4452
15.6374
13.62
12.5579
12.0955
12.0955
12.5579
13.62
15.6374
19.4453
27.2064
45.7043
103.005
332.652
969.634
969.97
336.703
105.3
46.8163
27.824
19.826
15.8892
13.7964
12.691
12.2085
12.2085
12.691
13.7964
15.8892
19.826
27.824
46.8162
105.3
336.705
969.969
969.834
340.244
107.487
47.8972
28.4296
20.2021
16.14
13.974
12.8267
12.3248
12.3248
12.8267
13.9741
16.14
20.2021
28.4296
47.8973
107.488
340.24
969.833
969.425
343.401
109.561
48.9418
29.0212
20.5725
16.3892
14.1525
12.9646
12.4441
12.4441
12.9646
14.1525
16.3892
20.5725
29.0211
48.9416
109.561
343.403
969.424
968.579
346.143
111.538
49.9564
29.6006
20.9378
16.6369
14.3316
13.1045
12.5659
12.5659
13.1045
14.3316
16.637
20.9379
29.6008
49.9568
111.538
346.138
968.578
967.379
348.531
113.407
50.9358
30.1661
21.2973
16.8828
14.5111
13.2461
12.69
12.69
13.2461
14.511
16.8827
21.2972
30.1658
50.9353
113.406
348.534
967.378
965.891
350.555
115.187
51.8866
30.7194
21.6514
17.1267
14.6907
13.389
12.8161
12.8161
13.389
14.6907
17.1268
21.6515
30.7197
51.8872
115.187
350.549
965.89
964.155
352.263
116.865
52.8035
31.2589
21.9996
17.3684
14.8702
13.5331
12.944
12.944
13.5331
14.8702
17.3684
21.9994
31.2585
52.8026
116.864
352.266
964.154
962.205
353.66
118.464
53.6938
31.7866
22.3422
17.608
15.0495
13.6782
13.0733
13.0733
13.6782
15.0495
17.6081
22.3424
31.787
53.6946
118.465
353.655
962.204
960.074
354.765
119.966
54.5512
32.3007
22.6787
17.8451
15.2284
13.8239
13.2039
13.2039
13.8239
15.2283
17.845
22.6785
32.3003
54.5502
119.964
354.767
960.073
957.789
355.616
121.398
55.3848
32.8037
23.0098
18.0798
15.4067
13.9702
13.3355
13.3355
13.9702
15.4067
18.0799
23.01
32.8041
55.3857
121.399
355.612
957.789
955.382
356.175
122.737
56.1865
33.2932
23.3347
18.3119
15.5842
14.1168
13.468
13.468
14.1168
15.5842
18.3118
23.3345
33.2927
56.1854
122.735
356.175
955.381
952.87
356.558
124.015
56.967
33.7722
23.6543
18.5414
15.761
14.2636
13.6011
13.6011
14.2636
15.761
18.5415
23.6545
33.7727
56.9679
124.016
356.556
952.87
950.287
356.612
125.205
57.7172
34.2382
23.9677
18.7681
15.9367
14.4103
13.7346
13.7346
14.4103
15.9366
18.768
23.9674
34.2376
57.7161
125.203
356.612
950.285
947.635
356.52
126.34
58.4489
34.6945
24.2759
18.9922
16.1114
14.557
13.8684
13.8684
14.557
16.1115
18.9924
24.2762
34.6951
58.4499
126.341
356.519
947.635
944.958
356.291
127.393
59.1516
35.1382
24.578
19.2134
16.2849
14.7033
14.0024
14.0024
14.7033
16.2848
19.2132
24.5776
35.1375
59.1503
127.392
356.291
944.957
942.243
355.821
128.405
59.839
35.5731
24.8751
19.4319
16.4571
14.8493
14.1364
14.1364
14.8494
16.4572
19.4321
24.8755
35.5739
59.8402
128.406
355.821
942.243
939.54
355.244
129.336
60.4991
35.996
25.1662
19.6474
16.628
14.9948
14.2703
14.2703
14.9947
16.6279
19.6472
25.1658
35.9951
60.4976
129.335
355.241
939.539
936.82
354.506
130.25
61.1485
36.4111
25.4527
19.8603
16.7975
15.1397
14.404
14.404
15.1398
16.7976
19.8606
25.4532
36.4121
61.1499
130.25
354.506
936.82
934.145
353.722
131.1
61.7747
36.815
25.7334
20.0701
16.9655
15.2839
14.5373
14.5373
15.2838
16.9653
20.0698
25.7328
36.8139
61.7731
131.1
353.719
934.145
931.465
352.873
131.985
62.3989
37.2124
26.0097
20.2774
17.132
15.4273
14.6702
14.6703
15.4274
17.1322
20.2777
26.0104
37.2136
62.4006
131.985
352.874
931.465
928.86
352.024
132.87
63.0131
37.6
26.2805
20.4816
17.2969
15.5699
14.8025
14.8025
15.5698
17.2967
20.4812
26.2797
37.5985
63.0111
132.87
352.022
928.86
926.333
351.164
133.824
63.6383
37.9832
26.5474
20.6833
17.4603
15.7116
14.9344
14.9344
15.7117
17.4605
20.6837
26.5483
37.9849
63.6404
133.825
351.165
926.332
923.872
350.422
134.841
64.2641
38.3589
26.8093
20.882
17.622
15.8522
15.0654
15.0654
15.8521
17.6217
20.8815
26.8083
38.3571
64.2619
134.841
350.421
923.873
921.484
349.753
135.976
64.9117
38.7329
27.0679
21.0783
17.7821
15.9919
15.1958
15.1959
15.992
17.7824
21.0789
27.0691
38.735
64.9143
135.975
349.755
921.483
919.155
349.293
137.19
65.5652
39.1016
27.3221
21.2718
17.9404
16.1304
15.3253
15.3252
16.1303
17.9402
21.2712
27.3209
39.0994
65.5629
137.191
349.293
919.156
916.897
348.942
138.532
66.2457
39.4711
27.5738
21.4631
18.0973
16.2679
15.4541
15.4541
16.2681
18.0977
21.4639
27.5753
39.4739
66.2489
138.531
348.943
916.895
914.693
348.851
139.938
66.9333
39.8374
27.8218
21.6517
18.2523
16.4041
15.5817
15.5816
16.404
18.252
21.6509
27.8202
39.8347
66.9305
139.941
348.853
914.694
912.56
348.916
141.462
67.6493
40.2063
28.0679
21.8384
18.4059
16.5394
15.7086
15.7087
16.5396
18.4065
21.8395
28.07
40.2101
67.6539
141.462
348.918
912.557
910.479
349.098
143.023
68.3712
40.5736
28.3112
22.0226
18.5577
16.6731
15.8342
15.8342
16.6729
18.5572
22.0216
28.3092
40.57
68.3674
143.025
349.101
910.48
908.47
349.47
144.675
69.1202
40.9447
28.5532
22.2052
18.7081
16.806
15.9592
15.9593
16.8063
18.7089
22.2066
28.556
40.9498
69.127
144.678
349.48
908.466
906.513
349.99
146.342
69.8731
41.315
28.793
22.3855
18.8567
16.9373
16.0827
16.0826
16.937
18.8562
22.3843
28.7905
41.3108
69.8684
146.344
349.989
906.514
904.629
350.63
148.077
70.6509
41.6901
29.0321
22.5644
19.0041
17.0677
16.2056
16.2058
17.0682
19.0051
22.5664
29.0359
41.6969
70.6604
148.083
350.645
904.622
902.794
351.376
149.807
71.4302
42.065
29.2695
22.7414
19.1497
17.1965
16.3268
16.3268
17.1962
19.149
22.7399
29.2666
42.0602
71.4252
149.81
351.38
902.794
901.034
352.209
151.579
72.2315
42.4451
29.5067
22.9171
19.2942
17.3245
16.4477
16.4479
17.3252
19.2957
22.9199
29.5119
42.4543
72.2449
151.593
352.23
901.023
899.321
353.116
153.335
73.0314
42.8251
29.7426
23.0911
19.437
17.4508
16.5666
16.5665
17.4504
19.4362
23.0894
29.7394
42.8198
73.0265
153.338
353.128
899.318
897.684
354.081
155.115
73.8508
43.2104
29.9786
23.264
19.5787
17.5764
16.6853
16.6856
17.5774
19.5808
23.268
29.9858
43.223
73.8703
155.14
354.115
897.667
896.089
355.096
156.865
74.6654
43.5954
30.2137
23.4356
19.7188
17.7001
16.8017
16.8017
17.6998
19.718
23.4339
30.2104
43.5905
74.6625
156.871
355.122
896.08
894.571
356.143
158.624
75.4973
43.9856
30.4488
23.6061
19.858
17.8234
16.9184
16.9188
17.8249
19.861
23.6118
30.4591
44.0034
75.5253
158.663
356.198
894.544
893.093
357.219
160.343
76.321
44.3755
30.6836
23.7754
19.9955
17.9447
17.0324
17.0324
17.9445
19.995
23.774
30.6807
44.3721
76.3238
160.362
357.271
893.072
891.691
358.306
162.061
77.1596
44.7697
30.918
23.9437
20.1323
18.0658
17.147
17.1477
18.068
20.1368
23.9521
30.9331
44.7958
77.2012
162.122
358.397
891.647
890.324
359.406
163.73
77.9865
45.1637
31.1527
24.1111
20.2674
18.1845
17.2585
17.2586
18.1847
20.2674
24.1106
31.1515
45.1643
78.0007
163.771
359.502
890.284
889.034
360.496
165.388
78.8262
45.5607
31.3864
24.2773
20.4018
18.3034
17.3712
17.3723
18.3069
20.4087
24.2899
31.4088
45.5999
78.8907
165.486
360.649
888.961
887.777
361.588
166.991
79.6506
45.9576
31.6208
24.4429
20.5345
18.4196
17.4802
17.4805
18.4206
20.5359
24.4447
31.6238
45.9674
79.6868
167.071
361.761
887.702
886.595
362.651
168.573
80.4852
46.3558
31.8533
24.6069
20.6666
18.5364
17.5911
17.5927
18.5419
20.6774
24.6263
31.8878
46.4165
80.5876
168.733
362.908
886.474
885.444
363.707
170.096
81.3003
46.7537
32.0872
24.7704
20.7968
18.65
17.6973
17.6982
18.6525
20.8011
24.7771
32.0988
46.7817
81.3784
170.248
364.013
885.307
884.37
364.714
171.587
82.1231
47.1505
32.3175
24.9319
20.9265
18.7647
17.8065
17.8093
18.7735
20.9437
24.9625
32.3719
47.2474
82.2904
171.851
365.15
884.163
883.325
365.707
173.016
82.921
47.5468
32.5499
25.0931
21.054
18.8755
17.9101
17.9118
18.881
21.0639
25.1095
32.5788
47.6097
83.075
173.292
366.244
883.079
882.358
366.628
174.398
83.7238
47.9385
32.7764
25.2512
21.1809
18.9879
18.0179
18.0222
19.0024
21.2087
25.3006
32.864
48.0968
84.0025
174.84
367.37
882.006
881.423
367.527
175.718
84.4947
48.3293
33.0056
25.4091
21.305
19.0954
18.1185
18.1218
19.1068
21.3256
25.4439
33.0673
48.4574
84.7856
176.211
368.463
880.988
880.569
368.326
176.968
85.2679
48.7104
33.2251
25.5626
21.4285
19.2053
18.2251
18.2321
19.2297
21.4746
25.6436
33.3693
48.9742
85.7395
177.711
369.591
879.966
879.755
369.088
178.155
86.0005
49.09
33.448
25.7151
21.5481
19.309
18.3227
18.3286
19.3311
21.5885
25.7842
33.5706
49.3374
86.5349
179.023
370.709
878.991
879.028
369.708
179.235
86.731
49.4522
33.6553
25.8611
21.6665
19.4157
18.4282
18.4396
19.4572
21.7442
25.9966
33.8965
49.899
87.5407
180.493
371.874
877.993
878.361
370.245
180.244
87.4041
49.8079
33.8647
26.0046
21.7796
19.5145
18.5224
18.5332
19.5561
21.8564
26.137
34.1005
50.2753
88.3762
181.769
373.071
877.027
877.801
370.51
181.062
88.0515
50.1331
34.0508
26.1387
21.8906
19.6171
18.6272
18.6463
19.6881
22.0231
26.3686
34.4616
50.9068
89.4784
183.242
374.337
876.009
877.341
370.648
181.801
88.6337
50.4536
34.2382
26.2675
21.994
19.7093
18.7176
18.7371
19.7853
22.1359
26.5138
34.6782
51.3152
90.3979
184.529
375.705
874.998
876.997
370.582
182.287
89.1766
50.7246
34.3905
26.3831
22.0936
19.8059
18.8222
18.8544
19.9276
22.3205
26.7752
35.0924
52.0566
91.666
186.066
377.184
873.891
876.825
370.346
182.686
89.6146
50.9806
34.5411
26.4879
22.1828
19.8897
18.9095
18.9443
20.0261
22.4393
26.9352
35.341
52.5299
92.7352
187.456
378.883
872.749
876.893
369.758
182.665
89.9633
51.1531
34.6362
26.5738
22.2642
19.9779
19.0145
19.0693
20.186
22.6534
27.2444
35.8387
53.4447
94.2718
189.171
380.767
871.441
877.136
368.915
182.466
90.1369
51.2893
34.7238
26.6385
22.3317
20.0502
19.0999
19.1619
20.292
22.7895
27.4391
36.1553
54.0417
95.5949
190.825
383.06
870.026
877.743
367.139
181.906
90.0742
51.2716
34.72
26.6787
22.3859
20.1298
19.211
19.3045
20.4851
23.0544
27.8297
36.7949
55.2361
97.5624
192.91
385.673
868.33
878.573
365.404
181.033
89.8334
51.1763
34.6789
26.6726
22.4243
20.1905
19.3004
19.4089
20.6118
23.2313
28.0958
37.2369
56.0674
99.3238
195.096
389
866.4
880.33
361.823
179.266
89.2739
50.9545
34.571
26.6432
22.4381
20.2658
19.4284
19.5854
20.8698
23.5985
28.6384
38.1295
57.7329
102.001
197.892
392.889
864.005
882.008
358.718
177.241
88.3282
50.4988
34.3837
26.5723
22.4581
20.333
19.5349
19.7192
21.0431
23.8565
29.0513
38.8298
59.0194
104.549
201.102
397.992
861.149
885.507
352.431
173.988
86.8029
49.8807
34.0488
26.4978
22.4549
20.3995
19.6802
19.9381
21.3886
24.3856
29.8923
40.2656
61.642
108.504
205.251
404.06
857.509
888.442
347.227
170.137
84.8249
48.8867
33.7345
26.385
22.4251
20.4586
19.8142
20.1308
21.6744
24.8147
30.5734
41.4318
63.7764
112.678
210.605
412.058
853.007
894.531
336.999
164.76
81.9443
47.8479
33.3217
26.2408
22.3907
20.5817
20.0849
20.5292
22.2715
25.7134
31.9964
43.8622
68.1434
118.933
217.449
421.625
847.181
899.248
328.579
158.067
78.7055
46.6196
32.7942
25.9262
22.4415
20.831
20.4366
20.9887
22.8959
26.5924
33.3249
46.0481
71.9279
125.858
226.665
433.901
839.805
909.038
312.387
149.605
74.93
45.0426
32.0417
25.9153
22.6754
21.3781
21.1776
21.9549
24.1812
28.4534
36.1333
50.6525
79.684
136.315
238.72
448.158
830.191
916.106
299.42
139.53
70.5692
43.1911
31.7163
26.1543
23.3057
22.2951
22.1898
23.1764
25.7859
30.4792
39.0604
55.2205
87.0049
148.439
254.895
466.022
817.813
931.525
274.578
127.88
65.466
41.9525
32.0864
27.0542
24.8147
24.2595
24.3079
25.6323
28.7552
34.835
45.2873
64.8394
101.484
166.83
275.915
485.81
801.561
940.215
259.002
113.742
61.5683
42.6041
33.6636
29.3235
27.5247
27.0375
27.2035
29.1429
33.2402
39.8459
52.3065
75.1394
117.087
188.488
303.169
509.653
780.487
958.82
227.422
103.75
62.8965
45.7981
37.8647
34.2247
32.9997
32.6984
33.4035
35.6297
40.4541
50.8288
66.9266
97.0018
145.008
221.863
337.874
532.587
752.361
960.104
227.382
108.765
70.6424
54.98
47.9629
44.8652
42.2313
41.2516
41.2109
45.0874
53.1084
63.9084
85.7221
120.126
177.611
260.429
377.558
556.921
715.186
964.689
291
136.806
93.4596
76.0255
66.0634
59.1398
56.2365
55.4199
57.0583
63.1405
71.3216
91.6188
119.209
166.736
230.986
314.838
422.406
567.093
663.112
964.512
285.045
133.562
90.8392
73.804
64.721
57.5978
54.6146
53.7382
55.2117
61.6424
69.7468
89.299
117.041
163.784
228.146
312.478
421.479
569.206
665.993
959.683
226.426
108.046
69.7093
53.909
46.8154
43.9476
41.4869
40.5171
40.4373
44.0445
52.046
62.7528
83.9848
118.342
175.488
258.251
375.573
555.974
717.528
958.178
229.038
103.751
62.6666
45.4277
37.4304
33.7356
32.4614
32.1918
32.9695
35.2619
39.9168
50.1613
66.1564
95.6509
143.408
219.996
336.127
531.743
754.108
939.391
260.194
114.694
61.5911
42.5019
33.4924
29.1059
27.285
26.7884
26.9495
28.7574
32.887
39.4335
51.748
74.345
115.948
187.032
301.391
508.237
781.853
930.653
275.795
128.614
65.8486
41.9513
32.0379
26.9624
24.6822
24.1159
24.1736
25.5337
28.5405
34.564
44.9121
64.2818
100.688
165.793
274.715
484.704
802.581
915.475
300.539
140.25
70.8711
43.3384
31.711
26.1268
23.252
22.2208
22.1071
23.0766
25.6705
30.3204
38.8343
54.8723
86.4269
147.595
253.778
464.888
818.608
908.486
313.279
150.16
75.2136
45.1544
32.1055
25.9096
22.6572
21.3393
21.1294
21.8917
24.0936
28.3467
35.9771
50.4064
79.2998
135.766
238.033
447.301
830.783
898.82
329.348
158.595
78.9506
46.7183
32.8333
25.9582
22.4405
20.8155
20.4127
20.9552
22.8479
26.5267
33.228
45.8886
71.6517
125.374
226.017
433.117
840.263
894.163
337.568
165.13
82.1842
47.9375
33.3663
26.2614
22.3956
20.5768
20.0724
20.5094
22.239
25.6668
31.9272
43.7451
67.9353
118.649
217.086
421.045
847.525
888.164
347.727
170.469
85.0065
48.9686
33.7665
26.4044
22.4357
20.4578
19.8072
20.1207
21.6571
24.7863
30.5286
41.3547
63.6326
112.388
210.236
411.555
853.27
885.272
352.802
174.227
86.9619
49.959
34.083
26.509
22.4608
20.4025
19.6785
19.9309
21.3741
24.3626
29.8591
40.2099
61.5341
108.362
205.057
403.704
857.707
881.835
359.017
177.453
88.4461
50.5543
34.414
26.5872
22.4636
20.3344
19.5302
19.7137
21.0424
23.8433
29.0219
38.7871
58.9448
104.379
200.895
397.684
861.299
880.186
362.073
179.417
89.3728
50.9986
34.5934
26.6546
22.444
20.2694
19.4312
19.5848
20.8607
23.583
28.6169
38.0979
57.6782
101.942
197.788
392.681
864.119
878.468
365.59
181.153
89.9064
51.2116
34.6969
26.6825
22.4294
20.1915
19.2977
19.406
20.6074
23.2241
28.0836
37.2157
56.0279
99.2179
194.973
388.815
866.486
877.658
367.294
182.006
90.1335
51.3006
34.7348
26.6875
22.3901
20.1318
19.211
19.3022
20.4814
23.0485
27.82
36.7784
55.2063
97.5379
192.855
385.555
868.396
877.075
369.029
182.538
90.1886
51.3146
34.7368
26.6442
22.3351
20.0516
19.0995
19.1608
20.2898
22.7856
27.4325
36.1438
54.0202
95.5286
190.751
382.949
870.074
876.844
369.852
182.724
89.9937
51.1675
34.6439
26.5791
22.2671
19.9796
19.0151
19.0688
20.1844
22.6503
27.2392
35.8296
53.4285
94.2641
189.142
380.702
871.479
876.783
370.416
182.737
89.6459
50.9962
34.5489
26.4914
22.1847
19.8904
18.9092
18.9435
20.0249
22.4372
26.9316
35.3347
52.5165
92.6924
187.41
378.816
872.776
876.975
370.64
182.318
89.194
50.7325
34.3949
26.3861
22.0953
19.8069
18.8224
18.8541
19.9266
22.3187
26.7723
35.0875
52.049
91.6665
186.053
377.149
873.913
877.315
370.7
181.832
88.6529
50.4633
34.2431
26.2698
21.9954
19.71
18.7178
18.7369
19.7847
22.1348
26.5118
34.6746
51.3065
90.3698
184.5
375.664
875.013
877.789
370.545
181.08
88.0617
50.1375
34.0531
26.1403
21.8914
19.6175
18.6272
18.6461
19.6876
22.0221
26.367
34.459
50.9039
89.4826
183.237
374.319
876.022
878.346
370.286
180.264
87.4167
49.8141
33.8677
26.006
21.7804
19.5149
18.5224
18.5329
19.5557
21.8558
26.136
34.0984
50.2694
88.3572
181.75
373.046
877.035
879.024
369.719
179.241
86.7348
49.4542
33.6565
25.862
21.667
19.4161
18.4284
18.4396
19.4571
21.7438
25.9958
33.8953
49.8985
87.546
180.493
371.866
878.001
879.746
369.11
178.166
86.0073
49.0931
33.4495
25.7158
21.5484
19.3091
18.3226
18.3284
19.3308
21.5882
25.7836
33.5692
49.3332
86.5217
179.01
370.694
878.995
880.567
368.33
176.971
85.2694
48.7114
33.2258
25.563
21.4288
19.2055
18.2252
18.2321
19.2297
21.4743
25.6432
33.3688
48.9748
85.7451
177.713
369.589
879.971
881.417
367.541
175.725
84.4992
48.3313
33.0065
25.4095
21.3052
19.0955
18.1185
18.1217
19.1067
21.3254
25.4435
33.0663
48.4542
84.7761
176.202
368.453
880.99
882.358
366.63
174.399
83.7242
47.9388
32.7767
25.2515
21.1811
18.9881
18.018
18.0222
19.0024
21.2086
25.3004
32.864
48.0979
84.0074
174.843
367.37
882.009
883.321
365.716
173.021
82.9239
47.5482
32.5505
25.0933
21.054
18.8755
17.9101
17.9118
18.8809
21.0638
25.1092
32.5781
47.6074
83.0681
173.285
366.237
883.081
884.371
364.714
171.587
82.123
47.1505
32.3176
24.932
20.9266
18.7648
17.8066
17.8093
18.7734
20.9436
24.9624
32.3721
47.2487
82.2947
171.854
365.151
884.165
885.442
363.713
170.099
81.3021
46.7546
32.0876
24.7706
20.7969
18.65
17.6973
17.6981
18.6525
20.8011
24.777
32.0983
46.7798
81.3731
170.242
364.008
885.308
886.597
362.65
168.573
80.4849
46.3556
31.8533
24.6069
20.6667
18.5364
17.5911
17.5927
18.5418
20.6774
24.6263
31.8881
46.4177
80.5911
168.736
362.91
886.474
887.775
361.592
166.992
79.6517
45.9582
31.6211
24.443
20.5345
18.4196
17.4802
17.4805
18.4205
20.5359
24.4445
31.6233
45.9659
79.683
167.067
361.757
887.703
889.036
360.495
165.388
78.8257
45.5605
31.3863
24.2773
20.4018
18.3034
17.3712
17.3723
18.3069
20.4087
24.2899
31.4091
45.6009
78.8933
165.488
360.65
888.962
890.323
359.408
163.73
77.9873
45.1641
31.1529
24.1112
20.2674
18.1845
17.2585
17.2586
18.1847
20.2674
24.1105
31.1512
45.1633
77.9977
163.766
359.498
890.286
891.692
358.304
162.061
77.1592
44.7695
30.9179
23.9437
20.1323
18.0658
17.147
17.1477
18.068
20.1368
23.9522
30.9333
44.7965
77.2034
162.124
358.398
891.646
893.091
357.221
160.343
76.3214
44.3758
30.6837
23.7755
19.9955
17.9447
17.0324
17.0324
17.9445
19.9949
23.7739
30.6804
44.3713
76.3216
160.359
357.267
893.074
894.572
356.142
158.624
75.497
43.9854
30.4487
23.606
19.858
17.8235
16.9184
16.9188
17.8249
19.8611
23.6118
30.4593
44.004
75.5267
158.665
356.2
894.544
896.088
355.097
156.865
74.6657
43.5956
30.2138
23.4356
19.7188
17.7001
16.8017
16.8017
17.6998
19.718
23.4338
30.2102
43.5899
74.6612
156.87
355.119
896.081
897.685
354.08
155.115
73.8507
43.2102
29.9785
23.264
19.5787
17.5764
16.6853
16.6856
17.5774
19.5808
23.268
29.986
43.2234
73.8711
155.141
354.117
897.666
899.32
353.117
153.335
73.0315
42.8252
29.7427
23.0911
19.437
17.4508
16.5665
16.5665
17.4504
19.4362
23.0894
29.7393
42.8194
73.0255
153.337
353.125
899.319
901.035
352.208
151.58
72.2316
42.4451
29.5067
22.917
19.2942
17.3245
16.4477
16.4479
17.3252
19.2957
22.9199
29.512
42.4547
72.2458
151.594
352.232
901.022
902.793
351.376
149.806
71.4301
42.0651
29.2695
22.7414
19.1497
17.1965
16.3268
16.3268
17.1962
19.149
22.7399
29.2665
42.0598
71.4244
149.809
351.377
902.795
904.63
350.629
148.077
70.651
41.6901
29.0321
22.5644
19.0041
17.0677
16.2056
16.2058
17.0682
19.0052
22.5665
29.036
41.6972
70.6607
148.083
350.646
904.62
906.512
349.99
146.341
69.873
41.3151
28.793
22.3855
18.8568
16.9373
16.0827
16.0826
16.937
18.8561
22.3843
28.7905
41.3106
69.8682
146.345
349.987
906.515
908.471
349.47
144.676
69.1204
40.9446
28.5532
22.2052
18.7081
16.806
15.9592
15.9593
16.8063
18.7089
22.2067
28.5561
40.9499
69.127
144.677
349.481
908.464
910.478
349.098
143.022
68.371
40.5736
28.3112
22.0227
18.5577
16.6731
15.8342
15.8342
16.6729
18.5572
22.0216
28.3091
40.5699
68.3673
143.027
349.101
910.482
912.56
348.915
141.464
67.6496
40.2063
28.0679
21.8384
18.4059
16.5394
15.7086
15.7087
16.5396
18.4065
21.8395
28.0701
40.2102
67.6539
141.461
348.918
912.555
914.692
348.851
139.936
66.933
39.8374
27.8218
21.6517
18.2523
16.4041
15.5817
15.5816
16.404
18.2519
21.6509
27.8201
39.8345
66.9306
139.942
348.853
914.696
916.897
348.941
138.533
66.2461
39.4712
27.5738
21.4631
18.0973
16.2679
15.4541
15.4541
16.2681
18.0977
21.4639
27.5754
39.474
66.2486
138.529
348.943
916.893
919.154
349.293
137.188
65.5648
39.1016
27.3221
21.2718
17.9405
16.1304
15.3253
15.3252
16.1303
17.9401
21.2712
27.3209
39.0994
65.5635
137.194
349.292
919.157
921.485
349.753
135.977
64.9122
38.7329
27.0679
21.0783
17.7821
15.9919
15.1958
15.1959
15.992
17.7824
21.0789
27.0691
38.7349
64.9135
135.972
349.755
921.482
923.871
350.422
134.839
64.2636
38.3587
26.8093
20.882
17.622
15.8522
15.0654
15.0654
15.8521
17.6217
20.8815
26.8083
38.3572
64.2628
134.844
350.42
923.874
926.333
351.163
133.826
63.6388
37.9833
26.5474
20.6833
17.4603
15.7116
14.9344
14.9344
15.7117
17.4605
20.6837
26.5483
37.9847
63.6395
133.822
351.166
926.331
928.859
352.024
132.868
63.0125
37.5999
26.2805
20.4816
17.2969
15.5699
14.8025
14.8025
15.5698
17.2967
20.4812
26.2798
37.5987
63.0122
132.873
352.02
928.861
931.466
352.872
131.987
62.3994
37.2125
26.0097
20.2774
17.132
15.4273
14.6702
14.6703
15.4274
17.1322
20.2777
26.0103
37.2134
62.3995
131.983
352.876
931.464
934.144
353.722
131.099
61.7741
36.8149
25.7334
20.0701
16.9655
15.2839
14.5373
14.5373
15.2838
16.9653
20.0699
25.7328
36.8142
61.7743
131.102
353.716
934.146
936.82
354.504
130.252
61.1492
36.4113
25.4527
19.8603
16.7975
15.1397
14.404
14.404
15.1398
16.7976
19.8605
25.4531
36.4118
61.1488
130.248
354.51
936.819
939.539
355.245
129.335
60.4984
35.9959
25.1662
19.6474
16.628
14.9948
14.2703
14.2703
14.9947
16.6279
19.6472
25.1659
35.9954
60.4986
129.337
355.238
939.54
942.243
355.82
128.406
59.8397
35.5733
24.8751
19.4319
16.4571
14.8493
14.1364
14.1364
14.8494
16.4572
19.4321
24.8754
35.5736
59.8394
128.404
355.824
942.242
944.957
356.291
127.392
59.151
35.1381
24.5779
19.2134
16.2848
14.7033
14.0024
14.0024
14.7033
16.2848
19.2132
24.5777
35.1377
59.1509
127.393
356.29
944.958
947.635
356.52
126.342
58.4494
34.6947
24.2759
18.9922
16.1114
14.557
13.8684
13.8684
14.557
16.1115
18.9923
24.2761
34.6949
58.4494
126.34
356.519
947.634
950.286
356.613
125.204
57.7167
34.238
23.9677
18.7681
15.9367
14.4103
13.7346
13.7346
14.4103
15.9366
18.768
23.9675
34.2378
57.7165
125.204
356.611
950.286
952.87
356.557
124.016
56.9676
33.7724
23.6544
18.5414
15.761
14.2636
13.6011
13.6011
14.2636
15.761
18.5415
23.6545
33.7725
56.9674
124.015
356.558
952.869
955.381
356.175
122.736
56.1859
33.293
23.3347
18.3118
15.5842
14.1168
13.468
13.468
14.1168
15.5842
18.3118
23.3346
33.2928
56.186
122.736
356.172
955.381
957.789
355.615
121.399
55.3853
32.8039
23.0099
18.0798
15.4067
13.9702
13.3355
13.3355
13.9702
15.4067
18.0799
23.0099
32.8039
55.3851
121.398
355.616
957.788
960.073
354.766
119.965
54.5506
32.3005
22.6787
17.8451
15.2283
13.8239
13.2039
13.2039
13.8239
15.2283
17.845
22.6786
32.3005
54.5507
119.965
354.763
960.073
962.205
353.658
118.465
53.6943
31.7868
22.3423
17.608
15.0495
13.6782
13.0733
13.0733
13.6782
15.0495
17.6081
22.3423
31.7869
53.6943
118.464
353.658
962.204
964.155
352.265
116.864
52.8029
31.2587
21.9995
17.3684
14.8702
13.5331
12.944
12.944
13.5331
14.8702
17.3684
21.9994
31.2586
52.8027
116.864
352.264
964.154
965.891
350.552
115.188
51.8871
30.7196
21.6515
17.1267
14.6907
13.389
12.8161
12.8161
13.389
14.6907
17.1268
21.6516
30.7197
51.8874
115.188
350.551
965.891
967.379
348.534
113.406
50.9353
30.1659
21.2973
16.8828
14.511
13.2461
12.69
12.69
13.2461
14.511
16.8827
21.2972
30.1657
50.935
113.405
348.534
967.378
968.579
346.14
111.539
49.9568
29.6007
20.9379
16.637
14.3316
13.1045
12.5659
12.5659
13.1045
14.3316
16.637
20.938
29.6009
49.9572
111.539
346.138
968.578
969.424
343.403
109.561
48.9414
29.021
20.5725
16.3892
14.1525
12.9646
12.4441
12.4441
12.9646
14.1525
16.3892
20.5724
29.0209
48.9412
109.56
343.404
969.424
969.833
340.242
107.488
47.8975
28.4297
20.2021
16.14
13.9741
12.8267
12.3248
12.3248
12.8267
13.9741
16.14
20.2022
28.4298
47.8977
107.488
340.24
969.833
969.97
336.704
105.299
46.816
27.8239
19.826
15.8892
13.7964
12.691
12.2085
12.2085
12.691
13.7964
15.8892
19.826
27.8239
46.816
105.3
336.705
969.969
969.635
332.654
103.005
45.7044
27.2064
19.4453
15.6374
13.62
12.5579
12.0955
12.0955
12.5579
13.62
15.6374
19.4453
27.2064
45.7044
103.005
332.653
969.634
968.648
328.147
100.59
44.5553
26.5749
19.0592
15.3846
13.445
12.4277
11.9862
11.9862
12.4277
13.445
15.3846
19.0593
26.5749
44.5555
100.59
328.147
968.648
967.18
323.103
98.0616
43.375
25.9318
18.669
15.1313
13.2719
12.3009
11.8809
11.8809
12.3009
13.2719
15.1313
18.669
25.9318
43.3749
98.0614
323.103
967.179
964.967
317.505
95.4075
42.1579
25.2754
18.2741
14.8776
13.1009
12.1777
11.78
11.78
12.1777
13.1009
14.8776
18.2742
25.2755
42.1581
95.408
317.504
964.966
962.12
311.326
92.6354
40.9093
24.608
17.8757
14.6242
12.9325
12.0587
11.684
11.684
12.0587
12.9325
14.6242
17.8757
24.608
40.9091
92.6352
311.326
962.12
958.416
304.505
89.7341
39.6249
23.9283
17.4735
14.3712
12.7671
11.9442
11.5934
11.5934
11.9442
12.7671
14.3712
17.4735
23.9283
39.6251
89.7344
304.505
958.416
953.925
297.051
86.7122
38.3097
23.2383
17.0685
14.1194
12.6053
11.8348
11.5085
11.5085
11.8348
12.6053
14.1194
17.0685
23.2383
38.3096
86.7121
297.051
953.924
948.451
288.886
83.5604
36.9607
22.5374
16.6609
13.8691
12.4475
11.7309
11.4299
11.4299
11.7309
12.4475
13.8691
16.661
22.5375
36.9608
83.5605
288.886
948.45
942.037
280.036
80.2891
35.5825
21.8276
16.2519
13.6211
12.2944
11.6331
11.3579
11.3579
11.6331
12.2944
13.6211
16.2519
21.8276
35.5825
80.2891
280.035
942.036
934.512
270.424
76.8908
34.1734
21.1088
15.8418
13.3762
12.1466
11.5418
11.293
11.293
11.5418
12.1466
13.3762
15.8418
21.1088
34.1734
76.8909
270.424
934.512
925.904
260.09
73.3781
32.7379
20.383
15.4319
13.1352
12.0048
11.4576
11.2357
11.2357
11.4576
12.0048
13.1352
15.4319
20.383
32.7379
73.3782
260.09
925.904
916.067
248.971
69.7459
31.2754
19.6506
15.023
12.899
11.8698
11.381
11.1861
11.1861
11.381
11.8698
12.899
15.023
19.6506
31.2754
69.7459
248.971
916.067
905.026
237.119
66.009
29.7907
18.9141
14.6169
12.6691
11.7427
11.3126
11.1446
11.1446
11.3126
11.7427
12.6691
14.6169
18.9141
29.7908
66.009
237.119
905.026
892.663
224.491
62.1653
28.2845
18.1745
14.2149
12.4467
11.6242
11.2528
11.1113
11.1113
11.2528
11.6242
12.4467
14.2149
18.1745
28.2845
62.1653
224.491
892.663
879.013
211.156
58.2322
26.7619
17.4347
13.8193
12.2335
11.5156
11.2021
11.0862
11.0862
11.2021
11.5156
12.2335
13.8193
17.4347
26.7619
58.2322
211.155
879.013
863.991
197.096
54.2106
25.2248
16.6968
13.4321
12.0315
11.4179
11.1609
11.0697
11.0697
11.1609
11.4179
12.0315
13.4321
16.6968
25.2248
54.2106
197.096
863.991
847.653
182.401
50.1208
23.6797
15.9647
13.0568
11.8431
11.3324
11.129
11.0619
11.0619
11.129
11.3324
11.8431
13.0568
15.9648
23.6797
50.1209
182.401
847.653
829.955
167.078
45.9691
22.1303
15.2422
12.6968
11.6708
11.2604
11.1065
11.0594
11.0594
11.1065
11.2604
11.6708
12.6968
15.2422
22.1303
45.9691
167.079
829.955
810.982
151.251
41.7801
20.5852
14.5352
12.3571
11.5178
11.2031
11.0955
11.0625
11.0625
11.0955
11.2031
11.5178
12.3571
14.5352
20.5852
41.7802
151.251
810.982
790.729
134.968
37.5677
19.0511
13.8502
12.0431
11.3872
11.16
11.0918
11.0718
11.0718
11.0918
11.16
11.3872
12.0431
13.8502
19.0511
37.5678
134.968
790.729
769.31
118.433
33.3669
17.5405
13.1971
11.7624
11.283
11.1366
11.0944
11.0843
11.0843
11.0944
11.1366
11.283
11.7624
13.1971
17.5406
33.3669
118.433
769.31
746.742
101.867
29.2064
16.0658
12.5884
11.5234
11.2064
11.1273
11.105
11.1003
11.1003
11.105
11.1273
11.2064
11.5234
12.5884
16.0658
29.2065
101.867
746.742
723.136
85.8503
25.1369
14.6461
12.0431
11.3371
11.1684
11.1265
11.1183
11.1171
11.1171
11.1183
11.1265
11.1684
11.3371
12.0431
14.6461
25.1369
85.8504
723.136
698.454
71.0938
21.1542
13.3033
11.5874
11.2261
11.1552
11.1382
11.1358
11.1355
11.1355
11.1358
11.1382
11.1552
11.2261
11.5874
13.3033
21.1542
71.0938
698.454
672.74
55.0628
17.0386
12.087
11.3039
11.1803
11.1547
11.1529
11.1534
11.1536
11.1536
11.1534
11.1529
11.1547
11.1803
11.3039
12.087
17.0386
55.0628
672.74
646.053
32.1745
12.7362
11.3229
11.19
11.171
11.1705
11.1708
11.1706
11.1705
11.1705
11.1706
11.1708
11.1705
11.171
11.19
11.3229
12.7362
32.1745
646.053
)
;

boundaryField
{
    outlet
    {
        type            inletOutlet;
        inletValue      uniform 1;
        value           nonuniform List<scalar> 
20
(
1643.93
691.552
503.163
454.405
443.376
433.265
402.22
353.979
292.137
236.916
265.512
324.386
373.482
409.049
423.747
424.407
432.606
480.088
663.222
1597.24
)
;
    }
    inlet1
    {
        type            turbulentMixingLengthFrequencyInlet;
        mixingLength    0.01;
        phi             phi;
        k               k;
        value           uniform 11.1803;
    }
    inlet2
    {
        type            turbulentMixingLengthFrequencyInlet;
        mixingLength    0.01;
        phi             phi;
        k               k;
        value           uniform 11.1803;
    }
    frontAndBack
    {
        type            empty;
    }
    defaultFaces
    {
        type            omegaWallFunction;
        Cmu             0.09;
        kappa           0.41;
        E               9.8;
        beta1           0.075;
        value           nonuniform List<scalar> 
620
(
1643.93
1645.14
1645.31
1645.33
1644.91
1644.72
1644.09
1643.79
1643.06
1642.68
1641.88
1641.4
1640.56
1639.97
1639.11
1638.41
1637.5
1636.7
1635.75
1634.85
1633.87
1632.89
1631.87
1630.82
1629.75
1628.64
1627.53
1626.36
1625.2
1623.97
1622.74
1621.44
1620.14
1618.78
1617.4
1615.95
1614.48
1612.93
1611.34
1609.66
1607.92
1606.06
1604.11
1602.02
1599.81
1597.43
1594.88
1592.13
1589.18
1585.99
1582.56
1578.87
1574.86
1570.44
1565.63
1560.35
1554.98
1549.2
1543.25
1536.94
1530.42
1523.6
1516.51
1509.11
1501.4
1493.36
1484.95
1476.18
1466.9
1457.17
1446.89
1436.07
1424.61
1412.54
1399.78
1386.37
1372.25
1357.49
1342.09
1326.14
1309.65
1292.63
1274.87
1255.59
1234.47
1212.09
1187.48
1159.88
1127.77
1088.98
1039.91
974.587
885.51
766.148
613.415
538.098
566.072
735.328
892.98
942.849
1597.24
1598.06
1598.1
1597.8
1597.24
1596.88
1596.09
1595.7
1594.83
1594.38
1593.49
1592.96
1592.07
1591.45
1590.55
1589.83
1588.92
1588.11
1587.16
1586.26
1585.26
1584.27
1583.22
1582.15
1581.04
1579.89
1578.73
1577.52
1576.3
1575.04
1573.78
1572.47
1571.15
1569.79
1568.41
1566.99
1565.56
1564.08
1562.59
1561.05
1559.5
1557.9
1556.27
1554.6
1552.88
1551.11
1549.28
1547.34
1545.32
1543.17
1540.9
1538.49
1535.93
1533.22
1530.37
1527.38
1524.25
1520.9
1517.29
1513.34
1508.95
1504
1498.36
1492.3
1485.95
1479.23
1472.23
1464.84
1457.07
1448.87
1440.24
1431.1
1421.23
1410.8
1399.49
1387.43
1374.35
1360.32
1345.11
1328.77
1311.11
1292.16
1271.76
1249.93
1226.49
1201.25
1173.15
1140.58
1101.46
1054.13
993.69
913.91
813.362
703.208
584.647
535.353
556.072
721.845
886.784
939.945
610.372
568.699
522.878
474.751
428.355
383.766
349.744
331.122
325.295
328.903
327.36
324.93
326.095
335.816
370.445
420.53
471.758
523.145
570.916
613.281
646.053
672.74
698.454
723.136
746.742
769.31
790.729
810.982
829.955
847.653
863.991
879.013
892.663
905.026
916.068
925.904
934.512
942.037
948.451
953.925
958.416
962.12
964.967
967.18
968.649
969.635
969.97
969.834
969.425
968.579
967.379
965.891
964.155
962.205
960.074
957.789
955.382
952.87
950.287
947.635
944.958
942.243
939.54
936.82
934.145
931.465
928.86
926.333
923.872
921.484
919.155
916.897
914.693
912.56
910.479
908.47
906.513
904.629
902.794
901.034
899.321
897.684
896.089
894.571
893.093
891.691
890.324
889.034
887.777
886.595
885.444
884.37
883.325
882.358
881.423
880.569
879.755
879.028
878.361
877.801
877.341
876.997
876.825
876.893
877.136
877.743
878.573
880.33
882.008
885.507
888.442
894.531
899.248
909.038
916.106
931.525
940.215
958.82
960.104
964.689
646.053
672.74
698.454
723.136
746.742
769.31
790.729
810.982
829.955
847.653
863.991
879.013
892.663
905.026
916.067
925.904
934.512
942.036
948.45
953.924
958.416
962.119
964.966
967.179
968.648
969.634
969.969
969.833
969.424
968.578
967.378
965.89
964.154
962.204
960.073
957.789
955.381
952.87
950.285
947.635
944.957
942.243
939.539
936.82
934.145
931.465
928.86
926.332
923.873
921.483
919.156
916.895
914.694
912.557
910.48
908.466
906.514
904.622
902.794
901.023
899.318
897.667
896.08
894.544
893.072
891.647
890.284
888.961
887.702
886.474
885.307
884.163
883.079
882.006
880.988
879.966
878.991
877.993
877.027
876.009
874.998
873.891
872.749
871.441
870.026
868.33
866.4
864.005
861.149
857.509
853.007
847.181
839.805
830.191
817.813
801.561
780.487
752.361
715.186
663.112
964.512
959.683
958.178
939.391
930.653
915.475
908.486
898.82
894.163
888.164
885.272
881.835
880.186
878.468
877.658
877.075
876.844
876.783
876.975
877.315
877.789
878.346
879.024
879.746
880.567
881.417
882.358
883.321
884.371
885.442
886.597
887.775
889.036
890.323
891.692
893.091
894.572
896.088
897.685
899.32
901.035
902.793
904.63
906.512
908.471
910.478
912.56
914.692
916.897
919.154
921.485
923.871
926.333
928.859
931.466
934.144
936.82
939.539
942.243
944.957
947.635
950.286
952.87
955.381
957.789
960.073
962.205
964.155
965.891
967.379
968.579
969.424
969.833
969.97
969.635
968.648
967.18
964.967
962.12
958.416
953.925
948.451
942.037
934.512
925.904
916.067
905.026
892.663
879.013
863.991
847.653
829.955
810.982
790.729
769.31
746.742
723.136
698.454
672.74
646.053
665.993
717.528
754.108
781.853
802.581
818.608
830.783
840.263
847.525
853.27
857.707
861.299
864.119
866.486
868.396
870.074
871.479
872.776
873.913
875.013
876.022
877.035
878.001
878.995
879.971
880.99
882.009
883.081
884.165
885.308
886.474
887.703
888.962
890.286
891.646
893.074
894.544
896.081
897.666
899.319
901.022
902.795
904.62
906.515
908.464
910.482
912.555
914.696
916.893
919.157
921.482
923.874
926.331
928.861
931.464
934.146
936.819
939.54
942.242
944.958
947.634
950.286
952.869
955.381
957.788
960.073
962.204
964.154
965.891
967.378
968.578
969.424
969.833
969.969
969.634
968.648
967.179
964.966
962.12
958.416
953.924
948.45
942.036
934.512
925.904
916.067
905.026
892.663
879.013
863.991
847.653
829.955
810.982
790.729
769.31
746.742
723.136
698.454
672.74
646.053
)
;
    }
}


// ************************************************************************* //
