/*--------------------------------*- C++ -*----------------------------------*\
| =========                 |                                                 |
| \\      /  F ield         | OpenFOAM: The Open Source CFD Toolbox           |
|  \\    /   O peration     | Version:  2.1.0                                 |
|   \\  /    A nd           | Web:      www.OpenFOAM.org                      |
|    \\/     M anipulation  |                                                 |
\*---------------------------------------------------------------------------*/
FoamFile
{
    version     2.0;
    format      ascii;
    class       volScalarField;
    location    "0.04";
    object      C1;
}
// * * * * * * * * * * * * * * * * * * * * * * * * * * * * * * * * * * * * * //

dimensions      [0 0 0 0 0 0 0];

internalField   nonuniform List<scalar> 
6400
(
4.24098e-93
1.61365e-92
6.15239e-92
2.33768e-91
8.85187e-91
3.34043e-90
1.25636e-89
4.70929e-89
1.75929e-88
6.55001e-88
2.43024e-87
8.98597e-87
3.31122e-86
1.21596e-85
4.44893e-85
1.62157e-84
5.88726e-84
2.12894e-83
7.66776e-83
2.7504e-82
9.82451e-82
3.4945e-81
1.23769e-80
4.3646e-80
1.53238e-79
5.35642e-79
1.86392e-78
6.45552e-78
2.225e-77
7.63154e-77
2.60453e-76
8.84417e-76
2.98746e-75
1.00356e-74
3.35196e-74
1.11311e-73
3.67443e-73
1.20519e-72
3.92664e-72
1.27053e-71
4.08115e-71
1.30083e-70
4.11313e-70
1.28993e-69
4.01132e-69
1.23636e-68
3.77601e-68
1.14245e-67
3.42174e-67
1.01429e-66
2.9755e-66
8.63513e-66
2.47806e-65
7.02882e-65
1.96948e-64
5.44863e-64
1.48748e-63
4.00501e-63
1.06292e-62
2.77913e-62
7.15502e-62
1.81314e-61
4.52106e-61
1.10904e-60
2.67609e-60
6.35159e-60
1.48282e-59
3.40494e-59
7.69035e-59
1.70845e-58
3.73332e-58
8.0251e-58
1.69705e-57
3.53055e-57
7.22599e-57
1.45499e-56
2.88213e-56
5.61583e-56
1.07608e-55
2.02675e-55
3.74962e-55
6.80753e-55
1.21119e-54
2.10758e-54
3.57602e-54
5.89118e-54
9.36728e-54
1.42546e-53
2.05116e-53
2.74446e-53
3.33403e-53
3.55609e-53
3.19348e-53
2.35034e-53
1.52936e-53
1.2386e-53
1.00693e-53
6.66691e-54
3.2284e-54
9.42729e-55
3.32521e-92
1.26624e-91
4.82877e-91
1.83524e-90
6.95164e-90
2.62438e-89
9.87491e-89
3.7033e-88
1.38428e-87
5.1572e-87
1.91486e-86
7.08583e-86
2.6132e-85
9.60462e-85
3.51738e-84
1.28333e-83
4.66443e-83
1.6888e-82
6.09059e-82
2.18788e-81
7.82778e-81
2.7892e-80
9.8977e-80
3.49744e-79
1.23063e-78
4.31207e-78
1.50448e-77
5.22557e-77
1.80668e-76
6.21776e-76
2.12981e-75
7.26092e-75
2.46319e-74
8.3126e-74
2.7902e-73
9.31488e-73
3.09252e-72
1.02052e-71
3.34666e-71
1.09046e-70
3.52884e-70
1.13362e-69
3.61404e-69
1.14335e-68
3.58858e-68
1.11685e-67
3.44597e-67
1.05389e-66
3.19194e-66
9.57192e-66
2.84235e-65
8.35423e-65
2.42943e-64
6.98638e-64
1.98567e-63
5.57471e-63
1.54506e-62
4.22487e-62
1.13912e-61
3.02666e-61
7.92071e-61
2.04063e-60
5.1736e-60
1.29041e-59
3.16588e-59
7.63922e-59
1.81287e-58
4.23089e-58
9.71023e-58
2.19153e-57
4.86391e-57
1.06157e-56
2.27846e-56
4.80919e-56
9.9823e-56
2.03752e-55
4.08934e-55
8.06893e-55
1.56482e-54
2.98119e-54
5.57545e-54
1.02256e-53
1.83647e-53
3.22294e-53
5.50989e-53
9.13579e-53
1.46031e-52
2.23135e-52
3.22122e-52
4.32388e-52
5.28173e-52
5.70932e-52
5.29143e-52
4.12575e-52
2.88363e-52
2.45613e-52
1.99891e-52
1.3369e-52
6.76022e-53
2.27273e-53
1.5594e-91
5.95928e-91
2.28065e-90
8.6998e-90
3.30786e-89
1.25363e-88
4.73582e-88
1.78318e-87
6.69329e-87
2.50428e-86
9.33903e-86
3.47136e-85
1.28611e-84
4.74946e-84
1.74784e-83
6.40904e-83
2.34143e-82
8.5221e-82
3.09021e-81
1.11632e-80
4.01728e-80
1.44009e-79
5.14215e-79
1.82864e-78
6.4769e-78
2.28518e-77
8.03082e-77
2.81035e-76
9.79234e-76
3.39774e-75
1.17381e-74
4.03793e-74
1.38289e-73
4.71351e-73
1.59873e-72
5.39627e-72
1.81269e-71
6.05592e-71
2.01188e-70
6.64625e-70
2.18219e-69
7.11686e-69
2.3049e-68
7.41326e-68
2.36729e-67
7.50033e-67
2.35721e-66
7.34811e-66
2.26918e-65
6.93989e-65
2.10248e-64
6.30667e-64
1.87219e-63
5.49697e-63
1.59529e-62
4.57309e-62
1.29404e-61
3.61213e-61
9.93957e-61
2.69461e-60
7.193e-60
1.88974e-59
4.88424e-59
1.24157e-58
3.10351e-58
7.62776e-58
1.84322e-57
4.37908e-57
1.02283e-56
2.34871e-56
5.30228e-56
1.1768e-55
2.56777e-55
5.50818e-55
1.16157e-54
2.40787e-54
4.90603e-54
9.82307e-54
1.93217e-53
3.73171e-53
7.07154e-53
1.31343e-52
2.38751e-52
4.23853e-52
7.32682e-52
1.22806e-51
1.98444e-51
3.0672e-51
4.48657e-51
6.12466e-51
7.6622e-51
8.5911e-51
8.43545e-51
7.18169e-51
5.63767e-51
5.2094e-51
4.3633e-51
3.05759e-51
1.68177e-51
6.69594e-52
6.20266e-91
2.38041e-90
9.14922e-90
3.50533e-89
1.33882e-88
5.09739e-88
1.93458e-87
7.31839e-87
2.7603e-86
1.0379e-85
3.8901e-85
1.45338e-84
5.41285e-84
2.00958e-83
7.43641e-83
2.74234e-82
1.00768e-81
3.6894e-81
1.34594e-80
4.89226e-80
1.7719e-79
6.39407e-79
2.29863e-78
8.23084e-78
2.93561e-77
1.0432e-76
3.69356e-76
1.30255e-75
4.57486e-75
1.60053e-74
5.57663e-74
1.93565e-73
6.69132e-73
2.303e-72
7.89074e-72
2.69165e-71
9.1437e-71
3.09076e-70
1.03952e-69
3.47893e-69
1.15793e-68
3.8304e-68
1.25905e-67
4.11301e-67
1.33489e-66
4.30155e-66
1.37573e-65
4.36613e-65
1.37348e-64
4.27994e-64
1.32122e-63
4.03898e-63
1.22208e-62
3.65757e-62
1.08207e-61
3.16214e-61
9.12146e-61
2.59533e-60
7.27889e-60
2.01096e-59
5.4697e-59
1.46399e-58
3.85444e-58
9.97956e-58
2.54049e-57
6.35829e-57
1.56443e-56
3.78401e-56
8.99759e-56
2.10319e-55
4.83299e-55
1.09181e-54
2.42481e-54
5.29406e-54
1.13621e-53
2.39688e-53
4.9694e-53
1.01238e-52
2.02595e-52
3.98062e-52
7.67373e-52
1.45001e-51
2.68188e-51
4.84586e-51
8.53093e-51
1.4578e-50
2.4058e-50
3.80806e-50
5.7294e-50
8.0986e-50
1.05977e-49
1.26177e-49
1.34399e-49
1.27504e-49
1.13361e-49
1.12763e-49
9.97033e-50
7.50739e-50
4.58117e-50
2.15131e-50
2.23038e-90
8.59708e-90
3.31899e-89
1.27733e-88
4.90083e-88
1.87469e-87
7.1489e-87
2.71731e-86
1.02988e-85
3.89179e-85
1.46614e-84
5.50573e-84
2.06131e-83
7.69286e-83
2.86225e-82
1.0615e-81
3.92317e-81
1.44501e-80
5.30322e-80
1.9394e-79
7.06828e-79
2.56717e-78
9.2902e-78
3.34919e-77
1.20246e-76
4.30181e-76
1.53385e-75
5.44862e-75
1.92817e-74
6.7983e-74
2.38751e-73
8.35452e-73
2.9124e-72
1.01127e-71
3.49666e-71
1.20404e-70
4.13028e-70
1.41047e-69
4.79512e-69
1.62256e-68
5.46299e-68
1.82926e-67
6.09016e-67
2.01597e-66
6.63224e-66
2.16814e-65
7.03903e-65
2.26838e-64
7.25233e-64
2.29822e-63
7.21506e-63
2.24348e-62
6.90553e-62
2.10278e-61
6.33015e-61
1.88257e-60
5.52698e-60
1.60069e-59
4.56985e-59
1.28524e-58
3.55887e-58
9.69783e-58
2.59963e-57
6.85336e-57
1.77654e-56
4.52782e-56
1.13457e-55
2.79515e-55
6.7704e-55
1.61237e-54
3.77541e-54
8.69214e-54
1.96769e-53
4.37978e-53
9.58508e-53
2.06236e-52
4.36229e-52
9.06948e-52
1.85292e-51
3.71848e-51
7.32582e-51
1.41569e-50
2.68036e-50
4.96367e-50
8.97014e-50
1.57696e-49
2.68546e-49
4.40475e-49
6.90722e-49
1.02579e-48
1.42597e-48
1.83083e-48
2.14406e-48
2.28493e-48
2.30165e-48
2.43675e-48
2.31369e-48
1.90171e-48
1.29959e-48
7.09604e-49
7.33757e-90
2.84072e-89
1.10145e-88
4.25817e-88
1.64105e-87
6.30576e-87
2.4157e-86
9.22518e-86
3.5128e-85
1.33377e-84
5.04987e-84
1.9058e-83
7.17152e-83
2.69046e-82
1.00621e-81
3.75151e-81
1.39437e-80
5.16558e-80
1.90686e-79
7.01545e-79
2.57208e-78
9.3988e-78
3.42266e-77
1.24191e-76
4.48828e-76
1.61622e-75
5.80158e-75
2.07511e-74
7.39622e-74
2.62691e-73
9.29455e-73
3.27657e-72
1.15095e-71
4.02852e-71
1.40435e-70
4.8761e-70
1.68669e-69
5.81127e-69
1.99374e-68
6.8094e-68
2.31497e-67
7.83216e-67
2.63573e-66
8.82065e-66
2.93445e-65
9.70597e-65
3.19045e-64
1.04138e-63
3.37487e-63
1.08497e-62
3.45682e-62
1.09117e-61
3.41058e-61
1.0549e-60
3.2266e-60
9.75253e-60
2.91077e-59
8.5723e-59
2.48926e-58
7.12253e-58
2.00698e-57
5.56659e-57
1.5192e-56
4.07852e-56
1.07689e-55
2.7963e-55
7.14041e-55
1.79307e-54
4.4281e-54
1.07549e-53
2.56909e-53
6.0362e-53
1.39502e-52
3.1713e-52
7.0916e-52
1.5599e-51
3.37508e-51
7.18237e-51
1.50306e-50
3.09239e-50
6.25225e-50
1.24145e-49
2.41867e-49
4.61745e-49
8.62191e-49
1.57068e-48
2.78212e-48
4.7697e-48
7.86807e-48
1.23952e-47
1.84784e-47
2.57966e-47
3.33904e-47
3.99261e-47
4.5038e-47
5.12515e-47
5.29249e-47
4.80048e-47
3.6923e-47
2.31462e-47
2.20239e-89
8.56264e-89
3.33414e-88
1.29469e-87
5.01226e-87
1.93461e-86
7.44393e-86
2.85554e-85
1.09226e-84
4.16616e-84
1.58496e-83
6.01149e-83
2.2733e-82
8.57164e-82
3.22082e-81
1.20675e-80
4.5086e-80
1.67917e-79
6.23439e-79
2.3069e-78
8.50759e-78
3.12705e-77
1.14551e-76
4.18304e-76
1.52177e-75
5.51581e-75
1.99256e-74
7.17359e-74
2.57388e-73
9.20319e-73
3.27967e-72
1.16442e-71
4.11925e-71
1.45225e-70
5.10011e-70
1.78444e-69
6.22058e-69
2.15993e-68
7.47059e-68
2.57297e-67
8.82153e-67
3.01067e-66
1.02252e-65
3.45456e-65
1.16064e-64
3.87762e-64
1.28788e-63
4.24969e-63
1.39296e-62
4.53247e-62
1.46265e-61
4.6784e-61
1.48243e-60
4.65051e-60
1.44337e-59
4.42882e-59
1.3425e-58
4.01728e-58
1.18582e-57
3.45047e-57
9.89149e-57
2.79233e-56
7.75935e-56
2.12185e-55
5.70888e-55
1.51107e-54
3.93458e-54
1.00786e-53
2.53987e-53
6.29746e-53
1.5364e-52
3.68868e-52
8.71576e-52
2.02694e-51
4.63991e-51
1.04552e-50
2.31915e-50
5.06407e-50
1.08847e-49
2.30261e-49
4.7929e-49
9.81227e-49
1.97449e-48
3.9016e-48
7.5603e-48
1.43392e-47
2.65508e-47
4.78299e-47
8.34507e-47
1.40208e-46
2.25247e-46
3.43175e-46
4.91645e-46
6.58309e-46
8.28178e-46
1.02214e-45
1.16045e-45
1.17242e-45
1.01957e-45
7.2878e-46
5.98265e-89
2.33482e-88
9.12974e-88
3.5593e-87
1.38375e-86
5.365e-86
2.07362e-85
7.99095e-85
3.07011e-84
1.17622e-83
4.49504e-83
1.71309e-82
6.50771e-82
2.46462e-81
9.30475e-81
3.50349e-80
1.31534e-79
4.92316e-79
1.83731e-78
6.83413e-78
2.53391e-77
9.36561e-77
3.45141e-76
1.26779e-75
4.64061e-75
1.69268e-74
6.15223e-74
2.22893e-73
8.04899e-73
2.89612e-72
1.03867e-71
3.71195e-71
1.32207e-70
4.69417e-70
1.66062e-69
5.85198e-69
2.05446e-68
7.18712e-68
2.50446e-67
8.68954e-67
3.00209e-66
1.03278e-65
3.5371e-65
1.20535e-64
4.0862e-64
1.37781e-63
4.61903e-63
1.53903e-62
5.09568e-62
1.67574e-61
5.46927e-61
1.77035e-60
5.68002e-60
1.80523e-59
5.67954e-59
1.76757e-58
5.43758e-58
1.65226e-57
4.95531e-57
1.46582e-56
4.27426e-56
1.22799e-55
3.47464e-55
9.67992e-55
2.65456e-54
7.16507e-54
1.90344e-53
4.97686e-53
1.28086e-52
3.24501e-52
8.09393e-52
1.98788e-51
4.80803e-51
1.14538e-50
2.68776e-50
6.21356e-50
1.41529e-49
3.17641e-49
7.02473e-49
1.53079e-48
3.28661e-48
6.95083e-48
1.4475e-47
2.96645e-47
5.97735e-47
1.18273e-46
2.29404e-46
4.35126e-46
8.0453e-46
1.44408e-45
2.50326e-45
4.16438e-45
6.60039e-45
9.89373e-45
1.39507e-44
1.87866e-44
2.37061e-44
2.69516e-44
2.66891e-44
2.17679e-44
1.45528e-88
5.69861e-88
2.23576e-87
8.74555e-87
3.41272e-86
1.32801e-85
5.1529e-85
1.99437e-84
7.69546e-84
2.96031e-83
1.13559e-82
4.34467e-82
1.6574e-81
6.30689e-81
2.39266e-80
9.04662e-80
3.4114e-79
1.28257e-78
4.80823e-78
1.79752e-77
6.69656e-77
2.48732e-76
9.21401e-76
3.40266e-75
1.25242e-74
4.59513e-74
1.67995e-73
6.12199e-73
2.22397e-72
8.05182e-72
2.90581e-71
1.04503e-70
3.74544e-70
1.33847e-69
4.7678e-69
1.69177e-68
5.98219e-68
2.1077e-67
7.39699e-67
2.58609e-66
9.00254e-66
3.12047e-65
1.07713e-64
3.70092e-64
1.26532e-63
4.30386e-63
1.45597e-62
4.89689e-62
1.63699e-61
5.43746e-61
1.7936e-60
5.87139e-60
1.90624e-59
6.13425e-59
1.95525e-58
6.16878e-58
1.92504e-57
5.93757e-57
1.80878e-56
5.43833e-56
1.61285e-55
4.7157e-55
1.35877e-54
3.85702e-54
1.07839e-53
2.96934e-53
8.0517e-53
2.15015e-52
5.65508e-52
1.46504e-51
3.73907e-51
9.4028e-51
2.33026e-50
5.69221e-50
1.37075e-49
3.25463e-49
7.62036e-49
1.75967e-48
4.00786e-48
9.00412e-48
1.99536e-47
4.36141e-47
9.40139e-47
1.998e-46
4.18449e-46
8.63059e-46
1.75132e-45
3.49163e-45
6.82678e-45
1.30572e-44
2.43502e-44
4.40882e-44
7.70567e-44
1.29042e-43
2.05121e-43
3.07033e-43
4.36243e-43
5.65823e-43
6.4641e-43
6.07828e-43
3.12993e-88
1.22821e-87
4.82984e-87
1.89471e-86
7.4149e-86
2.89431e-85
1.12656e-84
4.37223e-84
1.69222e-83
6.53161e-83
2.51382e-82
9.6506e-82
3.69522e-81
1.41148e-80
5.37633e-80
2.04058e-79
7.72343e-79
2.91502e-78
1.09715e-77
4.11891e-77
1.54124e-76
5.74835e-76
2.13791e-75
7.92931e-75
2.93293e-74
1.08145e-73
3.97404e-73
1.45604e-72
5.31849e-72
1.93648e-71
7.0286e-71
2.54307e-70
9.16931e-70
3.29516e-69
1.18068e-68
4.21645e-68
1.50117e-67
5.32479e-67
1.88161e-66
6.62556e-66
2.32367e-65
8.11701e-65
2.82326e-64
9.77673e-64
3.37023e-63
1.15617e-62
3.94606e-62
1.33951e-61
4.52119e-61
1.5169e-60
5.05656e-60
1.67376e-59
5.49801e-59
1.7911e-58
5.78305e-58
1.84936e-57
5.85352e-57
1.83247e-56
5.66974e-56
1.73259e-55
5.226e-55
1.5551e-54
4.56333e-54
1.32008e-53
3.7637e-53
1.05749e-52
2.92798e-52
7.98925e-52
2.14848e-51
5.69515e-51
1.48835e-50
3.83548e-50
9.74838e-50
2.44418e-49
6.0465e-49
1.47611e-48
3.5567e-48
8.45942e-48
1.98628e-47
4.60436e-47
1.05374e-46
2.38075e-46
5.30974e-46
1.16881e-45
2.53878e-45
5.43985e-45
1.14937e-44
2.39351e-44
4.9097e-44
9.91319e-44
1.96855e-43
3.84079e-43
7.33932e-43
1.36507e-42
2.45427e-42
4.22678e-42
6.88278e-42
1.04055e-41
1.40575e-41
1.56237e-41
5.86365e-88
2.30357e-87
9.07734e-87
3.56865e-86
1.39905e-85
5.47064e-85
2.13337e-84
8.2937e-84
3.21598e-83
1.24391e-82
4.79781e-82
1.8466e-81
7.08877e-81
2.7124e-80
1.03558e-79
3.94349e-79
1.49679e-78
5.66608e-78
2.13902e-77
8.05219e-77
3.02273e-76
1.13132e-75
4.22131e-75
1.57047e-74
5.82743e-74
2.15627e-73
7.95432e-73
2.92542e-72
1.07257e-71
3.9207e-71
1.42915e-70
5.19426e-70
1.88191e-69
6.79587e-69
2.44705e-68
8.78347e-68
3.14224e-67
1.12054e-66
3.98205e-66
1.41024e-65
4.97763e-65
1.75044e-64
6.13078e-64
2.13848e-63
7.42753e-63
2.56799e-62
8.8376e-62
3.02628e-61
1.03076e-60
3.49118e-60
1.17537e-59
3.93129e-59
1.30556e-58
4.30229e-58
1.40597e-57
4.5535e-57
1.46055e-56
4.63661e-56
1.45576e-55
4.51746e-55
1.38467e-54
4.19012e-54
1.25125e-53
3.68605e-53
1.07095e-52
3.0684e-52
8.66882e-52
2.41503e-51
6.63491e-51
1.79785e-50
4.80565e-50
1.26741e-49
3.29872e-49
8.47477e-49
2.14963e-48
5.38448e-48
1.33217e-47
3.25607e-47
7.86357e-47
1.87673e-46
4.42681e-46
1.03211e-45
2.3786e-45
5.41858e-45
1.2201e-44
2.71521e-44
5.97102e-44
1.29729e-43
2.7839e-43
5.899e-43
1.23392e-42
2.5473e-42
5.19072e-42
1.04461e-41
2.06243e-41
3.96765e-41
7.37545e-41
1.30196e-40
2.09728e-40
2.7962e-40
9.42353e-88
3.70565e-87
1.46079e-86
5.74681e-86
2.25523e-85
8.82422e-85
3.4435e-84
1.34023e-83
5.20203e-83
2.01429e-82
7.78038e-82
2.99668e-81
1.15113e-80
4.40948e-80
1.68506e-79
6.42615e-79
2.44267e-78
9.25767e-78
3.49871e-77
1.31849e-76
4.95694e-76
1.85864e-75
6.94613e-75
2.58761e-74
9.61425e-74
3.56253e-73
1.31619e-72
4.84853e-72
1.78094e-71
6.52251e-71
2.38183e-70
8.67243e-70
3.14904e-69
1.1399e-68
4.11346e-68
1.48001e-67
5.30672e-67
1.89701e-66
6.76025e-66
2.40125e-65
8.50167e-65
2.99854e-64
1.05385e-63
3.6897e-63
1.28663e-62
4.46762e-62
1.5443e-61
5.31334e-61
1.81897e-60
6.19409e-60
2.09738e-59
7.05853e-59
2.35982e-58
7.8333e-58
2.58036e-57
8.43017e-57
2.72999e-56
8.75786e-56
2.78162e-55
8.74185e-55
2.71689e-54
8.34614e-54
2.53315e-53
7.59357e-53
2.24763e-52
6.56776e-52
1.8944e-51
5.39347e-51
1.5157e-50
4.20467e-50
1.15152e-49
3.11378e-49
8.3149e-49
2.19309e-48
5.71441e-48
1.47124e-47
3.74353e-47
9.41556e-47
2.3413e-46
5.75687e-46
1.39991e-45
3.36706e-45
8.01095e-45
1.8855e-44
4.3903e-44
1.0113e-43
2.30443e-43
5.19404e-43
1.15786e-42
2.55247e-42
5.56383e-42
1.19917e-41
2.5559e-41
5.3889e-41
1.12234e-40
2.28965e-40
4.54137e-40
8.61745e-40
1.50713e-39
2.21747e-39
1.28628e-87
5.05787e-87
1.99339e-86
7.83597e-86
3.07263e-85
1.20173e-84
4.68864e-84
1.82485e-83
7.08349e-83
2.74178e-82
1.05841e-81
4.0741e-81
1.56387e-80
5.98886e-80
2.28722e-79
8.71201e-79
3.30961e-78
1.25388e-77
4.73622e-77
1.7838e-76
6.70196e-76
2.51116e-75
9.37885e-75
3.49283e-74
1.29704e-73
4.80209e-73
1.77312e-72
6.52814e-72
2.39687e-71
8.77381e-71
3.2014e-70
1.16466e-69
4.22404e-69
1.52785e-68
5.50864e-68
1.98025e-67
7.09814e-67
2.53674e-66
9.03766e-66
3.20907e-65
1.13589e-64
4.00668e-64
1.40838e-63
4.93271e-63
1.72091e-62
5.97966e-62
2.06887e-61
7.12567e-61
2.44266e-60
8.33159e-60
2.8266e-59
9.53465e-59
3.19655e-58
1.06469e-57
3.52158e-57
1.15619e-56
3.76615e-56
1.21655e-55
3.8952e-55
1.23568e-54
3.88201e-54
1.20723e-53
3.7148e-53
1.13069e-52
3.40325e-52
1.01272e-51
2.97889e-51
8.6606e-51
2.48852e-50
7.0669e-50
1.98343e-49
5.50213e-49
1.50871e-48
4.08973e-48
1.0961e-47
2.90495e-47
7.61418e-47
1.97412e-46
5.06354e-46
1.28508e-45
3.22745e-45
8.02218e-45
1.97365e-44
4.80637e-44
1.15865e-43
2.76482e-43
6.53046e-43
1.52667e-42
3.53195e-42
8.08525e-42
1.83115e-41
4.1027e-41
9.09385e-41
1.99466e-40
4.33018e-40
9.23651e-40
1.92332e-39
3.85483e-39
7.19793e-39
1.15496e-38
1.47821e-87
5.80634e-87
2.28524e-86
8.96895e-86
3.51073e-85
1.37071e-84
5.33776e-84
2.07351e-83
8.03392e-83
3.10321e-82
1.19524e-81
4.59104e-81
1.75877e-80
6.72003e-80
2.56023e-79
9.72438e-79
3.68414e-78
1.39223e-77
5.24701e-77
1.97163e-76
7.3865e-76
2.75933e-75
1.02757e-74
3.81634e-74
1.41326e-73
5.21698e-73
1.92022e-72
7.04623e-72
2.57797e-71
9.40428e-71
3.41929e-70
1.23919e-69
4.47807e-69
1.61313e-68
5.7927e-68
2.07404e-67
7.40207e-67
2.63336e-66
9.34377e-66
3.30522e-65
1.16499e-64
4.09323e-64
1.43304e-63
4.99843e-63
1.73718e-62
6.01396e-62
2.0734e-61
7.11749e-61
2.43207e-60
8.27022e-60
2.79758e-59
9.4119e-59
3.14845e-58
1.04693e-57
3.45943e-57
1.13558e-56
3.70177e-56
1.19793e-55
3.84716e-55
1.22575e-54
3.87339e-54
1.21358e-53
3.76885e-53
1.15982e-52
3.53601e-52
1.06778e-51
3.19318e-51
9.45542e-51
2.77215e-50
8.0464e-50
2.31218e-49
6.57763e-49
1.85247e-48
5.16518e-48
1.42592e-47
3.89772e-47
1.05504e-46
2.82822e-46
7.50891e-46
1.9747e-45
5.1442e-45
1.32756e-44
3.39414e-44
8.59705e-44
2.15727e-43
5.36253e-43
1.32038e-42
3.21977e-42
7.77425e-42
1.85821e-41
4.39565e-41
1.02883e-40
2.38221e-40
5.45676e-40
1.23701e-39
2.76336e-39
6.04775e-39
1.28127e-38
2.55601e-38
4.47912e-38
1.42429e-87
5.57812e-87
2.18849e-86
8.56455e-86
3.34252e-85
1.30098e-84
5.04888e-84
1.95375e-83
7.54173e-83
2.90249e-82
1.1136e-81
4.25971e-81
1.62509e-80
6.18273e-80
2.34523e-79
8.87053e-79
3.34534e-78
1.25806e-77
4.7186e-77
1.76477e-76
6.57999e-76
2.44595e-75
9.06447e-75
3.34866e-74
1.23319e-73
4.52694e-73
1.65653e-72
6.04204e-72
2.19636e-71
7.95943e-71
2.87515e-70
1.03498e-69
3.71428e-69
1.32827e-68
4.73434e-68
1.68234e-67
5.958e-67
2.10279e-66
7.39827e-66
2.59484e-65
9.06921e-65
3.15912e-64
1.09653e-63
3.79181e-63
1.30619e-62
4.48218e-62
1.53189e-61
5.21327e-61
1.76608e-60
5.95324e-60
1.99646e-59
6.66028e-59
2.21002e-58
7.29278e-58
2.39276e-57
7.80411e-57
2.52973e-56
8.14821e-56
2.60737e-55
8.28739e-55
2.61603e-54
8.20001e-54
2.55199e-53
7.88468e-53
2.41815e-52
7.36104e-52
2.2239e-51
6.66787e-51
1.98395e-50
5.85777e-50
1.71628e-49
4.98998e-49
1.4397e-48
4.12212e-48
1.17128e-47
3.30298e-47
9.24435e-47
2.56795e-46
7.08029e-46
1.93766e-45
5.2634e-45
1.41909e-44
3.79746e-44
1.00852e-43
2.65786e-43
6.94989e-43
1.80272e-42
4.63735e-42
1.18265e-41
2.98893e-41
7.4826e-41
1.85467e-40
4.54945e-40
1.10398e-39
2.649e-39
6.27982e-39
1.46332e-38
3.31729e-38
7.14529e-38
1.37839e-37
1.13683e-87
4.43333e-87
1.73198e-86
6.74797e-86
2.62171e-85
1.01566e-84
3.92317e-84
1.51086e-83
5.80142e-83
2.22118e-82
8.478e-82
3.22579e-81
1.22363e-80
4.62761e-80
1.74498e-79
6.56107e-79
2.45936e-78
9.18969e-78
3.42364e-77
1.27175e-76
4.7095e-76
1.73826e-75
6.39536e-75
2.34503e-74
8.56937e-74
3.12092e-73
1.13256e-72
4.09612e-72
1.47627e-71
5.30149e-71
1.89742e-70
6.76748e-70
2.40472e-69
8.51326e-69
3.0032e-68
1.05575e-67
3.69827e-67
1.29083e-66
4.48909e-66
1.55539e-65
5.36935e-65
1.84674e-64
6.32718e-64
2.15927e-63
7.33984e-63
2.48456e-62
8.37358e-62
2.80975e-61
9.38463e-61
3.11869e-60
1.03113e-59
3.39201e-59
1.11015e-58
3.61436e-58
1.17044e-57
3.76951e-57
1.20721e-56
3.84413e-56
1.21701e-55
3.83037e-55
1.19846e-54
3.72764e-54
1.1526e-53
3.54303e-53
1.08279e-52
3.29027e-52
9.94197e-52
2.98753e-51
8.92891e-51
2.6545e-50
7.85104e-50
2.31046e-49
6.76662e-49
1.97253e-48
5.72438e-48
1.65412e-47
4.76003e-47
1.36436e-46
3.89565e-46
1.10818e-45
3.14088e-45
8.86982e-45
2.49571e-44
6.99617e-44
1.95368e-43
5.43357e-43
1.50463e-42
4.14685e-42
1.13694e-41
3.09899e-41
8.3919e-41
2.25583e-40
6.01409e-40
1.58858e-39
4.15201e-39
1.07385e-38
2.73792e-38
6.81468e-38
1.62044e-37
3.49484e-37
7.42432e-88
2.88116e-87
1.12005e-86
4.34117e-86
1.6776e-85
6.46338e-85
2.48262e-84
9.50683e-84
3.62855e-83
1.38057e-82
5.23603e-82
1.97951e-81
7.45933e-81
2.80183e-80
1.04911e-79
3.91579e-79
1.45693e-78
5.40327e-78
1.99732e-77
7.3586e-77
2.70201e-76
9.88749e-76
3.60572e-75
1.31026e-74
4.74389e-74
1.71122e-73
6.14914e-73
2.2014e-72
7.85133e-72
2.78932e-71
9.87165e-71
3.48035e-70
1.22207e-69
4.2741e-69
1.48894e-68
5.16625e-68
1.78535e-67
6.14514e-67
2.10667e-66
7.19206e-66
2.44504e-65
8.27756e-65
2.79017e-64
9.36404e-64
3.12895e-63
1.04074e-62
3.44536e-62
1.13524e-61
3.72223e-61
1.21418e-60
3.94097e-60
1.27287e-59
4.09063e-59
1.30793e-58
4.16031e-58
1.31638e-57
4.14312e-57
1.29701e-56
4.03853e-56
1.25074e-55
3.85297e-55
1.18069e-54
3.59946e-54
1.09182e-53
3.29579e-53
9.90246e-53
2.96211e-52
8.82347e-52
2.61803e-51
7.73988e-51
2.28064e-50
6.70019e-50
1.9633e-49
5.7401e-49
1.67521e-48
4.88236e-48
1.42171e-47
4.1384e-47
1.20481e-46
3.50996e-46
1.02381e-45
2.99159e-45
8.76168e-45
2.57327e-44
7.58199e-44
2.24196e-43
6.65446e-43
1.98273e-42
5.92953e-42
1.77918e-41
5.3528e-41
1.61319e-40
4.86364e-40
1.46391e-39
4.38508e-39
1.30347e-38
3.83025e-38
1.09947e-37
3.01166e-37
7.4766e-37
3.84724e-88
1.48591e-87
5.74793e-87
2.21649e-86
8.52016e-86
3.26475e-85
1.247e-84
4.74737e-84
1.80118e-83
6.81052e-83
2.56642e-82
9.63848e-82
3.60747e-81
1.34562e-80
5.00218e-80
1.85314e-79
6.84171e-79
2.51728e-78
9.22928e-78
3.37153e-77
1.22715e-76
4.45016e-76
1.60785e-75
5.78726e-75
2.07488e-74
7.4089e-74
2.63482e-73
9.33152e-73
3.29109e-72
1.15585e-71
4.04211e-71
1.40745e-70
4.87935e-70
1.68415e-69
5.78725e-69
1.97972e-68
6.74128e-68
2.28504e-67
7.71014e-67
2.58932e-66
8.6543e-66
2.87862e-65
9.5278e-65
3.13812e-64
1.02849e-63
3.35362e-63
1.08793e-62
3.51158e-62
1.12747e-61
3.60058e-61
1.14408e-60
3.61719e-60
1.13781e-59
3.56059e-59
1.10844e-58
3.43266e-58
1.05749e-57
3.24086e-57
9.88078e-57
2.99707e-56
9.04516e-56
2.71644e-55
8.11924e-55
2.41573e-54
7.15657e-54
2.11159e-53
6.20717e-53
1.81845e-52
5.31112e-52
1.54708e-51
4.49631e-51
1.30441e-50
3.77915e-50
1.09402e-49
3.16629e-49
9.1672e-49
2.65683e-48
7.71314e-48
2.24467e-47
6.55326e-47
1.92091e-46
5.65841e-46
1.6767e-45
5.00358e-45
1.50572e-44
4.57641e-44
1.40757e-43
4.39185e-43
1.39447e-42
4.52275e-42
1.50496e-41
5.1599e-41
1.82836e-40
6.69017e-40
2.50936e-39
9.51079e-39
3.58245e-38
1.31257e-37
4.51734e-37
1.37021e-36
1.42078e-88
5.4683e-88
2.10772e-87
8.09733e-87
3.10054e-86
1.18329e-85
4.50077e-85
1.70601e-84
6.44374e-84
2.42516e-83
9.09464e-83
3.39836e-82
1.26526e-81
4.69371e-81
1.73489e-80
6.38907e-80
2.34423e-79
8.56957e-79
3.12093e-78
1.13221e-77
4.09138e-77
1.47265e-76
5.2796e-76
1.88515e-75
6.7029e-75
2.373e-74
8.36422e-74
2.93503e-73
1.02525e-72
3.56491e-72
1.23377e-71
4.2496e-71
1.45668e-70
4.96889e-70
1.68658e-69
5.69586e-69
1.9137e-68
6.39642e-68
2.1269e-67
7.03467e-67
2.31412e-66
7.57091e-66
2.46311e-65
7.969e-65
2.56387e-64
8.20171e-64
2.60877e-63
8.25145e-63
2.59477e-62
8.11206e-62
2.52221e-61
7.79967e-61
2.3988e-60
7.33725e-60
2.2321e-59
6.75387e-59
2.03272e-58
6.08579e-58
1.81262e-57
5.37143e-57
1.58387e-56
4.64793e-56
1.35768e-55
3.94859e-55
1.14374e-54
3.30071e-54
9.49379e-54
2.72268e-53
7.7885e-53
2.22332e-52
6.33648e-52
1.80391e-51
5.13266e-51
1.46046e-50
4.15845e-50
1.18566e-49
3.38752e-49
9.70554e-49
2.79064e-48
8.05888e-48
2.33939e-47
6.8327e-47
2.00992e-46
5.96119e-46
1.78473e-45
5.40076e-45
1.65423e-44
5.13697e-44
1.62033e-43
5.20462e-43
1.71094e-42
5.83073e-42
2.12754e-41
8.80689e-41
4.36983e-40
2.56854e-39
1.59863e-38
9.62917e-38
5.11733e-37
2.16744e-36
2.30397e-89
8.87598e-89
3.42673e-88
1.31855e-87
5.05665e-87
1.93273e-86
7.36198e-86
2.79436e-85
1.05679e-84
3.98204e-84
1.49493e-83
5.5915e-83
2.08359e-82
7.73529e-82
2.86095e-81
1.05413e-80
3.86909e-80
1.4147e-79
5.15264e-79
1.86918e-78
6.7531e-78
2.42982e-77
8.70683e-77
3.10706e-76
1.10399e-75
3.90507e-75
1.37501e-74
4.819e-74
1.68094e-73
5.83521e-73
2.01571e-72
6.92834e-72
2.36932e-71
8.0609e-71
2.72824e-70
9.18531e-70
3.0758e-69
1.02436e-68
3.39291e-68
1.11754e-67
3.65991e-67
1.19169e-66
3.85739e-66
1.24124e-65
3.97041e-65
1.26231e-64
3.98878e-64
1.25276e-63
3.90977e-63
1.21244e-62
3.73689e-62
1.14475e-61
3.48514e-61
1.05445e-60
3.17042e-60
9.47322e-60
2.81305e-59
8.30186e-59
2.43513e-58
7.10013e-58
2.05812e-57
5.93247e-57
1.70093e-56
4.85267e-56
1.37814e-55
3.89779e-55
1.09839e-54
3.08547e-54
8.64421e-54
2.41656e-53
6.74505e-53
1.88082e-52
5.24271e-52
1.46181e-51
4.07987e-51
1.14059e-50
3.19637e-50
8.98588e-50
2.53608e-49
7.19103e-49
2.05022e-48
5.88276e-48
1.70036e-47
4.95563e-47
1.45779e-46
4.33264e-46
1.30215e-45
3.96078e-45
1.21989e-44
3.8045e-44
1.20203e-43
3.87089e-43
1.31854e-42
5.18466e-42
2.52755e-41
1.65741e-40
1.66318e-39
2.72409e-38
3.80124e-37
2.919e-36
1.22539e-55
1.03151e-55
9.35103e-56
8.07977e-56
6.75486e-56
5.54877e-56
4.52892e-56
3.70155e-56
3.04466e-56
2.52657e-56
2.11571e-56
1.78398e-56
1.50794e-56
1.26854e-56
1.05078e-56
8.44241e-57
6.44289e-57
4.54453e-57
2.90904e-57
1.88573e-57
5.03721e-54
4.0238e-54
3.38161e-54
2.76787e-54
2.21891e-54
1.76046e-54
1.39485e-54
1.11119e-54
8.94026e-55
7.27988e-55
5.99908e-55
4.991e-55
4.17229e-55
3.47838e-55
2.85988e-55
2.28245e-55
1.72905e-55
1.20586e-55
7.54516e-56
4.68217e-56
2.05714e-52
1.57505e-52
1.23557e-52
9.55056e-53
7.30928e-53
5.57983e-53
4.27876e-53
3.31445e-53
2.60351e-53
2.07713e-53
1.68249e-53
1.3799e-53
1.14017e-53
9.4165e-54
7.68285e-54
6.08979e-54
4.57821e-54
3.15504e-54
1.92693e-54
1.14109e-54
8.15686e-51
6.00576e-51
4.45565e-51
3.26781e-51
2.38748e-51
1.75063e-51
1.29647e-51
9.74542e-52
7.46012e-52
5.82252e-52
4.6301e-52
3.73993e-52
3.05225e-52
2.49611e-52
2.02041e-52
1.59022e-52
1.18605e-52
8.07107e-53
4.80325e-53
2.7037e-53
3.10942e-49
2.21283e-49
1.56591e-49
1.09596e-49
7.66359e-50
5.39997e-50
3.85965e-50
2.81217e-50
2.09535e-50
1.59805e-50
1.24636e-50
9.90755e-51
7.98235e-51
6.46195e-51
5.18815e-51
4.0544e-51
2.99948e-51
2.01436e-51
1.16612e-51
6.21123e-52
1.13228e-47
7.83563e-48
5.32525e-48
3.57435e-48
2.39943e-48
1.62706e-48
1.12277e-48
7.92678e-49
5.74526e-49
4.27863e-49
3.27075e-49
2.55733e-49
2.03333e-49
1.62916e-49
1.29742e-49
1.00673e-49
7.38743e-50
4.89389e-50
2.75123e-50
1.3796e-50
3.92101e-46
2.65528e-46
1.74338e-46
1.12707e-46
7.28435e-47
4.76182e-47
3.17499e-47
2.17238e-47
1.53133e-47
1.11322e-47
8.33763e-48
6.40993e-48
5.02869e-48
3.98781e-48
3.15057e-48
2.42796e-48
1.76746e-48
1.15469e-48
6.29324e-49
2.95382e-49
1.28701e-44
8.58197e-45
5.47184e-45
3.42003e-45
2.13369e-45
1.34697e-45
8.68655e-46
5.76257e-46
3.95128e-46
2.80367e-46
2.05692e-46
1.55462e-46
1.20336e-46
9.44662e-47
7.40627e-47
5.67094e-47
4.09687e-47
2.63919e-47
1.39225e-47
6.07716e-48
3.99382e-43
2.63784e-43
1.64065e-43
9.94627e-44
6.00358e-44
3.66611e-44
2.28926e-44
1.47336e-44
9.83033e-45
6.8084e-45
4.89257e-45
3.63517e-45
2.77659e-45
2.15836e-45
1.67996e-45
1.27879e-45
9.17279e-46
5.82694e-46
2.97082e-46
1.19761e-46
1.16891e-41
7.68997e-42
4.68413e-42
2.76224e-42
1.6164e-42
9.56279e-43
5.7883e-43
3.61632e-43
2.34855e-43
1.58772e-43
1.1176e-43
8.16338e-44
6.1539e-44
4.73859e-44
3.66349e-44
2.77408e-44
1.97707e-44
1.23875e-44
6.0967e-45
2.2538e-45
2.43858e-40
1.61077e-40
9.69205e-41
5.59623e-41
3.18878e-41
1.83047e-41
1.07623e-41
6.54511e-42
4.14495e-42
2.73866e-42
1.88975e-42
1.35814e-42
1.01115e-42
7.72019e-43
5.94593e-43
4.5043e-43
3.22176e-43
2.02937e-43
9.99704e-44
3.57466e-44
2.18052e-39
1.47548e-39
9.02265e-40
5.26713e-40
3.02392e-40
1.74651e-40
1.03245e-40
6.31753e-41
4.02495e-41
2.67647e-41
1.85773e-41
1.34319e-41
1.00616e-41
7.73523e-42
6.00878e-42
4.60281e-42
3.34019e-42
2.14613e-42
1.08713e-42
3.97296e-43
1.28295e-38
8.9641e-39
5.62179e-39
3.35134e-39
1.96031e-39
1.15252e-39
6.9287e-40
4.3083e-40
2.78889e-40
1.8846e-40
1.32831e-40
9.74235e-41
7.3978e-41
5.76437e-41
4.54165e-41
3.53458e-41
2.61512e-41
1.72307e-41
9.02962e-42
3.41909e-42
5.66212e-38
4.11638e-38
2.66582e-38
1.63298e-38
9.79279e-39
5.89743e-39
3.62955e-39
2.30875e-39
1.52768e-39
1.05438e-39
7.58348e-40
5.66917e-40
4.3832e-40
3.47525e-40
2.78646e-40
2.2094e-40
1.67014e-40
1.13029e-40
6.13208e-41
2.40678e-41
1.99987e-37
1.5262e-37
1.02775e-37
6.50623e-38
4.02139e-38
2.49333e-38
1.57877e-38
1.03231e-38
7.01285e-39
4.962e-39
3.65389e-39
2.79261e-39
2.20451e-39
1.78283e-39
1.45762e-39
1.17938e-39
9.11793e-40
6.33903e-40
3.55544e-40
1.44168e-40
5.87412e-37
4.75453e-37
3.35448e-37
2.20795e-37
1.41426e-37
9.07325e-38
5.9378e-38
4.00698e-38
2.80447e-38
2.04033e-38
1.54199e-38
1.20731e-38
9.74755e-39
8.05244e-39
6.7206e-39
5.55261e-39
4.39108e-39
3.13407e-39
1.81362e-39
7.56817e-40
1.47222e-36
1.27893e-36
9.53283e-37
6.56818e-37
4.38657e-37
2.92754e-37
1.98892e-37
1.3901e-37
1.00513e-37
7.53545e-38
5.85432e-38
4.70158e-38
3.88623e-38
3.28187e-38
2.79737e-38
2.36017e-38
1.90832e-38
1.39672e-38
8.32098e-39
3.5611e-39
3.20974e-36
3.03252e-36
2.41025e-36
1.75226e-36
1.22879e-36
8.57929e-37
6.07577e-37
4.41051e-37
3.30089e-37
2.55332e-37
2.0409e-37
1.68212e-37
1.42399e-37
1.22955e-37
1.07033e-37
9.21852e-38
7.6145e-38
5.70709e-38
3.49306e-38
1.52865e-38
6.18758e-36
6.4493e-36
5.52599e-36
4.28278e-36
3.17829e-36
2.33313e-36
1.7274e-36
1.30444e-36
1.01124e-36
8.07318e-37
6.63929e-37
5.61527e-37
4.8674e-37
4.29612e-37
3.81791e-37
3.35464e-37
2.82776e-37
2.16702e-37
1.36002e-37
6.07125e-38
1.07158e-35
1.2511e-35
1.17625e-35
9.82978e-36
7.7636e-36
6.00604e-36
4.65191e-36
3.65381e-36
2.93254e-36
2.41473e-36
2.04174e-36
1.77074e-36
1.5706e-36
1.41614e-36
1.28396e-36
1.14999e-36
9.88117e-37
7.73013e-37
4.96456e-37
2.25681e-37
3.97022e-264
2.93231e-264
2.16127e-264
1.62411e-264
1.2243e-264
9.143e-265
6.73629e-265
4.90775e-265
3.55752e-265
2.58459e-265
1.89298e-265
1.40255e-265
1.05156e-265
7.9571e-266
6.05403e-266
4.62871e-266
3.59403e-266
2.9364e-266
2.69947e-266
2.85785e-266
5.97956e-262
4.39023e-262
3.23156e-262
2.42922e-262
1.83266e-262
1.3699e-262
1.01032e-262
7.36882e-263
5.34778e-263
3.89007e-263
2.8527e-263
2.11619e-263
1.58839e-263
1.20307e-263
9.15955e-264
7.00543e-264
5.43912e-264
4.44216e-264
4.0867e-264
4.35222e-264
8.90868e-260
6.50225e-260
4.78017e-260
3.59486e-260
2.71432e-260
2.03091e-260
1.4994e-260
1.09481e-260
7.95486e-261
5.79384e-261
4.25425e-261
3.15979e-261
2.37442e-261
1.80016e-261
1.3715e-261
1.0493e-261
8.14617e-262
6.65005e-262
6.12175e-262
6.55764e-262
1.32263e-257
9.59946e-258
7.04934e-258
5.30397e-258
4.00825e-258
3.00205e-258
2.21872e-258
1.62185e-258
1.17986e-258
8.6044e-259
6.32615e-259
4.70449e-259
3.53924e-259
2.68587e-259
2.04771e-259
1.56715e-259
1.21654e-259
9.92625e-260
9.14203e-260
9.84713e-260
1.95662e-255
1.41274e-255
1.03643e-255
7.80219e-256
5.90139e-256
4.4244e-256
3.27346e-256
2.39561e-256
1.74489e-256
1.27414e-256
9.37992e-257
6.98408e-257
5.26024e-257
3.99577e-257
3.04846e-257
2.33382e-257
1.81152e-257
1.47736e-257
1.36111e-257
1.47355e-257
2.88426e-253
2.07236e-253
1.51917e-253
1.14427e-253
8.66263e-254
6.50119e-254
4.81529e-254
3.52808e-254
2.57295e-254
1.88124e-254
1.38672e-254
1.0338e-254
7.79527e-255
5.92716e-255
4.52509e-255
3.46546e-255
2.68972e-255
2.1924e-255
2.02016e-255
2.19745e-255
4.23645e-251
3.03006e-251
2.21991e-251
1.67313e-251
1.26777e-251
9.52419e-252
7.0622e-252
5.18047e-252
3.78273e-252
2.76941e-252
2.04407e-252
1.52573e-252
1.15179e-252
8.76619e-253
6.69726e-253
5.1308e-253
3.982e-253
3.2439e-253
2.98895e-253
3.26559e-253
6.20003e-249
4.41586e-249
3.23383e-249
2.43897e-249
1.84975e-249
1.39108e-249
1.03264e-249
7.58388e-250
5.54464e-250
4.06467e-250
3.00398e-250
2.245e-250
1.69672e-250
1.29264e-250
9.88272e-251
7.57401e-251
5.87781e-251
4.78541e-251
4.40843e-251
4.83588e-251
9.04046e-247
6.41428e-247
4.69617e-247
3.54446e-247
2.69065e-247
2.02556e-247
1.50531e-247
1.10684e-247
8.10242e-248
5.9475e-248
4.40114e-248
3.29322e-248
2.49185e-248
1.90031e-248
1.45394e-248
1.11472e-248
8.65032e-249
7.03823e-249
6.48145e-249
7.13577e-249
1.31333e-244
9.28618e-245
6.79827e-245
5.13499e-245
3.90166e-245
2.94026e-245
2.18752e-245
1.61037e-245
1.18031e-245
8.67521e-246
6.42791e-246
4.81575e-246
3.64818e-246
2.78499e-246
2.13244e-246
1.63559e-246
1.26919e-246
1.032e-246
9.49886e-247
1.04916e-246
1.90075e-242
1.33988e-242
9.80976e-243
7.41559e-243
5.63975e-243
4.25455e-243
3.16884e-243
2.33548e-243
1.71389e-243
1.2613e-243
9.35764e-244
7.01945e-244
5.32397e-244
4.06849e-244
3.11765e-244
2.39233e-244
1.8564e-244
1.50851e-244
1.3876e-244
1.53695e-244
2.74035e-240
1.92666e-240
1.41088e-240
1.06742e-240
8.12569e-241
6.13623e-241
4.57531e-241
3.37589e-241
2.48037e-241
1.82769e-241
1.3577e-241
1.01975e-241
7.74375e-242
5.92398e-242
4.54318e-242
3.48781e-242
2.70662e-242
2.19802e-242
2.02032e-242
2.24314e-242
3.93521e-238
2.7607e-238
2.02233e-238
1.53131e-238
1.1668e-238
8.82016e-239
6.58348e-239
4.86297e-239
3.57716e-239
2.63914e-239
1.963e-239
1.47629e-239
1.12246e-239
8.59631e-240
6.59824e-240
5.06805e-240
3.93322e-240
3.19222e-240
2.93158e-240
3.26122e-240
5.62792e-236
3.94142e-236
2.88862e-236
2.18913e-236
1.66955e-236
1.26331e-236
9.43927e-237
6.97988e-237
5.14015e-237
3.79701e-237
2.82789e-237
2.12953e-237
1.6212e-237
1.24301e-237
9.54953e-238
7.33895e-238
5.69633e-238
4.62038e-238
4.23891e-238
4.72246e-238
8.01459e-234
5.60589e-234
4.11092e-234
3.11808e-234
2.38015e-234
1.80275e-234
1.34835e-234
9.98067e-235
7.35844e-235
5.44245e-235
4.05862e-235
3.06034e-235
2.33284e-235
1.79076e-235
1.37708e-235
1.05895e-235
8.22048e-236
6.66377e-236
6.1068e-236
6.81009e-236
1.13636e-231
7.94212e-232
5.82819e-232
4.42436e-232
3.38027e-232
2.56272e-232
1.91866e-232
1.42169e-232
1.04937e-232
7.77077e-233
5.8026e-233
4.38119e-233
3.34403e-233
2.57005e-233
1.9783e-233
1.52225e-233
1.18191e-233
9.57531e-234
8.7644e-234
9.77872e-234
1.6041e-229
1.1207e-229
8.23046e-230
6.25337e-230
4.78184e-230
3.62878e-230
2.71952e-230
2.01721e-230
1.49055e-230
1.10513e-230
8.26323e-231
6.24737e-231
4.77467e-231
3.67399e-231
2.83091e-231
2.17978e-231
1.69276e-231
1.37064e-231
1.25295e-231
1.39808e-231
2.25443e-227
1.57498e-227
1.15767e-227
8.80326e-228
6.73751e-228
5.11781e-228
3.83923e-228
2.85063e-228
2.10869e-228
1.56541e-228
1.17203e-228
8.87277e-229
6.79006e-229
5.23111e-229
4.03488e-229
3.10904e-229
2.41495e-229
1.95434e-229
1.78415e-229
1.9903e-229
3.15474e-225
2.20443e-225
1.62179e-225
1.23429e-225
9.45456e-226
7.18853e-226
5.39791e-226
4.01207e-226
2.97117e-226
2.20844e-226
1.65568e-226
1.25511e-226
9.61732e-227
7.41809e-227
5.72791e-227
4.4169e-227
3.43177e-227
2.77576e-227
2.53053e-227
2.82142e-227
4.39605e-223
3.07301e-223
2.26283e-223
1.72359e-223
1.32135e-223
1.00559e-223
7.55862e-224
5.62397e-224
4.16967e-224
3.10312e-224
2.32955e-224
1.76833e-224
1.35676e-224
1.04776e-224
8.09904e-225
6.25028e-225
4.8578e-225
3.92713e-225
3.57512e-225
3.98318e-225
6.10077e-221
4.26687e-221
3.14475e-221
2.3973e-221
1.83931e-221
1.40106e-221
1.05418e-221
7.85218e-222
5.82854e-222
4.34307e-222
3.26486e-222
2.48167e-222
1.9066e-222
1.47414e-222
1.14072e-222
8.81051e-223
6.85004e-223
5.53479e-223
5.03148e-223
5.60091e-223
8.43316e-219
5.90162e-219
4.35341e-219
3.32135e-219
2.5503e-219
1.94441e-219
1.46453e-219
1.09212e-219
8.11608e-220
6.05521e-220
4.55843e-220
3.4697e-220
2.6692e-220
2.06616e-220
1.6006e-220
1.23727e-220
9.62301e-221
7.77135e-221
7.05457e-221
7.84536e-221
1.16127e-216
8.13192e-217
6.00378e-217
4.58408e-217
3.52266e-217
2.68818e-217
2.02697e-217
1.51328e-217
1.12595e-217
8.4111e-218
6.341e-218
4.83337e-218
3.72327e-218
2.88542e-218
2.23761e-218
1.73111e-218
1.34689e-218
1.08718e-218
9.85497e-219
1.09483e-218
1.59316e-214
1.11638e-214
8.24921e-215
6.30353e-215
4.84777e-215
3.70274e-215
2.79494e-215
2.08914e-215
1.55643e-215
1.16416e-215
8.78882e-216
6.70899e-216
5.1752e-216
4.01538e-216
3.11701e-216
2.41342e-216
1.87844e-216
1.51548e-216
1.37179e-216
1.52232e-216
2.17769e-212
1.52706e-212
1.12934e-212
8.6366e-213
6.64717e-213
5.08166e-213
3.83982e-213
2.87368e-213
2.14379e-213
1.60568e-213
1.21389e-213
9.27954e-214
7.16788e-214
5.56826e-214
4.32698e-214
3.35297e-214
2.61062e-214
2.10514e-214
1.90283e-214
2.10922e-214
2.96593e-210
2.08133e-210
1.54056e-210
1.1791e-210
9.0819e-211
6.94912e-211
5.25663e-211
3.93881e-211
2.94237e-211
2.20698e-211
1.6708e-211
1.27901e-211
9.89303e-212
7.69491e-212
5.98577e-212
4.64224e-212
3.61578e-212
2.91416e-212
2.6303e-212
2.91217e-212
4.02497e-208
2.82662e-208
2.09401e-208
1.60402e-208
1.23648e-208
9.46929e-209
7.17054e-209
5.37956e-209
4.02415e-209
3.02273e-209
2.29164e-209
1.75685e-209
1.3607e-209
1.05967e-209
8.25197e-210
6.40541e-210
4.99089e-210
4.02028e-210
3.62333e-210
4.00673e-210
5.4424e-206
3.82498e-206
2.83606e-206
2.17432e-206
1.67753e-206
1.28578e-206
9.74615e-207
7.32091e-207
5.48415e-207
4.12541e-207
3.1322e-207
2.40475e-207
1.86504e-207
1.45429e-207
1.13375e-207
8.80822e-208
6.86553e-208
5.5272e-208
4.97397e-208
5.49329e-208
7.33209e-204
5.15719e-204
3.82722e-204
2.93678e-204
2.26777e-204
1.73972e-204
1.31999e-204
9.92729e-205
7.4473e-205
5.61037e-205
4.26587e-205
3.27998e-205
2.54759e-205
1.98911e-205
1.55233e-205
1.20708e-205
9.41179e-206
7.57271e-206
6.80425e-206
7.5047e-206
9.84141e-202
6.92793e-202
5.14595e-202
3.95224e-202
3.05464e-202
2.34561e-202
1.78146e-202
1.34138e-202
1.00767e-202
7.60231e-203
5.78921e-203
4.45852e-203
3.46797e-203
2.7111e-203
2.11808e-203
1.64848e-203
1.28578e-203
1.03392e-203
9.27527e-204
1.02159e-203
1.31602e-199
9.27222e-200
6.89372e-200
5.29955e-200
4.09962e-200
3.15112e-200
2.39571e-200
1.80597e-200
1.35847e-200
1.02649e-200
7.82926e-201
6.03906e-201
4.70411e-201
3.68238e-201
2.88008e-201
2.24352e-201
1.75047e-201
1.40668e-201
1.25988e-201
1.38565e-201
1.75319e-197
1.23634e-197
9.20094e-198
7.08014e-198
5.48204e-198
4.21773e-198
3.21002e-198
2.42275e-198
1.82491e-198
1.38103e-198
1.05501e-198
8.15065e-199
6.35843e-199
4.98415e-199
3.9026e-199
3.04275e-199
2.37473e-199
1.90707e-199
1.70517e-199
1.87259e-199
2.3267e-195
1.6423e-195
1.22344e-195
9.42386e-196
7.30371e-196
5.62477e-196
4.28552e-196
3.2384e-196
2.44274e-196
1.85137e-196
1.41654e-196
1.09614e-196
8.56408e-197
6.72233e-197
5.26961e-197
4.11215e-197
3.2102e-197
2.57622e-197
2.29949e-197
2.52134e-197
3.076e-193
2.17327e-193
1.62068e-193
1.24966e-193
9.69486e-194
7.4739e-194
5.70085e-194
4.3131e-194
3.25765e-194
2.47282e-194
1.89505e-194
1.46886e-194
1.14939e-194
9.03453e-195
7.09019e-195
5.53754e-195
4.32406e-195
3.46758e-195
3.08959e-195
3.38223e-195
4.051e-191
2.86495e-191
2.13879e-191
1.65092e-191
1.28211e-191
9.89402e-192
7.55542e-192
5.72317e-192
4.32831e-192
3.29053e-192
2.526e-192
1.96134e-192
1.53707e-192
1.20985e-192
9.50567e-193
7.43041e-193
5.80339e-193
4.65033e-193
4.13582e-193
4.52006e-193
5.31444e-189
3.76225e-189
2.81178e-189
2.17278e-189
1.68914e-189
1.30482e-189
9.97523e-190
7.56554e-190
5.72979e-190
4.36303e-190
3.35501e-190
2.60938e-190
2.04803e-190
1.61433e-190
1.26983e-190
9.93398e-191
7.76019e-191
6.2135e-191
5.51572e-191
6.01786e-191
6.94473e-187
4.9214e-187
3.68228e-187
2.84861e-187
2.21688e-187
1.71428e-187
1.31203e-187
9.96391e-188
7.55741e-188
5.76424e-188
4.43989e-188
3.45871e-188
2.71882e-188
2.14613e-188
1.69008e-188
1.32316e-188
1.03384e-188
8.27139e-189
7.32845e-189
7.98156e-189
9.03938e-185
6.41244e-185
4.80352e-185
3.72023e-185
2.89828e-185
2.24366e-185
1.71921e-185
1.3074e-185
9.9312e-186
7.58694e-186
5.85389e-186
4.5675e-186
3.59601e-186
2.84246e-186
2.24099e-186
1.75583e-186
1.37221e-186
1.09699e-186
9.70024e-187
1.05456e-186
1.17191e-182
8.32224e-183
6.24166e-183
4.83968e-183
3.77445e-183
2.92517e-183
2.24423e-183
1.70891e-183
1.30018e-183
9.9492e-184
7.68924e-184
6.00923e-184
4.73864e-184
3.75066e-184
2.96036e-184
2.32125e-184
1.81456e-184
1.44943e-184
1.2791e-184
1.38798e-184
1.51325e-180
1.07578e-180
8.07833e-181
6.27127e-181
4.89634e-181
3.79887e-181
2.91821e-181
2.22528e-181
1.6958e-181
1.29981e-181
1.0062e-181
7.87671e-182
6.2208e-182
4.93057e-182
3.89586e-182
3.05721e-182
2.39051e-182
1.90789e-182
1.68021e-182
1.81974e-182
1.94611e-178
1.38504e-178
1.04139e-178
8.09426e-179
6.32677e-179
4.91435e-179
3.77997e-179
2.88673e-179
2.20342e-179
1.69169e-179
1.31176e-179
1.02857e-179
8.1353e-180
6.45709e-180
5.10767e-180
4.01151e-180
3.13742e-180
2.50184e-180
2.19862e-180
2.37651e-180
2.49263e-176
1.77599e-176
1.33709e-176
1.04059e-176
8.14326e-177
6.33259e-177
4.87734e-177
3.7303e-177
2.85206e-177
2.19344e-177
1.70355e-177
1.33793e-177
1.05987e-177
8.42403e-178
6.67111e-178
5.24391e-178
4.10212e-178
3.26814e-178
2.86582e-178
3.09143e-178
3.17961e-174
2.26808e-174
1.70986e-174
1.33245e-174
1.04403e-174
8.1283e-175
6.26869e-175
4.80162e-175
3.67737e-175
2.83296e-175
2.20386e-175
1.73363e-175
1.3755e-175
1.09476e-175
8.67982e-176
6.82868e-176
5.34279e-176
4.25264e-176
3.72089e-176
4.00546e-176
4.03931e-172
2.88472e-172
2.17772e-172
1.69934e-172
1.33323e-172
1.03923e-172
8.02521e-173
6.15647e-173
4.72292e-173
3.64459e-173
2.84013e-173
2.23772e-173
1.77807e-173
1.41711e-173
1.12498e-173
8.85818e-174
6.9318e-174
5.51222e-174
4.81206e-174
5.16898e-174
5.11029e-170
3.65397e-170
2.76236e-170
2.15854e-170
1.69567e-170
1.32341e-170
1.02331e-170
7.86242e-171
6.04197e-171
4.67043e-171
3.64568e-171
2.8769e-171
2.28931e-171
1.82714e-171
1.45237e-171
1.14463e-171
8.95855e-172
7.11692e-172
6.19849e-172
6.64356e-172
6.43833e-168
4.60922e-168
3.48962e-168
2.7307e-168
2.14788e-168
1.67849e-168
1.29966e-168
1.00011e-168
7.69846e-169
5.96115e-169
4.66119e-169
3.68396e-169
2.93598e-169
2.34657e-169
1.8677e-169
1.47324e-169
1.15322e-169
9.15237e-170
7.95231e-170
8.50398e-170
8.07743e-166
5.78994e-166
4.3901e-166
3.44037e-166
2.70964e-166
2.12019e-166
1.64405e-166
1.26709e-166
9.76925e-167
7.57774e-167
5.93541e-167
4.69871e-167
3.75045e-167
3.00188e-167
2.39232e-167
1.8886e-167
1.47858e-167
1.17228e-167
1.0161e-167
1.08405e-167
1.00909e-163
7.24257e-164
5.49998e-164
4.31654e-164
3.40435e-164
2.66731e-164
2.07116e-164
1.59883e-164
1.23469e-164
9.59323e-165
7.52705e-165
5.96875e-165
4.77186e-165
3.82501e-165
3.05206e-165
2.41132e-165
1.88811e-165
1.49545e-165
1.29299e-165
1.37616e-165
1.25523e-161
9.02123e-162
6.86162e-162
5.39335e-162
4.25935e-162
3.34172e-162
2.59843e-162
2.00897e-162
1.554e-162
1.20956e-162
9.50701e-163
7.55143e-163
6.04699e-163
4.85421e-163
3.87799e-163
3.06627e-163
2.40133e-163
1.89993e-163
1.63854e-163
1.73963e-163
1.55465e-159
1.11884e-159
8.52398e-160
6.71044e-160
5.30663e-160
4.16894e-160
3.24627e-160
2.51373e-160
1.94773e-160
1.51876e-160
1.1959e-160
9.51531e-161
7.63169e-161
6.13532e-161
4.9072e-161
3.88317e-161
3.04149e-161
2.40386e-161
2.06779e-161
2.18978e-161
1.91702e-157
1.38155e-157
1.05434e-157
8.3135e-158
6.58353e-158
5.1789e-158
4.03846e-158
3.13206e-158
2.43099e-158
1.89909e-158
1.49819e-158
1.19409e-158
9.59214e-159
7.72232e-159
6.18396e-159
4.89738e-159
3.83633e-159
3.02884e-159
2.59854e-159
2.74466e-159
2.35331e-155
1.69842e-155
1.29842e-155
1.02549e-155
8.13264e-156
6.40614e-156
5.00263e-156
3.88609e-156
3.02142e-156
2.36484e-156
1.86908e-156
1.4922e-156
1.20055e-156
9.67854e-157
7.76031e-157
6.15092e-157
4.81887e-157
3.80042e-157
3.25174e-157
3.42535e-157
2.87583e-153
2.07861e-153
1.59196e-153
1.25945e-153
1.00026e-153
7.89005e-154
6.17017e-154
4.80107e-154
3.73966e-154
2.93227e-154
2.32184e-154
1.85686e-154
1.49615e-154
1.20791e-154
9.69794e-155
7.6931e-155
6.0278e-155
4.74858e-155
4.05182e-155
4.25631e-155
3.49827e-151
2.53237e-151
1.94312e-151
1.53993e-151
1.22484e-151
9.67535e-152
7.57767e-152
5.90581e-152
4.60844e-152
3.62034e-152
2.87182e-152
2.30058e-152
1.85661e-152
1.50124e-152
1.20685e-152
9.58111e-153
7.50809e-153
5.9081e-153
5.02702e-153
5.26563e-153
4.2357e-149
3.07102e-149
2.36098e-149
1.87443e-149
1.49321e-149
1.18126e-149
9.26563e-150
7.2331e-150
5.65387e-150
4.45027e-150
3.53664e-150
2.83791e-150
2.29421e-150
1.85793e-150
1.49535e-150
1.18811e-150
9.31186e-151
7.31916e-151
6.20973e-151
6.48528e-151
5.1045e-147
3.70696e-147
2.85561e-147
2.27129e-147
1.81222e-147
1.43571e-147
1.12782e-147
8.81854e-148
6.90586e-148
5.44612e-148
4.33632e-148
3.48608e-148
2.82285e-148
2.28927e-148
1.84478e-148
1.46696e-148
1.14989e-148
9.0277e-149
7.6368e-149
7.95139e-149
6.1222e-145
4.4535e-145
3.43785e-145
2.73958e-145
2.18932e-145
1.73695e-145
1.36651e-145
1.07024e-145
8.39716e-146
6.63528e-146
5.29372e-146
4.26352e-146
3.45798e-146
2.80845e-146
2.26593e-146
1.80335e-146
1.41374e-146
1.1086e-146
9.34983e-147
9.70444e-147
7.30719e-143
5.32474e-143
4.11923e-143
3.28892e-143
2.63261e-143
2.09173e-143
1.64817e-143
1.29309e-143
1.01647e-143
8.04798e-144
6.4334e-144
5.19068e-144
4.21701e-144
3.4301e-144
2.77081e-144
2.20702e-144
1.7304e-144
1.35528e-144
1.13954e-144
1.17893e-144
8.67863e-141
6.33549e-141
4.91204e-141
3.92973e-141
3.15078e-141
2.50729e-141
1.97876e-141
1.55517e-141
1.22493e-141
9.71713e-142
7.78229e-142
6.29075e-142
5.11932e-142
4.17015e-142
3.37285e-142
2.68889e-142
2.1085e-142
1.64941e-142
1.38252e-142
1.42552e-142
1.02561e-138
7.50109e-139
5.82923e-139
4.67304e-139
3.75305e-139
2.99123e-139
2.36456e-139
1.8617e-139
1.46924e-139
1.16782e-139
9.37031e-140
7.58795e-140
6.18577e-140
5.04678e-140
4.08713e-140
3.26118e-140
2.55762e-140
1.99826e-140
1.66956e-140
1.71553e-140
1.20592e-136
8.83697e-137
6.88391e-137
5.53015e-137
4.44898e-137
3.55149e-137
2.81207e-137
2.21813e-137
1.75377e-137
1.39682e-137
1.12292e-137
9.10959e-138
7.43972e-138
6.0799e-138
4.93023e-138
3.93726e-138
3.08818e-138
2.40975e-138
2.00676e-138
2.05462e-138
1.41067e-134
1.03582e-134
8.08914e-135
6.51239e-135
5.2482e-135
4.19625e-135
3.32811e-135
2.63005e-135
2.08335e-135
1.66263e-135
1.33928e-135
1.08868e-135
8.90685e-136
7.2905e-136
5.91948e-136
4.73125e-136
3.71141e-136
2.89239e-136
2.40059e-136
2.44872e-136
1.64162e-132
1.20793e-132
9.45768e-133
7.63109e-133
6.16044e-133
4.93363e-133
3.91948e-133
3.10322e-133
2.46317e-133
1.9697e-133
1.58989e-133
1.29499e-133
1.06126e-133
8.70046e-134
7.07323e-134
5.6585e-134
4.43933e-134
3.45518e-134
2.85781e-134
2.90392e-134
1.90033e-130
1.40134e-130
1.10016e-130
8.89721e-131
7.19528e-131
5.77171e-131
4.59323e-131
3.64363e-131
2.89817e-131
2.32238e-131
1.87839e-131
1.53291e-131
1.25847e-131
1.03334e-131
8.41142e-132
6.73531e-132
5.28455e-132
4.10756e-132
3.38549e-132
3.42644e-132
2.1881e-128
1.61722e-128
1.27321e-128
1.0321e-128
8.36187e-129
6.71853e-129
5.35646e-129
4.25724e-129
3.39302e-129
2.7248e-129
2.20849e-129
1.80587e-129
1.48519e-129
1.22136e-129
9.95467e-130
7.97811e-130
6.2601e-130
4.85939e-130
3.99081e-130
4.02246e-130
2.50594e-126
1.85655e-126
1.46589e-126
1.19117e-126
9.6689e-127
7.78176e-127
6.21502e-127
4.94967e-127
3.95284e-127
3.18111e-127
2.58401e-127
2.11724e-127
1.74427e-127
1.43655e-127
1.17237e-127
9.40393e-128
7.3796e-128
5.72082e-128
4.68109e-128
4.69805e-128
2.85447e-124
2.12002e-124
1.67902e-124
1.36775e-124
1.11236e-124
8.96811e-125
7.17492e-125
5.7254e-125
4.5825e-125
3.69589e-125
3.0087e-125
2.47011e-125
2.03844e-125
1.68136e-125
1.37395e-125
1.10304e-125
8.65711e-126
6.70212e-126
5.46349e-126
5.45899e-126
3.23386e-122
2.40806e-122
1.91318e-122
1.56248e-122
1.27322e-122
1.0283e-122
8.24214e-123
6.58968e-123
5.28578e-123
4.27298e-123
3.48591e-123
2.86759e-123
2.37062e-123
1.95832e-123
1.60231e-123
1.28753e-123
1.01064e-123
7.81339e-124
6.34494e-124
6.31051e-124
3.64378e-120
2.72074e-120
2.16871e-120
1.77581e-120
1.44994e-120
1.17309e-120
9.42071e-121
7.54746e-121
6.0668e-121
4.9153e-121
4.01894e-121
3.31293e-121
2.74358e-121
2.2699e-121
1.85946e-121
1.49552e-121
1.17408e-121
9.06448e-122
7.33197e-122
7.25723e-122
4.0834e-118
3.05774e-118
2.4457e-118
2.008e-118
1.64282e-118
1.33155e-118
1.07137e-118
8.60154e-119
6.92944e-119
5.62654e-119
4.61102e-119
3.80885e-119
3.15976e-119
2.61814e-119
2.14735e-119
1.7287e-119
1.35735e-119
1.04647e-119
8.43048e-120
8.30289e-120
4.55132e-116
3.41839e-116
2.74392e-116
2.25907e-116
1.85202e-116
1.50389e-116
1.21236e-116
9.75447e-117
7.876e-117
6.40989e-117
5.26468e-117
4.35747e-117
3.62154e-117
3.00516e-117
2.46798e-117
1.98866e-117
1.56166e-117
1.20227e-117
9.64565e-118
9.45022e-118
5.04564e-114
3.80165e-114
3.06288e-114
2.52882e-114
2.0775e-114
1.6901e-114
1.36514e-114
1.10078e-114
8.90831e-115
7.26684e-115
5.98171e-115
4.96148e-115
4.13111e-115
3.43319e-115
2.82311e-115
2.27678e-115
1.78812e-115
1.37462e-115
1.09818e-115
1.07008e-115
5.56394e-112
4.20609e-112
3.40179e-112
2.81677e-112
2.31894e-112
1.89e-112
1.52957e-112
1.23614e-112
1.00282e-112
8.19951e-113
6.76471e-113
5.62279e-113
4.69018e-113
3.9037e-113
3.21407e-113
2.59427e-113
2.0377e-113
1.56419e-113
1.24421e-113
1.20549e-113
6.10322e-110
4.62988e-110
3.75949e-110
3.12214e-110
2.57576e-110
2.10329e-110
1.70564e-110
1.38156e-110
1.12356e-110
9.20912e-111
7.61497e-111
6.34227e-111
5.29979e-111
4.41775e-111
3.64188e-111
2.94203e-111
2.31118e-111
1.77148e-111
1.40284e-111
1.35111e-111
6.66004e-108
5.07081e-108
4.13453e-108
3.44392e-108
2.84737e-108
2.32951e-108
1.89299e-108
1.5369e-108
1.25291e-108
1.02947e-108
8.53155e-109
7.12012e-109
5.9604e-109
4.97608e-109
4.10733e-109
3.3208e-109
2.60911e-109
1.9968e-109
1.57408e-109
1.50659e-109
7.23037e-106
5.52627e-106
4.52512e-106
3.78078e-106
3.13272e-106
2.56788e-106
2.09092e-106
1.7016e-106
1.39066e-106
1.14545e-106
9.51391e-107
7.95544e-107
6.67207e-107
5.57885e-107
4.61054e-107
3.73093e-107
2.93173e-107
2.24022e-107
1.75772e-107
1.67137e-107
7.80953e-104
5.99311e-104
4.92899e-104
4.13091e-104
3.43037e-104
2.81722e-104
2.2987e-104
1.8751e-104
1.53647e-104
1.26852e-104
1.05601e-104
8.84702e-105
7.43374e-105
6.22489e-105
5.15112e-105
4.17222e-105
3.27882e-105
2.50148e-105
1.95332e-105
1.84467e-105
8.39217e-102
6.46766e-102
5.34339e-102
4.49209e-102
3.73856e-102
3.07614e-102
2.51526e-102
2.05664e-102
1.68967e-102
1.39826e-102
1.16652e-102
9.79265e-103
8.24302e-103
6.91257e-103
5.72813e-103
4.64395e-103
3.64974e-103
2.78e-103
2.16021e-103
2.0254e-103
8.97221e-100
6.94564e-100
5.76502e-100
4.86164e-100
4.05512e-100
3.34304e-100
2.73913e-100
2.24506e-100
1.84918e-100
1.53403e-100
1.28257e-100
1.07882e-100
9.09622e-101
7.63976e-101
6.33969e-101
5.1447e-101
4.0434e-101
3.07481e-101
2.37737e-101
2.21223e-101
9.54286e-98
7.42222e-98
6.19003e-98
5.23636e-98
4.37735e-98
3.61589e-98
2.96879e-98
2.43897e-98
2.01394e-98
1.6749e-98
1.40363e-98
1.1828e-98
9.98901e-99
8.40286e-99
6.98288e-99
5.67217e-99
4.45803e-99
3.38448e-99
2.60347e-99
2.40348e-99
1.00968e-95
7.89203e-96
6.61411e-96
5.61257e-96
4.70215e-96
3.89211e-96
3.2024e-96
2.63686e-96
2.18267e-96
1.81989e-96
1.52857e-96
1.29044e-96
1.09163e-96
9.19733e-97
7.65399e-97
6.22318e-97
4.89121e-97
3.70711e-97
2.83682e-97
2.59716e-97
1.06263e-93
8.34931e-94
7.03249e-94
5.98621e-94
5.02612e-94
4.16867e-94
3.43735e-94
2.83709e-94
2.35409e-94
1.96768e-94
1.6562e-94
1.40089e-94
1.18715e-94
1.00178e-94
8.34796e-95
6.79366e-95
5.33981e-95
4.04021e-95
3.0753e-95
2.7909e-95
1.11232e-91
8.78798e-92
7.43999e-92
6.35281e-92
5.34557e-92
4.44253e-92
3.67108e-92
3.03739e-92
2.52658e-92
2.11675e-92
1.78544e-92
1.51322e-92
1.28456e-92
1.08566e-92
9.05852e-93
7.37866e-93
5.79979e-93
4.38067e-93
3.31638e-93
2.98205e-93
1.15798e-89
9.20198e-90
7.8314e-90
6.70774e-90
5.65657e-90
4.71059e-90
3.90104e-90
3.23529e-90
2.69788e-90
2.26555e-90
1.91503e-90
1.62621e-90
1.38281e-90
1.17048e-90
9.77918e-91
7.97255e-91
6.26643e-91
4.72486e-91
3.55719e-91
3.16763e-91
1.19885e-87
9.58545e-88
8.20162e-88
7.04645e-88
5.95491e-88
4.96918e-88
4.12424e-88
3.4285e-88
2.86577e-88
2.41215e-88
2.04329e-88
1.73843e-88
1.48077e-88
1.2554e-88
1.05024e-88
8.56878e-89
6.73444e-89
5.06867e-89
3.7945e-89
3.34446e-89
1.23423e-85
9.93271e-86
8.54555e-86
7.3644e-86
6.2365e-86
5.21453e-86
4.33762e-86
3.61444e-86
3.02834e-86
2.55467e-86
2.16848e-86
1.84852e-86
1.57738e-86
1.33947e-86
1.12186e-86
9.15934e-87
7.19773e-87
5.4075e-87
4.02477e-87
3.50917e-87
1.26351e-83
1.02385e-83
8.85816e-84
7.65703e-84
6.49778e-84
5.44364e-84
4.53844e-84
3.79065e-84
3.18346e-84
2.69109e-84
2.28899e-84
1.95514e-84
1.67141e-84
1.42139e-84
1.19175e-84
9.73607e-85
7.64958e-85
5.73623e-85
4.24416e-85
3.65823e-85
1.28619e-81
1.04986e-81
9.13515e-82
7.9203e-82
6.73542e-82
5.65418e-82
4.72437e-82
3.95487e-82
3.32868e-82
2.8198e-82
2.40329e-82
2.05672e-82
1.7613e-82
1.49988e-82
1.25885e-82
1.02901e-82
8.08288e-83
6.04939e-83
4.44858e-83
3.78805e-83
1.302e-79
1.07099e-79
9.3733e-80
8.15123e-80
6.9467e-80
5.84368e-80
4.89311e-80
4.10492e-80
3.46236e-80
2.93914e-80
2.50975e-80
2.15174e-80
1.84558e-80
1.5737e-80
1.32204e-80
1.08117e-80
8.48989e-81
6.34115e-81
4.63371e-81
3.89501e-81
1.31087e-77
1.0871e-77
9.57071e-78
8.34788e-78
7.12977e-78
6.00999e-78
5.04292e-78
4.23939e-78
3.58299e-78
3.04729e-78
2.60667e-78
2.23857e-78
1.92288e-78
1.64158e-78
1.38018e-78
1.12912e-78
8.8626e-79
6.60521e-79
4.79497e-79
3.97546e-79
1.313e-75
1.09826e-75
9.72721e-76
8.50965e-76
7.28361e-76
6.15207e-76
5.17266e-76
4.35696e-76
3.68898e-76
3.14264e-76
2.69247e-76
2.31573e-76
1.99187e-76
1.70229e-76
1.43218e-76
1.17189e-76
9.19264e-77
6.835e-77
4.92757e-77
4.02584e-77
1.30893e-73
1.10474e-73
9.84452e-74
8.63767e-74
7.40871e-74
6.26982e-74
5.28158e-74
4.45645e-74
3.77911e-74
3.22403e-74
2.76598e-74
2.38208e-74
2.05125e-74
1.75451e-74
1.47684e-74
1.20843e-74
9.47134e-75
7.02362e-75
5.02658e-75
4.04275e-75
1.29954e-71
1.10712e-71
9.92671e-72
8.73506e-72
7.50718e-72
6.36435e-72
5.36999e-72
4.53757e-72
3.85267e-72
3.29055e-72
2.82619e-72
2.4364e-72
2.0997e-72
1.79696e-72
1.51292e-72
1.23764e-72
9.68955e-73
7.16404e-73
5.08705e-73
4.02313e-73
1.2862e-69
1.10635e-69
9.98117e-70
8.80761e-70
7.58321e-70
6.43836e-70
5.43932e-70
4.60079e-70
3.90947e-70
3.34147e-70
2.87193e-70
2.47733e-70
2.13586e-70
1.82827e-70
1.53913e-70
1.25839e-70
9.83805e-71
7.2493e-71
5.1042e-71
3.96436e-71
1.27082e-67
1.10382e-67
1.00197e-67
8.86444e-68
7.64341e-68
6.49617e-68
5.49204e-68
4.64722e-68
3.94963e-68
3.37621e-68
2.90214e-68
2.50353e-68
2.15827e-68
1.847e-68
1.55415e-68
1.26952e-68
9.90749e-69
7.27249e-69
5.07337e-69
3.86436e-69
1.25619e-65
1.10162e-65
1.00595e-65
8.91892e-66
7.69733e-66
6.54402e-66
5.53176e-66
4.67854e-66
3.97353e-66
3.39423e-66
2.91571e-66
2.51357e-66
2.16539e-66
1.85163e-66
1.55658e-66
1.26985e-66
9.88843e-67
7.2267e-67
4.99014e-67
3.72172e-67
1.24648e-63
1.10276e-63
1.01258e-63
8.98995e-64
7.75806e-64
6.59014e-64
5.56308e-64
4.69683e-64
3.98155e-64
3.39488e-64
2.91134e-64
2.50586e-64
2.15553e-64
1.84056e-64
1.54499e-64
1.25816e-64
9.77141e-65
7.10525e-65
4.85059e-65
3.53591e-65
1.24839e-61
1.11181e-61
1.02546e-61
9.10372e-62
7.84277e-62
6.64465e-62
5.59118e-62
4.70409e-62
3.97371e-62
3.377e-62
2.88731e-62
2.47845e-62
2.12678e-62
1.81203e-62
1.51787e-62
1.23325e-62
9.54735e-63
6.90203e-63
4.65169e-63
3.30763e-63
1.27384e-59
1.13587e-59
1.04986e-59
9.29566e-60
7.97286e-60
6.71895e-60
5.62098e-60
4.70134e-60
3.94896e-60
3.33853e-60
2.84118e-60
2.42892e-60
2.07694e-60
1.76418e-60
1.47371e-60
1.19395e-60
9.2082e-61
6.61221e-61
4.39195e-61
3.03927e-61
1.347e-57
1.1866e-57
1.09358e-57
9.6128e-58
8.1732e-58
6.82374e-58
5.65516e-58
4.68721e-58
3.90413e-58
3.27581e-58
2.76945e-58
2.35424e-58
2.00353e-58
1.69507e-58
1.4111e-58
1.13931e-58
8.74805e-59
6.2333e-59
4.07221e-59
2.73529e-59
1.71141e-35
2.32288e-35
2.43563e-35
2.20593e-35
1.8565e-35
1.51387e-35
1.22672e-35
1.00227e-35
8.32954e-36
7.07573e-36
6.15276e-36
5.47317e-36
4.96875e-36
4.57788e-36
4.2354e-36
3.86709e-36
3.38636e-36
2.70356e-36
1.77722e-36
8.24088e-37
4.30397e-35
6.73165e-35
7.76435e-35
7.56626e-35
6.76676e-35
5.81315e-35
4.93065e-35
4.19449e-35
3.61338e-35
3.17003e-35
2.83788e-35
2.59202e-35
2.41122e-35
2.27284e-35
2.14857e-35
2.00214e-35
1.78817e-35
1.4571e-35
9.79518e-36
4.61341e-36
1.22353e-34
2.08272e-34
2.54694e-34
2.60828e-34
2.43785e-34
2.17883e-34
1.91551e-34
1.68334e-34
1.49342e-34
1.34566e-34
1.2343e-34
1.1527e-34
1.09469e-34
1.05224e-34
1.01338e-34
9.61116e-35
8.72964e-35
7.23563e-35
4.95466e-35
2.3638e-35
3.82188e-34
6.82837e-34
8.64606e-34
9.14503e-34
8.81299e-34
8.10582e-34
7.32107e-34
6.59781e-34
5.99133e-34
5.5156e-34
5.15952e-34
4.90633e-34
4.73925e-34
4.63019e-34
4.52958e-34
4.36068e-34
4.01734e-34
3.37751e-34
2.34902e-34
1.13356e-34
1.27311e-33
2.33953e-33
3.02356e-33
3.26426e-33
3.21128e-33
3.01389e-33
2.77633e-33
2.5501e-33
2.35774e-33
2.2073e-33
2.097e-33
2.02283e-33
1.98065e-33
1.96076e-33
1.94306e-33
1.89407e-33
1.76576e-33
1.50226e-33
1.05866e-33
5.16224e-34
4.424e-33
8.26595e-33
1.08122e-32
1.18233e-32
1.17914e-32
1.12222e-32
1.04851e-32
9.76789e-33
9.15582e-33
8.68341e-33
8.34872e-33
8.14301e-33
8.0581e-33
8.06107e-33
8.07195e-33
7.94941e-33
7.48401e-33
6.43063e-33
4.58251e-33
2.25632e-33
1.57958e-32
2.97978e-32
3.92525e-32
4.32629e-32
4.35354e-32
4.18309e-32
3.94781e-32
3.7164e-32
3.51992e-32
3.37157e-32
3.27129e-32
3.21765e-32
3.20994e-32
3.23728e-32
3.26853e-32
3.24571e-32
3.08041e-32
2.6688e-32
1.91983e-32
9.53977e-33
5.73509e-32
1.08726e-31
1.43799e-31
1.59247e-31
1.61192e-31
1.55887e-31
1.48168e-31
1.40564e-31
1.34187e-31
1.29506e-31
1.26523e-31
1.25239e-31
1.25697e-31
1.27551e-31
1.29613e-31
1.29562e-31
1.23769e-31
1.07969e-31
7.82924e-32
3.92456e-32
2.10218e-31
3.99206e-31
5.29071e-31
5.87555e-31
5.96991e-31
5.7988e-31
5.53938e-31
5.28544e-31
5.07609e-31
4.92724e-31
4.83877e-31
4.81252e-31
4.85169e-31
4.94581e-31
5.05051e-31
5.07486e-31
4.87325e-31
4.27519e-31
3.1213e-31
1.57782e-31
7.73942e-31
1.46869e-30
1.94787e-30
2.16671e-30
2.2069e-30
2.14997e-30
2.06112e-30
1.97522e-30
1.90581e-30
1.85803e-30
1.83179e-30
1.82836e-30
1.84923e-30
1.89136e-30
1.93855e-30
1.95575e-30
1.8857e-30
1.6618e-30
1.2204e-30
6.21965e-31
2.8513e-30
5.39749e-30
7.15725e-30
7.96845e-30
8.12876e-30
7.9346e-30
7.62613e-30
7.33302e-30
7.10106e-30
6.946e-30
6.86859e-30
6.87448e-30
6.96867e-30
7.14351e-30
7.34138e-30
7.42958e-30
7.18599e-30
6.35538e-30
4.69104e-30
2.40993e-30
1.04831e-29
1.97702e-29
2.61956e-29
2.91766e-29
2.97909e-29
2.91172e-29
2.80375e-29
2.70311e-29
2.62524e-29
2.57504e-29
2.5521e-29
2.55891e-29
2.59776e-29
2.6671e-29
2.74631e-29
2.78581e-29
2.7009e-29
2.39542e-29
1.7761e-29
9.19683e-30
3.83875e-29
7.20574e-29
9.53594e-29
1.06216e-28
1.0852e-28
1.06168e-28
1.02364e-28
9.88925e-29
9.62847e-29
9.46559e-29
9.39477e-29
9.43109e-29
9.58439e-29
9.84998e-29
1.01559e-28
1.03198e-28
1.00233e-28
8.90994e-29
6.63353e-29
3.46206e-29
1.39809e-28
2.61027e-28
3.44887e-28
3.84081e-28
3.92626e-28
3.84379e-28
3.70926e-28
3.58954e-28
3.50185e-28
3.44798e-28
3.42629e-28
3.44238e-28
3.50039e-28
3.59986e-28
3.71509e-28
3.77941e-28
3.67574e-28
3.2738e-28
2.44674e-28
1.28704e-28
5.05902e-28
9.38952e-28
1.23827e-27
1.37849e-27
1.40991e-27
1.38116e-27
1.33358e-27
1.29188e-27
1.2622e-27
1.2445e-27
1.23807e-27
1.24445e-27
1.26553e-27
1.30214e-27
1.34481e-27
1.36908e-27
1.33284e-27
1.18915e-27
8.91976e-28
4.72905e-28
1.8173e-27
3.35154e-27
4.41048e-27
4.90733e-27
5.02188e-27
4.92311e-27
4.75611e-27
4.60963e-27
4.50795e-27
4.44864e-27
4.42941e-27
4.45587e-27
4.53302e-27
4.66239e-27
4.81687e-27
4.90725e-27
4.78105e-27
4.27224e-27
3.2158e-27
1.71845e-27
6.4765e-27
1.18646e-26
1.55768e-26
1.73204e-26
1.77311e-26
1.73926e-26
1.68163e-26
1.63098e-26
1.59552e-26
1.57493e-26
1.56917e-26
1.57949e-26
1.60767e-26
1.65336e-26
1.70787e-26
1.74058e-26
1.69701e-26
1.51865e-26
1.14701e-26
6.17812e-27
2.28877e-26
4.16386e-26
5.45322e-26
6.0588e-26
6.20233e-26
6.08743e-26
5.89206e-26
5.71835e-26
5.59559e-26
5.52291e-26
5.50581e-26
5.54387e-26
5.64292e-26
5.80548e-26
5.99575e-26
6.11063e-26
5.96128e-26
5.34242e-26
4.04852e-26
2.19808e-26
8.0174e-26
1.44815e-25
1.89176e-25
2.09992e-25
2.14916e-25
2.11039e-25
2.04513e-25
1.98618e-25
1.94337e-25
1.9176e-25
1.9127e-25
1.92708e-25
1.9617e-25
2.01785e-25
2.08396e-25
2.1237e-25
2.07272e-25
1.86011e-25
1.41425e-25
7.74014e-26
2.78271e-25
4.9895e-25
6.50053e-25
7.2086e-25
7.37607e-25
7.24689e-25
7.02975e-25
6.82987e-25
6.68311e-25
6.59519e-25
6.5789e-25
6.63054e-25
6.75398e-25
6.94584e-25
7.17044e-25
7.30573e-25
7.13302e-25
6.40993e-25
4.88946e-25
2.69756e-25
9.56674e-25
1.70253e-24
2.21199e-24
2.45043e-24
2.50684e-24
2.46424e-24
2.39181e-24
2.32455e-24
2.2759e-24
2.24654e-24
2.24075e-24
2.25898e-24
2.30214e-24
2.36753e-24
2.44241e-24
2.48734e-24
2.42926e-24
2.18595e-24
1.67294e-24
9.30459e-25
3.25698e-24
5.75233e-24
7.45246e-24
8.2473e-24
8.43522e-24
8.29481e-24
8.05453e-24
7.83354e-24
7.67354e-24
7.57516e-24
7.55622e-24
7.61896e-24
7.7672e-24
7.9889e-24
8.23501e-24
8.38012e-24
8.18677e-24
7.37732e-24
5.66479e-24
3.1764e-24
1.09785e-23
1.92412e-23
2.48559e-23
2.7478e-23
2.80963e-23
2.76337e-23
2.68519e-23
2.61342e-23
2.56095e-23
2.52855e-23
2.52226e-23
2.54301e-23
2.59321e-23
2.66679e-23
2.74711e-23
2.79408e-23
2.73063e-23
2.46409e-23
1.89835e-23
1.07321e-23
3.6633e-23
6.37079e-23
8.20556e-23
9.06125e-23
9.26247e-23
9.11197e-23
8.85968e-23
8.6274e-23
8.45941e-23
8.35265e-23
8.3328e-23
8.40331e-23
8.56534e-23
8.80136e-23
9.06487e-23
9.21889e-23
9.01359e-23
8.14488e-23
6.29544e-23
3.58841e-23
1.20986e-22
2.08764e-22
2.68071e-22
2.95684e-22
3.02206e-22
2.97362e-22
2.89191e-22
2.81775e-22
2.76487e-22
2.7305e-22
2.72473e-22
2.7473e-22
2.79863e-22
2.87349e-22
2.95903e-22
3.0095e-22
2.94381e-22
2.6637e-22
2.06563e-22
1.18715e-22
3.95426e-22
6.76933e-22
8.66525e-22
9.5467e-22
9.75596e-22
9.60084e-22
9.33958e-22
9.10424e-22
8.93653e-22
8.83254e-22
8.8169e-22
8.88345e-22
9.04398e-22
9.28244e-22
9.55605e-22
9.7188e-22
9.51073e-22
8.61723e-22
6.70448e-22
3.88515e-22
1.27878e-21
2.1717e-21
2.77102e-21
3.04912e-21
3.11522e-21
3.06664e-21
2.98418e-21
2.90904e-21
2.85641e-21
2.82555e-21
2.82168e-21
2.84216e-21
2.89171e-21
2.96596e-21
3.05255e-21
3.10425e-21
3.039e-21
2.75712e-21
2.15225e-21
1.25758e-21
4.09134e-21
6.89198e-21
8.76502e-21
9.63206e-21
9.83797e-21
9.68844e-21
9.42903e-21
9.19245e-21
9.02954e-21
8.93642e-21
8.92815e-21
8.99389e-21
9.14765e-21
9.37509e-21
9.64414e-21
9.80462e-21
9.60166e-21
8.72322e-21
6.83243e-21
4.02563e-21
1.29474e-20
2.16316e-20
2.74188e-20
3.00902e-20
3.07218e-20
3.02636e-20
2.946e-20
2.87258e-20
2.82217e-20
2.79449e-20
2.79313e-20
2.81371e-20
2.86104e-20
2.93075e-20
3.01304e-20
3.06198e-20
2.9996e-20
2.72908e-20
2.14481e-20
1.27433e-20
4.05156e-20
6.71296e-20
8.47984e-20
9.29329e-20
9.48541e-20
9.34595e-20
9.10012e-20
8.87568e-20
8.72134e-20
8.64014e-20
8.63805e-20
8.70116e-20
8.8457e-20
9.05568e-20
9.30411e-20
9.45427e-20
9.26646e-20
8.44249e-20
6.65745e-20
3.9888e-20
1.2533e-19
2.05918e-19
2.59206e-19
2.83667e-19
2.89451e-19
2.85264e-19
2.77891e-19
2.71136e-19
2.66477e-19
2.64041e-19
2.64014e-19
2.66004e-19
2.70361e-19
2.7657e-19
2.83957e-19
2.88535e-19
2.82997e-19
2.58206e-19
2.04301e-19
1.23441e-19
3.83167e-19
6.24235e-19
7.82995e-19
8.55666e-19
8.72769e-19
8.60324e-19
8.38652e-19
8.18659e-19
8.0462e-19
7.97238e-19
7.97515e-19
8.03941e-19
8.16751e-19
8.34987e-19
8.56717e-19
8.70273e-19
8.54102e-19
7.80502e-19
6.19706e-19
3.77616e-19
1.15756e-18
1.86983e-18
2.33703e-18
2.55037e-18
2.60041e-18
2.56363e-18
2.50007e-18
2.44186e-18
2.40056e-18
2.37889e-18
2.38027e-18
2.40024e-18
2.43826e-18
2.4913e-18
2.55455e-18
2.59435e-18
2.54733e-18
2.33147e-18
1.85771e-18
1.14168e-18
3.45487e-18
5.53309e-18
6.89078e-18
7.50903e-18
7.65383e-18
7.5476e-18
7.36354e-18
7.19559e-18
7.07523e-18
7.01249e-18
7.01729e-18
7.0773e-18
7.18903e-18
7.34269e-18
7.52535e-18
7.64278e-18
7.50799e-18
6.88184e-18
5.50288e-18
3.41104e-18
1.0185e-17
1.61717e-17
2.00666e-17
2.18345e-17
2.22495e-17
2.19511e-17
2.14274e-17
2.0943e-17
2.05951e-17
2.04214e-17
2.04324e-17
2.06054e-17
2.09264e-17
2.13762e-17
2.19012e-17
2.22407e-17
2.18612e-17
2.0068e-17
1.6104e-17
1.00692e-17
2.96541e-17
4.6678e-17
5.77075e-17
6.26996e-17
6.38743e-17
6.30406e-17
6.15666e-17
6.01948e-17
5.92109e-17
5.87283e-17
5.87414e-17
5.9237e-17
6.01606e-17
6.14483e-17
6.29463e-17
6.39216e-17
6.28631e-17
5.7793e-17
4.65463e-17
2.93599e-17
8.52583e-17
1.3304e-16
1.63871e-16
1.77783e-16
1.81041e-16
1.78724e-16
1.7466e-16
1.70834e-16
1.68091e-16
1.66706e-16
1.66746e-16
1.68155e-16
1.70766e-16
1.74372e-16
1.78597e-16
1.81395e-16
1.78484e-16
1.64325e-16
1.32836e-16
8.45351e-17
2.42016e-16
3.7436e-16
4.59402e-16
4.97631e-16
5.06536e-16
5.00209e-16
4.89106e-16
4.78598e-16
4.71021e-16
4.67105e-16
4.67292e-16
4.71261e-16
4.78454e-16
4.88413e-16
5.00195e-16
5.08081e-16
5.00173e-16
4.61169e-16
3.74198e-16
2.40274e-16
6.78147e-16
1.0398e-15
1.2712e-15
1.37483e-15
1.39875e-15
1.38149e-15
1.35173e-15
1.32358e-15
1.30254e-15
1.29158e-15
1.29249e-15
1.30342e-15
1.32315e-15
1.35037e-15
1.38261e-15
1.40422e-15
1.38292e-15
1.27704e-15
1.04021e-15
6.73972e-16
1.87539e-15
2.85025e-15
3.47128e-15
3.74822e-15
3.81122e-15
3.76439e-15
3.68562e-15
3.61105e-15
3.55436e-15
3.52464e-15
3.52756e-15
3.5577e-15
3.61035e-15
3.68328e-15
3.77061e-15
3.82879e-15
3.77195e-15
3.48865e-15
2.85287e-15
1.86532e-15
5.11761e-15
7.70913e-15
9.3527e-15
1.00821e-14
1.02451e-14
1.01194e-14
9.91181e-15
9.71516e-15
9.56627e-15
9.4908e-15
9.49876e-15
9.57959e-15
9.71738e-15
9.90841e-15
1.01413e-14
1.02973e-14
1.01482e-14
9.40075e-15
7.71806e-15
5.09281e-15
1.3777e-14
2.05691e-14
2.48574e-14
2.67499e-14
2.71643e-14
2.68303e-14
2.62848e-14
2.57725e-14
2.53974e-14
2.52047e-14
2.52235e-14
2.54304e-14
2.57912e-14
2.62913e-14
2.68974e-14
2.73081e-14
2.69248e-14
2.49814e-14
2.05919e-14
1.37134e-14
3.65792e-14
5.41238e-14
6.51493e-14
6.99871e-14
7.10229e-14
7.01363e-14
6.87223e-14
6.74338e-14
6.64869e-14
6.59893e-14
6.60304e-14
6.65509e-14
6.74885e-14
6.87874e-14
7.03515e-14
7.1399e-14
7.04202e-14
6.54435e-14
5.41652e-14
3.64077e-14
9.5759e-14
1.40408e-13
1.68333e-13
1.80514e-13
1.83052e-13
1.80732e-13
1.77158e-13
1.73939e-13
1.7154e-13
1.70312e-13
1.70403e-13
1.71672e-13
1.74072e-13
1.77378e-13
1.81366e-13
1.84e-13
1.81528e-13
1.68974e-13
1.40435e-13
9.52788e-14
2.47098e-13
3.59008e-13
4.28657e-13
4.58856e-13
4.64976e-13
4.5906e-13
4.50087e-13
4.42076e-13
4.36286e-13
4.33219e-13
4.33324e-13
4.36415e-13
4.42315e-13
4.50634e-13
4.60664e-13
4.67263e-13
4.61143e-13
4.29949e-13
3.58826e-13
2.45737e-13
6.283e-13
9.04455e-13
1.07548e-12
1.14916e-12
1.16367e-12
1.1488e-12
1.12661e-12
1.10714e-12
1.09326e-12
1.08583e-12
1.08586e-12
1.09308e-12
1.10704e-12
1.12748e-12
1.15252e-12
1.16895e-12
1.15408e-12
1.07783e-12
9.03324e-13
6.24477e-13
1.57369e-12
2.24436e-12
2.65761e-12
2.83452e-12
2.86819e-12
2.83144e-12
2.77779e-12
2.7313e-12
2.69815e-12
2.68091e-12
2.68056e-12
2.69671e-12
2.7293e-12
2.7783e-12
2.83932e-12
2.87998e-12
2.84462e-12
2.66129e-12
2.23996e-12
1.56321e-12
3.88112e-12
5.48354e-12
6.46592e-12
6.88379e-12
6.96085e-12
6.87195e-12
6.74402e-12
6.63463e-12
6.5568e-12
6.51687e-12
6.51607e-12
6.55152e-12
6.62619e-12
6.74165e-12
6.88749e-12
6.98655e-12
6.90434e-12
6.47056e-12
5.4696e-12
3.85353e-12
9.42159e-12
1.31869e-11
1.54831e-11
1.64544e-11
1.66298e-11
1.64185e-11
1.61195e-11
1.58646e-11
1.56823e-11
1.55896e-11
1.55888e-11
1.56695e-11
1.58376e-11
1.61064e-11
1.64501e-11
1.66846e-11
1.64966e-11
1.54878e-11
1.31486e-11
9.35239e-12
2.25052e-11
3.12035e-11
3.64789e-11
3.87002e-11
3.90951e-11
3.86031e-11
3.79181e-11
3.7328e-11
3.69046e-11
3.66918e-11
3.66991e-11
3.68792e-11
3.72556e-11
3.78771e-11
3.86713e-11
3.92127e-11
3.87889e-11
3.64838e-11
3.11093e-11
2.23401e-11
5.28826e-11
7.26301e-11
8.4542e-11
8.95362e-11
9.04057e-11
8.92873e-11
8.77335e-11
8.63934e-11
8.54353e-11
8.49651e-11
8.49758e-11
8.53777e-11
8.62357e-11
8.76415e-11
8.94334e-11
9.06753e-11
8.9738e-11
8.45583e-11
7.24191e-11
5.2507e-11
1.22202e-10
1.66246e-10
1.92668e-10
2.03687e-10
2.05556e-10
2.03063e-10
1.99599e-10
1.96646e-10
1.94545e-10
1.93503e-10
1.93484e-10
1.94429e-10
1.96313e-10
1.99432e-10
2.03411e-10
2.06219e-10
2.04195e-10
1.92758e-10
1.65816e-10
1.21388e-10
2.77613e-10
3.74079e-10
4.31616e-10
4.55457e-10
4.59427e-10
4.53967e-10
4.46374e-10
4.39964e-10
4.35506e-10
4.33296e-10
4.33278e-10
4.35324e-10
4.39417e-10
4.46202e-10
4.54897e-10
4.61088e-10
4.56792e-10
4.32009e-10
3.7329e-10
2.7593e-10
6.19806e-10
8.27205e-10
9.50181e-10
1.0008e-09
1.0091e-09
9.97327e-10
9.80939e-10
9.67137e-10
9.57933e-10
9.53477e-10
9.53795e-10
9.57985e-10
9.66801e-10
9.81398e-10
9.99976e-10
1.01325e-09
1.00423e-09
9.51543e-10
8.25946e-10
6.16497e-10
1.35956e-09
1.7971e-09
2.05499e-09
2.16046e-09
2.17727e-09
2.15214e-09
2.11755e-09
2.08859e-09
2.06964e-09
2.06119e-09
2.06259e-09
2.07167e-09
2.09004e-09
2.12091e-09
2.15973e-09
2.18751e-09
2.16891e-09
2.0591e-09
1.79556e-09
1.3534e-09
2.92909e-09
3.83445e-09
4.36486e-09
4.58029e-09
4.61333e-09
4.56024e-09
4.48862e-09
4.42982e-09
4.39225e-09
4.37646e-09
4.3795e-09
4.39892e-09
4.43734e-09
4.50061e-09
4.58002e-09
4.63791e-09
4.60109e-09
4.37648e-09
3.83395e-09
2.91838e-09
6.19584e-09
8.03259e-09
9.10199e-09
9.53307e-09
9.59652e-09
9.48668e-09
9.3413e-09
9.22444e-09
9.15302e-09
9.12148e-09
9.12782e-09
9.16823e-09
9.24652e-09
9.37308e-09
9.53349e-09
9.65285e-09
9.58294e-09
9.13254e-09
8.03741e-09
6.17868e-09
1.28628e-08
1.65144e-08
1.86268e-08
1.94718e-08
1.95912e-08
1.93699e-08
1.90809e-08
1.88501e-08
1.8716e-08
1.86552e-08
1.86667e-08
1.87502e-08
1.8908e-08
1.91571e-08
1.94741e-08
1.97129e-08
1.95835e-08
1.86999e-08
1.65345e-08
1.28371e-08
2.61984e-08
3.33091e-08
3.73958e-08
3.90177e-08
3.92372e-08
3.87983e-08
3.82292e-08
3.77877e-08
3.75395e-08
3.74261e-08
3.74471e-08
3.76088e-08
3.79266e-08
3.84124e-08
3.90262e-08
3.94873e-08
3.925e-08
3.75543e-08
3.33628e-08
2.61606e-08
5.233e-08
6.58854e-08
7.36257e-08
7.66724e-08
7.70579e-08
7.61926e-08
7.51006e-08
7.42919e-08
7.38325e-08
7.36288e-08
7.36639e-08
7.39546e-08
7.45742e-08
7.55112e-08
7.66843e-08
7.75611e-08
7.71301e-08
7.39429e-08
6.6002e-08
5.22706e-08
1.02465e-07
1.27746e-07
1.42088e-07
1.47684e-07
1.48333e-07
1.46663e-07
1.44628e-07
1.43149e-07
1.42328e-07
1.41984e-07
1.42011e-07
1.42535e-07
1.43687e-07
1.45472e-07
1.47671e-07
1.49314e-07
1.48547e-07
1.42684e-07
1.27968e-07
1.02358e-07
1.96581e-07
2.42675e-07
2.6865e-07
2.78697e-07
2.79775e-07
2.76653e-07
2.72916e-07
2.70233e-07
2.68788e-07
2.68161e-07
2.6819e-07
2.69148e-07
2.7124e-07
2.74532e-07
2.78589e-07
2.81599e-07
2.80257e-07
2.69716e-07
2.43056e-07
1.96359e-07
3.69336e-07
4.51441e-07
4.97397e-07
5.15021e-07
5.16759e-07
5.11108e-07
5.0447e-07
4.99704e-07
4.97095e-07
4.95873e-07
4.95915e-07
4.9762e-07
5.01403e-07
5.07309e-07
5.14622e-07
5.20057e-07
5.17772e-07
4.99235e-07
4.52047e-07
3.68855e-07
6.79172e-07
8.21948e-07
9.01331e-07
9.31515e-07
9.34186e-07
9.24343e-07
9.12953e-07
9.0465e-07
8.9994e-07
8.9767e-07
8.97631e-07
9.00425e-07
9.07103e-07
9.17532e-07
9.30418e-07
9.40055e-07
9.3629e-07
9.04454e-07
8.22899e-07
6.78194e-07
1.22171e-06
1.46393e-06
1.5977e-06
1.64813e-06
1.65221e-06
1.63567e-06
1.61648e-06
1.60253e-06
1.59421e-06
1.58996e-06
1.58968e-06
1.59431e-06
1.60563e-06
1.62363e-06
1.64583e-06
1.66241e-06
1.65635e-06
1.60303e-06
1.46553e-06
1.21996e-06
2.14854e-06
2.54912e-06
2.76884e-06
2.85104e-06
2.85751e-06
2.83087e-06
2.79926e-06
2.77586e-06
2.76145e-06
2.75436e-06
2.75338e-06
2.76114e-06
2.77981e-06
2.80993e-06
2.84702e-06
2.8748e-06
2.86533e-06
2.77825e-06
2.55223e-06
2.14597e-06
3.6922e-06
4.33754e-06
4.68913e-06
4.8199e-06
4.83053e-06
4.78892e-06
4.73807e-06
4.69972e-06
4.67542e-06
4.66399e-06
4.66307e-06
4.67572e-06
4.70497e-06
4.75328e-06
4.81351e-06
4.85892e-06
4.84477e-06
4.70617e-06
4.34419e-06
3.6895e-06
6.19711e-06
7.20913e-06
7.75696e-06
7.95989e-06
7.97735e-06
7.91339e-06
7.83398e-06
7.77456e-06
7.73541e-06
7.71628e-06
7.71655e-06
7.73779e-06
7.78269e-06
7.85674e-06
7.95084e-06
8.02254e-06
8.00196e-06
7.78736e-06
7.22316e-06
6.19641e-06
1.01544e-05
1.16981e-05
1.25285e-05
1.28353e-05
1.28627e-05
1.27668e-05
1.26491e-05
1.25588e-05
1.24989e-05
1.24703e-05
1.24718e-05
1.25067e-05
1.25755e-05
1.26846e-05
1.28242e-05
1.29331e-05
1.29036e-05
1.25806e-05
1.17256e-05
1.01599e-05
1.62369e-05
1.85247e-05
1.97482e-05
2.01995e-05
2.02413e-05
2.01025e-05
1.99335e-05
1.98005e-05
1.97147e-05
1.96747e-05
1.96808e-05
1.97348e-05
1.98349e-05
1.99908e-05
2.01902e-05
2.03474e-05
2.03053e-05
1.98326e-05
1.85741e-05
1.62548e-05
2.5325e-05
2.86159e-05
3.03669e-05
3.10119e-05
3.10744e-05
3.08828e-05
3.06444e-05
3.04572e-05
3.03417e-05
3.02895e-05
3.03024e-05
3.03805e-05
3.05223e-05
3.07371e-05
3.10124e-05
3.12286e-05
3.11668e-05
3.04949e-05
2.86972e-05
2.53628e-05
3.85131e-05
4.31036e-05
4.55338e-05
4.64286e-05
4.6522e-05
4.62682e-05
4.59424e-05
4.56904e-05
4.55378e-05
4.54764e-05
4.55002e-05
4.56064e-05
4.57978e-05
4.60818e-05
4.64482e-05
4.67353e-05
4.66445e-05
4.57167e-05
4.32268e-05
3.85783e-05
5.70834e-05
6.32852e-05
6.6554e-05
6.77581e-05
6.78936e-05
6.7567e-05
6.71441e-05
6.68143e-05
6.66136e-05
6.65486e-05
6.65956e-05
6.67336e-05
6.6972e-05
6.73333e-05
6.7802e-05
6.81701e-05
6.80413e-05
6.67992e-05
6.34575e-05
5.71813e-05
8.24309e-05
9.05367e-05
9.47924e-05
9.63606e-05
9.65469e-05
9.61412e-05
9.56141e-05
9.51991e-05
9.49531e-05
9.48778e-05
9.49488e-05
9.51227e-05
9.54122e-05
9.58573e-05
9.64329e-05
9.6883e-05
9.67062e-05
9.50985e-05
9.07585e-05
8.25618e-05
0.000115931
0.000126166
0.000131519
0.000133489
0.000133735
0.000133255
0.000132626
0.00013212
0.00013182
0.000131731
0.000131823
0.000132029
0.00013237
0.00013291
0.000133598
0.000134124
0.000133887
0.000131875
0.000126428
0.000116088
0.000158751
0.00017121
0.000177707
0.000180096
0.000180406
0.000179858
0.000179128
0.000178531
0.000178175
0.000178071
0.000178163
0.000178398
0.000178805
0.000179438
0.000180235
0.000180831
0.000180527
0.000178094
0.000171494
0.000158915
0.000211616
0.00022621
0.000233805
0.000236592
0.000236962
0.000236348
0.000235514
0.000234838
0.000234437
0.000234304
0.000234387
0.000234653
0.000235124
0.000235845
0.00023674
0.000237399
0.000237032
0.000234195
0.00022649
0.000211761
0.000274569
0.000290971
0.000299505
0.00030263
0.000303044
0.000302362
0.00030143
0.000300688
0.000300237
0.000300079
0.000300166
0.000300458
0.000300978
0.000301763
0.000302748
0.000303467
0.000303049
0.00029987
0.00029122
0.000274661
0.000346736
0.000364387
0.000373585
0.000376952
0.000377394
0.00037664
0.000375627
0.000374816
0.000374319
0.000374137
0.000374228
0.000374539
0.000375117
0.000375956
0.000376992
0.00037777
0.000377323
0.000373899
0.000364582
0.000346761
0.000426216
0.000444374
0.000453859
0.000457337
0.000457789
0.000456996
0.000455929
0.000455048
0.000454504
0.000454291
0.000454381
0.00045472
0.000455335
0.000456233
0.000457306
0.000458104
0.000457642
0.000454109
0.000444509
0.000426179
0.000510148
0.000527965
0.000537298
0.00054073
0.000541184
0.000540403
0.000539328
0.000538414
0.000537834
0.000537596
0.000537669
0.000538019
0.000538656
0.000539584
0.000540665
0.000541443
0.000540973
0.000537488
0.000528047
0.000510068
0.000594968
0.000611605
0.000620346
0.000623573
0.000624013
0.000623293
0.000622279
0.000621401
0.000620826
0.000620579
0.000620628
0.000620963
0.000621588
0.000622485
0.000623503
0.000624219
0.00062376
0.000620483
0.000611649
0.00059487
0.000676827
0.000691575
0.000699346
0.000702231
0.000702644
0.000702026
0.000701141
0.000700364
0.000699845
0.000699609
0.000699642
0.000699938
0.000700501
0.0007013
0.00070219
0.000702801
0.000702369
0.000699443
0.000691595
0.000676731
0.000752107
0.000764482
0.000771026
0.000773474
0.00077385
0.000773363
0.000772646
0.00077201
0.000771579
0.000771378
0.000771401
0.000771645
0.000772109
0.000772764
0.000773484
0.000773964
0.00077357
0.000771091
0.00076449
0.000752025
0.000817924
0.000827718
0.000832917
0.000834883
0.000835215
0.000834864
0.000834326
0.000833843
0.000833513
0.000833358
0.000833375
0.00083356
0.000833913
0.000834408
0.000834947
0.000835293
0.000834948
0.000832958
0.00082772
0.000817861
0.000872484
0.000879761
0.00088364
0.000885129
0.000885405
0.000885175
0.000884803
0.000884465
0.000884232
0.000884121
0.000884133
0.000884263
0.000884511
0.000884857
0.000885229
0.000885455
0.00088517
0.000883666
0.000879761
0.000872439
0.000915227
0.000920278
0.000922984
0.000924039
0.000924254
0.000924116
0.000923879
0.000923661
0.00092351
0.000923438
0.000923446
0.00092353
0.00092369
0.000923912
0.000924149
0.000924284
0.000924064
0.000923
0.000920277
0.000915197
0.000946755
0.000950014
0.00095177
0.000952464
0.000952618
0.000952544
0.000952405
0.000952276
0.000952187
0.000952144
0.000952149
0.000952199
0.000952293
0.000952425
0.000952564
0.000952636
0.000952479
0.000951779
0.000950013
0.000946735
0.000968561
0.000970507
0.000971561
0.000971983
0.000972083
0.000972048
0.000971973
0.000971904
0.000971855
0.000971833
0.000971835
0.000971862
0.000971913
0.000971984
0.000972059
0.000972093
0.000971991
0.000971565
0.000970506
0.000968549
0.000982642
0.000983712
0.000984293
0.00098453
0.000984589
0.000984574
0.000984537
0.000984503
0.000984479
0.000984468
0.000984469
0.000984483
0.000984508
0.000984543
0.000984579
0.000984594
0.000984533
0.000984296
0.000983711
0.000982636
0.000991091
0.000991629
0.000991922
0.000992043
0.000992074
0.000992069
0.000992052
0.000992037
0.000992027
0.000992022
0.000992022
0.000992028
0.000992039
0.000992055
0.000992071
0.000992077
0.000992044
0.000991923
0.000991628
0.000991088
0.000995777
0.000996023
0.000996157
0.000996212
0.000996227
0.000996226
0.000996219
0.000996213
0.000996209
0.000996207
0.000996207
0.00099621
0.000996214
0.00099622
0.000996227
0.000996228
0.000996213
0.000996157
0.000996022
0.000995776
0.000998166
0.000998266
0.000998321
0.000998344
0.00099835
0.00099835
0.000998348
0.000998346
0.000998344
0.000998343
0.000998343
0.000998344
0.000998346
0.000998348
0.000998351
0.000998351
0.000998344
0.000998321
0.000998266
0.000998165
0.000999276
0.000999312
0.000999332
0.000999341
0.000999343
0.000999343
0.000999343
0.000999342
0.000999341
0.000999341
0.000999341
0.000999341
0.000999342
0.000999343
0.000999343
0.000999343
0.000999341
0.000999332
0.000999312
0.000999276
0.000999743
0.000999755
0.000999761
0.000999764
0.000999764
0.000999765
0.000999764
0.000999764
0.000999764
0.000999764
0.000999764
0.000999764
0.000999764
0.000999764
0.000999765
0.000999765
0.000999764
0.000999761
0.000999755
0.000999743
0.000999919
0.000999922
0.000999924
0.000999925
0.000999925
0.000999925
0.000999925
0.000999925
0.000999925
0.000999925
0.000999925
0.000999925
0.000999925
0.000999925
0.000999925
0.000999925
0.000999925
0.000999924
0.000999922
0.000999919
0.000999978
0.000999979
0.000999979
0.000999979
0.000999979
0.000999979
0.000999979
0.000999979
0.000999979
0.000999979
0.000999979
0.000999979
0.000999979
0.000999979
0.000999979
0.000999979
0.000999979
0.000999979
0.000999979
0.000999978
0.000999995
0.000999995
0.000999995
0.000999995
0.000999995
0.000999995
0.000999995
0.000999995
0.000999995
0.000999995
0.000999995
0.000999995
0.000999995
0.000999995
0.000999995
0.000999995
0.000999995
0.000999995
0.000999995
0.000999995
0.000999999
0.000999999
0.000999999
0.000999999
0.000999999
0.000999999
0.000999999
0.000999999
0.000999999
0.000999999
0.000999999
0.000999999
0.000999999
0.000999999
0.000999999
0.000999999
0.000999999
0.000999999
0.000999999
0.000999999
0.001
0.001
0.001
0.001
0.001
0.001
0.001
0.001
0.001
0.001
0.001
0.001
0.001
0.001
0.001
0.001
0.001
0.001
0.001
0.001
)
;

boundaryField
{
    outlet
    {
        type            zeroGradient;
    }
    inlet1
    {
        type            fixedValue;
        value           uniform 0;
    }
    inlet2
    {
        type            fixedValue;
        value           uniform 0.001;
    }
    frontAndBack
    {
        type            empty;
    }
    defaultFaces
    {
        type            zeroGradient;
    }
}


// ************************************************************************* //
