/*--------------------------------*- C++ -*----------------------------------*\
| =========                 |                                                 |
| \\      /  F ield         | OpenFOAM: The Open Source CFD Toolbox           |
|  \\    /   O peration     | Version:  2.1.0                                 |
|   \\  /    A nd           | Web:      www.OpenFOAM.org                      |
|    \\/     M anipulation  |                                                 |
\*---------------------------------------------------------------------------*/
FoamFile
{
    version     2.0;
    format      ascii;
    class       volScalarField;
    location    "0.04";
    object      k;
}
// * * * * * * * * * * * * * * * * * * * * * * * * * * * * * * * * * * * * * //

dimensions      [0 2 -2 0 0 0 0];

internalField   nonuniform List<scalar> 
6400
(
0.032916
0.0329392
0.0329481
0.0329553
0.0329568
0.032956
0.0329483
0.0329319
0.0329206
0.0329177
0.0329175
0.0329212
0.032928
0.0329343
0.0329396
0.0329458
0.0329524
0.0329612
0.0329685
0.0329757
0.03298
0.0329809
0.0329792
0.0329739
0.0329652
0.0329532
0.0329405
0.0329288
0.0329216
0.0329162
0.0329105
0.0329067
0.0329033
0.0329017
0.0329018
0.0329036
0.0329039
0.0329029
0.0328989
0.03289
0.0328778
0.0328546
0.0328155
0.032756
0.0326725
0.0325637
0.0324231
0.0322396
0.0320042
0.0317127
0.0313657
0.0309536
0.0304638
0.0298906
0.0292262
0.0284667
0.0276105
0.0266612
0.0256327
0.0245378
0.0233943
0.0222097
0.0209978
0.0197751
0.018561
0.0173738
0.0162424
0.0151922
0.0142255
0.0133533
0.0125857
0.0119273
0.0113812
0.0109363
0.010561
0.0102277
0.00993569
0.00969696
0.0095767
0.0095471
0.00955066
0.00957889
0.00962365
0.00966995
0.00968817
0.00967977
0.0095945
0.0094201
0.00920079
0.00890234
0.00838544
0.00757491
0.00641718
0.00486476
0.00309107
0.00164023
0.00150217
0.00297041
0.00488901
0.0055146
0.00305594
0.00303365
0.00302376
0.00300235
0.00298284
0.00297279
0.00296952
0.00296893
0.00296907
0.00297113
0.00297641
0.00298484
0.00299541
0.00300728
0.00301343
0.00301632
0.0030171
0.00301631
0.00301299
0.00300591
0.00299632
0.00298332
0.00297105
0.00296669
0.00296498
0.00296416
0.00296348
0.00296302
0.00296297
0.00296335
0.00296457
0.00296572
0.00296685
0.00296825
0.00297051
0.00297338
0.00297584
0.00297684
0.00297677
0.00297521
0.00297197
0.00296653
0.00295963
0.00295216
0.00294495
0.00293776
0.00293031
0.00292249
0.00291956
0.00291909
0.0029208
0.00293071
0.00295118
0.00297983
0.00301623
0.00306283
0.00312154
0.00318788
0.00325479
0.00330809
0.0033548
0.00343023
0.00356979
0.00379192
0.0040987
0.00448277
0.00492972
0.00542738
0.00600511
0.00670412
0.00753886
0.00850616
0.00960557
0.010821
0.0121693
0.0136748
0.0152995
0.01696
0.0185915
0.0201946
0.0217824
0.023322
0.0247468
0.0260023
0.0270399
0.027742
0.028049
0.0281449
0.02801
0.0271738
0.025629
0.0235694
0.0208639
0.0175026
0.0140995
0.0109543
0.00840799
0.00677481
0.00573485
0.00488767
0.00113645
0.00113476
0.00113395
0.00113242
0.00113119
0.00113013
0.00112976
0.00112956
0.00112948
0.00112949
0.00112969
0.0011303
0.00113119
0.0011319
0.0011322
0.00113241
0.00113243
0.00113229
0.00113179
0.00113139
0.00113064
0.0011298
0.00112902
0.00112882
0.00112876
0.00112866
0.00112871
0.00112855
0.00112869
0.00112863
0.0011287
0.00112874
0.00112878
0.00112869
0.00112868
0.00112867
0.00112867
0.00112878
0.00112945
0.00113019
0.00113144
0.00113317
0.00113645
0.00114093
0.00114799
0.0011573
0.00117166
0.00118998
0.00121437
0.00124614
0.00128213
0.00132134
0.0013611
0.00140712
0.00146665
0.00154338
0.00164114
0.00175707
0.00189738
0.00206314
0.00226596
0.00251805
0.00283631
0.00324029
0.00375227
0.00439101
0.00516868
0.00608112
0.00709432
0.00815997
0.00927124
0.0104511
0.0117343
0.0131603
0.014729
0.0163773
0.0180772
0.0198174
0.0215657
0.023269
0.0248811
0.0263491
0.0276207
0.0286591
0.0293083
0.0295829
0.0296665
0.0295476
0.0287085
0.0272816
0.0256817
0.0235573
0.020723
0.0176158
0.0143685
0.0109501
0.00812551
0.00615555
0.0046156
0.00327165
0.00106162
0.00106172
0.00106176
0.00106157
0.00106146
0.00106109
0.00106098
0.00106092
0.00106091
0.00106078
0.00106093
0.00106127
0.00106126
0.00106144
0.00106142
0.00106129
0.00106139
0.00106141
0.00106141
0.00106149
0.00106137
0.00106144
0.00106149
0.00106183
0.0010619
0.00106178
0.00106172
0.00106159
0.00106177
0.00106194
0.00106197
0.00106211
0.0010618
0.00106191
0.00106163
0.00106161
0.00106118
0.00106119
0.00106181
0.00106261
0.00106406
0.00106574
0.0010696
0.00107429
0.00107987
0.00108725
0.0010973
0.00110881
0.00112305
0.00114215
0.00116576
0.00119603
0.0012347
0.0012841
0.00134736
0.00142629
0.0015255
0.00164819
0.00180247
0.00199438
0.00223812
0.00254685
0.0029395
0.00343598
0.00405091
0.00478727
0.00563085
0.00655976
0.00754913
0.00857459
0.00962261
0.0106856
0.0117586
0.0128391
0.0139431
0.0150814
0.0162069
0.017248
0.0181706
0.0189703
0.0196473
0.0201472
0.0203769
0.0204588
0.0204395
0.0200309
0.0193059
0.0185293
0.0174902
0.0161843
0.0148188
0.013325
0.0116169
0.00989211
0.00817982
0.00642702
0.0049114
0.00367885
0.00280363
0.00243338
0.00105564
0.00105671
0.0010568
0.00105719
0.00105742
0.00105732
0.00105773
0.00105759
0.00105737
0.00105744
0.0010574
0.00105797
0.00105827
0.00105848
0.00105842
0.00105882
0.00105876
0.00105884
0.0010586
0.00105908
0.0010578
0.00105751
0.00105777
0.00105847
0.00105872
0.001058
0.00105808
0.00105794
0.00105818
0.00105873
0.00105907
0.00105867
0.00105856
0.00105902
0.0010594
0.00105877
0.00105819
0.00105795
0.00105869
0.00105893
0.00105899
0.00106061
0.00106269
0.00106388
0.00106537
0.00106939
0.00107282
0.00107722
0.00108411
0.00109571
0.00111376
0.00113953
0.00117504
0.00122082
0.00128099
0.00135639
0.00145055
0.00156716
0.0017127
0.00189462
0.00212633
0.00242299
0.00279934
0.00326047
0.00379543
0.00438471
0.00500433
0.00564051
0.00628802
0.00694844
0.00761801
0.00827664
0.00889173
0.00945428
0.00997326
0.0104482
0.0108644
0.0112048
0.0114342
0.0115365
0.0115698
0.0115352
0.011293
0.0109574
0.0105975
0.0101044
0.00951646
0.00893571
0.00826243
0.00754293
0.00685168
0.0060963
0.005409
0.00478893
0.00406867
0.00341646
0.00295771
0.00260954
0.00246714
0.00245022
0.00105035
0.00105043
0.00105067
0.0010509
0.00105143
0.00105147
0.00105122
0.00105147
0.00105144
0.00105158
0.00105177
0.00105223
0.00105199
0.00105185
0.00105181
0.00105151
0.00105167
0.00105166
0.00105172
0.00105149
0.0010518
0.00105158
0.00105139
0.00105123
0.00105123
0.00105145
0.00105136
0.00105137
0.00105154
0.00105179
0.00105182
0.00105177
0.00105159
0.00105185
0.00105153
0.00105156
0.00105153
0.00105183
0.00105184
0.00105171
0.0010521
0.00105228
0.0010528
0.00105302
0.00105368
0.00105427
0.00105504
0.00105659
0.00106071
0.00106879
0.00108342
0.00110581
0.00113689
0.00117763
0.00123047
0.00129664
0.0013795
0.00148211
0.00160975
0.0017683
0.00196534
0.00220758
0.00249001
0.00279102
0.00309783
0.00342756
0.00380526
0.00423601
0.00468807
0.00510664
0.00544782
0.00570945
0.00592565
0.00611558
0.00627264
0.00638619
0.0064389
0.00645937
0.00646104
0.0064133
0.00630388
0.0061771
0.00601227
0.00579833
0.00557757
0.00534484
0.00507982
0.00480701
0.00453858
0.00426262
0.00397829
0.00370987
0.00346238
0.00320298
0.00295781
0.00277471
0.00263192
0.00256944
0.00255898
0.00264541
0.00104413
0.00104433
0.00104446
0.0010446
0.00104456
0.00104452
0.00104449
0.00104446
0.00104484
0.00104468
0.00104475
0.00104472
0.00104471
0.00104476
0.0010451
0.00104503
0.0010448
0.00104503
0.00104486
0.00104467
0.00104473
0.00104441
0.00104428
0.00104426
0.0010443
0.00104449
0.00104466
0.00104456
0.0010448
0.00104469
0.00104509
0.00104532
0.0010456
0.00104557
0.0010455
0.00104534
0.00104491
0.00104488
0.00104488
0.00104478
0.00104479
0.00104479
0.0010447
0.00104434
0.00104488
0.00104511
0.00104542
0.00104697
0.0010504
0.00105718
0.00106992
0.00108907
0.00111599
0.00115146
0.00119675
0.00125431
0.00132604
0.00141449
0.00152238
0.0016523
0.00180573
0.00197622
0.00215375
0.00234503
0.00256886
0.00284016
0.00315491
0.00348838
0.0038034
0.00406811
0.00427237
0.00442771
0.00455295
0.00465489
0.00470307
0.0047211
0.00472374
0.00469817
0.00462571
0.00455088
0.00447771
0.00438081
0.00426758
0.00415621
0.00404821
0.00392823
0.00380139
0.00368476
0.00357146
0.00344964
0.00333271
0.00323016
0.00313093
0.00303663
0.0029638
0.00292407
0.00290726
0.0029459
0.00310215
0.00320855
0.00104035
0.00104055
0.0010408
0.00104074
0.00104068
0.00104084
0.00104088
0.00104092
0.001041
0.00104095
0.00104082
0.00104083
0.00104058
0.00104065
0.00104064
0.00104034
0.00104042
0.00104053
0.00104045
0.00104045
0.00104049
0.00104042
0.00104022
0.00104025
0.00104038
0.00104065
0.0010409
0.00104092
0.00104062
0.00104104
0.00104108
0.001041
0.00104102
0.00104093
0.00104121
0.00104107
0.00104115
0.00104089
0.00104064
0.00104064
0.00104027
0.00104034
0.00104024
0.00104031
0.00104025
0.00104058
0.00104103
0.00104288
0.00104599
0.00105274
0.00106404
0.00108125
0.00110581
0.00113705
0.0011785
0.00123044
0.00129536
0.00137434
0.00146786
0.00157537
0.00169175
0.00181394
0.00194912
0.00211146
0.00231456
0.00256374
0.0028504
0.00315052
0.00343267
0.00367299
0.00386464
0.00402516
0.0041791
0.0043293
0.00445849
0.00455598
0.00463122
0.00469895
0.00476336
0.00481512
0.00484597
0.00486003
0.00486581
0.00486677
0.00485887
0.00483316
0.00480019
0.00476709
0.00472293
0.00466796
0.00461445
0.00455886
0.004498
0.00444493
0.00441707
0.00440778
0.00446184
0.00459899
0.00484054
0.00497161
0.00103876
0.0010388
0.0010391
0.00103906
0.00103901
0.00103896
0.00103909
0.00103899
0.00103894
0.00103925
0.00103895
0.00103868
0.00103833
0.00103833
0.00103823
0.00103866
0.00103855
0.00103841
0.00103862
0.00103855
0.00103863
0.00103844
0.00103823
0.00103831
0.00103855
0.00103889
0.0010388
0.00103924
0.00103944
0.00103953
0.00103943
0.00103927
0.0010393
0.00103923
0.00103922
0.00103945
0.00103923
0.00103936
0.00103918
0.00103876
0.00103866
0.00103844
0.00103833
0.00103828
0.00103845
0.00103849
0.00103942
0.00104107
0.00104488
0.00105158
0.0010621
0.00107869
0.00110112
0.00113093
0.00117
0.00121948
0.00128069
0.00135418
0.00143859
0.00153026
0.00162631
0.00173012
0.00185191
0.00200561
0.00220408
0.0024528
0.00274464
0.00306033
0.00337641
0.00367868
0.00397098
0.00426783
0.00457774
0.00489662
0.00521303
0.00552072
0.00582358
0.00612693
0.00642783
0.00671746
0.00699201
0.00725466
0.00750753
0.00774704
0.00797113
0.00818325
0.00838672
0.00857991
0.00876191
0.00893616
0.00910455
0.00926446
0.00941622
0.00956857
0.00973292
0.00993894
0.010231
0.0106087
0.0110423
0.0112516
0.00103807
0.00103836
0.00103851
0.00103849
0.00103822
0.00103794
0.00103794
0.00103803
0.00103798
0.00103802
0.00103767
0.00103782
0.00103775
0.00103778
0.00103756
0.0010378
0.00103794
0.00103775
0.00103785
0.00103773
0.00103793
0.00103789
0.00103771
0.00103773
0.00103773
0.00103817
0.00103856
0.00103858
0.00103876
0.00103893
0.00103911
0.00103907
0.00103917
0.00103922
0.00103909
0.00103887
0.00103853
0.00103845
0.00103837
0.00103794
0.00103806
0.00103784
0.00103787
0.00103788
0.00103788
0.00103831
0.00103964
0.00104196
0.00104553
0.00105185
0.00106238
0.00107806
0.00109978
0.00112921
0.00116734
0.00121601
0.00127563
0.00134668
0.00142637
0.00151082
0.00159897
0.00169637
0.00181324
0.00196382
0.00216102
0.00241124
0.0027083
0.00303538
0.00337238
0.00370857
0.00404891
0.00440793
0.00479578
0.00520934
0.00563834
0.00607838
0.00653381
0.00700844
0.00749651
0.00798723
0.00847434
0.00895734
0.009434
0.00989839
0.0103482
0.0107871
0.0112197
0.0116489
0.0120809
0.0125252
0.0129852
0.0134562
0.0139317
0.0144101
0.0148934
0.0153844
0.0158642
0.0162082
0.0163356
0.0158857
0.00103819
0.00103824
0.00103824
0.00103814
0.00103821
0.00103799
0.00103785
0.00103812
0.00103806
0.00103784
0.00103793
0.00103764
0.00103752
0.00103781
0.00103788
0.00103794
0.00103812
0.00103795
0.00103789
0.00103806
0.00103816
0.00103843
0.00103817
0.00103824
0.00103814
0.00103835
0.00103829
0.0010385
0.00103897
0.00103909
0.00103919
0.0010392
0.00103898
0.0010388
0.0010387
0.00103883
0.00103892
0.00103881
0.00103871
0.0010386
0.00103806
0.00103789
0.00103784
0.00103776
0.00103771
0.00103845
0.00103907
0.00104129
0.00104532
0.00105169
0.00106269
0.00107841
0.0011004
0.00113011
0.00116867
0.00121749
0.00127774
0.00134927
0.00143021
0.0015159
0.00160534
0.00170335
0.00182022
0.00197007
0.00216576
0.00241345
0.00270687
0.00302849
0.00335751
0.00368251
0.00400739
0.00434666
0.00471058
0.00509598
0.00549223
0.00589473
0.00630833
0.0067377
0.00717798
0.00761845
0.00805272
0.00847992
0.0088977
0.00929993
0.00968452
0.0100559
0.0104194
0.0107778
0.0111364
0.011505
0.0118894
0.0122894
0.0127016
0.0131238
0.0135711
0.0140515
0.014585
0.0151291
0.0153882
0.0154375
0.00103889
0.00103883
0.00103886
0.00103871
0.00103863
0.00103851
0.00103854
0.00103844
0.00103845
0.00103844
0.00103844
0.00103834
0.0010386
0.00103849
0.00103867
0.00103858
0.00103881
0.00103878
0.00103887
0.00103886
0.00103893
0.00103899
0.00103901
0.00103916
0.00103923
0.00103923
0.00103896
0.00103934
0.00103931
0.00103955
0.00103962
0.00103972
0.0010395
0.00103939
0.00103942
0.00103931
0.00103948
0.00103936
0.00103904
0.0010387
0.00103848
0.00103837
0.00103829
0.00103838
0.00103826
0.00103861
0.00103971
0.00104145
0.00104545
0.00105187
0.001063
0.00107987
0.00110295
0.00113361
0.00117333
0.00122361
0.00128585
0.00136057
0.00144704
0.00154176
0.00164036
0.00174541
0.00186649
0.00201758
0.00221159
0.002454
0.00273716
0.0030405
0.00333793
0.00361295
0.00386978
0.00412238
0.00437799
0.00463191
0.00487231
0.00509269
0.00529703
0.00549258
0.00567863
0.0058474
0.00599498
0.00612412
0.00623652
0.00632831
0.00639766
0.00644895
0.00648661
0.00650297
0.0065073
0.00650679
0.00650438
0.00650483
0.00651504
0.00654518
0.00660465
0.00671539
0.00690383
0.00720011
0.00759667
0.00784227
0.00104024
0.0010405
0.0010405
0.00104022
0.00104017
0.00104035
0.00104032
0.00104026
0.00104024
0.00104027
0.00104037
0.00104022
0.00104071
0.0010406
0.00104052
0.00104045
0.00104083
0.00104088
0.00104103
0.0010411
0.00104103
0.00104117
0.00104124
0.0010413
0.00104139
0.00104128
0.00104133
0.00104098
0.00104095
0.00104109
0.00104092
0.00104092
0.00104104
0.00104078
0.00104076
0.00104086
0.00104057
0.0010407
0.00104086
0.00104073
0.00104029
0.00104045
0.0010403
0.00104012
0.00104014
0.00104027
0.00104127
0.00104342
0.00104694
0.00105388
0.0010656
0.00108374
0.00110874
0.00114146
0.00118376
0.00123691
0.0013033
0.00138418
0.00148035
0.00159191
0.00171334
0.00183903
0.0019737
0.00213176
0.00232788
0.0025683
0.0028444
0.00313149
0.00339595
0.00361007
0.00376321
0.00387279
0.00396993
0.00406338
0.0041367
0.00417615
0.00419596
0.00420492
0.00420703
0.00419924
0.00416859
0.0041271
0.00408676
0.0040376
0.00397496
0.00391151
0.00384998
0.00378025
0.00370544
0.00363803
0.00357695
0.00351892
0.00347393
0.00344823
0.00343796
0.00344354
0.00351899
0.00364158
0.00384535
0.00393853
0.00104433
0.00104477
0.00104453
0.00104448
0.00104433
0.00104456
0.00104445
0.00104419
0.00104421
0.00104443
0.00104446
0.00104438
0.00104468
0.0010448
0.00104461
0.00104466
0.00104479
0.00104474
0.00104498
0.00104514
0.00104494
0.00104524
0.00104552
0.00104547
0.00104523
0.00104533
0.00104548
0.0010452
0.00104484
0.00104486
0.00104485
0.00104474
0.00104468
0.00104473
0.00104477
0.00104459
0.00104454
0.0010443
0.0010443
0.00104443
0.00104457
0.0010446
0.00104431
0.00104431
0.00104452
0.00104493
0.00104561
0.00104737
0.00105156
0.00105881
0.00107193
0.00109223
0.00112038
0.00115687
0.00120359
0.00126234
0.0013356
0.00142596
0.00153657
0.00167005
0.00182821
0.00200519
0.00218656
0.00237585
0.00259031
0.00284847
0.00315059
0.00347285
0.0037769
0.00402736
0.00421253
0.00434427
0.00444698
0.00453616
0.00458715
0.00460675
0.00461193
0.00460319
0.00455801
0.00449284
0.00441902
0.0043218
0.00420987
0.00409745
0.00397443
0.00383665
0.00370147
0.00357367
0.00343957
0.00330341
0.00318326
0.00307131
0.0029545
0.00285622
0.00277349
0.00271191
0.00268587
0.00268611
0.00282369
0.00291394
0.00105152
0.00105139
0.00105173
0.00105125
0.00105103
0.00105128
0.00105142
0.0010518
0.00105155
0.00105162
0.00105168
0.00105194
0.00105197
0.00105151
0.0010516
0.00105173
0.00105149
0.00105156
0.00105142
0.00105171
0.0010515
0.00105195
0.00105161
0.00105171
0.00105162
0.00105201
0.00105182
0.00105194
0.00105176
0.00105131
0.00105129
0.00105145
0.00105139
0.0010513
0.00105156
0.00105099
0.00105101
0.00105061
0.00105123
0.00105147
0.00105176
0.00105158
0.00105216
0.00105232
0.0010526
0.0010537
0.00105467
0.00105712
0.00106163
0.00107071
0.00108579
0.0011091
0.00114132
0.00118298
0.00123666
0.00130355
0.00138779
0.00149161
0.00162081
0.00178122
0.00198085
0.0022255
0.00251137
0.002816
0.00312094
0.00343869
0.00379733
0.00420945
0.00465193
0.00507053
0.00541631
0.00567783
0.0058878
0.00608521
0.00626259
0.00639909
0.00648286
0.00652005
0.00653159
0.00652161
0.00644737
0.00633241
0.00619667
0.0060186
0.00581562
0.00559745
0.00534339
0.00507667
0.00480544
0.00450253
0.00419881
0.00391067
0.00360921
0.00330209
0.00301253
0.00276161
0.00257909
0.00249509
0.00247464
0.0025256
0.00105841
0.00105935
0.00105849
0.00105768
0.00105783
0.00105804
0.00105866
0.00105869
0.00105817
0.00105851
0.00105841
0.00105892
0.00105894
0.0010583
0.00105781
0.00105743
0.00105707
0.00105807
0.00105857
0.0010572
0.00105664
0.00105685
0.00105683
0.00105675
0.00105712
0.0010576
0.00105865
0.00105844
0.00105771
0.00105751
0.00105715
0.00105765
0.00105757
0.00105796
0.00105728
0.00105666
0.00105593
0.00105599
0.00105661
0.00105723
0.0010583
0.00105937
0.0010613
0.00106275
0.00106417
0.00106753
0.00107127
0.00107599
0.00108381
0.0010963
0.00111519
0.00114094
0.00117728
0.00122346
0.00128357
0.0013586
0.001453
0.0015699
0.00171505
0.00189626
0.0021263
0.0024198
0.00279029
0.00324329
0.0037678
0.00434326
0.00494647
0.00556395
0.00619242
0.00683612
0.00749579
0.00815861
0.00879627
0.00938313
0.00992591
0.0104349
0.0108999
0.0113085
0.0116516
0.0118884
0.0119951
0.0120315
0.012014
0.0118217
0.0114895
0.0111463
0.0106812
0.010057
0.00945669
0.00873228
0.00788606
0.00707929
0.00625858
0.00542156
0.0046229
0.00377408
0.00308633
0.00267199
0.00245956
0.0024039
0.00106418
0.00106357
0.00106318
0.00106274
0.00106257
0.00106265
0.00106264
0.00106272
0.00106225
0.00106206
0.00106199
0.00106193
0.00106181
0.00106164
0.00106132
0.00106097
0.00106096
0.00106103
0.00106095
0.00106055
0.00106048
0.00106057
0.00106075
0.00106083
0.0010613
0.00106142
0.00106191
0.0010619
0.0010615
0.00106141
0.00106092
0.00106081
0.0010608
0.00106076
0.00106071
0.00106045
0.00106043
0.00106056
0.00106119
0.0010617
0.00106266
0.00106437
0.0010675
0.00107193
0.00107651
0.00108388
0.00109313
0.00110478
0.00111902
0.00113717
0.00116208
0.00119094
0.00123186
0.00127956
0.00134248
0.00142013
0.00151861
0.00164008
0.00179166
0.00198053
0.00221829
0.002518
0.00289705
0.003375
0.00396601
0.00467359
0.00548551
0.00638325
0.00734203
0.00834365
0.00937604
0.0104374
0.0115249
0.0126376
0.0137755
0.0149599
0.0161783
0.0173642
0.0184653
0.0194685
0.0203698
0.0211534
0.0217682
0.0220963
0.0222368
0.022263
0.0219934
0.0212809
0.0204559
0.0193928
0.0178877
0.016159
0.0142749
0.012062
0.00981438
0.00774955
0.0057024
0.00418452
0.00306521
0.00253902
0.00113463
0.00113302
0.00113264
0.00113258
0.00113277
0.00113328
0.00113435
0.00113503
0.0011351
0.00113493
0.00113398
0.0011327
0.00113065
0.00112972
0.00112915
0.00112892
0.00112881
0.00112893
0.00112892
0.00112889
0.00112897
0.00112933
0.00113019
0.00113154
0.00113283
0.00113333
0.00113385
0.00113401
0.00113394
0.00113401
0.00113357
0.00113287
0.00113201
0.00113088
0.00112986
0.00112927
0.00112834
0.00112811
0.0011281
0.0011282
0.0011287
0.00112974
0.00113196
0.00113588
0.00114102
0.00114954
0.00116232
0.00117958
0.0012017
0.00123231
0.00126968
0.00130846
0.00135108
0.0013968
0.00145557
0.00153039
0.00162619
0.00174137
0.00187943
0.00204276
0.00224028
0.002484
0.00279009
0.00317809
0.00366788
0.00427904
0.00502261
0.00589946
0.00687609
0.00790628
0.00897797
0.0101148
0.0113438
0.0127007
0.0142263
0.0158872
0.0176265
0.0194308
0.0212861
0.0231516
0.0249819
0.0267293
0.0283327
0.0297204
0.0308403
0.0315039
0.0317815
0.0318534
0.0315809
0.0303692
0.0285511
0.0264467
0.0235575
0.0198323
0.0159093
0.0123003
0.00908605
0.00683573
0.00531037
0.00363676
0.00299402
0.00297891
0.00297698
0.00297762
0.00298471
0.0029963
0.00301371
0.00302484
0.00302632
0.00302432
0.00301718
0.00300165
0.0029792
0.00296976
0.00296689
0.00296585
0.00296561
0.00296568
0.00296589
0.00296715
0.00297033
0.0029752
0.0029828
0.00299336
0.00300466
0.0030121
0.00301643
0.00301959
0.00302098
0.00302125
0.00301971
0.00301472
0.00300449
0.00298918
0.00297655
0.0029709
0.00296618
0.00296269
0.00296048
0.00295649
0.00295153
0.00294529
0.00293904
0.00293263
0.0029245
0.00291567
0.00290759
0.0028985
0.00289366
0.00289266
0.00289339
0.00290024
0.0029177
0.00294485
0.00297979
0.00302437
0.00308045
0.00314573
0.00321354
0.00327017
0.00331614
0.00338468
0.00351289
0.00372135
0.00401237
0.00437965
0.00480612
0.00527809
0.00582236
0.0064796
0.00726592
0.00818322
0.00923193
0.010415
0.0117379
0.0132248
0.0148558
0.016557
0.0182598
0.0199666
0.0216983
0.0234422
0.0251313
0.02669
0.0280563
0.02913
0.0296833
0.029908
0.0299343
0.0293714
0.0276838
0.0250765
0.0216646
0.0177508
0.01406
0.0110447
0.00889698
0.00727796
0.00632102
0.00539503
0.0329201
0.0329149
0.0329146
0.0329147
0.0329155
0.0329183
0.0329243
0.0329328
0.0329409
0.0329473
0.0329559
0.0329631
0.0329645
0.032963
0.0329562
0.0329471
0.0329383
0.0329248
0.0329132
0.0329084
0.0329066
0.0329066
0.0329108
0.0329207
0.0329282
0.0329323
0.0329375
0.032943
0.0329494
0.0329567
0.032965
0.0329729
0.0329792
0.0329806
0.0329798
0.0329731
0.0329615
0.0329463
0.0329269
0.0329039
0.0328724
0.032829
0.0327771
0.0327134
0.0326279
0.0325189
0.0323799
0.0321919
0.031952
0.031667
0.0313238
0.0309082
0.0304139
0.0298358
0.0291699
0.0284054
0.0275401
0.0265836
0.0255425
0.0244329
0.0232748
0.0220792
0.0208565
0.0196204
0.0183931
0.0171981
0.0160552
0.014993
0.0140166
0.0131328
0.0123528
0.0116831
0.0111261
0.0106752
0.0102993
0.0099632
0.00966082
0.00943253
0.00935974
0.00935483
0.00938808
0.00946544
0.00957577
0.00970193
0.00982602
0.0098741
0.00985235
0.0097069
0.00944332
0.00906451
0.00839289
0.00724294
0.00565558
0.00402307
0.00256187
0.00158319
0.00142808
0.00296787
0.00525733
0.00603638
0.00519882
0.00151307
0.00132928
0.00128487
0.0012674
0.00123401
0.00122094
0.0012186
0.00121514
0.00121442
0.00121805
0.00122767
0.00124892
0.00128641
0.00133717
0.00139488
0.00146187
0.001728
0.00273486
0.0047286
0.00369718
0.00154918
0.00140341
0.00134941
0.00132207
0.00129937
0.00129413
0.00128301
0.00127878
0.00127738
0.00127808
0.0012882
0.00131314
0.00135417
0.00141255
0.00145813
0.00154566
0.00183428
0.00279783
0.00440184
0.00258234
0.00162817
0.00152261
0.0014707
0.00142934
0.00140917
0.00138467
0.00137378
0.00136891
0.0013676
0.00136956
0.00138698
0.00141481
0.00145926
0.00150861
0.00156514
0.00166172
0.00198312
0.00283477
0.00403947
0.00227512
0.00174841
0.00166745
0.00158915
0.00155358
0.00151661
0.00149965
0.00149074
0.00148731
0.00148726
0.0014769
0.00148615
0.00151659
0.0015609
0.00161445
0.00167413
0.00180111
0.00211061
0.00281827
0.00363135
0.00229915
0.00195212
0.00188085
0.00179689
0.00176556
0.00173356
0.00172347
0.00171197
0.00170691
0.00168375
0.0016571
0.00165417
0.0016928
0.00172915
0.0017878
0.00184909
0.00197819
0.0022729
0.00275012
0.00318515
0.00244763
0.00223731
0.00217642
0.00210444
0.00207988
0.0020536
0.00204576
0.00202406
0.00201183
0.00195917
0.00190979
0.00189159
0.00189885
0.00193414
0.00197765
0.00205813
0.00217888
0.00234196
0.00259447
0.00268825
0.00292888
0.00284438
0.00280182
0.00275653
0.00274535
0.00272636
0.00271998
0.0026736
0.00263292
0.00251671
0.00241096
0.00236536
0.00235475
0.00237346
0.0023612
0.00235007
0.00230622
0.0022972
0.00229396
0.00211741
0.00478077
0.00481275
0.00490116
0.00499909
0.00509939
0.00512416
0.00504753
0.00480982
0.00449891
0.00404416
0.00373098
0.00340094
0.00313729
0.00280802
0.00262664
0.00238711
0.00226301
0.00211603
0.00184322
0.00154331
0.0106076
0.0103106
0.00983068
0.00899043
0.00816123
0.00701787
0.006376
0.00540775
0.00490064
0.00418448
0.00382848
0.00338534
0.00309195
0.00268272
0.00249027
0.0021799
0.00194228
0.00157638
0.00119117
0.000929387
0.012918
0.0116132
0.0100969
0.00880854
0.0075747
0.00679107
0.00568867
0.00514008
0.00425407
0.0038346
0.00325719
0.00299265
0.00256028
0.00212931
0.00191182
0.00166167
0.00126627
0.000970927
0.000697756
0.000499463
0.0128937
0.0119109
0.0102889
0.00923753
0.00783817
0.00714453
0.00600691
0.00547211
0.00470669
0.00425956
0.00368663
0.00337216
0.00301919
0.00267646
0.00241081
0.00213553
0.00184096
0.00143621
0.00107982
0.000801668
0.00760287
0.0075397
0.00749781
0.00722345
0.00706752
0.00651822
0.00608984
0.00529884
0.00491208
0.00427481
0.00396844
0.00348714
0.00323899
0.00295315
0.00275835
0.00253444
0.00240077
0.00218737
0.00180012
0.00145945
0.00361982
0.00357173
0.00349839
0.00344859
0.00342585
0.00336885
0.0033447
0.00327742
0.00324932
0.00308594
0.00292837
0.00286854
0.00279291
0.00273694
0.00266155
0.00258264
0.00250484
0.00248438
0.00237421
0.00210666
0.00261776
0.00252917
0.00246938
0.00240708
0.00238421
0.00234862
0.00233477
0.00229147
0.00226705
0.00218389
0.00211345
0.00208325
0.00208156
0.00212059
0.00217315
0.0022905
0.00241904
0.00257961
0.00276247
0.00275637
0.00229157
0.00209045
0.0020308
0.00195708
0.00193162
0.00190298
0.00189323
0.00187211
0.00186201
0.00182112
0.00178395
0.0017719
0.00179446
0.00184809
0.00190839
0.00200396
0.00218887
0.00254157
0.00302385
0.00333384
0.00220167
0.0018459
0.00177295
0.00168493
0.00165181
0.00161818
0.00160591
0.00159215
0.00158668
0.00157336
0.00155473
0.00155464
0.00159412
0.00163272
0.00170966
0.00179627
0.00198135
0.00237572
0.00313616
0.00385238
0.0022492
0.00169979
0.00162343
0.00154081
0.00150285
0.00147368
0.00146054
0.0014495
0.0014415
0.00143893
0.00143137
0.00144123
0.00146947
0.00151976
0.00156978
0.00165176
0.001805
0.00222856
0.00317615
0.00433033
0.00270341
0.00158313
0.0014683
0.00141811
0.0013724
0.00134124
0.0013265
0.00131939
0.001317
0.00131655
0.00131981
0.00133339
0.00136002
0.00140246
0.001467
0.0015362
0.00166148
0.00205887
0.00317836
0.00475774
0.00406928
0.00153733
0.00139031
0.00133581
0.00131132
0.00127837
0.00126232
0.00125496
0.00125156
0.0012515
0.0012548
0.00126125
0.00128561
0.00132458
0.00138038
0.00144347
0.00154698
0.00190685
0.0030943
0.00514366
0.00576385
0.00150337
0.0013041
0.00125215
0.00123271
0.00121622
0.00119752
0.00118836
0.00118365
0.00118177
0.00119055
0.00120049
0.00122009
0.00125674
0.00131719
0.00138133
0.00145503
0.00178514
0.00302505
0.00549103
0.00396515
0.00374988
0.00374665
0.0037467
0.00374646
0.00374625
0.00374611
0.00374605
0.00374602
0.00374601
0.00374601
0.00374603
0.00374606
0.00374613
0.00374626
0.00374647
0.00374671
0.00374665
0.00374988
0.00396516
0.00440749
0.00375321
0.0037416
0.00374114
0.00374067
0.00374015
0.00373986
0.00373971
0.00373963
0.00373958
0.00373958
0.00373961
0.00373969
0.00373985
0.00374014
0.00374065
0.00374113
0.0037416
0.0037532
0.00440746
0.00488957
0.00376234
0.00373333
0.00373285
0.00373292
0.00373272
0.0037325
0.00373235
0.00373225
0.0037322
0.00373219
0.00373223
0.00373232
0.00373248
0.0037327
0.0037329
0.00373284
0.00373333
0.00376233
0.00488958
0.00531663
0.00377161
0.00372379
0.00372364
0.00372468
0.00372503
0.00372504
0.00372497
0.0037249
0.00372485
0.00372484
0.00372487
0.00372492
0.00372499
0.00372498
0.00372464
0.00372361
0.00372377
0.0037716
0.00531665
0.00569381
0.00378465
0.00371579
0.00371495
0.00371665
0.00371748
0.00371774
0.00371777
0.00371773
0.0037177
0.00371769
0.00371771
0.00371773
0.0037177
0.00371745
0.00371662
0.00371493
0.00371576
0.00378453
0.00569381
0.00613045
0.00379823
0.00370702
0.003706
0.00370859
0.00371
0.00371052
0.00371063
0.0037106
0.00371056
0.00371054
0.00371055
0.00371055
0.00371044
0.00370994
0.00370857
0.00370601
0.00370705
0.00379822
0.00613048
0.00663307
0.00380546
0.00369439
0.00369518
0.00369951
0.00370184
0.00370273
0.00370294
0.00370288
0.00370277
0.0037027
0.00370269
0.00370268
0.00370246
0.00370159
0.00369934
0.00369508
0.0036943
0.00380519
0.00663313
0.00708143
0.00381147
0.00368057
0.00368323
0.00368939
0.00369274
0.00369408
0.00369436
0.00369421
0.00369395
0.00369376
0.0036937
0.00369368
0.00369339
0.00369216
0.00368895
0.0036829
0.00368021
0.00381073
0.00708165
0.00740674
0.00381514
0.00366744
0.00367145
0.00367919
0.00368359
0.00368557
0.00368624
0.00368636
0.00368632
0.00368627
0.00368617
0.00368591
0.00368516
0.00368322
0.00367891
0.00367117
0.00366702
0.00381416
0.00740713
0.00768358
0.00381495
0.00365415
0.00366011
0.0036699
0.00367587
0.00367917
0.00368107
0.00368226
0.00368295
0.00368324
0.00368312
0.00368239
0.00368055
0.00367693
0.00367061
0.00366045
0.00365402
0.00381394
0.00768455
0.00803061
0.00381241
0.00363831
0.00364863
0.00366207
0.00367092
0.00367677
0.00368034
0.00368235
0.00368341
0.00368382
0.0036836
0.00368258
0.00368006
0.00367456
0.00366468
0.0036502
0.00363872
0.00381141
0.00803233
0.00847342
0.00380392
0.00361856
0.00363731
0.00365649
0.00366964
0.00367767
0.00368261
0.00368558
0.00368736
0.00368817
0.00368799
0.00368633
0.00368252
0.00367533
0.00366204
0.00364082
0.00361983
0.00380312
0.0084755
0.00892263
0.00378676
0.00359765
0.00362772
0.00365403
0.00367167
0.00368342
0.00369095
0.00369655
0.00370061
0.00370258
0.00370219
0.00369916
0.00369297
0.0036812
0.00366261
0.00363348
0.00359992
0.00378659
0.00892484
0.00925778
0.00377032
0.00357918
0.00361994
0.00365292
0.00367716
0.00369499
0.00370917
0.00372137
0.00372867
0.00373189
0.00373331
0.00372845
0.00371642
0.00369634
0.00366618
0.00362778
0.0035823
0.00377043
0.00926005
0.00942138
0.00375028
0.00356031
0.00360906
0.00364882
0.003677
0.00370077
0.00372281
0.00373554
0.00374248
0.00374689
0.00374884
0.00374534
0.00373059
0.00370186
0.0036652
0.0036186
0.00356408
0.00375048
0.00942392
0.00945404
0.00371406
0.00352789
0.00358527
0.0036325
0.00366787
0.00369703
0.00371953
0.00373324
0.00373978
0.00374361
0.00374475
0.00374216
0.00372779
0.00369666
0.00365371
0.0035971
0.00353238
0.00371432
0.00945672
0.00943763
0.00363771
0.00345694
0.00352276
0.00357754
0.00362003
0.00365421
0.00367402
0.003685
0.00368983
0.00369162
0.00369276
0.00369146
0.0036805
0.00365149
0.00360274
0.00353681
0.00346239
0.00363814
0.00944038
0.00933431
0.00344428
0.00327055
0.00334348
0.00340438
0.00345258
0.00348762
0.00350599
0.00351177
0.00351121
0.00350978
0.00350865
0.00351055
0.00350464
0.00347787
0.00342854
0.00335823
0.0032768
0.00344526
0.00933729
0.00894984
0.00294832
0.00279197
0.00287735
0.00294784
0.00299606
0.00302406
0.00303394
0.00303026
0.00302483
0.00301783
0.00301517
0.00301919
0.00301815
0.00300378
0.00296108
0.00288806
0.00279665
0.00294928
0.00895297
0.00838535
0.00240035
0.00225112
0.00233413
0.00239734
0.00243247
0.00244753
0.00244851
0.0024457
0.00244239
0.00243633
0.00243716
0.00243751
0.00243695
0.00243092
0.00240122
0.0023388
0.00225229
0.00240163
0.00838647
0.00795101
0.00196301
0.00180373
0.00187552
0.00192403
0.00194692
0.00195004
0.00194903
0.00194657
0.00194424
0.0019423
0.0019408
0.00194105
0.00194355
0.00194231
0.00192367
0.00187624
0.00180291
0.00196402
0.00795018
0.00765152
0.00165397
0.00147856
0.00153454
0.00157101
0.00158286
0.00158301
0.00157935
0.00157706
0.00157599
0.00157591
0.00157213
0.00157391
0.00157613
0.00157848
0.00156775
0.0015334
0.00147723
0.00165327
0.00764953
0.00745969
0.00145575
0.00126688
0.00130839
0.00133589
0.0013401
0.00134077
0.00133576
0.00133413
0.00133347
0.00133397
0.0013319
0.00133138
0.0013347
0.00133668
0.0013332
0.00130744
0.00126584
0.00145364
0.00745766
0.00734249
0.00133862
0.00114128
0.00117226
0.00119299
0.00119554
0.00119311
0.00119034
0.00118893
0.0011877
0.00118793
0.00118872
0.00118789
0.00119085
0.00119345
0.00119148
0.00117238
0.00114075
0.00133695
0.00734078
0.0072726
0.00127553
0.00107227
0.00109515
0.00111214
0.00111449
0.00111174
0.00110911
0.00110819
0.00110761
0.00110767
0.00110819
0.00110876
0.00111112
0.00111333
0.00111199
0.00109561
0.00107231
0.00127468
0.00727094
0.00723128
0.00124401
0.00103675
0.00105452
0.00107045
0.00107178
0.00106961
0.00106799
0.00106639
0.00106622
0.00106605
0.00106673
0.00106748
0.00106999
0.0010719
0.00107135
0.00105685
0.00103729
0.00124452
0.00722938
0.00720623
0.00122981
0.00101985
0.00103478
0.00104902
0.00105132
0.00104969
0.00104762
0.00104619
0.00104584
0.00104547
0.00104647
0.00104772
0.00105019
0.00105187
0.00104998
0.00103684
0.00102047
0.0012301
0.0072042
0.00719026
0.00122463
0.00101249
0.0010259
0.00103941
0.00104265
0.00104016
0.00103805
0.00103692
0.00103626
0.00103637
0.00103709
0.0010383
0.00104055
0.00104247
0.00104111
0.00102817
0.00101282
0.00122335
0.00718828
0.00717915
0.0012232
0.00100931
0.001022
0.00103559
0.00103809
0.00103603
0.0010336
0.00103237
0.00103188
0.00103219
0.00103268
0.00103374
0.0010358
0.00103771
0.00103713
0.00102384
0.00100954
0.00122057
0.00717762
0.00717051
0.00122271
0.00100778
0.00102011
0.00103376
0.00103594
0.00103407
0.00103195
0.00103078
0.00103036
0.00103014
0.00103077
0.0010317
0.00103385
0.00103648
0.00103429
0.00102142
0.00100809
0.00121975
0.00717009
0.00716362
0.00122233
0.00100694
0.00101854
0.00103251
0.00103479
0.00103336
0.00103121
0.00102989
0.00102941
0.00102966
0.0010298
0.0010307
0.00103282
0.0010349
0.00103275
0.00102002
0.00100749
0.00121958
0.0071646
0.00715845
0.00122145
0.00100645
0.00101787
0.00103179
0.00103472
0.00103283
0.00103067
0.0010294
0.00102909
0.001029
0.00102938
0.0010305
0.0010327
0.00103457
0.0010322
0.00101954
0.00100727
0.00121966
0.00715988
0.00715487
0.00121874
0.00100609
0.00101746
0.00103164
0.00103441
0.00103256
0.00103053
0.0010294
0.00102857
0.00102901
0.00102933
0.00103049
0.00103259
0.0010343
0.00103227
0.00101895
0.00100719
0.00121971
0.00715554
0.00715242
0.00121664
0.00100594
0.00101745
0.00103124
0.00103409
0.00103247
0.00103057
0.00102922
0.00102885
0.00102896
0.00102922
0.00103024
0.00103242
0.00103418
0.00103143
0.00101866
0.00100707
0.00121928
0.00715203
0.00715051
0.00121623
0.0010059
0.00101737
0.00103122
0.00103426
0.00103252
0.00103043
0.00102924
0.00102875
0.00102889
0.0010293
0.00103013
0.00103266
0.00103439
0.00103132
0.00101863
0.00100682
0.00121723
0.00714938
0.00714893
0.00121629
0.00100592
0.00101749
0.00103105
0.00103415
0.00103267
0.00103047
0.00102916
0.00102872
0.00102867
0.0010291
0.00103026
0.00103247
0.00103452
0.0010317
0.00101894
0.00100666
0.00121567
0.00714738
0.00714736
0.00121649
0.00100604
0.00101797
0.00103143
0.00103412
0.00103232
0.00103025
0.00102915
0.00102882
0.00102853
0.00102903
0.00103027
0.00103257
0.00103434
0.00103224
0.00101978
0.00100656
0.00121512
0.007146
0.00714588
0.00121727
0.00100634
0.00101839
0.00103152
0.0010342
0.00103249
0.00103036
0.00102902
0.00102852
0.00102851
0.00102903
0.00103015
0.00103255
0.00103443
0.0010319
0.0010192
0.0010064
0.00121434
0.00714535
0.00714488
0.00121767
0.00100643
0.00101884
0.00103201
0.00103406
0.00103248
0.00103038
0.00102898
0.00102858
0.00102849
0.00102899
0.00103017
0.00103215
0.00103425
0.00103152
0.00101843
0.00100631
0.00121379
0.00714523
0.00714352
0.00121718
0.00100643
0.00101862
0.00103189
0.00103393
0.00103237
0.00102999
0.001029
0.00102874
0.00102856
0.00102875
0.00103019
0.00103205
0.0010337
0.00103175
0.00101805
0.00100626
0.00121381
0.00714548
0.00714143
0.00121513
0.00100636
0.00101826
0.00103142
0.00103377
0.00103212
0.00103032
0.00102914
0.00102847
0.0010284
0.00102896
0.00103015
0.0010321
0.00103367
0.00103032
0.00101723
0.00100623
0.00121411
0.00714609
0.00713989
0.00121394
0.00100636
0.00101781
0.00103101
0.00103382
0.00103205
0.00103023
0.00102903
0.00102854
0.00102839
0.00102872
0.00102994
0.00103194
0.00103393
0.00103051
0.00101704
0.00100621
0.00121518
0.00714616
0.00713954
0.00121361
0.00100642
0.00101793
0.001031
0.00103418
0.00103228
0.00103021
0.00102898
0.00102863
0.00102832
0.00102873
0.00102986
0.00103176
0.0010337
0.00103118
0.00101712
0.00100619
0.00121616
0.00714596
0.00713971
0.0012136
0.0010065
0.00101866
0.00103183
0.00103392
0.0010322
0.0010302
0.00102891
0.0010285
0.00102859
0.00102882
0.00102987
0.00103198
0.00103338
0.00103023
0.00101699
0.0010061
0.00121645
0.00714506
0.00714023
0.00121359
0.0010065
0.00101828
0.00103185
0.00103441
0.00103241
0.00103018
0.00102883
0.00102835
0.00102849
0.00102884
0.00103001
0.00103187
0.00103358
0.00103038
0.00101694
0.00100602
0.00121643
0.00714308
0.00714123
0.00121356
0.0010065
0.00101795
0.001031
0.00103429
0.00103232
0.00103017
0.00102893
0.00102848
0.00102848
0.00102855
0.00102968
0.0010318
0.00103334
0.00103001
0.00101709
0.00100601
0.00121639
0.00714135
0.00714392
0.00121375
0.00100651
0.00101841
0.0010314
0.00103412
0.00103212
0.00102995
0.00102895
0.00102824
0.00102834
0.00102851
0.00102973
0.00103189
0.00103374
0.00103076
0.00101707
0.001006
0.00121639
0.00714031
0.00714685
0.00121456
0.00100655
0.00101838
0.00103208
0.00103425
0.00103182
0.00102999
0.00102889
0.0010283
0.00102832
0.00102866
0.00102968
0.00103196
0.00103368
0.00103056
0.00101724
0.00100598
0.00121612
0.00713935
0.00714776
0.00121705
0.00100658
0.00101799
0.00103164
0.00103409
0.00103203
0.00102976
0.00102855
0.00102807
0.00102805
0.0010287
0.00102983
0.00103197
0.00103362
0.00103022
0.00101713
0.00100599
0.00121464
0.00713749
0.00714755
0.00121865
0.00100657
0.00101766
0.00103152
0.00103419
0.00103212
0.00102988
0.00102867
0.001028
0.00102801
0.00102878
0.00103006
0.0010322
0.00103411
0.00103099
0.00101785
0.00100607
0.00121362
0.00713523
0.00714613
0.00121889
0.00100655
0.00101738
0.00103073
0.00103395
0.00103236
0.00102987
0.00102868
0.00102802
0.00102796
0.00102871
0.0010302
0.00103229
0.00103388
0.00103114
0.0010185
0.00100629
0.00121334
0.00713445
0.00714347
0.0012186
0.0010065
0.00101756
0.00103113
0.001034
0.00103241
0.00103007
0.00102865
0.0010281
0.001028
0.00102856
0.00103021
0.00103244
0.00103424
0.00103106
0.00101864
0.00100648
0.00121337
0.00713463
0.00714134
0.00121793
0.00100642
0.00101689
0.00102978
0.00103393
0.00103231
0.00103001
0.0010286
0.00102811
0.00102829
0.0010288
0.00103018
0.00103232
0.00103409
0.00103094
0.00101874
0.00100657
0.0012135
0.00713566
0.0071396
0.00121771
0.00100632
0.0010166
0.00102991
0.00103424
0.00103211
0.00102987
0.00102869
0.00102805
0.00102822
0.0010289
0.0010303
0.0010323
0.00103447
0.00103125
0.00101832
0.00100658
0.00121383
0.00713732
0.00713789
0.00121803
0.0010062
0.00101692
0.00102999
0.00103364
0.00103226
0.00102974
0.0010285
0.001028
0.00102835
0.0010288
0.00103019
0.00103216
0.00103413
0.00103078
0.00101807
0.00100657
0.00121402
0.00713798
0.007136
0.00121857
0.00100597
0.00101614
0.00102956
0.00103333
0.00103215
0.00102984
0.00102849
0.00102806
0.00102829
0.00102892
0.00103007
0.00103228
0.00103398
0.00103111
0.00101763
0.00100654
0.00121411
0.00713828
0.00713455
0.00121843
0.00100577
0.00101584
0.00102977
0.00103349
0.00103221
0.00103013
0.00102878
0.00102838
0.00102829
0.00102909
0.0010301
0.0010322
0.00103378
0.00103055
0.00101756
0.00100646
0.00121419
0.00713887
0.00713383
0.00121715
0.0010056
0.00101604
0.00102925
0.00103356
0.00103256
0.0010301
0.00102871
0.00102824
0.00102826
0.00102893
0.00103012
0.0010323
0.00103371
0.00103113
0.00101756
0.00100643
0.00121436
0.00714063
0.00713263
0.00121496
0.00100549
0.0010164
0.00103012
0.00103395
0.00103239
0.00103005
0.00102877
0.00102813
0.00102813
0.00102862
0.0010302
0.00103218
0.00103383
0.0010305
0.00101742
0.00100645
0.00121466
0.00714404
0.00712993
0.00121387
0.00100546
0.00101675
0.00103037
0.0010337
0.00103225
0.00103003
0.00102881
0.00102803
0.00102797
0.00102855
0.00103002
0.00103209
0.00103383
0.00103098
0.00101792
0.00100656
0.00121575
0.00714588
0.00712858
0.00121348
0.00100546
0.00101669
0.00103056
0.0010341
0.00103216
0.00103002
0.00102876
0.00102804
0.00102795
0.00102856
0.00102997
0.0010322
0.00103372
0.00103102
0.00101762
0.00100667
0.00121805
0.00714605
0.0071285
0.00121339
0.00100548
0.0010169
0.00103074
0.00103365
0.00103233
0.00103
0.00102854
0.00102811
0.0010282
0.00102851
0.00102994
0.00103182
0.0010334
0.00103129
0.00101744
0.00100664
0.00121885
0.00714574
0.00712877
0.00121329
0.0010055
0.00101638
0.00103064
0.00103405
0.00103235
0.00102994
0.00102839
0.0010281
0.00102816
0.00102875
0.00103018
0.001032
0.00103358
0.00103018
0.00101707
0.00100655
0.00121868
0.00714449
0.00712946
0.00121327
0.00100559
0.0010163
0.00103054
0.00103391
0.00103238
0.00103
0.00102855
0.00102793
0.00102794
0.00102868
0.00102991
0.00103173
0.00103368
0.00103008
0.00101741
0.00100653
0.00121796
0.00714229
0.00713104
0.00121343
0.00100584
0.00101681
0.00103061
0.00103409
0.00103221
0.00102975
0.0010287
0.00102828
0.00102807
0.00102864
0.0010296
0.00103196
0.00103363
0.00103062
0.00101797
0.00100655
0.00121763
0.00714045
0.00713386
0.0012136
0.00100601
0.001017
0.00103111
0.00103395
0.00103229
0.00102984
0.00102863
0.00102831
0.00102826
0.00102837
0.00102973
0.00103188
0.00103344
0.00103168
0.00101813
0.00100655
0.00121745
0.00713859
0.00713834
0.00121377
0.0010061
0.00101711
0.00103048
0.00103422
0.00103247
0.00102991
0.00102879
0.0010281
0.0010282
0.00102829
0.0010297
0.00103231
0.00103331
0.00103125
0.00101859
0.00100645
0.00121716
0.00713638
0.00714304
0.00121411
0.00100618
0.00101746
0.00103095
0.001034
0.00103237
0.00103
0.00102882
0.00102811
0.00102814
0.00102861
0.00103004
0.00103224
0.00103361
0.00103162
0.00101838
0.00100629
0.00121628
0.0071345
0.00714548
0.00121532
0.00100628
0.00101746
0.00103143
0.00103395
0.00103216
0.00102987
0.00102882
0.00102841
0.00102826
0.00102867
0.00103025
0.00103215
0.00103369
0.00103151
0.00101866
0.00100618
0.00121489
0.00713326
0.00714605
0.00121694
0.00100641
0.00101715
0.00103114
0.00103399
0.00103223
0.00102986
0.00102879
0.00102825
0.00102816
0.00102889
0.00103007
0.00103212
0.00103388
0.00103129
0.00101849
0.00100613
0.00121382
0.0071328
0.00714601
0.00121729
0.00100646
0.00101756
0.00103123
0.00103428
0.00103212
0.00102981
0.0010287
0.00102826
0.00102826
0.00102878
0.00103009
0.00103194
0.00103416
0.00103155
0.00101845
0.0010061
0.00121339
0.00713288
0.00714569
0.00121712
0.00100651
0.0010175
0.00103142
0.00103434
0.00103245
0.00103001
0.00102858
0.00102827
0.0010283
0.00102897
0.00103029
0.00103222
0.00103382
0.00103169
0.00101886
0.00100606
0.00121331
0.00713438
0.00714472
0.00121631
0.00100649
0.00101745
0.0010311
0.00103429
0.00103234
0.00102997
0.00102864
0.00102809
0.00102826
0.00102882
0.00103014
0.00103203
0.0010336
0.00103156
0.00101801
0.00100602
0.00121345
0.00713821
0.0071426
0.00121495
0.00100639
0.00101773
0.00103157
0.00103408
0.00103221
0.0010298
0.00102856
0.00102815
0.00102842
0.0010287
0.00103028
0.001032
0.00103313
0.00103151
0.00101828
0.00100602
0.0012141
0.00714021
0.00714089
0.00121388
0.00100614
0.00101698
0.00103067
0.00103418
0.00103226
0.00102994
0.00102854
0.00102806
0.00102834
0.00102882
0.00103025
0.00103201
0.00103356
0.00103165
0.00101811
0.00100605
0.00121442
0.0071406
0.00714054
0.00121338
0.00100597
0.00101689
0.00102988
0.00103387
0.00103218
0.00102991
0.00102882
0.00102819
0.00102832
0.00102882
0.00103023
0.00103196
0.0010336
0.00103164
0.00101807
0.00100615
0.00121426
0.00714039
0.00714096
0.00121323
0.00100595
0.00101698
0.00103084
0.00103372
0.00103196
0.00102998
0.0010288
0.00102844
0.0010285
0.00102891
0.00103012
0.00103225
0.00103394
0.00103218
0.00101792
0.0010062
0.00121423
0.00713933
0.00714161
0.00121315
0.00100599
0.00101735
0.00103039
0.00103393
0.00103215
0.00103022
0.00102895
0.00102843
0.00102861
0.00102889
0.00103023
0.00103221
0.00103376
0.001032
0.0010178
0.00100625
0.00121437
0.00713831
0.00714139
0.00121293
0.00100608
0.00101748
0.00103063
0.00103417
0.00103237
0.00103017
0.00102901
0.00102859
0.00102843
0.00102897
0.00103005
0.00103227
0.00103395
0.00103191
0.0010176
0.00100628
0.00121495
0.00713776
0.00713964
0.0012126
0.00100627
0.00101799
0.00103058
0.00103412
0.00103231
0.00103033
0.00102903
0.0010286
0.00102835
0.00102886
0.00102998
0.00103229
0.00103404
0.00103163
0.00101744
0.00100636
0.00121643
0.00713751
0.00713801
0.00121237
0.00100655
0.00101834
0.00103136
0.00103428
0.00103264
0.00103038
0.00102905
0.00102856
0.00102843
0.001029
0.00103001
0.00103233
0.00103394
0.00103179
0.00101776
0.00100655
0.00121939
0.00713705
0.0071375
0.00121189
0.00100678
0.00101878
0.00103143
0.00103453
0.00103268
0.00103049
0.00102933
0.00102849
0.0010286
0.00102907
0.00103007
0.001032
0.00103401
0.00103068
0.00101726
0.0010068
0.00122291
0.00713605
0.0071375
0.00121142
0.00100698
0.00101927
0.00103199
0.00103486
0.00103325
0.00103051
0.00102904
0.00102855
0.0010286
0.00102901
0.00103015
0.00103208
0.00103359
0.00103084
0.00101716
0.00100704
0.00122704
0.00713384
0.00713833
0.00121107
0.00100742
0.00102163
0.00103395
0.00103506
0.00103355
0.00103075
0.0010292
0.00102852
0.00102871
0.00102908
0.00103016
0.00103196
0.00103304
0.00102947
0.00101685
0.00100743
0.00123338
0.00713034
0.00714156
0.0012107
0.00100778
0.00102239
0.00103475
0.00103546
0.00103347
0.00103088
0.00102928
0.00102881
0.0010287
0.00102913
0.00103013
0.00103161
0.00103281
0.0010289
0.00101625
0.0010079
0.00124059
0.0071225
0.00714427
0.00120986
0.00100801
0.00102325
0.00103514
0.00103594
0.00103332
0.00103099
0.00102945
0.00102897
0.00102884
0.00102915
0.00102984
0.00103124
0.00103228
0.00102834
0.00101631
0.00100888
0.00125036
0.00711452
0.00714452
0.00120894
0.00100844
0.00102338
0.00103534
0.00103645
0.0010335
0.00103104
0.00102962
0.0010292
0.00102915
0.00102924
0.00103005
0.00103108
0.00103123
0.00102812
0.00101658
0.00100999
0.00126086
0.00709758
0.00714395
0.00120716
0.00100901
0.00102419
0.00103569
0.00103703
0.00103412
0.00103172
0.00103046
0.00102988
0.00102955
0.00102946
0.00103022
0.00103118
0.00103086
0.00102702
0.00101699
0.00101229
0.00127936
0.0070827
0.00714219
0.00120483
0.00100992
0.00102589
0.00103691
0.00103832
0.00103535
0.00103267
0.00103109
0.00103026
0.00102959
0.00102953
0.00103042
0.00103127
0.00103104
0.0010268
0.00101777
0.00101491
0.00130083
0.00705302
0.00713927
0.00120272
0.00101167
0.00102864
0.00103927
0.00104044
0.0010362
0.00103345
0.00103202
0.00103088
0.00103016
0.00103019
0.00103092
0.00103183
0.00103162
0.00102727
0.0010194
0.0010202
0.00133161
0.00702451
0.00713372
0.00119952
0.00101517
0.00103211
0.00104269
0.00104247
0.0010374
0.00103461
0.00103297
0.00103215
0.00103139
0.00103139
0.00103218
0.00103345
0.00103347
0.00102904
0.00102208
0.00102638
0.00137
0.00697529
0.00712431
0.00119537
0.00102218
0.00103941
0.00104943
0.00104437
0.00103819
0.0010355
0.00103449
0.00103332
0.00103288
0.00103312
0.00103437
0.00103698
0.00103886
0.00103366
0.00102804
0.00103893
0.00141892
0.0069224
0.00710789
0.00119336
0.00103317
0.00104742
0.00105458
0.00104572
0.00103958
0.0010372
0.00103574
0.00103502
0.00103442
0.00103456
0.00103598
0.00103954
0.00104265
0.00103973
0.00103472
0.001053
0.00148029
0.00684153
0.00708869
0.00119396
0.0010446
0.00106418
0.00106067
0.00104735
0.00104146
0.00103918
0.00103827
0.00103662
0.00103619
0.00103677
0.00103879
0.00104336
0.00104986
0.00105372
0.00104921
0.00107916
0.00156082
0.00674745
0.00704888
0.00119844
0.00106839
0.00107709
0.0010642
0.00104942
0.00104429
0.00104256
0.00104121
0.00103992
0.00103916
0.00103928
0.00104161
0.00104709
0.0010575
0.00106659
0.00106284
0.00110236
0.00165814
0.00661492
0.00699699
0.00121388
0.00109168
0.00109623
0.00106665
0.00105378
0.00105018
0.00104931
0.00104641
0.00104414
0.00104368
0.00104446
0.00104752
0.00105488
0.00107089
0.00108855
0.00109121
0.00114943
0.00179298
0.00645673
0.00689184
0.00123783
0.00113937
0.00110419
0.00107239
0.00106255
0.00105989
0.00105742
0.00105565
0.00105266
0.00105173
0.00105235
0.00105562
0.00106465
0.00108407
0.00110911
0.00111792
0.00119472
0.00193189
0.00623518
0.00674903
0.00129163
0.00117214
0.0011124
0.00108553
0.00107817
0.00107599
0.00107617
0.00106883
0.00106589
0.00106548
0.00106637
0.00107191
0.00108392
0.0011076
0.00114913
0.00117243
0.00128987
0.00214144
0.00597265
0.00635952
0.00134441
0.00119252
0.00113379
0.00111431
0.00110999
0.0011115
0.00109903
0.00109368
0.00109222
0.0010916
0.00109437
0.00110173
0.0011188
0.00115445
0.00121064
0.00123774
0.00138535
0.00233089
0.00561412
0.00613308
0.00148187
0.0012417
0.0011907
0.0011814
0.00118038
0.00115501
0.00114558
0.00114182
0.00113997
0.00114063
0.00114623
0.00115904
0.00118567
0.0012399
0.00129577
0.00134062
0.00156581
0.00260314
0.00517292
0.00683472
0.00148501
0.00124156
0.00119095
0.00117644
0.00116781
0.00115318
0.00114093
0.00113555
0.0011293
0.00112705
0.00113103
0.00114307
0.00117049
0.00122745
0.00127668
0.00133328
0.0015944
0.00282892
0.00595995
0.00712301
0.00135222
0.00118898
0.00113025
0.00110965
0.00110323
0.00109977
0.00109397
0.0010883
0.0010865
0.00108605
0.00108713
0.00109332
0.00110862
0.0011423
0.00120466
0.00124402
0.00142573
0.0025357
0.0064249
0.00758434
0.00130584
0.0011699
0.00111107
0.00108423
0.00107648
0.00107385
0.00107267
0.00106703
0.00106354
0.00106254
0.00106286
0.0010668
0.0010789
0.00110276
0.00114065
0.00116577
0.00130679
0.00230447
0.00680918
0.00775676
0.00126294
0.0011361
0.0011036
0.00107234
0.00106222
0.00105879
0.00105647
0.0010544
0.00105233
0.00105097
0.00105098
0.00105349
0.00106166
0.00108073
0.00110941
0.00112049
0.00121283
0.00207539
0.00709162
0.00788567
0.00124439
0.00109137
0.00109486
0.00106694
0.00105383
0.00105029
0.00104941
0.0010473
0.00104472
0.00104407
0.00104421
0.00104625
0.00105298
0.00106829
0.00108683
0.00109215
0.00116477
0.00192061
0.0073324
0.00794936
0.00123242
0.00106928
0.00107641
0.00106476
0.00104995
0.00104489
0.00104346
0.00104228
0.00104098
0.00103966
0.00103952
0.00104107
0.00104591
0.00105626
0.00106598
0.00106463
0.00111473
0.00176139
0.0075003
0.00799805
0.00123051
0.00104697
0.00106357
0.00106083
0.00104805
0.00104225
0.00104024
0.00103964
0.00103776
0.00103721
0.00103726
0.00103863
0.00104256
0.00104898
0.00105378
0.00105144
0.0010904
0.00166146
0.00764672
0.00802223
0.00123196
0.00103637
0.00104786
0.0010551
0.00104646
0.00104034
0.00103822
0.00103686
0.00103613
0.00103528
0.00103511
0.0010362
0.00103912
0.00104226
0.0010409
0.0010375
0.00106161
0.00156137
0.00774745
0.00804324
0.00123759
0.00102653
0.00104059
0.0010502
0.00104511
0.00103887
0.00103622
0.00103533
0.00103397
0.00103347
0.0010334
0.00103451
0.00103683
0.00103875
0.0010352
0.00103104
0.00104735
0.0014988
0.007836
0.00805293
0.00124159
0.00101979
0.00103371
0.00104357
0.00104284
0.0010376
0.00103496
0.00103341
0.00103274
0.00103205
0.00103186
0.00103272
0.00103417
0.00103423
0.00103077
0.00102496
0.00103369
0.00143682
0.00789262
0.00805771
0.00124566
0.00101653
0.0010304
0.00104039
0.00104098
0.00103631
0.00103355
0.00103233
0.00103137
0.00103082
0.00103075
0.00103142
0.00103293
0.0010328
0.00102904
0.00102215
0.00102702
0.00139409
0.00794651
0.0080597
0.00124831
0.00101468
0.00102748
0.00103811
0.00103868
0.00103524
0.00103259
0.00103116
0.00103068
0.00103036
0.00103038
0.00103098
0.00103236
0.00103236
0.0010285
0.00101988
0.00102097
0.00135717
0.00797514
0.00806055
0.0012508
0.00101337
0.00102523
0.00103669
0.00103752
0.00103455
0.00103209
0.00103066
0.00103018
0.00103001
0.00103033
0.00103097
0.00103225
0.0010326
0.0010288
0.00101884
0.00101805
0.00133254
0.00800615
0.00806131
0.00125247
0.00101243
0.00102368
0.00103624
0.00103694
0.00103424
0.00103176
0.00103035
0.00103012
0.00102981
0.00103034
0.00103093
0.00103213
0.00103313
0.00102964
0.00101845
0.00101546
0.00131064
0.00802113
0.00806325
0.0012538
0.00101203
0.00102296
0.00103515
0.00103624
0.00103402
0.00103151
0.00103033
0.00102986
0.00102963
0.00103022
0.00103109
0.0010325
0.00103341
0.00103037
0.00101822
0.00101425
0.00129843
0.00803727
0.00806574
0.00125564
0.00101178
0.00102221
0.00103524
0.00103578
0.00103377
0.00103117
0.00102979
0.00102935
0.00102932
0.00102976
0.00103084
0.00103269
0.00103385
0.00103024
0.00101805
0.00101302
0.00128587
0.00804491
0.00806844
0.00125676
0.00101156
0.00102115
0.00103314
0.00103558
0.00103322
0.00103094
0.0010297
0.0010294
0.00102922
0.00102989
0.00103077
0.00103286
0.00103405
0.00103068
0.00101821
0.00101238
0.00127909
0.00805215
0.00807232
0.00125765
0.00101139
0.00101963
0.00103228
0.00103554
0.00103327
0.0010309
0.00102966
0.00102917
0.00102897
0.00102959
0.00103075
0.00103275
0.00103474
0.00103156
0.00101814
0.00101194
0.00127232
0.00805552
0.00807474
0.00125863
0.00101137
0.00101926
0.00103177
0.00103489
0.00103293
0.00103094
0.00103
0.00102924
0.00102901
0.00102941
0.00103058
0.00103293
0.00103454
0.00103112
0.00101845
0.00101181
0.00126925
0.00805852
0.00807522
0.00125919
0.00101145
0.00101974
0.00103203
0.00103471
0.00103287
0.00103079
0.00102971
0.00102911
0.00102895
0.00102925
0.0010305
0.00103288
0.00103463
0.00103184
0.00101909
0.00101181
0.00126636
0.00806011
0.00807469
0.00125937
0.00101162
0.0010198
0.00103218
0.00103461
0.00103289
0.00103092
0.00102961
0.00102906
0.00102899
0.00102948
0.00103058
0.00103286
0.00103497
0.00103271
0.00101986
0.00101198
0.00126474
0.00806142
0.00807227
0.00125944
0.00101168
0.00101982
0.0010317
0.00103473
0.00103283
0.00103089
0.0010296
0.00102899
0.00102909
0.00102953
0.0010309
0.00103304
0.00103492
0.0010329
0.00101996
0.00101206
0.00126409
0.00806229
0.0080674
0.00125947
0.00101171
0.0010198
0.00103192
0.00103515
0.0010327
0.00103082
0.00102969
0.0010291
0.00102909
0.0010295
0.00103097
0.00103305
0.00103521
0.00103252
0.00101975
0.00101205
0.0012641
0.0080633
0.00806054
0.00125942
0.00101169
0.00101973
0.00103155
0.0010351
0.00103279
0.00103063
0.00102957
0.00102919
0.00102911
0.00102951
0.00103071
0.00103325
0.00103481
0.00103148
0.00101946
0.00101203
0.00126457
0.00806486
0.00805529
0.00125942
0.00101163
0.00101967
0.00103197
0.00103492
0.00103287
0.00103069
0.00102929
0.00102892
0.00102886
0.00102915
0.00103081
0.0010331
0.00103477
0.00103196
0.00101974
0.00101198
0.00126451
0.00806635
0.00805366
0.00125947
0.00101147
0.00101973
0.00103155
0.00103454
0.00103268
0.00103061
0.0010293
0.00102867
0.00102885
0.00102929
0.00103092
0.00103291
0.00103462
0.00103252
0.00101998
0.00101184
0.00126341
0.00806688
0.00805338
0.00125978
0.00101136
0.00101892
0.00103146
0.00103442
0.00103268
0.00103064
0.00102922
0.0010287
0.00102867
0.00102922
0.00103081
0.00103304
0.00103499
0.00103181
0.00101951
0.0010117
0.00126135
0.00806694
0.00805442
0.00126067
0.00101131
0.00101879
0.00103128
0.00103442
0.00103272
0.00103036
0.00102935
0.00102894
0.00102868
0.00102921
0.00103052
0.00103294
0.00103465
0.00103248
0.00102004
0.00101162
0.00125918
0.00806583
0.00805756
0.00126232
0.00101133
0.00101821
0.0010312
0.00103435
0.00103239
0.00103047
0.00102935
0.0010291
0.00102882
0.00102958
0.00103085
0.00103305
0.00103504
0.00103244
0.00101944
0.00101157
0.00125844
0.008062
0.0080604
0.00126458
0.00101155
0.00101831
0.00103081
0.00103414
0.00103255
0.00103053
0.00102952
0.0010291
0.00102892
0.0010295
0.00103091
0.00103307
0.00103496
0.00103146
0.00101904
0.00101145
0.00125821
0.00805695
0.00806243
0.00126521
0.00101177
0.00101874
0.00103172
0.00103415
0.00103254
0.0010304
0.00102941
0.00102898
0.00102886
0.00102946
0.0010307
0.00103294
0.00103493
0.00103114
0.001019
0.00101141
0.00125815
0.00805297
0.00806455
0.00126524
0.00101186
0.00101832
0.00103138
0.00103445
0.00103256
0.00103045
0.00102922
0.00102895
0.00102888
0.00102928
0.00103072
0.00103298
0.00103478
0.00103229
0.00101937
0.00101144
0.00125818
0.00805071
0.00806648
0.00126503
0.00101188
0.00101874
0.00103136
0.00103478
0.00103264
0.00103049
0.0010291
0.00102872
0.00102863
0.00102925
0.00103054
0.00103282
0.00103435
0.00103197
0.00101971
0.00101142
0.00125819
0.00804972
0.00806704
0.0012638
0.00101189
0.00101897
0.00103188
0.0010348
0.00103296
0.00103056
0.00102894
0.0010285
0.00102843
0.00102918
0.00103039
0.00103277
0.00103454
0.00103123
0.00101945
0.00101136
0.00125838
0.00804959
0.00806694
0.00126137
0.00101186
0.00101894
0.00103167
0.00103442
0.00103279
0.00103057
0.00102911
0.00102847
0.0010287
0.00102927
0.00103051
0.00103232
0.00103455
0.00103163
0.0010195
0.00101135
0.00125894
0.00805032
0.0080653
0.00126028
0.00101181
0.00101913
0.0010312
0.00103468
0.00103256
0.00103042
0.00102919
0.00102855
0.00102893
0.00102924
0.0010306
0.00103268
0.00103425
0.00103146
0.00101982
0.00101138
0.00125987
0.00805192
0.00806219
0.00125994
0.00101179
0.00101893
0.00103067
0.00103412
0.0010323
0.00103044
0.00102919
0.00102893
0.00102894
0.00102929
0.00103057
0.00103258
0.00103443
0.00103122
0.00101982
0.00101142
0.00126153
0.00805402
0.0080588
0.00125979
0.00101178
0.00101912
0.00103124
0.00103396
0.00103253
0.00103035
0.00102917
0.00102908
0.00102883
0.00102925
0.00103038
0.00103274
0.00103455
0.00103177
0.00101962
0.00101156
0.00126315
0.00805606
0.00805594
0.00125968
0.00101177
0.00101919
0.0010317
0.00103421
0.00103264
0.00103049
0.00102932
0.00102916
0.00102902
0.00102949
0.00103039
0.00103278
0.00103426
0.00103291
0.00101994
0.00101168
0.00126368
0.00805703
0.0080527
0.0012595
0.00101174
0.00101931
0.00103186
0.00103405
0.00103264
0.00103066
0.00102935
0.00102907
0.00102889
0.00102953
0.00103054
0.00103295
0.00103441
0.00103258
0.00101949
0.0010118
0.00126388
0.00805778
0.00804945
0.00125943
0.00101172
0.00101905
0.00103165
0.00103451
0.00103282
0.00103069
0.0010295
0.00102908
0.00102884
0.00102926
0.00103043
0.00103305
0.00103464
0.00103224
0.00101961
0.001012
0.00126467
0.0080591
0.00804747
0.00125944
0.0010117
0.00101913
0.00103152
0.0010343
0.0010327
0.00103063
0.00102961
0.00102919
0.00102891
0.00102955
0.00103068
0.00103278
0.00103462
0.00103186
0.00101923
0.00101212
0.0012651
0.00806086
0.00804648
0.00125958
0.00101169
0.0010192
0.00103195
0.00103417
0.00103286
0.00103071
0.00102965
0.0010291
0.00102916
0.00102956
0.00103076
0.00103252
0.00103463
0.00103239
0.00101986
0.00101212
0.00126505
0.00806255
0.00804628
0.00125983
0.00101163
0.00101917
0.00103181
0.00103461
0.00103282
0.00103082
0.0010299
0.00102926
0.00102906
0.00102953
0.00103072
0.00103251
0.00103417
0.00103187
0.00101944
0.00101198
0.00126406
0.00806401
0.00804698
0.00126057
0.00101161
0.00101909
0.00103207
0.00103445
0.00103285
0.00103086
0.00102972
0.00102922
0.00102905
0.00102965
0.0010305
0.00103263
0.00103433
0.00103158
0.00101868
0.00101165
0.00126296
0.00806456
0.0080495
0.00126249
0.00101164
0.00101921
0.0010324
0.00103465
0.00103303
0.00103073
0.00102954
0.00102897
0.0010287
0.00102927
0.00103051
0.0010327
0.00103433
0.00103144
0.00101856
0.00101144
0.00126209
0.00806464
0.00805267
0.00126601
0.00101183
0.00101881
0.00103188
0.00103468
0.0010329
0.00103046
0.00102928
0.00102862
0.00102853
0.00102917
0.00103039
0.00103255
0.00103409
0.00103113
0.00101851
0.0010114
0.00126106
0.00806438
0.00805564
0.00126753
0.00101208
0.00101922
0.00103217
0.00103465
0.00103282
0.00103054
0.00102919
0.00102848
0.00102845
0.00102915
0.0010304
0.00103259
0.00103455
0.00103119
0.00101847
0.0010114
0.00126066
0.00806334
0.00805855
0.00126775
0.00101223
0.00101964
0.00103204
0.00103479
0.00103281
0.00103069
0.0010292
0.00102854
0.00102839
0.00102919
0.00103056
0.00103266
0.00103436
0.00103156
0.00101856
0.00101151
0.00126047
0.00806152
0.00806135
0.00126708
0.0010123
0.00102006
0.00103233
0.00103482
0.00103279
0.0010308
0.00102923
0.00102878
0.00102866
0.00102917
0.00103037
0.00103265
0.00103455
0.00103199
0.00101894
0.00101156
0.00126033
0.00805895
0.00806384
0.00126559
0.0010123
0.00101989
0.00103197
0.00103462
0.00103306
0.00103098
0.00102952
0.00102906
0.00102881
0.00102931
0.00103041
0.00103261
0.00103486
0.00103171
0.00101873
0.00101155
0.00126018
0.00805732
0.00806587
0.00126432
0.00101223
0.00101956
0.00103225
0.0010348
0.00103293
0.00103088
0.00102954
0.00102907
0.00102922
0.00102945
0.00103051
0.00103276
0.00103514
0.00103179
0.0010189
0.00101156
0.00126019
0.00805646
0.008067
0.00126326
0.00101205
0.00101939
0.00103188
0.00103446
0.00103301
0.00103078
0.00102961
0.00102901
0.00102939
0.0010292
0.00103078
0.00103306
0.00103445
0.00103291
0.00101954
0.00101161
0.00126031
0.0080551
0.00806721
0.00126208
0.00101182
0.00101919
0.00103182
0.00103457
0.00103283
0.00103088
0.00102957
0.00102897
0.00102926
0.00102968
0.00103087
0.001033
0.00103499
0.00103274
0.00101932
0.00101169
0.00126067
0.00805466
0.00806687
0.00126116
0.00101167
0.00101876
0.00103134
0.00103464
0.00103287
0.00103091
0.00102959
0.00102902
0.00102911
0.0010297
0.00103089
0.00103291
0.00103459
0.00103279
0.00101967
0.00101172
0.00126163
0.00805491
0.00806599
0.00126067
0.00101164
0.00101885
0.00103124
0.00103493
0.00103286
0.00103096
0.00102971
0.00102897
0.0010292
0.00102946
0.00103063
0.00103294
0.00103507
0.00103222
0.0010189
0.00101184
0.00126363
0.00805778
0.00806484
0.00126009
0.00101167
0.00101937
0.00103228
0.00103482
0.00103307
0.00103069
0.00102949
0.00102903
0.0010291
0.00102934
0.00103061
0.0010331
0.00103461
0.00103191
0.00101888
0.00101196
0.00126548
0.00806112
0.00806192
0.00125976
0.00101168
0.00101917
0.0010321
0.0010345
0.00103295
0.00103078
0.00102951
0.00102875
0.00102906
0.00102944
0.00103083
0.0010333
0.00103533
0.00103214
0.00101895
0.00101199
0.0012659
0.00806272
0.00806055
0.00125967
0.0010116
0.001019
0.00103193
0.00103479
0.00103294
0.0010305
0.00102952
0.00102903
0.0010291
0.00102955
0.00103059
0.00103321
0.00103501
0.00103241
0.00101907
0.00101195
0.00126542
0.00806494
0.00806048
0.00125971
0.00101147
0.00101869
0.00103128
0.00103502
0.00103285
0.00103049
0.00102955
0.00102911
0.00102895
0.00102977
0.00103084
0.00103308
0.00103545
0.00103187
0.00101885
0.00101182
0.00126384
0.0080663
0.00806117
0.0012601
0.00101145
0.00101876
0.00103142
0.00103466
0.00103295
0.00103053
0.00102951
0.00102905
0.00102926
0.00102973
0.0010308
0.00103289
0.00103499
0.0010317
0.00101905
0.00101178
0.0012623
0.00806675
0.00806263
0.00126134
0.00101147
0.00101924
0.00103239
0.00103462
0.0010329
0.00103077
0.00102957
0.00102877
0.00102928
0.0010297
0.00103077
0.00103275
0.00103479
0.00103207
0.00101948
0.0010118
0.00126111
0.00806687
0.00806496
0.00126397
0.00101162
0.00101883
0.00103201
0.00103464
0.00103326
0.00103096
0.00102954
0.00102922
0.00102924
0.0010296
0.00103064
0.00103297
0.00103522
0.00103187
0.00101945
0.00101186
0.00126053
0.00806672
0.008068
0.00126716
0.00101191
0.00101879
0.00103201
0.001035
0.00103324
0.00103118
0.00102969
0.00102932
0.00102923
0.00102962
0.00103099
0.0010331
0.00103499
0.00103156
0.00101939
0.00101189
0.00126043
0.00806648
0.00807115
0.00126794
0.00101203
0.00101908
0.00103211
0.00103544
0.00103331
0.00103107
0.0010299
0.00102954
0.00102936
0.00102966
0.00103099
0.00103319
0.00103493
0.00103229
0.00101974
0.0010119
0.00126077
0.00806665
0.00807486
0.00126777
0.00101203
0.00101959
0.00103262
0.00103539
0.0010337
0.00103117
0.00103002
0.00102951
0.00102958
0.00102968
0.00103117
0.00103348
0.0010355
0.00103184
0.00101918
0.00101189
0.00126193
0.00806816
0.00807876
0.00126619
0.00101184
0.0010197
0.00103321
0.00103541
0.00103334
0.00103126
0.00103012
0.00102941
0.00102942
0.00102989
0.00103124
0.00103366
0.00103576
0.00103114
0.00101861
0.0010119
0.00126444
0.00807097
0.00808259
0.00126345
0.00101151
0.00101935
0.00103199
0.0010357
0.00103363
0.00103113
0.00102995
0.00102952
0.00102961
0.00102998
0.00103158
0.00103393
0.00103566
0.00103225
0.0010189
0.0010121
0.00126715
0.0080744
0.0080856
0.00125985
0.00101143
0.00101928
0.00103205
0.00103588
0.00103361
0.00103179
0.00103032
0.00102972
0.00103005
0.00103065
0.0010318
0.00103432
0.0010357
0.00103284
0.00101946
0.00101238
0.00126782
0.00807899
0.00808665
0.00125866
0.00101163
0.00102
0.00103273
0.00103637
0.00103443
0.00103266
0.00103132
0.00103102
0.00103123
0.00103157
0.00103289
0.0010353
0.0010374
0.00103364
0.0010197
0.00101277
0.00126781
0.00808326
0.00808712
0.00125861
0.00101271
0.00102156
0.00103497
0.00103829
0.00103687
0.00103474
0.00103375
0.00103335
0.00103343
0.00103373
0.00103508
0.00103753
0.00103832
0.00103542
0.0010216
0.00101385
0.00126738
0.00808716
0.00808809
0.00125985
0.00101562
0.001025
0.00103901
0.00104244
0.00104124
0.00103928
0.00103855
0.00103792
0.00103791
0.00103876
0.00103958
0.0010417
0.00104325
0.00103897
0.00102524
0.00101679
0.00126741
0.00809188
0.00809147
0.00126452
0.00102255
0.00103303
0.00104715
0.00105185
0.00105104
0.00104957
0.00104848
0.00104808
0.00104794
0.00104859
0.00104983
0.00105167
0.00105318
0.00104769
0.00103277
0.00102358
0.00127038
0.00809896
0.00810006
0.00127619
0.00103748
0.00104942
0.00106503
0.00107184
0.00107132
0.0010697
0.0010693
0.00106871
0.00106887
0.00106921
0.00107042
0.00107209
0.00107246
0.00106714
0.00105014
0.00103863
0.00128079
0.00810923
0.00811763
0.00130137
0.00106764
0.00108443
0.00110273
0.00111002
0.00111051
0.00110916
0.00110867
0.00110855
0.00110833
0.00110901
0.00110989
0.00111036
0.00111031
0.00110369
0.00108516
0.00106906
0.00130421
0.00812606
0.00815135
0.00135124
0.00112467
0.00114759
0.00117082
0.00117997
0.00118176
0.00118124
0.0011811
0.00118131
0.00118105
0.00118171
0.00118278
0.00118226
0.00117974
0.00116944
0.00114815
0.00112589
0.00135094
0.00815784
0.00821282
0.00144339
0.00122469
0.00125607
0.00128446
0.00129926
0.00130368
0.00130545
0.00130488
0.00130624
0.00130712
0.00130688
0.00130657
0.00130445
0.00130089
0.0012848
0.00125721
0.00122585
0.00144078
0.00821661
0.00832046
0.00160126
0.00138844
0.00142988
0.00146711
0.00148862
0.00149761
0.00150192
0.00150166
0.00150294
0.00150379
0.00150342
0.00150221
0.001498
0.00148871
0.00146804
0.00143142
0.00138954
0.00159615
0.00832192
0.00850084
0.0018449
0.00163611
0.00168757
0.00173114
0.00175935
0.00177761
0.00178135
0.0017866
0.00178617
0.00178606
0.00178534
0.00178302
0.00177968
0.00176146
0.00173283
0.00168894
0.00163702
0.00184005
0.00850075
0.00878104
0.00218517
0.00197826
0.00203412
0.00208077
0.00211498
0.00213609
0.00214524
0.00215215
0.00215435
0.00215544
0.00215342
0.00214606
0.00213671
0.00211761
0.00208316
0.00203582
0.00197914
0.00218365
0.0087786
0.00917568
0.00261884
0.00240343
0.00245347
0.00249417
0.00252337
0.00254221
0.00255645
0.00256223
0.00256654
0.00256686
0.00256494
0.00255846
0.00254377
0.00252373
0.00249521
0.00245466
0.00240419
0.00262047
0.00917145
0.00953201
0.00311048
0.00287097
0.00289945
0.00292292
0.00293854
0.00294983
0.0029567
0.00296044
0.00296264
0.00296431
0.00296402
0.0029608
0.00295235
0.00293918
0.00292255
0.00289949
0.00287149
0.00311293
0.00952938
0.00963604
0.00350119
0.00327149
0.00329017
0.00329803
0.00329882
0.00329763
0.00329512
0.00329333
0.0032928
0.00329433
0.00329547
0.00329647
0.00329794
0.00329924
0.00329849
0.00329056
0.00327194
0.00350279
0.00963428
0.00965024
0.0036562
0.00344196
0.00347315
0.00349225
0.00349986
0.00350186
0.0035014
0.00350035
0.00349984
0.00350012
0.00350101
0.00350203
0.00350222
0.00350003
0.00349237
0.00347332
0.00344223
0.00365732
0.00964872
0.0096228
0.00372474
0.00351465
0.00354919
0.00357255
0.00358398
0.00358894
0.00359063
0.00359093
0.00359089
0.00359096
0.0035911
0.00359083
0.00358909
0.00358406
0.0035726
0.00354927
0.00351484
0.00372558
0.00962158
0.00949964
0.00375898
0.00355067
0.00358508
0.00360944
0.00362216
0.00362839
0.00363115
0.00363218
0.00363248
0.0036325
0.00363223
0.00363121
0.00362845
0.00362219
0.00360947
0.00358513
0.00355081
0.00375966
0.00949885
0.00924307
0.00378049
0.00357404
0.00360426
0.00362776
0.00364062
0.00364723
0.0036504
0.00365175
0.00365223
0.00365223
0.00365177
0.00365041
0.00364725
0.00364063
0.00362777
0.0036043
0.00357416
0.003781
0.00924259
0.00886508
0.00380053
0.00359652
0.00361886
0.00363898
0.00365062
0.0036569
0.00366009
0.00366155
0.0036621
0.0036621
0.00366155
0.00366009
0.00365691
0.00365063
0.00363899
0.00361888
0.0035966
0.00380084
0.00886476
0.00843054
0.00381551
0.00361921
0.0036331
0.00364879
0.0036583
0.0036636
0.00366636
0.00366768
0.00366819
0.00366819
0.00366768
0.00366637
0.00366361
0.00365831
0.00364879
0.00363311
0.00361924
0.00381571
0.00843031
0.00802717
0.00382077
0.00363883
0.00364672
0.00365866
0.00366614
0.00367033
0.00367251
0.00367354
0.00367393
0.00367393
0.00367354
0.00367251
0.00367033
0.00366614
0.00365866
0.00364672
0.00363884
0.00382092
0.00802702
0.00770325
0.00382189
0.00365438
0.00365915
0.00366863
0.00367462
0.00367791
0.00367957
0.00368032
0.0036806
0.0036806
0.00368032
0.00367957
0.00367791
0.00367461
0.00366863
0.00365914
0.00365439
0.00382201
0.00770317
0.00741786
0.00381974
0.00366755
0.00367092
0.00367877
0.00368363
0.00368619
0.00368741
0.00368792
0.0036881
0.0036881
0.00368792
0.00368741
0.00368619
0.00368362
0.00367876
0.00367091
0.00366755
0.0038198
0.0074178
0.00707188
0.00381253
0.00368049
0.00368282
0.00368908
0.00369281
0.00369466
0.00369546
0.00369576
0.00369585
0.00369585
0.00369576
0.00369546
0.00369466
0.00369281
0.00368908
0.00368282
0.00368049
0.00381255
0.00707185
0.0066188
0.00380634
0.00369443
0.00369486
0.00369916
0.00370167
0.00370282
0.00370325
0.00370338
0.0037034
0.0037034
0.00370338
0.00370325
0.00370282
0.00370167
0.00369916
0.00369485
0.00369444
0.00380637
0.00661882
0.00613009
0.00379892
0.00370703
0.00370578
0.00370836
0.00370985
0.00371047
0.00371065
0.00371069
0.00371069
0.00371069
0.00371069
0.00371065
0.00371047
0.00370985
0.00370836
0.00370578
0.00370703
0.00379893
0.00613011
0.00570323
0.00378487
0.00371569
0.00371485
0.0037166
0.0037175
0.0037178
0.00371786
0.00371786
0.00371785
0.00371785
0.00371786
0.00371786
0.0037178
0.0037175
0.0037166
0.00371485
0.00371569
0.00378486
0.00570321
0.00531915
0.0037717
0.00372377
0.00372363
0.00372471
0.00372509
0.00372514
0.0037251
0.00372506
0.00372504
0.00372504
0.00372506
0.0037251
0.00372514
0.00372509
0.00372471
0.00372363
0.00372377
0.0037717
0.00531912
0.00488437
0.00376201
0.00373326
0.00373282
0.00373292
0.00373275
0.00373255
0.00373241
0.00373232
0.00373228
0.00373228
0.00373232
0.00373241
0.00373255
0.00373275
0.00373292
0.00373282
0.00373326
0.00376201
0.00488437
0.00440641
0.00375319
0.00374157
0.00374112
0.00374067
0.00374017
0.00373988
0.00373974
0.00373967
0.00373964
0.00373964
0.00373967
0.00373974
0.00373988
0.00374016
0.00374067
0.00374112
0.00374157
0.00375319
0.00440642
0.0039667
0.00374997
0.00374668
0.00374673
0.00374648
0.00374626
0.00374611
0.00374604
0.003746
0.00374599
0.00374599
0.003746
0.00374604
0.00374611
0.00374626
0.00374648
0.00374673
0.00374668
0.00374997
0.0039667
)
;

boundaryField
{
    outlet
    {
        type            inletOutlet;
        inletValue      uniform 0.001;
        value           nonuniform List<scalar> 
20
(
0.032916
0.00305594
0.00113645
0.00106162
0.00105564
0.00105035
0.00104413
0.00104035
0.00103876
0.00103807
0.00103819
0.00103889
0.00104024
0.00104433
0.00105152
0.00105841
0.00106418
0.00113463
0.00299402
0.0329201
)
;
    }
    inlet1
    {
        type            turbulentIntensityKineticEnergyInlet;
        intensity       0.05;
        U               U;
        phi             phi;
        value           uniform 0.00375;
    }
    inlet2
    {
        type            turbulentIntensityKineticEnergyInlet;
        intensity       0.05;
        U               U;
        phi             phi;
        value           uniform 0.00375;
    }
    frontAndBack
    {
        type            empty;
    }
    defaultFaces
    {
        type            kqRWallFunction;
        value           nonuniform List<scalar> 
620
(
0.032916
0.0329392
0.0329481
0.0329553
0.0329568
0.032956
0.0329483
0.0329319
0.0329206
0.0329177
0.0329175
0.0329212
0.032928
0.0329343
0.0329396
0.0329458
0.0329524
0.0329612
0.0329685
0.0329757
0.03298
0.0329809
0.0329792
0.0329739
0.0329652
0.0329532
0.0329405
0.0329288
0.0329216
0.0329162
0.0329105
0.0329067
0.0329033
0.0329017
0.0329018
0.0329036
0.0329039
0.0329029
0.0328989
0.03289
0.0328778
0.0328546
0.0328155
0.032756
0.0326725
0.0325637
0.0324231
0.0322396
0.0320042
0.0317127
0.0313657
0.0309536
0.0304638
0.0298906
0.0292262
0.0284667
0.0276105
0.0266612
0.0256327
0.0245378
0.0233943
0.0222097
0.0209978
0.0197751
0.018561
0.0173738
0.0162424
0.0151922
0.0142255
0.0133533
0.0125857
0.0119273
0.0113812
0.0109363
0.010561
0.0102277
0.00993569
0.00969696
0.0095767
0.0095471
0.00955066
0.00957889
0.00962365
0.00966995
0.00968817
0.00967977
0.0095945
0.0094201
0.00920079
0.00890234
0.00838544
0.00757491
0.00641718
0.00486476
0.00309107
0.00164023
0.00150217
0.00297041
0.00488901
0.0055146
0.0329201
0.0329149
0.0329146
0.0329147
0.0329155
0.0329183
0.0329243
0.0329328
0.0329409
0.0329473
0.0329559
0.0329631
0.0329645
0.032963
0.0329562
0.0329471
0.0329383
0.0329248
0.0329132
0.0329084
0.0329066
0.0329066
0.0329108
0.0329207
0.0329282
0.0329323
0.0329375
0.032943
0.0329494
0.0329567
0.032965
0.0329729
0.0329792
0.0329806
0.0329798
0.0329731
0.0329615
0.0329463
0.0329269
0.0329039
0.0328724
0.032829
0.0327771
0.0327134
0.0326279
0.0325189
0.0323799
0.0321919
0.031952
0.031667
0.0313238
0.0309082
0.0304139
0.0298358
0.0291699
0.0284054
0.0275401
0.0265836
0.0255425
0.0244329
0.0232748
0.0220792
0.0208565
0.0196204
0.0183931
0.0171981
0.0160552
0.014993
0.0140166
0.0131328
0.0123528
0.0116831
0.0111261
0.0106752
0.0102993
0.0099632
0.00966082
0.00943253
0.00935974
0.00935483
0.00938808
0.00946544
0.00957577
0.00970193
0.00982602
0.0098741
0.00985235
0.0097069
0.00944332
0.00906451
0.00839289
0.00724294
0.00565558
0.00402307
0.00256187
0.00158319
0.00142808
0.00296787
0.00525733
0.00603638
0.0047286
0.00440184
0.00403947
0.00363135
0.00318515
0.00268825
0.00211741
0.00154331
0.000929387
0.000499463
0.000801668
0.00145945
0.00210666
0.00275637
0.00333384
0.00385238
0.00433033
0.00475774
0.00514366
0.00549103
0.00396515
0.00440749
0.00488957
0.00531663
0.00569381
0.00613045
0.00663307
0.00708143
0.00740674
0.00768358
0.00803061
0.00847342
0.00892263
0.00925778
0.00942138
0.00945404
0.00943763
0.00933431
0.00894984
0.00838535
0.00795101
0.00765152
0.00745969
0.00734249
0.0072726
0.00723128
0.00720623
0.00719026
0.00717915
0.00717051
0.00716362
0.00715845
0.00715487
0.00715242
0.00715051
0.00714893
0.00714736
0.00714588
0.00714488
0.00714352
0.00714143
0.00713989
0.00713954
0.00713971
0.00714023
0.00714123
0.00714392
0.00714685
0.00714776
0.00714755
0.00714613
0.00714347
0.00714134
0.0071396
0.00713789
0.007136
0.00713455
0.00713383
0.00713263
0.00712993
0.00712858
0.0071285
0.00712877
0.00712946
0.00713104
0.00713386
0.00713834
0.00714304
0.00714548
0.00714605
0.00714601
0.00714569
0.00714472
0.0071426
0.00714089
0.00714054
0.00714096
0.00714161
0.00714139
0.00713964
0.00713801
0.0071375
0.0071375
0.00713833
0.00714156
0.00714427
0.00714452
0.00714395
0.00714219
0.00713927
0.00713372
0.00712431
0.00710789
0.00708869
0.00704888
0.00699699
0.00689184
0.00674903
0.00635952
0.00613308
0.00396516
0.00440746
0.00488958
0.00531665
0.00569381
0.00613048
0.00663313
0.00708165
0.00740713
0.00768455
0.00803233
0.0084755
0.00892484
0.00926005
0.00942392
0.00945672
0.00944038
0.00933729
0.00895297
0.00838647
0.00795018
0.00764953
0.00745766
0.00734078
0.00727094
0.00722938
0.0072042
0.00718828
0.00717762
0.00717009
0.0071646
0.00715988
0.00715554
0.00715203
0.00714938
0.00714738
0.007146
0.00714535
0.00714523
0.00714548
0.00714609
0.00714616
0.00714596
0.00714506
0.00714308
0.00714135
0.00714031
0.00713935
0.00713749
0.00713523
0.00713445
0.00713463
0.00713566
0.00713732
0.00713798
0.00713828
0.00713887
0.00714063
0.00714404
0.00714588
0.00714605
0.00714574
0.00714449
0.00714229
0.00714045
0.00713859
0.00713638
0.0071345
0.00713326
0.0071328
0.00713288
0.00713438
0.00713821
0.00714021
0.0071406
0.00714039
0.00713933
0.00713831
0.00713776
0.00713751
0.00713705
0.00713605
0.00713384
0.00713034
0.0071225
0.00711452
0.00709758
0.0070827
0.00705302
0.00702451
0.00697529
0.0069224
0.00684153
0.00674745
0.00661492
0.00645673
0.00623518
0.00597265
0.00561412
0.00517292
0.00683472
0.00712301
0.00758434
0.00775676
0.00788567
0.00794936
0.00799805
0.00802223
0.00804324
0.00805293
0.00805771
0.0080597
0.00806055
0.00806131
0.00806325
0.00806574
0.00806844
0.00807232
0.00807474
0.00807522
0.00807469
0.00807227
0.0080674
0.00806054
0.00805529
0.00805366
0.00805338
0.00805442
0.00805756
0.0080604
0.00806243
0.00806455
0.00806648
0.00806704
0.00806694
0.0080653
0.00806219
0.0080588
0.00805594
0.0080527
0.00804945
0.00804747
0.00804648
0.00804628
0.00804698
0.0080495
0.00805267
0.00805564
0.00805855
0.00806135
0.00806384
0.00806587
0.008067
0.00806721
0.00806687
0.00806599
0.00806484
0.00806192
0.00806055
0.00806048
0.00806117
0.00806263
0.00806496
0.008068
0.00807115
0.00807486
0.00807876
0.00808259
0.0080856
0.00808665
0.00808712
0.00808809
0.00809147
0.00810006
0.00811763
0.00815135
0.00821282
0.00832046
0.00850084
0.00878104
0.00917568
0.00953201
0.00963604
0.00965024
0.0096228
0.00949964
0.00924307
0.00886508
0.00843054
0.00802717
0.00770325
0.00741786
0.00707188
0.0066188
0.00613009
0.00570323
0.00531915
0.00488437
0.00440641
0.0039667
0.00595995
0.0064249
0.00680918
0.00709162
0.0073324
0.0075003
0.00764672
0.00774745
0.007836
0.00789262
0.00794651
0.00797514
0.00800615
0.00802113
0.00803727
0.00804491
0.00805215
0.00805552
0.00805852
0.00806011
0.00806142
0.00806229
0.0080633
0.00806486
0.00806635
0.00806688
0.00806694
0.00806583
0.008062
0.00805695
0.00805297
0.00805071
0.00804972
0.00804959
0.00805032
0.00805192
0.00805402
0.00805606
0.00805703
0.00805778
0.0080591
0.00806086
0.00806255
0.00806401
0.00806456
0.00806464
0.00806438
0.00806334
0.00806152
0.00805895
0.00805732
0.00805646
0.0080551
0.00805466
0.00805491
0.00805778
0.00806112
0.00806272
0.00806494
0.0080663
0.00806675
0.00806687
0.00806672
0.00806648
0.00806665
0.00806816
0.00807097
0.0080744
0.00807899
0.00808326
0.00808716
0.00809188
0.00809896
0.00810923
0.00812606
0.00815784
0.00821661
0.00832192
0.00850075
0.0087786
0.00917145
0.00952938
0.00963428
0.00964872
0.00962158
0.00949885
0.00924259
0.00886476
0.00843031
0.00802702
0.00770317
0.0074178
0.00707185
0.00661882
0.00613011
0.00570321
0.00531912
0.00488437
0.00440642
0.0039667
)
;
    }
}


// ************************************************************************* //
