/*--------------------------------*- C++ -*----------------------------------*\
| =========                 |                                                 |
| \\      /  F ield         | OpenFOAM: The Open Source CFD Toolbox           |
|  \\    /   O peration     | Version:  2.1.0                                 |
|   \\  /    A nd           | Web:      www.OpenFOAM.org                      |
|    \\/     M anipulation  |                                                 |
\*---------------------------------------------------------------------------*/
FoamFile
{
    version     2.0;
    format      ascii;
    class       volScalarField;
    location    "0.25";
    object      C2;
}
// * * * * * * * * * * * * * * * * * * * * * * * * * * * * * * * * * * * * * //

dimensions      [0 0 0 0 0 0 0];

internalField   nonuniform List<scalar> 
6400
(
6.77347e-05
7.16116e-05
7.6687e-05
8.22874e-05
8.82585e-05
9.45729e-05
0.000101233
0.000108246
0.000115623
0.000123373
0.000131504
0.000140025
0.000148942
0.000158263
0.000167994
0.000178138
0.000188701
0.000199684
0.00021109
0.00022292
0.000235172
0.000247844
0.000260933
0.000274433
0.000288339
0.00030264
0.000317328
0.00033239
0.000347811
0.000363577
0.00037967
0.000396068
0.000412751
0.000429694
0.000446872
0.000464254
0.000481811
0.00049951
0.000517314
0.000535187
0.000553089
0.000570977
0.000588809
0.000606538
0.000624116
0.000641494
0.000658621
0.000675444
0.000691908
0.000707959
0.000723538
0.00073859
0.000753055
0.000766875
0.000779988
0.000792336
0.000803856
0.000814489
0.000824173
0.000832848
0.000840453
0.000846928
0.000852214
0.000856254
0.000858988
0.000860363
0.000860322
0.000858813
0.000855784
0.000851185
0.000844969
0.00083709
0.000827505
0.000816175
0.000803061
0.000788129
0.000771349
0.000752695
0.000732146
0.000709685
0.000685304
0.000659004
0.000630794
0.000600697
0.000568749
0.000535003
0.000499536
0.000462449
0.000423873
0.000383979
0.000342981
0.000301154
0.000258865
0.000216668
0.000175403
0.000136001
9.90211e-05
6.54575e-05
3.71648e-05
1.64812e-05
6.98369e-05
7.38952e-05
7.9142e-05
8.49085e-05
9.10489e-05
9.75389e-05
0.000104382
0.000111586
0.000119161
0.000127117
0.000135462
0.000144205
0.000153352
0.000162911
0.000172887
0.000183284
0.000194108
0.00020536
0.000217042
0.000229155
0.000241697
0.000254667
0.000268059
0.00028187
0.000296091
0.000310715
0.000325729
0.000341123
0.000356882
0.000372989
0.000389425
0.000406172
0.000423205
0.000440502
0.000458033
0.000475772
0.000493686
0.000511741
0.000529901
0.000548129
0.000566384
0.000584623
0.000602802
0.000620875
0.000638792
0.000656504
0.000673958
0.000691102
0.000707879
0.000724234
0.000740109
0.000755446
0.000770185
0.000784266
0.00079763
0.000810213
0.000821956
0.000832796
0.000842671
0.000851521
0.000859284
0.000865899
0.000871307
0.000875448
0.000878264
0.000879699
0.000879697
0.000878203
0.000875165
0.000870532
0.000864255
0.000856287
0.000846583
0.000835101
0.000821801
0.000806646
0.000789603
0.000770641
0.000749736
0.000726866
0.000702018
0.000675184
0.000646366
0.000615578
0.000582845
0.00054821
0.000511739
0.000473525
0.000433698
0.000392438
0.000349993
0.000306708
0.000263064
0.000219724
0.000177559
0.000137611
0.00010054
6.75716e-05
4.05466e-05
2.1409e-05
7.34947e-05
7.78243e-05
8.33549e-05
8.94072e-05
9.58423e-05
0.000102639
0.000109802
0.00011734
0.000125264
0.000133583
0.000142305
0.00015144
0.000160994
0.000170975
0.000181387
0.000192236
0.000203526
0.000215259
0.000227436
0.000240058
0.000253124
0.00026663
0.000280572
0.000294946
0.000309743
0.000324954
0.000340568
0.000356573
0.000372952
0.00038969
0.000406767
0.000424163
0.000441853
0.000459813
0.000478015
0.00049643
0.000515024
0.000533764
0.000552612
0.000571529
0.000590474
0.000609403
0.000628271
0.000647031
0.000665633
0.000684025
0.000702154
0.000719965
0.000737403
0.00075441
0.000770927
0.000786895
0.000802252
0.000816938
0.000830891
0.000844049
0.000856349
0.000867728
0.000878125
0.000887476
0.000895719
0.000902793
0.000908636
0.000913189
0.000916392
0.000918187
0.000918517
0.000917326
0.00091456
0.000910166
0.000904092
0.00089629
0.00088671
0.000875308
0.000862038
0.00084686
0.000829733
0.00081062
0.000789488
0.000766305
0.000741045
0.000713687
0.000684216
0.000652625
0.000618918
0.000583116
0.00054526
0.000505422
0.00046372
0.000420335
0.000375546
0.000329763
0.000283581
0.000237816
0.000193542
0.000152022
0.000113898
8.04725e-05
5.33807e-05
3.42697e-05
7.83504e-05
8.30171e-05
8.89157e-05
9.53456e-05
0.000102172
0.000109378
0.000116969
0.000124954
0.000133344
0.000142149
0.000151378
0.000161039
0.000171141
0.000181689
0.00019269
0.000204148
0.000216068
0.000228452
0.0002413
0.000254614
0.000268392
0.00028263
0.000297325
0.000312469
0.000328056
0.000344075
0.000360516
0.000377364
0.000394603
0.000412217
0.000430186
0.000448488
0.000467098
0.000485991
0.000505139
0.00052451
0.000544071
0.000563788
0.000583621
0.000603531
0.000623475
0.000643409
0.000663287
0.000683059
0.000702676
0.000722085
0.000741231
0.00076006
0.000778514
0.000796533
0.00081406
0.000831032
0.000847389
0.000863068
0.000878008
0.000892144
0.000905415
0.000917756
0.000929104
0.000939396
0.00094857
0.000956564
0.000963315
0.000968762
0.000972846
0.000975509
0.000976691
0.000976336
0.000974389
0.000970795
0.0009655
0.000958454
0.000949604
0.000938901
0.000926297
0.000911744
0.000895196
0.000876606
0.000855931
0.000833125
0.000808147
0.000780954
0.000751508
0.000719773
0.00068572
0.000649331
0.000610605
0.00056957
0.000526302
0.000480948
0.000433764
0.000385166
0.000335782
0.000286513
0.00023859
0.000193333
0.000151515
0.000114546
8.41995e-05
6.25979e-05
8.40335e-05
8.90843e-05
9.54083e-05
0.000102279
0.000109565
0.000117251
0.000125345
0.000133856
0.000142796
0.000152174
0.000162001
0.000172284
0.000183032
0.000194252
0.00020595
0.000218131
0.000230798
0.000243955
0.000257602
0.00027174
0.000286367
0.00030148
0.000317073
0.000333142
0.000349676
0.000366668
0.000384103
0.000401969
0.00042025
0.000438927
0.000457981
0.000477388
0.000497124
0.000517163
0.000537475
0.00055803
0.000578792
0.000599727
0.000620794
0.000641954
0.000663163
0.000684377
0.000705548
0.000726628
0.000747565
0.000768306
0.000788797
0.000808983
0.000828805
0.000848205
0.000867124
0.0008855
0.000903272
0.000920379
0.000936759
0.000952348
0.000967083
0.000980904
0.000993745
0.00100555
0.00101624
0.00102578
0.00103409
0.00104111
0.00104679
0.00105107
0.00105388
0.00105518
0.00105491
0.00105301
0.00104943
0.00104411
0.00103701
0.00102807
0.00101724
0.00100446
0.000989684
0.000972853
0.000953912
0.000932801
0.000909456
0.000883812
0.0008558
0.000825347
0.000792376
0.000756814
0.000718596
0.000677676
0.000634043
0.000587749
0.000538949
0.000487951
0.00043528
0.000381751
0.000328552
0.000277109
0.000228412
0.000184208
0.000146982
0.000120416
9.01131e-05
9.55718e-05
0.000102348
0.000109689
0.000117467
0.000125668
0.000134302
0.000143378
0.000152908
0.000162903
0.000173372
0.000184325
0.00019577
0.000207714
0.000220163
0.000233124
0.000246599
0.000260591
0.000275102
0.000290132
0.00030568
0.000321741
0.000338313
0.000355387
0.000372956
0.000391009
0.000409535
0.000428519
0.000447946
0.000467796
0.00048805
0.000508685
0.000529676
0.000550997
0.000572618
0.000594508
0.000616634
0.000638957
0.000661441
0.000684043
0.000706723
0.000729434
0.000752131
0.000774765
0.000797286
0.000819641
0.000841777
0.00086364
0.000885173
0.000906319
0.000927019
0.000947215
0.000966846
0.000985854
0.00100418
0.00102176
0.00103853
0.00105444
0.00106942
0.00108342
0.00109637
0.00110822
0.0011189
0.00112837
0.00113655
0.00114341
0.00114888
0.00115291
0.00115544
0.00115642
0.0011558
0.00115352
0.00114953
0.00114377
0.0011362
0.00112674
0.00111535
0.00110195
0.00108649
0.00106888
0.00104905
0.0010269
0.00100233
0.000975229
0.000945474
0.000912925
0.00087744
0.000838874
0.000797094
0.000752005
0.000703576
0.000651894
0.000597224
0.000540082
0.000481355
0.000422582
0.00036504
0.000310959
0.000264084
0.000230679
9.60697e-05
0.000101929
0.000109147
0.000116947
0.000125206
0.000133913
0.000143076
0.000152706
0.000162815
0.000173415
0.000184516
0.000196127
0.000208257
0.000220913
0.000234103
0.000247831
0.000262103
0.00027692
0.000292286
0.0003082
0.00032466
0.000341665
0.00035921
0.000377287
0.000395891
0.000415009
0.000434632
0.000454744
0.000475331
0.000496375
0.000517855
0.00053975
0.000562036
0.000584686
0.000607672
0.000630964
0.000654529
0.000678331
0.000702334
0.000726497
0.00075078
0.00077514
0.000799533
0.000823911
0.000848228
0.000872433
0.000896475
0.000920304
0.000943864
0.000967102
0.000989964
0.00101239
0.00103433
0.00105573
0.00107652
0.00109666
0.00111609
0.00113474
0.00115257
0.00116951
0.00118552
0.00120054
0.00121452
0.00122739
0.00123912
0.00124964
0.00125891
0.00126687
0.00127348
0.00127868
0.00128242
0.00128466
0.00128532
0.00128437
0.00128174
0.00127738
0.00127122
0.00126319
0.00125322
0.00124123
0.00122711
0.00121077
0.00119208
0.0011709
0.00114707
0.00112038
0.00109064
0.0010576
0.00102102
0.000980639
0.000936213
0.000887552
0.000834556
0.000777276
0.000715999
0.000651954
0.000586968
0.00052353
0.000466783
0.000426085
0.000101303
0.000107517
0.000115122
0.000123326
0.000132008
0.000141159
0.000150787
0.000160905
0.000171526
0.00018266
0.000194318
0.00020651
0.000219246
0.000232534
0.000246381
0.000260793
0.000275774
0.00029133
0.000307461
0.000324169
0.000341453
0.000359311
0.00037774
0.000396733
0.000416284
0.000436385
0.000457023
0.000478186
0.000499861
0.000522029
0.000544674
0.000567775
0.000591308
0.000615251
0.000639575
0.000664254
0.000689257
0.00071455
0.000740099
0.000765868
0.000791819
0.000817912
0.000844107
0.000870359
0.000896626
0.000922862
0.00094902
0.000975052
0.00100091
0.00102654
0.0010519
0.00107694
0.0011016
0.00112584
0.0011496
0.00117283
0.00119548
0.00121751
0.00123886
0.00125948
0.00127932
0.00129834
0.00131648
0.00133371
0.00134996
0.0013652
0.00137939
0.00139246
0.00140439
0.00141511
0.0014246
0.00143279
0.00143963
0.00144508
0.00144908
0.00145157
0.00145249
0.00145177
0.00144934
0.00144513
0.00143903
0.00143093
0.00142071
0.00140823
0.0013933
0.00137572
0.00135525
0.00133161
0.00130448
0.00127351
0.00123832
0.0011985
0.00115362
0.00110326
0.00104701
0.000984793
0.000919257
0.000852598
0.000790599
0.000744856
0.000105199
0.000111682
0.000119579
0.000128088
0.000137089
0.000146576
0.000156557
0.000167047
0.000178056
0.000189598
0.000201684
0.000214324
0.000227528
0.000241306
0.000255664
0.000270611
0.000286151
0.00030229
0.00031903
0.000336374
0.000354323
0.000372875
0.000392027
0.000411777
0.000432118
0.000453043
0.000474543
0.000496608
0.000519225
0.00054238
0.000566056
0.000590237
0.000614901
0.000640029
0.000665597
0.000691579
0.000717949
0.000744678
0.000771735
0.000799088
0.000826703
0.000854545
0.000882578
0.000910765
0.000939065
0.000967439
0.000995846
0.00102424
0.00105259
0.00108084
0.00110895
0.00113688
0.00116457
0.001192
0.00121911
0.00124586
0.00127221
0.0012981
0.00132351
0.00134839
0.00137269
0.00139638
0.00141941
0.00144174
0.00146334
0.00148417
0.00150418
0.00152334
0.00154161
0.00155895
0.00157532
0.00159069
0.001605
0.00161821
0.00163027
0.00164113
0.00165074
0.00165902
0.00166594
0.00167142
0.00167536
0.00167769
0.00167829
0.00167705
0.00167383
0.00166844
0.00166066
0.00165027
0.00163698
0.00162046
0.00160034
0.00157619
0.0015475
0.00151365
0.00147379
0.00142683
0.00137389
0.00131748
0.00126188
0.00121773
0.000107237
0.000113868
0.000121926
0.000130605
0.000139786
0.000149464
0.000159648
0.000170352
0.000181589
0.000193372
0.000205713
0.000218623
0.000232114
0.000246194
0.000260874
0.000276162
0.000292063
0.000308584
0.000325731
0.000343506
0.000361911
0.000380948
0.000400617
0.000420914
0.000441838
0.000463383
0.000485542
0.000508308
0.000531672
0.000555622
0.000580145
0.000605228
0.000630854
0.000657005
0.000683663
0.000710806
0.000738413
0.000766458
0.000794917
0.000823761
0.000852964
0.000882494
0.000912322
0.000942415
0.000972741
0.00100326
0.00103395
0.00106477
0.00109567
0.00112663
0.00115761
0.00118857
0.00121948
0.00125029
0.00128097
0.00131148
0.0013418
0.00137187
0.00140167
0.00143117
0.00146032
0.0014891
0.00151748
0.00154543
0.0015729
0.00159988
0.00162633
0.00165222
0.00167753
0.00170222
0.00172625
0.00174961
0.00177225
0.00179416
0.00181528
0.00183559
0.00185505
0.0018736
0.00189118
0.00190775
0.00192323
0.00193757
0.00195069
0.00196254
0.00197308
0.00198212
0.00198957
0.00199532
0.00199917
0.00200096
0.0020005
0.00199755
0.00199186
0.00198311
0.0019708
0.00195428
0.00193254
0.00190555
0.00187514
0.00184525
0.000107104
0.000113739
0.000121808
0.000130502
0.000139703
0.000149406
0.00015962
0.000170361
0.000181641
0.000193475
0.000205876
0.000218857
0.000232429
0.000246603
0.00026139
0.000276799
0.000292839
0.000309517
0.00032684
0.000344814
0.000363443
0.00038273
0.000402676
0.000423284
0.000444552
0.000466478
0.00048906
0.000512292
0.000536168
0.000560682
0.000585824
0.000611584
0.000637951
0.000664911
0.000692449
0.00072055
0.000749196
0.000778369
0.000808049
0.000838213
0.000868839
0.000899905
0.000931384
0.000963252
0.000995482
0.00102805
0.00106092
0.00109407
0.00112746
0.00116108
0.00119488
0.00122885
0.00126295
0.00129715
0.00133142
0.00136573
0.00140006
0.00143438
0.00146866
0.00150288
0.00153701
0.00157102
0.00160489
0.0016386
0.00167212
0.00170544
0.00173854
0.0017714
0.00180399
0.00183631
0.00186832
0.00190002
0.00193139
0.00196241
0.00199305
0.00202331
0.00205315
0.00208255
0.00211148
0.00213991
0.00216781
0.00219515
0.00222187
0.00224793
0.00227323
0.00229779
0.00232163
0.00234479
0.00236724
0.00238897
0.00241004
0.00243049
0.00245042
0.00246994
0.00248917
0.00250813
0.0025266
0.00254371
0.00255652
0.00255755
0.000104837
0.000111335
0.000119265
0.00012782
0.00013688
0.00014644
0.000156512
0.000167108
0.000178246
0.000189939
0.000202201
0.000215047
0.000228489
0.000242539
0.000257211
0.000272514
0.00028846
0.000305058
0.000322316
0.000340242
0.000358843
0.000378125
0.000398092
0.000418748
0.000440096
0.000462137
0.000484872
0.000508298
0.000532416
0.00055722
0.000582706
0.000608869
0.000635702
0.000663195
0.000691341
0.000720127
0.000749543
0.000779575
0.000810209
0.000841429
0.00087322
0.000905563
0.000938441
0.000971833
0.00100572
0.00104008
0.0010749
0.00111015
0.00114581
0.00118186
0.00121827
0.00125503
0.00129211
0.00132949
0.00136715
0.00140506
0.00144321
0.00148158
0.00152015
0.0015589
0.00159781
0.00163687
0.00167606
0.00171537
0.00175479
0.00179431
0.00183391
0.0018736
0.00191335
0.00195317
0.00199305
0.00203299
0.00207298
0.00211302
0.00215311
0.00219324
0.00223341
0.00227362
0.00231386
0.00235413
0.00239443
0.00243475
0.00247509
0.00251544
0.00255579
0.00259617
0.00263659
0.00267704
0.00271769
0.00275876
0.00280055
0.00284322
0.00288705
0.00293235
0.00297941
0.00302833
0.00307848
0.0031275
0.00316901
0.00318921
0.000100786
0.000107028
0.000114689
0.00012297
0.00013175
0.00014102
0.000150793
0.000161085
0.000171912
0.000183288
0.000195229
0.000207751
0.000220867
0.000234591
0.000248937
0.000263917
0.000279545
0.000295831
0.000312785
0.000330419
0.000348742
0.000367761
0.000387484
0.000407919
0.00042907
0.000450944
0.000473543
0.00049687
0.000520928
0.000545717
0.000571237
0.000597487
0.000624465
0.000652167
0.000680589
0.000709726
0.000739572
0.000770118
0.000801358
0.000833282
0.000865879
0.000899139
0.000933049
0.000967598
0.00100277
0.00103856
0.00107494
0.0011119
0.00114943
0.00118752
0.00122614
0.00126528
0.00130493
0.00134508
0.0013857
0.00142678
0.00146832
0.0015103
0.00155271
0.00159553
0.00163877
0.00168241
0.00172644
0.00177087
0.00181569
0.00186089
0.00190648
0.00195246
0.00199884
0.00204562
0.0020928
0.0021404
0.00218843
0.00223689
0.00228581
0.00233519
0.00238505
0.0024354
0.00248627
0.00253767
0.00258962
0.00264215
0.00269527
0.00274901
0.00280341
0.0028585
0.00291432
0.00297094
0.00302846
0.00308697
0.00314665
0.00320801
0.00327127
0.00333657
0.00340398
0.00347323
0.00354309
0.00361029
0.00366733
0.00369901
9.54775e-05
0.000101379
0.000108675
0.000116581
0.000124972
0.000133839
0.000143197
0.000153059
0.000163442
0.000174364
0.00018584
0.000197885
0.000210516
0.000223748
0.000237595
0.000252071
0.000267191
0.000282967
0.000299413
0.000316541
0.000334362
0.000352887
0.000372127
0.000392091
0.000412788
0.000434227
0.000456414
0.000479355
0.000503058
0.000527527
0.000552765
0.000578777
0.000605564
0.000633128
0.00066147
0.00069059
0.000720486
0.000751158
0.000782602
0.000814816
0.000847796
0.000881536
0.00091603
0.000951274
0.000987259
0.00102398
0.00106143
0.00109959
0.00113847
0.00117805
0.00121832
0.00125928
0.00130092
0.00134322
0.00138619
0.00142981
0.00147408
0.001519
0.00156456
0.00161075
0.00165758
0.00170505
0.00175316
0.0018019
0.0018513
0.00190134
0.00195206
0.00200344
0.00205552
0.0021083
0.0021618
0.00221604
0.00227105
0.00232685
0.00238346
0.00244092
0.00249925
0.00255849
0.00261866
0.00267981
0.00274197
0.00280518
0.00286947
0.0029349
0.00300148
0.00306928
0.00313832
0.00320866
0.00328032
0.00335334
0.00342773
0.00350347
0.0035809
0.00365989
0.00374007
0.0038207
0.00390012
0.00397488
0.0040381
0.00407635
8.95108e-05
9.50259e-05
0.0001019
0.000109371
0.000117311
0.000125709
0.000134579
0.000143935
0.000153795
0.000164176
0.000175095
0.000186568
0.00019861
0.000211239
0.000224471
0.00023832
0.000252801
0.00026793
0.000283722
0.000300189
0.000317346
0.000335206
0.000353781
0.000373084
0.000393125
0.000413916
0.000435468
0.00045779
0.000480891
0.000504779
0.000529464
0.000554951
0.000581248
0.00060836
0.000636293
0.000665051
0.000694637
0.000725057
0.000756311
0.000788404
0.000821334
0.000855104
0.000889714
0.000925162
0.000961448
0.000998571
0.00103653
0.00107532
0.00111494
0.00115539
0.00119667
0.00123877
0.00128169
0.00132544
0.00137
0.00141538
0.00146157
0.00150859
0.00155643
0.00160509
0.00165458
0.00170491
0.00175608
0.00180811
0.00186101
0.00191478
0.00196946
0.00202504
0.00208157
0.00213906
0.00219754
0.00225704
0.00231758
0.00237921
0.00244195
0.00250586
0.00257096
0.00263731
0.00270494
0.0027739
0.00284424
0.00291601
0.00298925
0.003064
0.0031403
0.00321818
0.00329766
0.00337874
0.0034614
0.00354555
0.00363105
0.00371768
0.00380506
0.00389309
0.003981
0.00406765
0.00415111
0.00422814
0.0042931
0.00433558
8.34609e-05
8.85803e-05
9.50187e-05
0.000102039
0.000109511
0.000117421
0.000125782
0.00013461
0.000143922
0.000153735
0.000164066
0.000174931
0.000186348
0.000198334
0.000210904
0.000224075
0.000237863
0.000252284
0.000267354
0.000283089
0.000299502
0.000316609
0.000334425
0.000352962
0.000372236
0.000392259
0.000413044
0.000434603
0.000456948
0.000480091
0.000504042
0.000528812
0.000554411
0.000580848
0.000608133
0.000636272
0.000665275
0.000695149
0.000725901
0.000757537
0.000790064
0.000823485
0.000857807
0.000893033
0.000929167
0.000966213
0.00100417
0.00104305
0.00108285
0.00112358
0.00116523
0.0012078
0.00125131
0.00129576
0.00134114
0.00138747
0.00143474
0.00148297
0.00153216
0.00158232
0.00163346
0.00168558
0.00173871
0.00179286
0.00184805
0.00190429
0.00196161
0.00202002
0.00207957
0.00214027
0.00220217
0.00226529
0.00232967
0.00239536
0.00246239
0.00253081
0.00260068
0.00267203
0.00274493
0.00281942
0.00289555
0.00297338
0.00305295
0.00313431
0.00321749
0.00330252
0.00338939
0.00347809
0.00356854
0.00366061
0.00375408
0.00384855
0.00394347
0.00403818
0.00413191
0.00422324
0.00431007
0.00438924
0.00445606
0.00450272
7.78222e-05
8.25665e-05
8.85909e-05
9.51843e-05
0.000102212
0.000109661
0.00011754
0.000125867
0.000134657
0.000143928
0.000153697
0.000163981
0.000174798
0.000186163
0.000198094
0.000210609
0.000223722
0.000237452
0.000251815
0.000266826
0.000282503
0.00029886
0.000315914
0.000333679
0.000352172
0.000371407
0.000391397
0.000412159
0.000433705
0.000456049
0.000479205
0.000503185
0.000528001
0.000553666
0.000580191
0.000607587
0.000635865
0.000665036
0.000695109
0.000726095
0.000758003
0.00079084
0.000824615
0.000859337
0.000895011
0.000931647
0.000969249
0.00100783
0.00104738
0.00108792
0.00112946
0.00117199
0.00121553
0.00126008
0.00130565
0.00135225
0.00139988
0.00144855
0.00149828
0.00154907
0.00160094
0.00165391
0.00170798
0.00176317
0.00181951
0.00187702
0.00193572
0.00199564
0.00205681
0.00211926
0.00218303
0.00224815
0.00231467
0.00238264
0.00245209
0.00252308
0.00259565
0.00266987
0.00274578
0.00282344
0.00290291
0.00298423
0.00306746
0.00315265
0.00323983
0.00332902
0.00342023
0.00351344
0.00360859
0.00370556
0.00380413
0.00390397
0.00400455
0.00410507
0.00420467
0.00430193
0.00439464
0.00447949
0.00455176
0.00460469
7.30089e-05
7.74211e-05
8.30839e-05
8.93075e-05
9.59527e-05
0.000103002
0.000110466
0.000118359
0.000126698
0.0001355
0.000144782
0.000154561
0.000164855
0.00017568
0.000187054
0.000198993
0.000211515
0.000224637
0.000238376
0.000252748
0.000267771
0.000283461
0.000299834
0.000316907
0.000334696
0.000353217
0.000372485
0.000392517
0.000413327
0.00043493
0.000457342
0.000480577
0.000504649
0.000529571
0.000555357
0.00058202
0.000609573
0.000638029
0.000667399
0.000697696
0.000728931
0.000761114
0.000794257
0.000828368
0.000863459
0.000899537
0.000936613
0.000974695
0.00101379
0.00105391
0.00109506
0.00113725
0.00118049
0.00122478
0.00127014
0.00131657
0.00136409
0.0014127
0.00146241
0.00151325
0.00156522
0.00161833
0.00167261
0.00172807
0.00178473
0.00184262
0.00190176
0.00196217
0.00202389
0.00208695
0.00215139
0.00221724
0.00228454
0.00235333
0.00242367
0.0024956
0.00256917
0.00264444
0.00272145
0.00280027
0.00288094
0.00296352
0.00304807
0.00313462
0.00322323
0.00331392
0.00340673
0.00350164
0.00359865
0.0036977
0.00379868
0.00390141
0.0040056
0.00411077
0.00421621
0.00432068
0.00442221
0.0045173
0.00460041
0.00466364
6.93826e-05
7.35252e-05
7.89063e-05
8.48468e-05
9.12005e-05
9.79469e-05
0.000105094
0.000112658
0.000120653
0.000129098
0.00013801
0.000147404
0.000157299
0.000167711
0.000178658
0.000190157
0.000202226
0.000214881
0.000228139
0.000242019
0.000256537
0.000271711
0.000287556
0.000304091
0.000321332
0.000339295
0.000357997
0.000377455
0.000397684
0.000418701
0.000440521
0.00046316
0.000486632
0.000510953
0.000536137
0.000562198
0.000589151
0.00061701
0.000645787
0.000675496
0.00070615
0.000737761
0.00077034
0.000803899
0.000838449
0.000874001
0.000910564
0.00094815
0.000986767
0.00102642
0.00106713
0.0011089
0.00115174
0.00119565
0.00124065
0.00128675
0.00133396
0.00138228
0.00143174
0.00148234
0.00153409
0.00158702
0.00164113
0.00169645
0.00175299
0.00181078
0.00186984
0.00193019
0.00199187
0.0020549
0.00211932
0.00218516
0.00225245
0.00232125
0.00239159
0.00246352
0.00253707
0.00261231
0.00268928
0.00276803
0.00284861
0.00293107
0.00301546
0.00310183
0.00319022
0.00328067
0.00337321
0.00346788
0.0035647
0.0036637
0.0037649
0.0038683
0.00397389
0.00408161
0.00419113
0.00430179
0.00441216
0.00451927
0.00461705
0.00469535
6.7297e-05
7.12576e-05
7.64669e-05
8.22408e-05
8.84248e-05
9.4995e-05
0.000101959
0.000109331
0.000117127
0.000125365
0.000134061
0.000143232
0.000152895
0.000163067
0.000173766
0.000185009
0.000196814
0.000209197
0.000222176
0.000235769
0.000249992
0.000264864
0.0002804
0.00029662
0.000313539
0.000331174
0.000349543
0.000368662
0.000388547
0.000409216
0.000430683
0.000452966
0.000476079
0.000500038
0.000524858
0.000550555
0.000577141
0.000604633
0.000633045
0.000662388
0.000692678
0.000723927
0.000756148
0.000789351
0.00082355
0.000858754
0.000894976
0.000932225
0.000970512
0.00100985
0.00105024
0.0010917
0.00113423
0.00117785
0.00122257
0.00126839
0.00131533
0.0013634
0.0014126
0.00146296
0.00151448
0.00156717
0.00162106
0.00167616
0.00173248
0.00179006
0.00184891
0.00190905
0.00197052
0.00203334
0.00209754
0.00216316
0.00223022
0.00229877
0.00236885
0.0024405
0.00251376
0.00258868
0.0026653
0.00274367
0.00282384
0.00290585
0.00298976
0.0030756
0.00316342
0.00325326
0.00334517
0.0034392
0.00353541
0.00363389
0.00373478
0.00383823
0.00394437
0.00405319
0.00416445
0.00427777
0.00439245
0.00450677
0.00461597
0.00470953
6.10406e-06
5.92393e-06
7.29325e-06
9.24527e-06
1.15333e-05
1.40806e-05
1.68665e-05
1.98994e-05
2.32113e-05
2.68583e-05
3.09238e-05
3.55217e-05
4.07976e-05
4.69262e-05
5.40983e-05
6.2485e-05
7.21565e-05
8.29027e-05
9.38248e-05
0.000102423
1.22848e-05
1.25585e-05
1.50701e-05
1.8509e-05
2.24491e-05
2.67385e-05
3.13284e-05
3.62233e-05
4.14681e-05
4.71478e-05
5.33896e-05
6.03663e-05
6.82954e-05
7.74312e-05
8.80405e-05
0.000100343
0.000114384
0.000129751
0.000144994
0.00015647
2.54475e-05
2.70156e-05
3.14413e-05
3.71519e-05
4.35529e-05
5.03945e-05
5.75791e-05
6.50978e-05
7.30092e-05
8.1435e-05
9.05607e-05
0.000100636
0.000111969
0.000124911
0.000139815
0.000156949
0.000176309
0.000197223
0.000217583
0.000232422
5.37045e-05
5.73642e-05
6.46465e-05
7.35439e-05
8.32871e-05
9.35224e-05
0.000104092
0.000114964
0.000126211
0.000137997
0.00015058
0.000164305
0.000179588
0.000196891
0.000216664
0.000239216
0.000264453
0.000291359
0.000317033
0.000335037
0.000111383
0.00011778
0.000128715
0.000141554
0.000155301
0.000169493
0.000183909
0.000198496
0.000213339
0.000228651
0.000244774
0.00026216
0.000281343
0.000302907
0.000327401
0.000355158
0.000385937
0.000418274
0.000448373
0.000468525
0.000221446
0.000230659
0.000245338
0.000262117
0.000279733
0.000297604
0.000315452
0.000333206
0.000350965
0.000368994
0.000387726
0.000407715
0.000429609
0.000454117
0.000481881
0.000513225
0.000547703
0.000583339
0.000615449
0.000635903
0.000416088
0.000426978
0.000443993
0.000463132
0.000482883
0.000502552
0.000521821
0.000540607
0.000559021
0.000577391
0.000596217
0.000616116
0.000637822
0.000662147
0.000689805
0.000721092
0.000755336
0.000790088
0.000820135
0.000838422
0.000732557
0.00074217
0.000757878
0.000775448
0.000793255
0.000810555
0.000827026
0.000842587
0.00085739
0.000871803
0.000886291
0.000901448
0.00091802
0.000936866
0.00095873
0.000983889
0.00101155
0.00103906
0.00106174
0.00107512
0.00120099
0.00120458
0.00121299
0.00122258
0.00123194
0.00124042
0.00124777
0.00125398
0.00125924
0.00126376
0.00126788
0.00127201
0.00127679
0.00128296
0.00129127
0.00130205
0.00131465
0.00132713
0.00133688
0.00134271
0.00182369
0.00181604
0.00181008
0.00180412
0.00179751
0.00178993
0.00178136
0.00177175
0.00176112
0.00174946
0.00173689
0.0017235
0.00170964
0.00169557
0.00168196
0.00166926
0.00165778
0.00164782
0.00163991
0.00163571
0.00253742
0.00251623
0.00249156
0.00246522
0.00243797
0.0024102
0.00238183
0.00235277
0.00232285
0.00229186
0.00225959
0.00222577
0.00219006
0.00215219
0.00211207
0.00207039
0.00202928
0.00199232
0.00196358
0.00194705
0.00316947
0.00313924
0.00310184
0.00306131
0.00301931
0.00297662
0.00293348
0.00288988
0.00284546
0.00279979
0.00275241
0.00270272
0.00264999
0.00259357
0.00253311
0.00246928
0.00240471
0.00234484
0.0022972
0.00226891
0.00368288
0.0036491
0.00360576
0.0035582
0.00350857
0.00345785
0.00340646
0.00335446
0.00330158
0.00324729
0.00319088
0.00313156
0.00306841
0.00300058
0.00292758
0.00284994
0.00277016
0.00269402
0.00263128
0.0025932
0.00406736
0.00403507
0.00399188
0.0039437
0.00389293
0.00384067
0.00378741
0.00373322
0.00367791
0.00362097
0.00356163
0.00349901
0.00343214
0.0033601
0.00328231
0.00319908
0.00311256
0.00302807
0.00295597
0.00291111
0.00433593
0.00430867
0.00426988
0.00422563
0.00417842
0.00412938
0.00407905
0.00402753
0.00397463
0.0039199
0.00386262
0.00380192
0.00373687
0.00366655
0.00359033
0.00350834
0.00342227
0.00333677
0.00326158
0.00321361
0.00451316
0.00449268
0.00446046
0.00442257
0.00438152
0.00433847
0.00429394
0.00424806
0.00420066
0.00415132
0.00409943
0.00404419
0.00398473
0.00392022
0.00385002
0.00377408
0.00369371
0.00361276
0.00353985
0.00349163
0.00462518
0.00461175
0.00458654
0.00455568
0.00452169
0.00448569
0.00444817
0.00440925
0.00436877
0.00432637
0.00428153
0.00423359
0.00418177
0.00412531
0.00406362
0.00399657
0.00392507
0.00385226
0.00378548
0.00373974
0.00469428
0.00468708
0.00466817
0.0046439
0.00461675
0.00458775
0.00455729
0.00452544
0.00449208
0.00445691
0.00441951
0.00437934
0.00433576
0.00428812
0.00423587
0.00417881
0.00411761
0.0040547
0.00399615
0.00395488
0.00473725
0.00473458
0.00472063
0.00470206
0.00468106
0.0046584
0.00463436
0.00460898
0.00458217
0.00455372
0.00452331
0.0044905
0.00445481
0.00441569
0.00437266
0.00432552
0.00427469
0.00422202
0.00417233
0.00413643
0.00476608
0.00476499
0.00475473
0.00474098
0.00472522
0.00470795
0.00468937
0.00466952
0.00464835
0.00462571
0.00460138
0.00457506
0.00454636
0.00451486
0.00448019
0.00444213
0.00440094
0.00435792
0.00431664
0.00428576
7.09004e-60
7.07831e-60
7.06701e-60
7.06693e-60
7.08713e-60
7.13497e-60
7.21587e-60
7.33331e-60
7.48869e-60
7.68146e-60
7.90902e-60
8.16671e-60
8.44785e-60
8.74378e-60
9.04379e-60
9.3352e-60
9.60337e-60
9.83197e-60
1.00034e-59
1.0099e-59
4.1583e-59
4.14637e-59
4.13559e-59
4.13204e-59
4.14106e-59
4.16701e-59
4.2131e-59
4.28135e-59
4.37257e-59
4.48644e-59
4.62144e-59
4.77484e-59
4.94273e-59
5.12004e-59
5.30051e-59
5.47672e-59
5.64003e-59
5.78073e-59
5.88836e-59
5.95228e-59
1.80759e-58
1.79943e-58
1.79207e-58
1.78833e-58
1.79052e-58
1.80051e-58
1.81969e-58
1.84893e-58
1.88862e-58
1.93863e-58
1.9983e-58
2.06645e-58
2.14139e-58
2.22091e-58
2.30226e-58
2.38221e-58
2.45698e-58
2.52237e-58
2.5738e-58
2.60631e-58
7.51866e-58
7.47095e-58
7.42789e-58
7.4022e-58
7.40332e-58
7.4389e-58
7.51465e-58
7.63433e-58
7.79959e-58
8.00997e-58
8.26282e-58
8.55326e-58
8.87426e-58
9.21659e-58
9.56876e-58
9.91709e-58
1.02459e-57
1.05377e-57
1.07735e-57
1.09309e-57
3.09657e-57
3.0714e-57
3.04826e-57
3.03322e-57
3.03023e-57
3.04234e-57
3.07186e-57
3.12035e-57
3.18852e-57
3.2762e-57
3.38235e-57
3.50495e-57
3.64113e-57
3.78707e-57
3.93802e-57
4.08831e-57
4.2315e-57
4.36044e-57
4.46716e-57
4.54114e-57
1.27004e-56
1.25743e-56
1.24571e-56
1.23767e-56
1.23497e-56
1.23886e-56
1.25028e-56
1.26986e-56
1.29787e-56
1.33428e-56
1.37865e-56
1.43017e-56
1.48767e-56
1.54958e-56
1.61396e-56
1.67849e-56
1.74054e-56
1.79716e-56
1.84496e-56
1.87915e-56
5.19235e-56
5.13145e-56
5.07437e-56
5.03371e-56
5.01656e-56
5.02804e-56
5.0719e-56
5.15066e-56
5.26549e-56
5.41618e-56
5.60103e-56
5.81677e-56
6.05863e-56
6.32025e-56
6.59371e-56
6.86962e-56
7.13726e-56
7.38443e-56
7.59676e-56
7.75257e-56
2.11635e-55
2.0877e-55
2.06068e-55
2.04093e-55
2.03142e-55
2.03427e-55
2.051e-55
2.0826e-55
2.12954e-55
2.19173e-55
2.26849e-55
2.35852e-55
2.45988e-55
2.57001e-55
2.68572e-55
2.80321e-55
2.91811e-55
3.02539e-55
3.11897e-55
3.18917e-55
8.59983e-55
8.46778e-55
8.34272e-55
8.24948e-55
8.20062e-55
8.20478e-55
8.26809e-55
8.3945e-55
8.58585e-55
8.84177e-55
9.15956e-55
9.53394e-55
9.95721e-55
1.04191e-54
1.09068e-54
1.1405e-54
1.1896e-54
1.2359e-54
1.27684e-54
1.30814e-54
3.48384e-54
3.42402e-54
3.36716e-54
3.32415e-54
3.30023e-54
3.29892e-54
3.32269e-54
3.37312e-54
3.45092e-54
3.55592e-54
3.68706e-54
3.84222e-54
4.01834e-54
4.21133e-54
4.41608e-54
4.62646e-54
4.83527e-54
5.03401e-54
5.21195e-54
5.35022e-54
1.40696e-53
1.38026e-53
1.35479e-53
1.33531e-53
1.32399e-53
1.32227e-53
1.33113e-53
1.35119e-53
1.38273e-53
1.42569e-53
1.47963e-53
1.54372e-53
1.61674e-53
1.69708e-53
1.78271e-53
1.87117e-53
1.95956e-53
2.04441e-53
2.12124e-53
2.18179e-53
5.66434e-53
5.54661e-53
5.43405e-53
5.34718e-53
5.29501e-53
5.28332e-53
5.31606e-53
5.39567e-53
5.52322e-53
5.69843e-53
5.91958e-53
6.1834e-53
6.4851e-53
6.8183e-53
7.17497e-53
7.54537e-53
7.91781e-53
8.27818e-53
8.60785e-53
8.87098e-53
2.27326e-52
2.22193e-52
2.17275e-52
2.13453e-52
2.11097e-52
2.10441e-52
2.11641e-52
2.14792e-52
2.19936e-52
2.27061e-52
2.36099e-52
2.46922e-52
2.59343e-52
2.7311e-52
2.87909e-52
3.03353e-52
3.18974e-52
3.34202e-52
3.48264e-52
3.59612e-52
9.09432e-52
8.8728e-52
8.66008e-52
8.49386e-52
8.38932e-52
8.35575e-52
8.39932e-52
8.52377e-52
8.73068e-52
9.01956e-52
9.38777e-52
9.83027e-52
1.03398e-51
1.09065e-51
1.15181e-51
1.21594e-51
1.28116e-51
1.34518e-51
1.40483e-51
1.45342e-51
3.62661e-51
3.53189e-51
3.44075e-51
3.36922e-51
3.32349e-51
3.30725e-51
3.32293e-51
3.37197e-51
3.45498e-51
3.57176e-51
3.72128e-51
3.90158e-51
4.10984e-51
4.34227e-51
4.59405e-51
4.85918e-51
5.1303e-51
5.39815e-51
5.64972e-51
5.85646e-51
1.44156e-50
1.40139e-50
1.36268e-50
1.33219e-50
1.31244e-50
1.30488e-50
1.31047e-50
1.32976e-50
1.36297e-50
1.41004e-50
1.47056e-50
1.54377e-50
1.62859e-50
1.72356e-50
1.8268e-50
1.93598e-50
2.04818e-50
2.15971e-50
2.26524e-50
2.35263e-50
5.71153e-50
5.54258e-50
5.37946e-50
5.25063e-50
5.16626e-50
5.13209e-50
5.15179e-50
5.22749e-50
5.36008e-50
5.54921e-50
5.79337e-50
6.08965e-50
6.43389e-50
6.82047e-50
7.24216e-50
7.68985e-50
8.15214e-50
8.61434e-50
9.05474e-50
9.42189e-50
2.25555e-49
2.18501e-49
2.11679e-49
2.0628e-49
2.02712e-49
2.01202e-49
2.01888e-49
2.04855e-49
2.10133e-49
2.17711e-49
2.27529e-49
2.39478e-49
2.53398e-49
2.69076e-49
2.86233e-49
3.04517e-49
3.23482e-49
3.42548e-49
3.60832e-49
3.76167e-49
8.8781e-49
8.58567e-49
8.30244e-49
8.07787e-49
7.9284e-49
7.86281e-49
7.88648e-49
8.00251e-49
8.21212e-49
8.51481e-49
8.90836e-49
9.3886e-49
9.94951e-49
1.05829e-48
1.12783e-48
1.2022e-48
1.27967e-48
1.35796e-48
1.43349e-48
1.49717e-48
3.48296e-48
3.36254e-48
3.24574e-48
3.153e-48
3.09092e-48
3.06288e-48
3.07093e-48
3.11624e-48
3.19927e-48
3.31982e-48
3.47706e-48
3.66941e-48
3.89461e-48
4.14959e-48
4.43032e-48
4.7316e-48
5.04674e-48
5.36674e-48
5.67721e-48
5.94023e-48
1.36184e-47
1.31258e-47
1.26472e-47
1.22669e-47
1.2011e-47
1.18927e-47
1.19198e-47
1.20965e-47
1.24245e-47
1.29032e-47
1.35294e-47
1.42972e-47
1.51981e-47
1.62207e-47
1.73497e-47
1.85653e-47
1.98418e-47
2.1144e-47
2.24142e-47
2.34946e-47
5.30695e-47
5.10666e-47
4.91179e-47
4.75684e-47
4.65219e-47
4.60289e-47
4.61183e-47
4.68065e-47
4.80994e-47
4.99944e-47
5.24799e-47
5.5534e-47
5.91255e-47
6.32113e-47
6.77343e-47
7.26197e-47
7.7769e-47
8.3045e-47
8.82163e-47
9.26318e-47
2.06109e-46
1.98014e-46
1.90128e-46
1.83854e-46
1.79604e-46
1.7757e-46
1.77862e-46
1.80538e-46
1.85621e-46
1.93101e-46
2.02934e-46
2.15041e-46
2.29307e-46
2.45572e-46
2.63623e-46
2.8318e-46
3.03865e-46
3.25148e-46
3.46105e-46
3.64058e-46
7.97759e-46
7.65233e-46
7.33503e-46
7.08256e-46
6.91114e-46
6.82809e-46
6.83745e-46
6.9414e-46
7.14072e-46
7.43504e-46
7.82282e-46
8.30112e-46
8.86575e-46
9.51085e-46
1.02285e-45
1.10083e-45
1.18359e-45
1.26907e-45
1.35361e-45
1.42624e-45
3.07724e-45
2.94729e-45
2.82035e-45
2.71935e-45
2.65066e-45
2.61704e-45
2.62001e-45
2.66033e-45
2.73829e-45
2.85376e-45
3.00618e-45
3.19449e-45
3.41717e-45
3.67209e-45
3.95635e-45
4.26604e-45
4.59579e-45
4.9377e-45
5.27719e-45
5.56957e-45
1.18293e-44
1.1313e-44
1.08079e-44
1.04062e-44
1.01326e-44
9.99775e-45
1.0007e-44
1.01632e-44
1.04674e-44
1.0919e-44
1.15162e-44
1.2255e-44
1.31301e-44
1.41338e-44
1.52554e-44
1.64806e-44
1.77892e-44
1.91509e-44
2.05081e-44
2.16796e-44
4.53162e-44
4.32759e-44
4.12776e-44
3.96884e-44
3.86057e-44
3.80688e-44
3.80976e-44
3.87021e-44
3.98858e-44
4.16469e-44
4.39786e-44
4.68675e-44
5.02942e-44
5.42313e-44
5.86406e-44
6.3469e-44
6.86415e-44
7.40421e-44
7.94439e-44
8.41152e-44
1.72998e-43
1.64977e-43
1.57112e-43
1.5086e-43
1.466e-43
1.4448e-43
1.4457e-43
1.46906e-43
1.51501e-43
1.58347e-43
1.67422e-43
1.78679e-43
1.9205e-43
2.07438e-43
2.24707e-43
2.43662e-43
2.64025e-43
2.85356e-43
3.06762e-43
3.25303e-43
6.58128e-43
6.26763e-43
5.95969e-43
5.71506e-43
5.54842e-43
5.46527e-43
5.46817e-43
5.55835e-43
5.73622e-43
6.00157e-43
6.35362e-43
6.79075e-43
7.31065e-43
7.90991e-43
8.58368e-43
9.32496e-43
1.01235e-42
1.09625e-42
1.18071e-42
1.25397e-42
2.49492e-42
2.37289e-42
2.25294e-42
2.15772e-42
2.0929e-42
2.06053e-42
2.06152e-42
2.09628e-42
2.16496e-42
2.26749e-42
2.40361e-42
2.57278e-42
2.77421e-42
3.00674e-42
3.26865e-42
3.55744e-42
3.86933e-42
4.19802e-42
4.52984e-42
4.81799e-42
9.42477e-42
8.95239e-42
8.48753e-42
8.11882e-42
7.86811e-42
7.74295e-42
7.74657e-42
7.88039e-42
8.14488e-42
8.53983e-42
9.06443e-42
9.71687e-42
1.04946e-41
1.13936e-41
1.24079e-41
1.35287e-41
1.47422e-41
1.60246e-41
1.73227e-41
1.84511e-41
3.5477e-41
3.36574e-41
3.18649e-41
3.04445e-41
2.948e-41
2.89994e-41
2.90139e-41
2.95284e-41
3.05442e-41
3.20609e-41
3.4076e-41
3.65837e-41
3.95758e-41
4.30389e-41
4.6953e-41
5.12865e-41
5.59894e-41
6.09726e-41
6.60298e-41
7.04289e-41
1.33069e-40
1.26095e-40
1.19217e-40
1.13772e-40
1.10082e-40
1.08249e-40
1.08312e-40
1.10286e-40
1.14178e-40
1.19984e-40
1.27699e-40
1.37305e-40
1.48776e-40
1.62069e-40
1.77116e-40
1.93808e-40
2.11965e-40
2.31252e-40
2.50871e-40
2.67947e-40
4.97342e-40
4.7074e-40
4.44476e-40
4.23712e-40
4.0967e-40
4.02723e-40
4.03009e-40
4.10576e-40
4.25441e-40
4.47602e-40
4.77042e-40
5.13711e-40
5.57534e-40
6.08377e-40
6.66015e-40
7.30071e-40
7.99896e-40
8.74248e-40
9.50048e-40
1.01605e-39
1.85214e-39
1.75116e-39
1.65136e-39
1.57256e-39
1.5194e-39
1.49326e-39
1.49458e-39
1.52353e-39
1.58016e-39
1.66448e-39
1.77645e-39
1.91596e-39
2.08279e-39
2.27656e-39
2.49654e-39
2.74143e-39
3.00894e-39
3.29445e-39
3.5861e-39
3.8401e-39
6.87271e-39
6.49121e-39
6.11382e-39
5.81623e-39
5.61606e-39
5.51827e-39
5.52442e-39
5.635e-39
5.85015e-39
6.16994e-39
6.59444e-39
7.12339e-39
7.75633e-39
8.49217e-39
9.32865e-39
1.02615e-38
1.12824e-38
1.23744e-38
1.34921e-38
1.44655e-38
2.54102e-38
2.39758e-38
2.25555e-38
2.14372e-38
2.06874e-38
2.0324e-38
2.03524e-38
2.07739e-38
2.1589e-38
2.27982e-38
2.44022e-38
2.64009e-38
2.87938e-38
3.15783e-38
3.47477e-38
3.82878e-38
4.21696e-38
4.63301e-38
5.05956e-38
5.43105e-38
9.36077e-38
8.82396e-38
8.29196e-38
7.87374e-38
7.59432e-38
7.46021e-38
7.47315e-38
7.63352e-38
7.94145e-38
8.39722e-38
9.00132e-38
9.75401e-38
1.06556e-37
1.17055e-37
1.29021e-37
1.42406e-37
1.5711e-37
1.729e-37
1.89114e-37
2.03232e-37
3.43581e-37
3.23587e-37
3.03754e-37
2.88189e-37
2.7783e-37
2.72913e-37
2.73494e-37
2.79582e-37
2.91182e-37
3.08308e-37
3.30985e-37
3.59235e-37
3.93084e-37
4.32537e-37
4.77547e-37
5.27972e-37
5.83461e-37
6.43158e-37
7.04547e-37
7.57982e-37
1.25648e-36
1.18236e-36
1.10877e-36
1.05112e-36
1.01291e-36
9.95005e-37
9.97575e-37
1.02064e-36
1.06421e-36
1.12836e-36
1.21321e-36
1.31888e-36
1.44553e-36
1.59325e-36
1.76197e-36
1.95124e-36
2.15986e-36
2.38469e-36
2.6162e-36
2.81762e-36
4.57812e-36
4.30458e-36
4.03281e-36
3.8203e-36
3.68013e-36
3.61536e-36
3.62656e-36
3.71373e-36
3.87694e-36
4.11646e-36
4.43288e-36
4.82681e-36
5.29907e-36
5.85027e-36
6.48044e-36
7.18831e-36
7.96976e-36
8.81331e-36
9.68294e-36
1.04391e-35
1.66194e-35
1.56147e-35
1.46157e-35
1.38361e-35
1.33245e-35
1.30918e-35
1.31399e-35
1.34686e-35
1.40781e-35
1.49697e-35
1.61458e-35
1.76095e-35
1.93644e-35
2.14139e-35
2.37593e-35
2.63972e-35
2.93136e-35
3.24667e-35
3.57205e-35
3.85476e-35
6.01085e-35
5.64349e-35
5.27798e-35
4.99335e-35
4.80759e-35
4.72463e-35
4.74502e-35
4.86866e-35
5.09561e-35
5.42643e-35
5.86218e-35
6.40417e-35
7.05409e-35
7.81352e-35
8.68336e-35
9.66287e-35
1.07473e-34
1.19214e-34
1.31342e-34
1.4187e-34
2.16592e-34
2.03223e-34
1.89911e-34
1.79568e-34
1.72859e-34
1.69923e-34
1.70777e-34
1.75415e-34
1.83841e-34
1.96077e-34
2.12169e-34
2.32172e-34
2.56159e-34
2.84201e-34
3.16349e-34
3.5259e-34
3.92767e-34
4.36327e-34
4.81356e-34
5.20407e-34
7.77554e-34
7.2912e-34
6.80863e-34
6.4346e-34
6.19352e-34
6.09043e-34
6.1258e-34
6.29936e-34
6.61124e-34
7.0624e-34
7.65469e-34
8.39047e-34
9.27277e-34
1.03047e-33
1.14886e-33
1.28248e-33
1.43079e-33
1.5918e-33
1.75836e-33
1.90264e-33
2.78097e-33
2.60629e-33
2.43216e-33
2.29754e-33
2.21138e-33
2.17548e-33
2.18997e-33
2.25473e-33
2.36983e-33
2.53565e-33
2.75295e-33
3.02269e-33
3.34613e-33
3.72456e-33
4.15906e-33
4.64993e-33
5.19548e-33
5.78842e-33
6.40215e-33
6.93316e-33
9.90905e-33
9.28189e-33
8.65643e-33
8.17424e-33
7.86797e-33
7.74406e-33
7.80285e-33
8.04384e-33
8.46732e-33
9.07486e-33
9.86948e-33
1.08551e-32
1.20367e-32
1.34198e-32
1.50089e-32
1.68059e-32
1.88054e-32
2.0981e-32
2.3234e-32
2.5181e-32
3.5175e-32
3.29332e-32
3.0697e-32
2.89781e-32
2.78955e-32
2.74718e-32
2.77081e-32
2.86023e-32
3.01557e-32
3.23746e-32
3.52709e-32
3.88602e-32
4.31627e-32
4.82001e-32
5.39917e-32
6.05473e-32
6.78495e-32
7.58034e-32
8.40437e-32
9.11556e-32
1.24393e-31
1.16415e-31
1.08457e-31
1.02359e-31
9.85532e-32
9.71199e-32
9.8061e-32
1.01369e-31
1.0705e-31
1.15128e-31
1.25651e-31
1.38679e-31
1.54292e-31
1.72577e-31
1.93613e-31
2.17444e-31
2.44018e-31
2.72991e-31
3.03018e-31
3.289e-31
4.3824e-31
4.09974e-31
3.8178e-31
3.60256e-31
3.46953e-31
3.42159e-31
3.45877e-31
3.5808e-31
3.7879e-31
4.08108e-31
4.46213e-31
4.93346e-31
5.49816e-31
6.15962e-31
6.92103e-31
7.78436e-31
8.74798e-31
9.79958e-31
1.08897e-30
1.18282e-30
1.53806e-30
1.43836e-30
1.33894e-30
1.26334e-30
1.21711e-30
1.20128e-30
1.21586e-30
1.26073e-30
1.336e-30
1.44206e-30
1.5796e-30
1.74956e-30
1.95312e-30
2.1916e-30
2.46626e-30
2.77793e-30
3.12613e-30
3.50645e-30
3.90079e-30
4.23984e-30
5.37743e-30
5.0273e-30
4.67836e-30
4.41411e-30
4.25444e-30
4.20297e-30
4.25967e-30
4.42418e-30
4.69692e-30
5.07939e-30
5.57425e-30
6.18506e-30
6.91639e-30
7.77329e-30
8.76068e-30
9.88197e-30
1.11358e-29
1.25064e-29
1.39277e-29
1.51481e-29
1.87286e-29
1.75046e-29
1.62856e-29
1.53666e-29
1.48185e-29
1.46541e-29
1.48731e-29
1.54744e-29
1.64595e-29
1.78344e-29
1.96091e-29
2.17972e-29
2.44159e-29
2.74846e-29
3.10222e-29
3.50424e-29
3.95416e-29
4.44633e-29
4.95677e-29
5.3945e-29
6.49772e-29
6.07171e-29
5.64785e-29
5.3299e-29
5.14298e-29
5.09159e-29
5.1756e-29
5.39463e-29
5.74937e-29
6.24203e-29
6.87644e-29
7.6577e-29
8.59231e-29
9.68759e-29
1.09508e-28
1.23872e-28
1.39961e-28
1.57573e-28
1.75839e-28
1.91482e-28
2.24559e-28
2.09799e-28
1.95131e-28
1.84187e-28
1.77855e-28
1.76292e-28
1.79494e-28
1.87448e-28
2.00182e-28
2.1778e-28
2.40385e-28
2.68189e-28
3.01435e-28
3.40398e-28
3.8535e-28
4.365e-28
4.93834e-28
5.56637e-28
6.2177e-28
6.77475e-28
7.73043e-28
7.22137e-28
6.71618e-28
6.34151e-28
6.12852e-28
6.08273e-28
6.20397e-28
6.49187e-28
6.94753e-28
7.57415e-28
8.37705e-28
9.36336e-28
1.05421e-27
1.19235e-27
1.35179e-27
1.53331e-27
1.73693e-27
1.9601e-27
2.19153e-27
2.38919e-27
2.65078e-27
2.476e-27
2.30285e-27
2.17527e-27
2.10415e-27
2.09144e-27
2.13707e-27
2.24094e-27
2.40349e-27
2.6259e-27
2.91016e-27
3.25891e-27
3.67548e-27
4.16364e-27
4.72723e-27
5.36927e-27
6.08992e-27
6.88021e-27
7.69966e-27
8.39856e-27
9.05372e-27
8.45641e-27
7.86584e-27
7.4338e-27
7.19825e-27
7.16594e-27
7.33668e-27
7.71018e-27
8.28818e-27
9.07513e-27
1.00783e-26
1.13075e-26
1.27748e-26
1.44942e-26
1.64799e-26
1.87431e-26
2.1285e-26
2.4074e-26
2.69654e-26
2.94279e-26
3.08002e-26
2.87684e-26
2.67641e-26
2.53093e-26
2.45358e-26
2.44668e-26
2.5102e-26
2.64406e-26
2.84895e-26
3.12651e-26
3.47943e-26
3.91124e-26
4.42642e-26
5.03006e-26
5.72733e-26
6.52246e-26
7.41604e-26
8.3969e-26
9.4136e-26
1.02782e-25
1.04362e-25
9.74827e-26
9.07148e-26
8.58449e-26
8.33279e-26
8.32449e-26
8.55945e-26
9.03763e-26
9.76162e-26
1.07375e-25
1.19751e-25
1.34872e-25
1.52902e-25
1.74024e-25
1.98429e-25
2.26272e-25
2.57579e-25
2.91958e-25
3.27585e-25
3.57839e-25
3.5219e-25
3.2901e-25
3.06273e-25
2.9007e-25
2.81964e-25
2.82234e-25
2.90879e-25
3.07903e-25
3.33404e-25
3.67608e-25
4.10868e-25
4.63653e-25
5.26547e-25
6.0022e-25
6.85357e-25
7.82529e-25
8.91849e-25
1.01194e-24
1.13636e-24
1.24185e-24
1.18371e-24
1.10597e-24
1.02999e-24
9.76421e-25
9.50608e-25
9.53519e-25
9.85159e-25
1.04556e-24
1.1351e-24
1.25461e-24
1.40535e-24
1.58902e-24
1.80772e-24
2.06385e-24
2.35989e-24
2.6979e-24
3.07837e-24
3.49646e-24
3.92946e-24
4.29608e-24
3.96215e-24
3.70273e-24
3.45018e-24
3.27421e-24
3.19308e-24
3.21008e-24
3.32527e-24
3.53887e-24
3.85228e-24
4.26849e-24
4.79211e-24
5.42916e-24
6.1872e-24
7.07481e-24
8.10086e-24
9.27284e-24
1.05926e-23
1.20433e-23
1.35451e-23
1.48149e-23
1.32074e-23
1.23459e-23
1.1511e-23
1.09371e-23
1.06859e-23
1.07687e-23
1.1186e-23
1.19388e-23
1.30323e-23
1.44773e-23
1.62904e-23
1.84931e-23
2.11122e-23
2.41783e-23
2.77231e-23
3.17733e-23
3.63362e-23
4.13531e-23
4.65448e-23
5.09275e-23
4.38411e-23
4.09949e-23
3.82507e-23
3.63922e-23
3.56282e-23
3.59973e-23
3.75014e-23
4.01452e-23
4.39484e-23
4.89498e-23
5.52082e-23
6.28001e-23
7.18209e-23
8.23787e-23
9.45857e-23
1.08538e-22
1.24262e-22
1.41554e-22
1.59442e-22
1.74518e-22
1.44912e-22
1.35557e-22
1.2659e-22
1.20619e-22
1.18346e-22
1.19903e-22
1.25298e-22
1.34552e-22
1.47737e-22
1.64993e-22
1.86528e-22
2.12613e-22
2.43585e-22
2.79824e-22
3.21727e-22
3.69634e-22
4.23643e-22
4.83053e-22
5.44476e-22
5.96169e-22
4.7694e-22
4.46352e-22
4.17227e-22
3.98205e-22
3.91633e-22
3.97958e-22
4.17219e-22
4.49499e-22
4.95065e-22
5.54415e-22
6.28286e-22
7.17633e-22
8.23635e-22
9.47631e-22
1.09102e-21
1.25499e-21
1.4399e-21
1.64334e-21
1.85356e-21
2.03022e-21
1.5629e-21
1.46343e-21
1.36943e-21
1.30938e-21
1.2911e-21
1.3161e-21
1.38453e-21
1.49675e-21
1.65371e-21
1.85721e-21
2.10982e-21
2.41489e-21
2.77656e-21
3.1995e-21
3.68859e-21
4.24802e-21
4.87911e-21
5.57348e-21
6.29062e-21
6.89231e-21
5.09893e-21
4.77726e-21
4.47589e-21
4.28824e-21
4.24021e-21
4.33686e-21
4.57888e-21
4.96763e-21
5.50663e-21
6.20217e-21
7.0633e-21
8.10175e-21
9.33189e-21
1.077e-20
1.2433e-20
1.43357e-20
1.64826e-20
1.8845e-20
2.12834e-20
2.33261e-20
1.65605e-20
1.55262e-20
1.45668e-20
1.3987e-20
1.38722e-20
1.42394e-20
1.50914e-20
1.64335e-20
1.82784e-20
2.06484e-20
2.35748e-20
2.70987e-20
3.12698e-20
3.61446e-20
4.17818e-20
4.82324e-20
5.55127e-20
6.35242e-20
7.17887e-20
7.87011e-20
5.35401e-20
5.02344e-20
4.72024e-20
4.54337e-20
4.52083e-20
4.6583e-20
4.9569e-20
5.41863e-20
6.0481e-20
6.8531e-20
7.84453e-20
9.03664e-20
1.04466e-19
1.20939e-19
1.39988e-19
1.61789e-19
1.864e-19
2.13483e-19
2.41403e-19
2.64718e-19
1.72288e-19
1.61788e-19
1.52282e-19
1.46967e-19
1.46755e-19
1.51836e-19
1.62254e-19
1.78085e-19
1.99492e-19
2.26749e-19
2.60234e-19
3.00438e-19
3.47954e-19
4.03449e-19
4.6762e-19
5.41072e-19
6.24005e-19
7.15266e-19
8.09286e-19
8.87677e-19
5.51767e-19
5.18633e-19
4.89086e-19
4.73393e-19
4.74516e-19
4.93088e-19
5.29275e-19
5.83359e-19
6.5593e-19
7.47929e-19
8.6067e-19
9.95844e-19
1.15548e-18
1.34186e-18
1.55737e-18
1.80408e-18
2.08268e-18
2.38923e-18
2.70484e-18
2.96756e-18
1.75845e-18
1.65461e-18
1.56362e-18
1.51829e-18
1.52818e-18
1.59538e-18
1.72052e-18
1.90465e-18
2.14986e-18
2.4594e-18
2.83781e-18
3.2909e-18
3.82557e-18
4.44963e-18
5.17118e-18
5.99727e-18
6.93024e-18
7.95676e-18
9.0128e-18
9.89051e-18
5.57601e-18
5.2529e-18
4.97561e-18
4.84829e-18
4.90163e-18
5.14256e-18
5.57342e-18
6.1981e-18
7.02387e-18
8.06204e-18
9.32826e-18
1.08423e-17
1.26276e-17
1.47108e-17
1.71192e-17
1.98768e-17
2.29915e-17
2.64181e-17
2.99406e-17
3.28636e-17
1.75902e-17
1.65926e-17
1.57573e-17
1.5413e-17
1.56577e-17
1.65142e-17
1.79913e-17
2.01029e-17
2.28745e-17
2.63454e-17
3.0569e-17
3.56127e-17
4.1556e-17
4.84884e-17
5.65028e-17
6.56799e-17
7.60462e-17
8.74487e-17
9.91612e-17
1.08865e-16
5.51948e-17
5.21403e-17
4.96572e-17
4.87767e-17
4.98096e-17
5.28308e-17
5.7872e-17
6.49834e-17
7.42548e-17
8.58217e-17
9.98662e-17
1.16616e-16
1.3634e-16
1.5934e-16
1.85928e-16
2.16374e-16
2.50769e-16
2.88594e-16
3.27416e-16
3.59527e-16
1.72237e-16
1.6297e-16
1.55702e-16
1.53647e-16
1.57787e-16
1.68364e-16
1.85492e-16
2.09354e-16
2.40263e-16
2.78685e-16
3.25237e-16
3.80688e-16
4.45944e-16
5.22016e-16
6.09951e-16
7.10654e-16
8.24418e-16
9.49505e-16
1.07778e-15
1.1837e-15
5.34398e-16
5.06561e-16
4.85682e-16
4.81708e-16
4.97709e-16
5.34471e-16
5.92408e-16
6.72175e-16
7.74864e-16
9.02063e-16
1.05587e-15
1.23886e-15
1.45408e-15
1.70491e-15
1.99484e-15
2.32689e-15
2.70201e-15
3.11437e-15
3.53685e-15
3.88516e-15
1.64819e-15
1.56553e-15
1.50693e-15
1.50298e-15
1.56314e-15
1.69002e-15
1.8851e-15
2.15073e-15
2.49068e-15
2.91037e-15
3.41686e-15
4.01882e-15
4.72639e-15
5.55084e-15
6.50378e-15
7.5952e-15
8.82823e-15
1.01833e-14
1.15703e-14
1.27119e-14
5.05201e-15
4.80965e-15
4.65002e-15
4.66624e-15
4.88764e-15
5.3226e-15
5.97648e-15
6.85757e-15
7.97891e-15
9.35885e-15
1.10211e-14
1.29948e-14
1.53134e-14
1.80146e-14
2.11367e-14
2.47128e-14
2.87528e-14
3.31913e-14
3.77304e-14
4.14597e-14
1.53857e-14
1.46856e-14
1.42678e-14
1.4414e-14
1.52141e-14
1.66953e-14
1.88768e-14
2.17876e-14
2.54725e-14
2.99935e-14
3.54301e-14
4.18789e-14
4.94518e-14
5.82725e-14
6.84679e-14
8.01465e-14
9.33403e-14
1.07831e-13
1.22635e-13
1.34777e-13
4.65413e-14
4.45535e-14
4.3523e-14
4.42943e-14
4.71414e-14
5.21527e-14
5.93954e-14
6.89714e-14
8.10334e-14
9.57902e-14
1.13507e-13
1.34504e-13
1.59151e-13
1.87856e-13
2.21036e-13
2.59046e-13
3.01988e-13
3.49133e-13
3.9725e-13
4.36641e-13
1.39794e-13
1.34267e-13
1.31965e-13
1.35396e-13
1.4539e-13
1.62233e-13
1.86161e-13
2.17526e-13
2.56849e-13
3.04828e-13
3.62343e-13
4.30453e-13
5.10376e-13
6.0345e-13
7.11042e-13
8.34313e-13
9.73577e-13
1.12642e-12
1.28224e-12
1.40956e-12
4.16797e-13
4.01824e-13
3.97639e-13
4.1163e-13
4.4628e-13
5.02513e-13
5.81154e-13
6.83419e-13
8.1106e-13
9.66407e-13
1.15237e-12
1.37243e-12
1.63057e-12
1.93119e-12
2.27875e-12
2.677e-12
3.12694e-12
3.62055e-12
4.12322e-12
4.53308e-12
1.23308e-12
1.19386e-12
1.19051e-12
1.24451e-12
1.36326e-12
1.54974e-12
1.8068e-12
2.13859e-12
2.55101e-12
3.05176e-12
3.65042e-12
4.35836e-12
5.18862e-12
6.1555e-12
7.27352e-12
8.55489e-12
1.00026e-11
1.15901e-11
1.32048e-11
1.45185e-11
3.61856e-12
3.52053e-12
3.54087e-12
3.74145e-12
4.144e-12
4.75808e-12
5.59346e-12
6.66426e-12
7.99011e-12
9.59644e-12
1.15145e-11
1.37813e-11
1.64392e-11
1.95346e-11
2.31146e-11
2.72185e-11
3.18552e-11
3.69375e-11
4.21001e-11
4.62902e-11
1.05293e-11
1.0301e-11
1.04608e-11
1.11842e-11
1.25343e-11
1.45418e-11
1.72397e-11
2.06754e-11
2.4914e-11
3.00389e-11
3.61516e-11
4.33719e-11
5.18365e-11
6.16951e-11
7.30995e-11
8.61759e-11
1.0095e-10
1.17136e-10
1.33554e-10
1.46845e-10
3.03695e-11
2.99004e-11
3.06944e-11
3.32419e-11
3.77241e-11
4.42367e-11
5.28903e-11
6.38428e-11
7.73077e-11
9.35559e-11
1.12917e-10
1.35778e-10
1.62577e-10
1.93793e-10
2.2991e-10
2.71331e-10
3.18131e-10
3.6937e-10
4.21259e-10
4.63139e-10
8.67974e-11
8.60832e-11
8.94518e-11
9.82468e-11
1.12977e-10
1.33939e-10
1.61492e-10
1.96153e-10
2.38615e-10
2.89757e-10
3.50641e-10
4.2251e-10
5.06766e-10
6.0493e-10
7.18537e-10
8.48848e-10
9.96064e-10
1.15712e-09
1.31991e-09
1.45086e-09
2.45746e-10
2.45789e-10
2.58935e-10
2.88779e-10
3.36708e-10
4.0361e-10
4.90633e-10
5.99425e-10
7.32219e-10
8.91849e-10
1.08171e-09
1.30574e-09
1.5684e-09
1.87452e-09
2.22892e-09
2.63553e-09
3.0948e-09
3.59671e-09
4.10295e-09
4.5086e-09
6.89106e-10
6.96003e-10
7.44661e-10
8.44365e-10
9.98737e-10
1.21032e-09
1.48264e-09
1.82095e-09
2.23236e-09
2.72582e-09
3.312e-09
4.00331e-09
4.81379e-09
5.75859e-09
6.85287e-09
8.10874e-09
9.52701e-09
1.1075e-08
1.26324e-08
1.38747e-08
1.91366e-09
1.95501e-09
2.12846e-09
2.4568e-09
2.94869e-09
3.61099e-09
4.45445e-09
5.49546e-09
6.7561e-09
8.26393e-09
1.00521e-08
1.21591e-08
1.46287e-08
1.75081e-08
2.08445e-08
2.46747e-08
2.89992e-08
3.37125e-08
3.84401e-08
4.21909e-08
5.26352e-09
5.44987e-09
6.05082e-09
7.11721e-09
8.66661e-09
1.07165e-08
1.32986e-08
1.64621e-08
2.02733e-08
2.48156e-08
3.01901e-08
3.65148e-08
4.39239e-08
5.25632e-08
6.25772e-08
7.40773e-08
8.70568e-08
1.01179e-07
1.15294e-07
1.26422e-07
1.43463e-08
1.5092e-08
1.71272e-08
2.05439e-08
2.53645e-08
3.16284e-08
3.94232e-08
4.88893e-08
6.02205e-08
7.36639e-08
8.95206e-08
1.08146e-07
1.29948e-07
1.55368e-07
1.84844e-07
2.18705e-07
2.56903e-07
2.98377e-07
3.39662e-07
3.71973e-07
3.87938e-08
4.15898e-08
4.83521e-08
5.9148e-08
7.39393e-08
9.27873e-08
1.15911e-07
1.43695e-07
1.76686e-07
2.15592e-07
2.61292e-07
3.14837e-07
3.77437e-07
4.50415e-07
5.35076e-07
6.32368e-07
7.42063e-07
8.60885e-07
9.78616e-07
1.06996e-06
1.04325e-07
1.14385e-07
1.36459e-07
1.70049e-07
2.14674e-07
2.70297e-07
3.37403e-07
4.16979e-07
5.105e-07
6.19934e-07
7.47768e-07
8.97028e-07
1.07125e-06
1.27431e-06
1.51005e-06
1.78114e-06
2.08669e-06
2.41689e-06
2.74238e-06
2.9924e-06
2.80439e-07
3.15447e-07
3.86051e-07
4.88513e-07
6.20207e-07
7.80283e-07
9.69583e-07
1.19045e-06
1.44664e-06
1.74339e-06
2.0875e-06
2.48743e-06
2.95321e-06
3.49605e-06
4.12694e-06
4.85352e-06
5.6729e-06
6.55698e-06
7.42433e-06
8.08321e-06
7.62957e-07
8.78221e-07
1.09682e-06
1.40057e-06
1.77768e-06
2.2233e-06
2.73797e-06
3.32662e-06
3.99822e-06
4.76594e-06
5.64754e-06
6.66569e-06
7.84794e-06
9.22551e-06
1.08296e-05
1.26826e-05
1.47781e-05
1.70419e-05
1.92582e-05
2.09245e-05
2.17747e-06
2.48321e-06
3.11752e-06
3.9805e-06
5.01694e-06
6.20431e-06
7.53869e-06
9.02864e-06
1.06936e-05
1.25644e-05
1.46845e-05
1.71111e-05
1.99157e-05
2.31814e-05
2.69948e-05
3.14236e-05
3.64686e-05
4.19653e-05
4.73872e-05
5.14617e-05
0.00479173
0.00478796
0.0047812
0.00477237
0.00476193
0.00475016
0.00473719
0.00472309
0.00470783
0.00469136
0.00467356
0.00465425
0.00463323
0.00461026
0.00458516
0.00455791
0.00452884
0.00449909
0.00447135
0.00445141
0.0048138
0.0048124
0.00480943
0.00480502
0.00479931
0.00479244
0.00478452
0.0047756
0.00476572
0.00475486
0.004743
0.00473006
0.00471595
0.00470056
0.00468382
0.00466577
0.00464666
0.00462726
0.00460927
0.00459631
0.00483277
0.00483286
0.00483217
0.00483049
0.00482779
0.00482412
0.00481953
0.00481408
0.0048078
0.00480072
0.00479282
0.00478411
0.00477452
0.00476404
0.00475262
0.0047403
0.00472728
0.00471405
0.00470175
0.00469282
0.00485022
0.00485106
0.00485163
0.00485154
0.00485067
0.00484901
0.00484656
0.00484337
0.00483947
0.00483487
0.00482961
0.00482367
0.00481704
0.00480972
0.00480169
0.00479299
0.00478375
0.00477433
0.00476553
0.00475908
0.00486658
0.0048678
0.00486902
0.00486981
0.00487002
0.00486957
0.00486847
0.00486673
0.00486437
0.00486142
0.00485789
0.00485378
0.00484911
0.00484387
0.00483806
0.0048317
0.0048249
0.00481792
0.00481136
0.0048065
0.00488195
0.00488332
0.00488486
0.00488611
0.00488691
0.00488718
0.0048869
0.00488608
0.00488472
0.00488285
0.00488047
0.0048776
0.00487425
0.00487041
0.00486608
0.0048613
0.00485614
0.0048508
0.00484573
0.00484195
0.00489628
0.00489769
0.00489934
0.00490081
0.00490191
0.00490258
0.00490278
0.00490252
0.0049018
0.00490064
0.00489904
0.00489702
0.00489456
0.00489169
0.00488841
0.00488473
0.00488071
0.00487652
0.00487251
0.00486948
0.00490951
0.00491088
0.00491253
0.00491405
0.00491528
0.00491615
0.00491662
0.0049167
0.00491639
0.00491569
0.00491461
0.00491316
0.00491135
0.00490916
0.00490662
0.00490374
0.00490055
0.0048972
0.00489396
0.0048915
0.00492158
0.00492287
0.00492445
0.00492594
0.00492719
0.00492813
0.00492874
0.00492901
0.00492894
0.00492855
0.00492782
0.00492678
0.00492541
0.00492373
0.00492173
0.00491943
0.00491688
0.00491415
0.00491151
0.00490948
0.00493249
0.00493368
0.00493514
0.00493654
0.00493774
0.00493868
0.00493933
0.0049397
0.00493978
0.00493958
0.00493909
0.00493833
0.00493729
0.00493598
0.00493439
0.00493254
0.00493047
0.00492824
0.00492605
0.00492436
0.00494223
0.00494331
0.00494464
0.00494592
0.00494704
0.00494793
0.00494858
0.00494898
0.00494914
0.00494906
0.00494874
0.00494817
0.00494737
0.00494633
0.00494506
0.00494356
0.00494186
0.00494002
0.00493821
0.0049368
0.00495086
0.00495182
0.00495301
0.00495416
0.00495517
0.00495599
0.00495661
0.00495701
0.00495721
0.0049572
0.00495699
0.00495656
0.00495594
0.00495511
0.00495408
0.00495286
0.00495146
0.00494994
0.00494843
0.00494724
0.00495844
0.00495928
0.00496033
0.00496135
0.00496224
0.00496298
0.00496354
0.00496393
0.00496414
0.00496417
0.00496403
0.00496371
0.00496322
0.00496255
0.00496171
0.00496071
0.00495955
0.00495829
0.00495703
0.00495604
0.00496504
0.00496577
0.00496668
0.00496757
0.00496835
0.004969
0.00496951
0.00496986
0.00497006
0.00497012
0.00497002
0.00496978
0.00496939
0.00496885
0.00496817
0.00496734
0.00496639
0.00496534
0.00496429
0.00496346
0.00497074
0.00497137
0.00497216
0.00497292
0.0049736
0.00497417
0.00497461
0.00497492
0.00497511
0.00497518
0.00497511
0.00497493
0.00497462
0.00497418
0.00497362
0.00497294
0.00497215
0.00497128
0.0049704
0.0049697
0.00497564
0.00497618
0.00497685
0.0049775
0.00497808
0.00497857
0.00497895
0.00497922
0.00497939
0.00497946
0.00497942
0.00497927
0.00497902
0.00497867
0.00497821
0.00497765
0.00497699
0.00497627
0.00497554
0.00497496
0.00497981
0.00498027
0.00498084
0.00498139
0.00498188
0.0049823
0.00498262
0.00498286
0.00498301
0.00498307
0.00498304
0.00498293
0.00498273
0.00498244
0.00498206
0.0049816
0.00498106
0.00498046
0.00497986
0.00497937
0.00498335
0.00498374
0.00498421
0.00498468
0.00498509
0.00498544
0.00498572
0.00498592
0.00498605
0.0049861
0.00498609
0.004986
0.00498583
0.0049856
0.00498529
0.00498491
0.00498447
0.00498397
0.00498347
0.00498307
0.00498633
0.00498666
0.00498706
0.00498744
0.00498779
0.00498808
0.00498831
0.00498848
0.00498859
0.00498864
0.00498863
0.00498856
0.00498843
0.00498823
0.00498798
0.00498767
0.00498731
0.0049869
0.00498649
0.00498615
0.00498883
0.0049891
0.00498943
0.00498976
0.00499004
0.00499028
0.00499048
0.00499062
0.00499071
0.00499075
0.00499075
0.00499069
0.00499058
0.00499043
0.00499022
0.00498997
0.00498967
0.00498933
0.00498899
0.00498872
0.00499092
0.00499114
0.00499141
0.00499168
0.00499191
0.00499211
0.00499227
0.00499239
0.00499247
0.0049925
0.0049925
0.00499245
0.00499237
0.00499224
0.00499207
0.00499187
0.00499162
0.00499135
0.00499107
0.00499084
0.00499265
0.00499283
0.00499305
0.00499327
0.00499346
0.00499363
0.00499376
0.00499385
0.00499392
0.00499395
0.00499394
0.00499391
0.00499384
0.00499374
0.0049936
0.00499343
0.00499323
0.00499301
0.00499278
0.0049926
0.00499407
0.00499422
0.0049944
0.00499458
0.00499474
0.00499487
0.00499498
0.00499506
0.00499511
0.00499513
0.00499513
0.0049951
0.00499505
0.00499496
0.00499486
0.00499472
0.00499456
0.00499438
0.00499419
0.00499404
0.00499524
0.00499536
0.00499551
0.00499566
0.00499578
0.00499589
0.00499598
0.00499604
0.00499608
0.0049961
0.0049961
0.00499608
0.00499604
0.00499597
0.00499588
0.00499577
0.00499564
0.0049955
0.00499535
0.00499522
0.0049962
0.0049963
0.00499642
0.00499653
0.00499664
0.00499672
0.00499679
0.00499684
0.00499688
0.00499689
0.00499689
0.00499687
0.00499684
0.00499679
0.00499672
0.00499663
0.00499652
0.00499641
0.00499629
0.00499619
0.00499698
0.00499705
0.00499715
0.00499724
0.00499733
0.0049974
0.00499745
0.00499749
0.00499752
0.00499753
0.00499753
0.00499752
0.00499749
0.00499745
0.00499739
0.00499732
0.00499724
0.00499715
0.00499705
0.00499697
0.0049976
0.00499767
0.00499775
0.00499782
0.00499789
0.00499794
0.00499798
0.00499802
0.00499804
0.00499805
0.00499805
0.00499804
0.00499802
0.00499798
0.00499794
0.00499788
0.00499782
0.00499774
0.00499766
0.0049976
0.00499811
0.00499816
0.00499822
0.00499828
0.00499833
0.00499838
0.00499841
0.00499844
0.00499846
0.00499847
0.00499847
0.00499846
0.00499844
0.00499841
0.00499838
0.00499833
0.00499828
0.00499822
0.00499816
0.00499811
0.00499852
0.00499856
0.00499861
0.00499865
0.00499869
0.00499873
0.00499876
0.00499878
0.00499879
0.0049988
0.0049988
0.00499879
0.00499878
0.00499876
0.00499873
0.00499869
0.00499865
0.0049986
0.00499856
0.00499852
0.00499884
0.00499887
0.00499891
0.00499895
0.00499898
0.00499901
0.00499903
0.00499905
0.00499906
0.00499906
0.00499906
0.00499906
0.00499905
0.00499903
0.00499901
0.00499898
0.00499895
0.00499891
0.00499887
0.00499884
0.0049991
0.00499912
0.00499915
0.00499918
0.00499921
0.00499923
0.00499925
0.00499926
0.00499927
0.00499927
0.00499927
0.00499927
0.00499926
0.00499925
0.00499923
0.00499921
0.00499918
0.00499915
0.00499912
0.0049991
0.0049993
0.00499932
0.00499934
0.00499937
0.00499939
0.0049994
0.00499942
0.00499943
0.00499943
0.00499944
0.00499944
0.00499943
0.00499943
0.00499942
0.0049994
0.00499939
0.00499937
0.00499934
0.00499932
0.0049993
0.00499946
0.00499948
0.00499949
0.00499951
0.00499953
0.00499954
0.00499955
0.00499956
0.00499956
0.00499957
0.00499957
0.00499956
0.00499956
0.00499955
0.00499954
0.00499953
0.00499951
0.00499949
0.00499948
0.00499946
0.00499959
0.0049996
0.00499961
0.00499963
0.00499964
0.00499965
0.00499966
0.00499966
0.00499967
0.00499967
0.00499967
0.00499967
0.00499966
0.00499966
0.00499965
0.00499964
0.00499963
0.00499961
0.0049996
0.00499959
0.00499968
0.00499969
0.0049997
0.00499971
0.00499972
0.00499973
0.00499974
0.00499974
0.00499974
0.00499975
0.00499975
0.00499974
0.00499974
0.00499974
0.00499973
0.00499972
0.00499971
0.0049997
0.00499969
0.00499968
0.00499976
0.00499977
0.00499978
0.00499978
0.00499979
0.0049998
0.0049998
0.0049998
0.00499981
0.00499981
0.00499981
0.00499981
0.0049998
0.0049998
0.0049998
0.00499979
0.00499978
0.00499977
0.00499977
0.00499976
0.00499982
0.00499982
0.00499983
0.00499984
0.00499984
0.00499985
0.00499985
0.00499985
0.00499985
0.00499985
0.00499985
0.00499985
0.00499985
0.00499985
0.00499985
0.00499984
0.00499984
0.00499983
0.00499982
0.00499982
0.00499986
0.00499987
0.00499987
0.00499988
0.00499988
0.00499988
0.00499989
0.00499989
0.00499989
0.00499989
0.00499989
0.00499989
0.00499989
0.00499989
0.00499988
0.00499988
0.00499988
0.00499987
0.00499987
0.00499986
0.0049999
0.0049999
0.0049999
0.00499991
0.00499991
0.00499991
0.00499991
0.00499992
0.00499992
0.00499992
0.00499992
0.00499992
0.00499992
0.00499991
0.00499991
0.00499991
0.00499991
0.0049999
0.0049999
0.0049999
0.00499992
0.00499993
0.00499993
0.00499993
0.00499993
0.00499993
0.00499994
0.00499994
0.00499994
0.00499994
0.00499994
0.00499994
0.00499994
0.00499994
0.00499993
0.00499993
0.00499993
0.00499993
0.00499993
0.00499992
0.00499994
0.00499994
0.00499995
0.00499995
0.00499995
0.00499995
0.00499995
0.00499995
0.00499995
0.00499995
0.00499995
0.00499995
0.00499995
0.00499995
0.00499995
0.00499995
0.00499995
0.00499995
0.00499994
0.00499994
0.00499996
0.00499996
0.00499996
0.00499996
0.00499996
0.00499996
0.00499996
0.00499997
0.00499997
0.00499997
0.00499997
0.00499997
0.00499997
0.00499996
0.00499996
0.00499996
0.00499996
0.00499996
0.00499996
0.00499996
0.00499997
0.00499997
0.00499997
0.00499997
0.00499997
0.00499997
0.00499997
0.00499997
0.00499997
0.00499998
0.00499998
0.00499997
0.00499997
0.00499997
0.00499997
0.00499997
0.00499997
0.00499997
0.00499997
0.00499997
0.00499998
0.00499998
0.00499998
0.00499998
0.00499998
0.00499998
0.00499998
0.00499998
0.00499998
0.00499998
0.00499998
0.00499998
0.00499998
0.00499998
0.00499998
0.00499998
0.00499998
0.00499998
0.00499998
0.00499998
0.00499998
0.00499998
0.00499998
0.00499998
0.00499999
0.00499999
0.00499999
0.00499999
0.00499999
0.00499999
0.00499999
0.00499999
0.00499999
0.00499999
0.00499999
0.00499999
0.00499999
0.00499998
0.00499998
0.00499998
0.00499999
0.00499999
0.00499999
0.00499999
0.00499999
0.00499999
0.00499999
0.00499999
0.00499999
0.00499999
0.00499999
0.00499999
0.00499999
0.00499999
0.00499999
0.00499999
0.00499999
0.00499999
0.00499999
0.00499999
0.00499999
0.00499999
0.00499999
0.00499999
0.00499999
0.00499999
0.00499999
0.00499999
0.00499999
0.00499999
0.00499999
0.00499999
0.00499999
0.00499999
0.00499999
0.00499999
0.00499999
0.00499999
0.00499999
0.00499999
0.00499999
0.00499999
0.00499999
0.00499999
0.00499999
0.00499999
0.00499999
0.00499999
0.00499999
0.00499999
0.00499999
0.00499999
0.00499999
0.00499999
0.00499999
0.00499999
0.00499999
0.00499999
0.00499999
0.00499999
0.005
0.005
0.005
0.005
0.005
0.005
0.005
0.005
0.005
0.005
0.005
0.005
0.005
0.005
0.005
0.005
0.005
0.005
0.005
0.005
0.005
0.005
0.005
0.005
0.005
0.005
0.005
0.005
0.005
0.005
0.005
0.005
0.005
0.005
0.005
0.005
0.005
0.005
0.005
0.005
0.005
0.005
0.005
0.005
0.005
0.005
0.005
0.005
0.005
0.005
0.005
0.005
0.005
0.005
0.005
0.005
0.005
0.005
0.005
0.005
0.005
0.005
0.005
0.005
0.005
0.005
0.005
0.005
0.005
0.005
0.005
0.005
0.005
0.005
0.005
0.005
0.005
0.005
0.005
0.005
0.005
0.005
0.005
0.005
0.005
0.005
0.005
0.005
0.005
0.005
0.005
0.005
0.005
0.005
0.005
0.005
0.005
0.005
0.005
0.005
0.005
0.005
0.005
0.005
0.005
0.005
0.005
0.005
0.005
0.005
0.005
0.005
0.005
0.005
0.005
0.005
0.005
0.005
0.005
0.005
0.005
0.005
0.005
0.005
0.005
0.005
0.005
0.005
0.005
0.005
0.005
0.005
0.005
0.005
0.005
0.005
0.005
0.005
0.005
0.005
0.005
0.005
0.005
0.005
0.005
0.005
0.005
0.005
0.005
0.005
0.005
0.005
0.005
0.005
0.005
0.005
0.005
0.005
0.005
0.005
0.005
0.005
0.005
0.005
0.005
0.005
0.005
0.005
0.005
0.005
0.005
0.005
0.005
0.005
0.005
0.005
0.005
0.005
0.005
0.005
0.005
0.005
0.005
0.005
0.005
0.005
0.005
0.005
0.005
0.005
0.005
0.005
0.005
0.005
0.005
0.005
0.005
0.005
0.005
0.005
0.005
0.005
0.005
0.005
0.005
0.005
0.005
0.005
0.005
0.005
0.005
0.005
0.005
0.005
0.005
0.005
0.005
0.005
0.005
0.005
0.005
0.005
0.005
0.005
0.005
0.005
0.005
0.005
0.005
0.005
0.005
0.005
0.005
0.005
0.005
0.005
0.005
0.005
0.005
0.005
0.005
0.005
0.005
0.005
0.005
0.005
0.005
0.005
0.005
0.005
0.005
0.005
0.005
0.005
0.005
0.005
0.005
0.005
0.005
0.005
0.005
0.005
0.005
0.005
0.005
0.005
0.005
0.005
0.005
0.005
0.005
0.005
0.005
0.005
0.005
0.005
0.005
0.005
0.005
0.005
0.005
0.005
0.005
0.005
0.005
0.005
0.005
0.005
0.005
0.005
0.005
0.005
0.005
0.005
0.005
0.005
0.005
0.005
0.005
0.005
0.005
0.005
0.005
0.005
0.005
0.005
0.005
0.005
0.005
0.005
0.005
0.005
0.005
0.005
0.005
0.005
0.005
0.005
0.005
0.005
0.005
0.005
0.005
0.005
0.005
0.005
0.005
0.005
0.005
0.005
0.005
0.005
0.005
0.005
0.005
0.005
0.005
0.005
0.005
0.005
0.005
0.005
0.005
0.005
0.005
0.005
0.005
0.005
0.005
0.005
0.005
0.005
0.005
0.005
0.005
0.005
0.005
0.005
0.005
0.005
0.005
0.005
0.005
0.005
0.005
0.005
0.005
0.005
0.005
0.005
0.005
0.005
0.005
0.005
0.005
0.005
0.005
0.005
0.005
0.005
0.005
0.005
0.005
0.005
0.005
0.005
0.005
0.005
0.005
0.005
0.005
0.005
0.005
0.005
0.005
0.005
0.005
0.005
0.005
0.005
0.005
0.005
0.005
0.005
0.005
0.005
0.005
0.005
0.005
0.005
0.005
0.005
0.005
0.005
0.005
0.005
0.005
0.005
0.005
0.005
0.005
0.005
0.005
0.005
0.005
0.005
0.005
0.005
0.005
0.005
0.005
0.005
0.005
0.005
0.005
0.005
0.005
0.005
0.005
0.005
0.005
0.005
0.005
0.005
0.005
0.005
0.005
0.005
0.005
0.005
0.005
0.005
0.005
0.005
0.005
0.005
0.005
0.005
0.005
0.005
0.005
0.005
0.005
0.005
0.005
0.005
0.005
0.005
0.005
0.005
0.005
0.005
0.005
0.005
0.005
0.005
0.005
0.005
0.005
0.005
0.005
0.005
0.005
0.005
0.005
0.005
0.005
0.005
0.005
0.005
0.005
0.005
0.005
0.005
0.005
0.005
0.005
0.005
0.005
0.005
0.005
0.005
0.005
0.005
0.005
0.005
0.005
0.005
0.005
0.005
0.005
0.005
0.005
0.005
0.005
0.005
0.005
0.005
0.005
0.005
0.005
0.005
0.005
0.005
0.005
0.005
0.005
0.005
0.005
0.005
0.005
0.005
0.005
0.005
0.005
0.005
0.005
0.005
0.005
0.005
0.005
0.005
0.005
0.005
0.005
0.005
0.005
0.005
0.005
0.005
0.005
0.005
0.005
0.005
0.005
0.005
0.005
0.005
0.005
0.005
0.005
0.005
0.005
0.005
0.005
0.005
0.005
0.005
0.005
0.005
0.005
0.005
0.005
0.005
0.005
0.005
0.005
0.005
0.005
0.005
0.005
0.005
0.005
0.005
0.005
0.005
0.005
0.005
0.005
0.005
0.005
0.005
0.005
0.005
0.005
0.005
0.005
0.005
0.005
0.005
0.005
0.005
0.005
0.005
0.005
0.005
0.005
0.005
0.005
0.005
0.005
0.005
0.005
0.005
0.005
0.005
0.005
0.005
0.005
0.005
0.005
0.005
0.005
0.005
0.005
0.005
0.005
0.005
0.005
0.005
0.005
0.005
0.005
0.005
0.005
0.005
0.005
0.005
0.005
0.005
0.005
0.005
0.005
0.005
0.005
0.005
0.005
0.005
0.005
0.005
0.005
0.005
0.005
0.005
0.005
0.005
0.005
0.005
0.005
0.005
0.005
0.005
0.005
0.005
0.005
0.005
0.005
0.005
0.005
0.005
0.005
0.005
0.005
0.005
0.005
0.005
0.005
0.005
0.005
0.005
0.005
0.005
0.005
0.005
0.005
0.005
0.005
0.005
0.005
0.005
0.005
0.005
0.005
0.005
0.005
0.005
0.005
0.005
0.005
0.005
0.005
0.005
0.005
0.005
0.005
0.005
0.005
0.005
0.005
0.005
0.005
0.005
0.005
0.005
0.005
0.005
0.005
0.005
0.005
0.005
0.005
0.005
0.005
0.005
0.005
0.005
0.005
0.005
0.005
0.005
0.005
0.005
0.005
0.005
0.005
0.005
0.005
0.005
0.005
0.005
0.005
0.005
0.005
0.005
0.005
0.005
0.005
0.005
0.005
0.005
0.005
0.005
0.005
0.005
0.005
0.005
0.005
0.005
0.005
0.005
0.005
0.005
0.005
0.005
0.005
0.005
0.005
0.005
0.005
0.005
0.005
0.005
0.005
0.005
0.005
0.005
0.005
0.005
0.005
0.005
0.005
0.005
0.005
0.005
0.005
0.005
0.005
0.005
0.005
0.005
0.005
0.005
0.005
0.005
0.005
0.005
0.005
0.005
0.005
0.005
0.005
0.005
0.005
0.005
0.005
0.005
0.005
0.005
0.005
0.005
0.005
0.005
0.005
0.005
0.005
0.005
0.005
0.005
0.005
0.005
0.005
0.005
0.005
0.005
0.005
0.005
0.005
0.005
0.005
0.005
0.005
0.005
0.005
0.005
0.005
0.005
0.005
0.005
0.005
0.005
0.005
0.005
0.005
0.005
0.005
0.005
0.005
0.005
0.005
0.005
0.005
0.005
0.005
0.005
0.005
0.005
0.005
0.005
0.005
0.005
0.005
0.005
0.005
0.005
0.005
0.005
0.005
0.005
0.005
0.005
0.005
0.005
0.005
0.005
0.005
0.005
0.005
0.005
0.005
0.005
0.005
0.005
0.005
0.005
0.005
0.005
0.005
0.005
0.005
0.005
0.005
0.005
0.005
0.005
0.005
0.005
0.005
0.005
0.005
0.005
0.005
0.005
0.005
0.005
0.005
0.005
0.005
0.005
0.005
0.005
0.005
0.005
0.005
0.005
0.005
0.005
0.005
0.005
0.005
0.005
0.005
0.005
0.005
0.005
0.005
0.005
0.005
0.005
0.005
0.005
0.005
0.005
0.005
0.005
0.005
0.005
0.005
0.005
0.005
0.005
0.005
0.005
0.005
0.005
0.005
0.005
0.005
0.005
0.005
0.005
0.005
0.005
0.005
0.005
0.005
0.005
0.005
0.005
0.005
0.005
0.005
0.005
0.005
0.005
0.005
0.005
0.005
0.005
0.005
0.005
0.005
0.005
0.005
0.005
0.005
0.005
0.005
0.005
0.005
0.005
0.005
0.005
0.005
0.005
0.005
0.005
0.005
0.005
0.005
0.005
0.005
0.005
0.005
0.005
0.005
0.005
0.005
0.005
0.005
0.005
0.005
0.005
0.005
0.005
0.005
0.005
0.005
0.005
0.005
0.005
0.005
0.005
0.005
0.005
0.005
0.005
0.005
0.005
0.005
0.005
0.005
0.005
0.005
0.005
0.005
0.005
0.005
0.005
0.005
0.005
0.005
0.005
0.005
0.005
0.005
0.005
0.005
0.005
0.005
0.005
)
;

boundaryField
{
    outlet
    {
        type            zeroGradient;
    }
    inlet1
    {
        type            fixedValue;
        value           uniform 0;
    }
    inlet2
    {
        type            fixedValue;
        value           uniform 0.005;
    }
    frontAndBack
    {
        type            empty;
    }
    defaultFaces
    {
        type            zeroGradient;
    }
}


// ************************************************************************* //
