/*--------------------------------*- C++ -*----------------------------------*\
| =========                 |                                                 |
| \\      /  F ield         | OpenFOAM: The Open Source CFD Toolbox           |
|  \\    /   O peration     | Version:  2.1.0                                 |
|   \\  /    A nd           | Web:      www.OpenFOAM.org                      |
|    \\/     M anipulation  |                                                 |
\*---------------------------------------------------------------------------*/
FoamFile
{
    version     2.0;
    format      ascii;
    class       volScalarField;
    location    "0.02";
    object      C2;
}
// * * * * * * * * * * * * * * * * * * * * * * * * * * * * * * * * * * * * * //

dimensions      [0 0 0 0 0 0 0];

internalField   nonuniform List<scalar> 
6400
(
1.84277e-110
8.47653e-110
4.03022e-109
1.91191e-108
9.04674e-108
4.26965e-107
2.00991e-106
9.43741e-106
4.42028e-105
2.06521e-104
9.62437e-104
4.47337e-103
2.07365e-102
9.58669e-102
4.4199e-101
2.03205e-100
9.31535e-100
4.25774e-99
1.9403e-98
8.81546e-98
3.99288e-97
1.80307e-96
8.11703e-96
3.64278e-95
1.6298e-94
7.26929e-94
3.23216e-93
1.43248e-92
6.3275e-92
2.78548e-91
1.22196e-90
5.3417e-90
2.32682e-89
1.00993e-88
4.3676e-88
1.88185e-87
8.07716e-87
3.45333e-86
1.47065e-85
6.23767e-85
2.63464e-84
1.10816e-83
4.64132e-83
1.93546e-82
8.03521e-82
3.32086e-81
1.36617e-80
5.59394e-80
2.27928e-79
9.23979e-79
3.72607e-78
1.49441e-77
5.95986e-77
2.36314e-76
9.31347e-76
3.64723e-75
1.41882e-74
5.48112e-74
2.10201e-73
7.99954e-73
3.01969e-72
1.13006e-71
4.19065e-71
1.5391e-70
5.59484e-70
2.01159e-69
7.1485e-69
2.50897e-68
8.69037e-68
2.96823e-67
9.98926e-67
3.30976e-66
1.07874e-65
3.45553e-65
1.08689e-64
3.35367e-64
1.01416e-63
3.00284e-63
8.69695e-63
2.46133e-62
6.79946e-62
1.8314e-61
4.80341e-61
1.22511e-60
3.0337e-60
7.28018e-60
1.68932e-59
3.77984e-59
8.12607e-59
1.67078e-58
3.26517e-58
6.01481e-58
1.03272e-57
1.62841e-57
2.31962e-57
2.97117e-57
3.5287e-57
3.83113e-57
3.43187e-57
2.25978e-57
2.54992e-110
1.17577e-109
5.59666e-109
2.65809e-108
1.25925e-107
5.95045e-107
2.80475e-106
1.31868e-105
6.18471e-105
2.89365e-104
1.35051e-103
6.28672e-103
2.91885e-102
1.35162e-101
6.24208e-101
2.87479e-100
1.32024e-99
6.04553e-99
2.76026e-98
1.25654e-97
5.70286e-97
2.58064e-96
1.16426e-95
5.23674e-95
2.34841e-94
1.04998e-93
4.68028e-93
2.07975e-92
9.21147e-92
4.06642e-91
1.78908e-90
7.84429e-90
3.42756e-89
1.49249e-88
6.4761e-88
2.80005e-87
1.20618e-86
5.17637e-86
2.21309e-85
9.42544e-85
3.99819e-84
1.68922e-83
7.10812e-83
2.97852e-82
1.24279e-81
5.16332e-81
2.1358e-80
8.79551e-80
3.60546e-79
1.47087e-78
5.97103e-78
2.41159e-77
9.68849e-77
3.87136e-76
1.53831e-75
6.07657e-75
2.38565e-74
9.30622e-74
3.60603e-73
1.38756e-72
5.29997e-72
2.00858e-71
7.54982e-71
2.81339e-70
1.03883e-69
3.79842e-69
1.37444e-68
4.91849e-68
1.73938e-67
6.07392e-67
2.09274e-66
7.10869e-66
2.37851e-65
7.83185e-65
2.53527e-64
8.05965e-64
2.51336e-63
7.67959e-63
2.29638e-62
6.7116e-62
1.91476e-61
5.32482e-61
1.44129e-60
3.79104e-60
9.673e-60
2.38941e-59
5.70052e-59
1.3097e-58
2.88715e-58
6.07766e-58
1.21401e-57
2.28164e-57
3.98942e-57
6.39746e-57
9.26933e-57
1.2083e-56
1.45958e-56
1.59641e-56
1.45269e-56
1.02051e-56
3.6656e-110
1.69374e-109
8.07794e-109
3.84416e-108
1.82479e-107
8.64088e-107
4.08171e-106
1.92323e-105
9.03978e-105
4.23885e-104
1.98294e-103
9.25316e-103
4.30694e-102
1.99958e-101
9.25887e-101
4.27582e-100
1.96918e-99
9.04322e-99
4.14125e-98
1.89089e-97
8.60848e-97
3.9078e-96
1.76868e-95
7.98173e-95
3.59182e-94
1.61161e-93
7.20978e-93
3.2161e-92
1.43011e-91
6.33866e-91
2.80046e-90
1.23315e-89
5.41195e-89
2.3672e-88
1.03194e-87
4.48322e-87
1.94086e-86
8.37216e-86
3.59834e-85
1.54095e-84
6.57412e-84
2.79417e-83
1.1831e-82
4.98956e-82
2.09561e-81
8.76562e-81
3.6514e-80
1.51461e-79
6.25588e-79
2.57246e-78
1.05294e-77
4.28948e-77
1.73878e-76
7.01251e-76
2.81391e-75
1.12307e-74
4.45679e-74
1.75832e-73
6.89456e-73
2.68636e-72
1.03983e-71
3.99671e-71
1.5248e-70
5.77269e-70
2.16788e-69
8.07106e-69
2.97712e-68
1.08739e-67
3.93004e-67
1.40432e-66
4.95712e-66
1.72716e-65
5.93399e-65
2.00836e-64
6.68847e-64
2.18911e-63
7.03236e-63
2.21431e-62
6.82447e-62
2.05568e-61
6.04282e-61
1.73077e-60
4.82211e-60
1.30462e-59
3.4212e-59
8.67801e-59
2.12406e-58
5.00214e-58
1.1293e-57
2.43273e-57
4.9699e-57
9.55116e-57
1.70875e-56
2.80997e-56
4.19419e-56
5.6626e-56
7.08316e-56
7.93206e-56
7.47834e-56
5.64348e-56
5.25937e-110
2.43537e-109
1.16389e-108
5.55047e-108
2.64032e-107
1.25306e-106
5.93321e-106
2.80238e-105
1.32025e-104
6.20475e-104
2.90909e-103
1.36083e-102
6.35073e-102
2.95635e-101
1.37267e-100
6.35658e-100
2.93572e-99
1.35227e-98
6.21205e-98
2.84532e-97
1.29952e-96
5.91815e-96
2.68723e-95
1.21674e-94
5.49451e-94
2.47405e-93
1.11074e-92
4.97318e-92
2.22025e-91
9.881e-91
4.38363e-90
1.93868e-89
8.546e-89
3.7547e-88
1.64431e-87
7.17707e-87
3.12221e-86
1.35362e-85
5.84764e-85
2.51721e-84
1.0798e-83
4.61566e-83
1.96605e-82
8.34444e-82
3.52738e-81
1.48513e-80
6.228e-80
2.60108e-79
1.08198e-78
4.48233e-78
1.84887e-77
7.59325e-77
3.10384e-76
1.26253e-75
5.11177e-75
2.0598e-74
8.25534e-74
3.29071e-73
1.30446e-72
5.14077e-72
2.01385e-71
7.83945e-71
3.03115e-70
1.16378e-69
4.43623e-69
1.67819e-68
6.29585e-68
2.34113e-67
8.62435e-67
3.14479e-66
1.13402e-65
4.0406e-65
1.42109e-64
4.92828e-64
1.68322e-63
5.65432e-63
1.8655e-62
6.03565e-62
1.91198e-61
5.9206e-61
1.78911e-60
5.26687e-60
1.5078e-59
4.19014e-59
1.12819e-58
2.93703e-58
7.37546e-58
1.78161e-57
4.12552e-57
9.11783e-57
1.91246e-56
3.7793e-56
6.97164e-56
1.18746e-55
1.84749e-55
2.61509e-55
3.42507e-55
3.99579e-55
3.96875e-55
3.24344e-55
7.33141e-110
3.40194e-109
1.62895e-108
7.78402e-108
3.711e-107
1.76518e-106
8.37747e-106
3.96617e-105
1.87281e-104
8.82153e-104
4.14525e-103
1.94375e-102
9.09317e-102
4.24325e-101
1.97525e-100
9.16988e-100
4.246e-99
1.96136e-98
9.03595e-98
4.15133e-97
1.902e-96
8.6888e-96
3.95771e-95
1.79763e-94
8.14345e-94
3.67893e-93
1.65725e-92
7.44498e-92
3.33608e-91
1.49058e-90
6.63916e-90
2.94831e-89
1.30505e-88
5.7584e-88
2.53287e-87
1.11047e-86
4.85289e-86
2.11385e-85
9.17646e-85
3.9695e-84
1.71149e-83
7.35418e-83
3.14945e-82
1.34446e-81
5.71777e-81
2.42233e-80
1.02234e-79
4.2977e-79
1.79958e-78
7.50631e-78
3.11841e-77
1.29031e-76
5.31574e-76
2.17986e-75
8.89919e-75
3.61733e-74
1.46321e-73
5.8889e-73
2.35839e-72
9.39463e-72
3.72134e-71
1.46565e-70
5.73748e-70
2.23145e-69
8.62239e-69
3.30919e-68
1.2606e-67
4.7642e-67
1.78558e-66
6.63134e-66
2.43796e-65
8.86492e-65
3.18497e-64
1.12938e-63
3.94765e-63
1.35831e-62
4.59365e-62
1.52444e-61
4.95577e-61
1.57541e-60
4.88847e-60
1.47792e-59
4.34536e-59
1.24023e-58
3.4297e-58
9.17114e-58
2.36615e-57
5.87481e-57
1.39934e-56
3.18518e-56
6.89375e-56
1.40969e-55
2.70193e-55
4.80868e-55
7.87034e-55
1.17811e-54
1.62814e-54
2.00372e-54
2.12029e-54
1.87814e-54
9.86098e-110
4.58495e-109
2.19935e-108
1.053e-107
5.03138e-107
2.39841e-106
1.1404e-105
5.40984e-105
2.56032e-104
1.20881e-103
5.69407e-103
2.67613e-102
1.25467e-101
5.8673e-101
2.73715e-100
1.2737e-99
5.91243e-99
2.73763e-98
1.26409e-97
5.82399e-97
2.67647e-96
1.22623e-95
5.60279e-95
2.55263e-94
1.15962e-93
5.25496e-93
2.3749e-92
1.07031e-91
4.812e-91
2.15777e-90
9.6479e-90
4.30067e-89
1.91105e-88
8.46702e-88
3.73934e-87
1.64621e-86
7.22479e-86
3.16055e-85
1.37827e-84
5.99052e-84
2.5955e-83
1.12075e-82
4.82259e-82
2.06869e-81
8.84545e-81
3.76909e-80
1.60036e-79
6.76958e-79
2.85251e-78
1.19764e-77
5.00914e-77
2.08675e-76
8.66058e-76
3.57964e-75
1.47292e-74
6.03525e-74
2.46263e-73
1.00026e-72
4.04396e-72
1.62715e-71
6.51256e-71
2.59281e-70
1.02676e-69
4.0424e-69
1.58177e-68
6.15119e-68
2.37656e-67
9.11685e-67
3.47086e-66
1.31052e-65
4.90363e-65
1.81651e-64
6.65528e-64
2.4089e-63
8.60287e-63
3.02708e-62
1.04779e-61
3.56168e-61
1.18682e-60
3.86948e-60
1.23209e-59
3.82403e-59
1.15473e-58
3.38623e-58
9.62577e-58
2.6474e-57
7.03053e-57
1.79864e-56
4.42082e-56
1.04038e-55
2.33432e-55
4.96643e-55
9.95165e-55
1.86283e-54
3.22854e-54
5.14305e-54
7.54667e-54
9.88954e-54
1.12348e-53
1.07726e-53
1.28245e-109
5.97375e-109
2.87068e-108
1.37707e-107
6.59128e-107
3.14742e-106
1.4992e-105
7.12576e-105
3.37967e-104
1.59921e-103
7.54934e-103
3.55558e-102
1.67049e-101
7.82815e-101
3.65962e-100
1.70694e-99
7.94213e-99
3.68498e-98
1.7054e-97
7.87538e-97
3.62799e-96
1.66682e-95
7.63867e-95
3.49017e-94
1.58971e-93
7.22473e-93
3.27533e-92
1.4805e-91
6.67531e-91
3.0027e-90
1.34703e-89
6.02474e-89
2.68679e-88
1.19452e-87
5.29406e-87
2.33937e-86
1.03089e-85
4.52928e-85
1.98315e-84
8.65649e-84
3.76659e-83
1.63364e-82
7.06226e-82
3.04302e-81
1.30735e-80
5.59811e-80
2.38898e-79
1.01629e-78
4.30877e-78
1.82017e-77
7.66079e-77
3.21229e-76
1.34236e-75
5.58853e-75
2.3167e-74
9.56485e-74
3.93413e-73
1.6115e-72
6.57174e-72
2.66787e-71
1.07802e-70
4.33637e-70
1.73567e-69
6.91048e-69
2.73596e-68
1.07714e-67
4.21602e-67
1.6395e-66
6.3312e-66
2.42665e-65
9.22601e-65
3.47606e-64
1.29659e-63
4.78275e-63
1.74243e-62
6.26056e-62
2.21492e-61
7.70258e-61
2.62814e-60
8.78145e-60
2.86783e-59
9.13633e-59
2.83404e-58
8.54421e-58
2.49925e-57
7.08042e-57
1.93922e-56
5.12439e-56
1.30341e-55
3.18203e-55
7.42935e-55
1.6514e-54
3.47476e-54
6.87246e-54
1.26709e-53
2.15851e-53
3.38241e-53
4.75607e-53
5.83533e-53
6.05517e-53
1.61587e-109
7.53771e-109
3.62909e-108
1.74375e-107
8.35779e-107
3.99677e-106
1.9071e-105
9.08222e-105
4.316e-104
2.04635e-103
9.67825e-103
4.56552e-102
2.14886e-101
1.00906e-100
4.72714e-100
2.2095e-99
1.03008e-98
4.78976e-98
2.22223e-97
1.02834e-96
4.74702e-96
2.18638e-95
1.00409e-94
4.59897e-94
2.10096e-93
9.57352e-93
4.35162e-92
1.97261e-91
8.9172e-91
4.02125e-90
1.80863e-89
8.11124e-89
3.62799e-88
1.61787e-87
7.19474e-87
3.18991e-86
1.41027e-85
6.21885e-85
2.7335e-84
1.19773e-83
5.23104e-83
2.27807e-82
9.89231e-82
4.28074e-81
1.8469e-80
7.94426e-80
3.40547e-79
1.45581e-78
6.20492e-78
2.63503e-77
1.11534e-76
4.70567e-76
1.9786e-75
8.28929e-75
3.45929e-74
1.43832e-73
5.95905e-73
2.45893e-72
1.01064e-71
4.13638e-71
1.68617e-70
6.84575e-70
2.76663e-69
1.11284e-68
4.45388e-68
1.77338e-67
7.02323e-67
2.76541e-66
1.08196e-65
4.20461e-65
1.62204e-64
6.20674e-64
2.35358e-63
8.83461e-63
3.27866e-62
1.20128e-61
4.33857e-61
1.54188e-60
5.38218e-60
1.84181e-59
6.16702e-59
2.01658e-58
6.42781e-58
1.9937e-57
6.00738e-57
1.75563e-56
4.9681e-56
1.3589e-55
3.58553e-55
9.10423e-55
2.21804e-54
5.16562e-54
1.14462e-53
2.39889e-53
4.7195e-53
8.63137e-53
1.453e-52
2.20761e-52
2.94265e-52
3.31188e-52
1.97441e-109
9.22257e-109
4.44626e-108
2.13876e-107
1.02654e-106
4.91658e-106
2.34979e-105
1.12093e-104
5.33517e-104
2.53314e-103
1.19992e-102
5.66951e-102
2.67294e-101
1.25747e-100
5.9008e-100
2.76224e-99
1.29006e-98
6.01282e-98
2.79546e-97
1.29594e-96
5.99299e-96
2.76506e-95
1.27258e-94
5.84296e-94
2.67604e-93
1.2221e-92
5.56742e-92
2.52973e-91
1.14606e-90
5.17885e-90
2.33454e-89
1.0495e-88
4.7053e-88
2.10404e-87
9.38178e-87
4.17146e-86
1.84931e-85
8.17643e-85
3.60605e-84
1.58548e-83
6.9495e-83
3.03733e-82
1.3236e-81
5.7506e-81
2.49153e-80
1.07627e-79
4.63399e-79
1.9892e-78
8.51332e-78
3.63256e-77
1.54504e-76
6.55124e-76
2.76941e-75
1.1667e-74
4.8974e-74
2.04852e-73
8.53968e-73
3.54715e-72
1.46773e-71
6.051e-71
2.48557e-70
1.01708e-69
4.14676e-69
1.68366e-68
6.80444e-68
2.73672e-67
1.09525e-66
4.36069e-66
1.72662e-65
6.79542e-65
2.6568e-64
1.03117e-63
3.96983e-63
1.51439e-62
5.71765e-62
2.13364e-61
7.85751e-61
2.8509e-60
1.01726e-59
3.56318e-59
1.22285e-58
4.10424e-58
1.34474e-57
4.29397e-57
1.33417e-56
4.02753e-56
1.17947e-55
3.34552e-55
9.17515e-55
2.42799e-54
6.18444e-54
1.51173e-53
3.53299e-53
7.85687e-53
1.65213e-52
3.25391e-52
5.92266e-52
9.79275e-52
1.4283e-51
1.75353e-51
2.34156e-109
1.0948e-108
5.28157e-108
2.54339e-107
1.22245e-106
5.8637e-106
2.80677e-105
1.34039e-104
6.38569e-104
3.03539e-103
1.43978e-102
6.81237e-102
3.21542e-101
1.51467e-100
7.118e-100
3.3368e-99
1.56087e-98
7.28443e-98
3.39156e-97
1.57508e-96
7.29475e-96
3.37013e-95
1.55388e-94
7.14967e-94
3.28093e-93
1.50137e-92
6.8507e-92
3.1179e-91
1.4153e-90
6.40712e-90
2.89411e-89
1.30397e-88
5.85887e-88
2.62545e-87
1.17309e-86
5.22902e-86
2.32408e-85
1.02964e-84
4.5513e-84
2.00682e-83
8.82482e-83
3.8687e-82
1.69082e-81
7.37189e-81
3.20543e-80
1.38937e-79
6.00505e-79
2.58731e-78
1.11124e-77
4.76037e-77
2.03304e-76
8.65287e-76
3.67241e-75
1.55426e-74
6.5559e-74
2.7561e-73
1.15499e-72
4.82463e-72
2.00826e-71
8.33123e-71
3.44436e-70
1.41929e-69
5.82878e-69
2.38477e-68
9.71801e-68
3.94309e-67
1.59283e-66
6.40496e-66
2.56296e-65
1.02007e-64
4.03606e-64
1.58665e-63
6.19263e-63
2.39737e-62
9.19557e-62
3.49026e-61
1.30903e-60
4.84356e-60
1.76509e-59
6.32396e-59
2.22358e-58
7.6592e-58
2.58012e-57
8.4865e-57
2.72145e-56
8.49642e-56
2.57882e-55
7.59838e-55
2.16991e-54
5.99503e-54
1.59902e-53
4.10718e-53
1.01292e-52
2.39004e-52
5.37146e-52
1.14109e-51
2.26205e-51
4.10266e-51
6.61054e-51
8.94533e-51
2.69217e-109
1.25972e-108
6.08278e-108
2.93262e-107
1.4109e-106
6.77498e-106
3.24657e-105
1.55185e-104
7.39973e-104
3.52092e-103
1.67143e-102
7.91616e-102
3.74088e-101
1.76375e-100
8.2968e-100
3.89479e-99
1.82411e-98
8.5198e-98
3.96992e-97
1.8458e-96
8.56113e-96
3.96026e-95
1.82818e-94
8.42176e-94
3.86893e-93
1.77281e-92
8.10221e-92
3.69296e-91
1.67898e-90
7.61357e-90
3.44388e-89
1.55423e-88
6.99569e-88
3.14008e-87
1.40573e-86
6.27678e-86
2.79488e-85
1.24091e-84
5.49539e-84
2.42817e-83
1.07021e-82
4.70242e-82
2.06027e-81
9.00568e-81
3.92544e-80
1.70579e-79
7.39236e-79
3.19451e-78
1.37653e-77
5.91458e-77
2.53409e-76
1.08225e-75
4.60728e-75
1.95612e-74
8.28116e-74
3.49502e-73
1.47078e-72
6.17142e-72
2.58153e-71
1.0764e-70
4.47439e-70
1.85386e-69
7.65494e-69
3.15065e-68
1.29229e-67
5.28103e-67
2.14996e-66
8.71737e-66
3.51898e-65
1.41384e-64
5.65132e-64
2.24614e-63
8.87094e-63
3.47846e-62
1.35287e-61
5.21289e-61
1.98741e-60
7.48604e-60
2.78163e-59
1.01795e-58
3.66283e-58
1.29376e-57
4.47868e-57
1.51727e-56
5.02332e-56
1.62313e-55
5.11195e-55
1.5671e-54
4.66915e-54
1.34983e-53
3.77895e-53
1.02217e-52
2.66431e-52
6.67163e-52
1.59929e-51
3.65533e-51
7.89078e-51
1.57725e-50
2.83126e-50
4.27537e-50
2.9984e-109
1.40394e-108
6.78608e-108
3.27581e-107
1.57769e-106
7.57996e-106
3.63469e-105
1.73873e-104
8.2977e-104
3.95162e-103
1.87721e-102
8.89634e-102
4.20704e-101
1.98513e-100
9.34539e-100
4.38989e-99
2.05746e-98
9.61654e-98
4.48343e-97
2.08591e-96
9.68395e-96
4.48478e-95
2.07204e-94
9.55021e-94
4.38994e-93
2.01268e-92
9.20772e-92
4.20236e-91
1.91266e-90
8.68332e-90
3.9316e-89
1.77627e-88
8.00612e-88
3.5988e-87
1.613e-86
7.20932e-86
3.21498e-85
1.42974e-84
6.33976e-84
2.80556e-83
1.23852e-82
5.45078e-82
2.39241e-81
1.04731e-80
4.57131e-80
1.98999e-79
8.64101e-79
3.74199e-78
1.61566e-77
6.95443e-77
2.98623e-76
1.2786e-75
5.45663e-75
2.322e-74
9.85488e-74
4.17028e-73
1.75952e-72
7.40529e-72
3.10812e-71
1.30054e-70
5.42598e-70
2.2566e-69
9.35568e-69
3.86719e-68
1.59345e-67
6.54545e-67
2.67974e-66
1.09304e-65
4.44096e-65
1.79682e-64
7.23728e-64
2.90061e-63
1.15604e-62
4.57837e-62
1.80026e-61
7.02121e-61
2.71301e-60
1.03731e-59
3.91926e-59
1.46125e-58
5.36848e-58
1.94073e-57
6.89385e-57
2.40309e-56
8.21009e-56
2.7458e-55
8.97859e-55
2.86689e-54
8.92627e-54
2.70574e-53
7.96983e-53
2.27622e-52
6.28766e-52
1.6751e-51
4.29049e-51
1.05285e-50
2.45866e-50
5.35676e-50
1.05609e-49
1.75926e-49
3.23227e-109
1.51478e-108
7.32854e-108
3.53997e-107
1.70608e-106
8.2026e-106
3.9344e-105
1.88296e-104
8.99433e-104
4.28583e-103
2.03661e-102
9.65495e-102
4.56723e-101
2.156e-100
1.01568e-99
4.77314e-99
2.23709e-98
1.0461e-97
4.88094e-97
2.27166e-96
1.05471e-95
4.88738e-95
2.25942e-94
1.04176e-93
4.79119e-93
2.19764e-92
1.00555e-91
4.59173e-91
2.09173e-90
9.50258e-90
4.30587e-89
1.94658e-88
8.77944e-88
3.94845e-87
1.77089e-86
7.92268e-86
3.53567e-85
1.57379e-84
6.98637e-84
3.09361e-83
1.3663e-82
6.01959e-82
2.64489e-81
1.15839e-80
5.05994e-80
2.20532e-79
9.58704e-79
4.15439e-78
1.79494e-77
7.73327e-77
3.32299e-76
1.42435e-75
6.08768e-75
2.59393e-74
1.10235e-73
4.67138e-73
1.97407e-72
8.3188e-72
3.49532e-71
1.46487e-70
6.12182e-70
2.55102e-69
1.06004e-68
4.39156e-68
1.81443e-67
7.47441e-67
3.0685e-66
1.25572e-65
5.12146e-65
2.08083e-64
8.42047e-64
3.39245e-63
1.35996e-62
5.42148e-62
2.14776e-61
8.44851e-61
3.29688e-60
1.27503e-59
4.88167e-59
1.84824e-58
6.91203e-58
2.55047e-57
9.27511e-57
3.32074e-56
1.16927e-55
4.04494e-55
1.37329e-54
4.57055e-54
1.48922e-53
4.74313e-53
1.474e-52
4.45969e-52
1.31031e-51
3.72756e-51
1.02338e-50
2.70199e-50
6.82339e-50
1.6173e-49
3.49217e-49
6.41611e-49
3.36464e-109
1.57855e-108
7.64434e-108
3.69318e-107
1.7803e-106
8.56319e-106
4.10828e-105
1.96704e-104
9.39849e-104
4.47839e-103
2.12869e-102
1.00953e-101
4.77695e-101
2.25547e-100
1.06286e-99
4.99589e-99
2.34138e-98
1.09538e-97
5.11297e-97
2.37945e-96
1.10466e-95
5.11916e-95
2.36705e-94
1.0916e-93
5.02212e-93
2.30435e-92
1.05456e-91
4.81487e-91
2.19357e-90
9.96812e-90
4.51802e-89
2.04272e-88
9.21135e-88
4.14247e-87
1.85919e-86
8.32347e-86
3.71494e-85
1.65412e-84
7.34609e-84
3.25257e-83
1.43639e-82
6.328e-82
2.77985e-81
1.21746e-80
5.31982e-80
2.31892e-79
1.00782e-78
4.36636e-78
1.88605e-77
8.12409e-77
3.48938e-76
1.49509e-75
6.38879e-75
2.72213e-74
1.15664e-73
4.9005e-73
2.07042e-72
8.72067e-72
3.6628e-71
1.53446e-70
6.41141e-70
2.67113e-69
1.10948e-68
4.59596e-68
1.89881e-67
7.82168e-67
3.21184e-66
1.31491e-65
5.36623e-65
2.18232e-64
8.84155e-64
3.56722e-63
1.43266e-62
5.72498e-62
2.2751e-61
8.98594e-61
3.52517e-60
1.37259e-59
5.3006e-59
2.02862e-58
7.68858e-58
2.88367e-57
1.06951e-56
3.91969e-56
1.41851e-55
5.06538e-55
1.78335e-54
6.18446e-54
2.11021e-53
7.07461e-53
2.32636e-52
7.48687e-52
2.3518e-51
7.18731e-51
2.12888e-50
6.08619e-50
1.67063e-49
4.32722e-49
1.02733e-48
2.09243e-48
3.37024e-109
1.58179e-108
7.66139e-108
3.70307e-107
1.78559e-106
8.58952e-106
4.12228e-105
1.97403e-104
9.43007e-104
4.49351e-103
2.13687e-102
1.01407e-101
4.8002e-101
2.26663e-100
1.06785e-99
5.0187e-99
2.35321e-98
1.1008e-97
5.13681e-97
2.39128e-96
1.11048e-95
5.14488e-95
2.37814e-94
1.09659e-93
5.04525e-93
2.31543e-92
1.05964e-91
4.83677e-91
2.20258e-90
1.00061e-89
4.53393e-89
2.04886e-88
9.23441e-88
4.15334e-87
1.86375e-86
8.33956e-86
3.72128e-85
1.6562e-84
7.35145e-84
3.25364e-83
1.43604e-82
6.32073e-82
2.77456e-81
1.21456e-80
5.30217e-80
2.30847e-79
1.00201e-78
4.33621e-78
1.87095e-77
8.04946e-77
3.45278e-76
1.47684e-75
6.29913e-75
2.6793e-74
1.1365e-73
4.80611e-73
2.02584e-72
8.51469e-72
3.56921e-71
1.49172e-70
6.21696e-70
2.58317e-69
1.07003e-68
4.42037e-68
1.82072e-67
7.47773e-67
3.06235e-66
1.24999e-65
5.08553e-65
2.06204e-64
8.3288e-64
3.3501e-63
1.34157e-62
5.34716e-62
2.12051e-61
8.36391e-61
3.27991e-60
1.27829e-59
4.94939e-59
1.90316e-58
7.2656e-58
2.75314e-57
1.03527e-56
3.86232e-56
1.42929e-55
5.24511e-55
1.90811e-54
6.87795e-54
2.45483e-53
8.66682e-53
3.02241e-52
1.03905e-51
3.51189e-51
1.16286e-50
3.75529e-50
1.17642e-49
3.55238e-49
1.0179e-48
2.68788e-48
6.13469e-48
3.2316e-109
1.51706e-108
7.34681e-108
3.55086e-107
1.7126e-106
8.24116e-106
3.95631e-105
1.89472e-104
9.052e-104
4.31492e-103
2.05263e-102
9.74305e-102
4.61321e-101
2.1785e-100
1.02592e-99
4.82092e-99
2.26094e-98
1.05754e-97
4.93384e-97
2.29726e-96
1.0672e-95
4.944e-95
2.28465e-94
1.05317e-93
4.8429e-93
2.222e-92
1.01679e-91
4.6397e-91
2.11152e-90
9.58453e-90
4.33971e-89
1.9598e-88
8.8286e-88
3.96795e-87
1.77867e-86
7.95067e-86
3.54413e-85
1.57559e-84
6.98609e-84
3.08901e-83
1.3619e-82
5.9869e-82
2.62447e-81
1.14728e-80
4.99966e-80
2.172e-79
9.40709e-79
4.06203e-78
1.74903e-77
7.5081e-77
3.21278e-76
1.37038e-75
5.82685e-75
2.47052e-74
1.04438e-73
4.4007e-73
1.84823e-72
7.7381e-72
3.23005e-71
1.34401e-70
5.57402e-70
2.30453e-69
9.4987e-69
3.90242e-68
1.5981e-67
6.52375e-67
2.65444e-66
1.07616e-65
4.34687e-65
1.74924e-64
7.01004e-64
2.79698e-63
1.11096e-62
4.39211e-62
1.728e-61
6.76457e-61
2.63458e-60
1.02076e-59
3.9344e-59
1.50872e-58
5.75682e-58
2.1863e-57
8.26684e-57
3.11344e-56
1.16844e-55
4.37143e-55
1.63109e-54
6.07176e-54
2.2553e-53
8.35811e-53
3.08885e-52
1.13699e-51
4.15986e-51
1.50767e-50
5.38652e-50
1.88433e-49
6.39338e-49
2.0734e-48
6.22582e-48
1.6224e-47
2.95225e-109
1.38614e-108
6.71378e-108
3.24544e-107
1.56548e-106
7.53448e-106
3.61798e-105
1.73312e-104
8.28268e-104
3.94972e-103
1.87918e-102
8.91869e-102
4.22263e-101
1.99405e-100
9.39144e-100
4.41328e-99
2.0694e-98
9.67963e-98
4.51667e-97
2.10291e-96
9.76821e-96
4.52548e-95
2.09101e-94
9.63679e-94
4.42983e-93
2.03142e-92
9.29197e-92
4.23812e-91
1.9276e-90
8.74372e-90
3.95574e-89
1.78476e-88
8.03187e-88
3.60504e-87
1.61359e-86
7.20255e-86
3.20614e-85
1.42332e-84
6.30149e-84
2.78169e-83
1.22421e-82
5.37172e-82
2.35001e-81
1.02497e-80
4.45579e-80
1.93059e-79
8.33834e-79
3.59015e-78
1.54108e-77
6.5935e-77
2.81155e-76
1.19487e-75
5.06067e-75
2.13637e-74
8.98848e-74
3.76883e-73
1.57491e-72
6.55806e-72
2.72122e-71
1.12515e-70
4.63507e-70
1.90265e-69
7.78232e-69
3.17105e-68
1.2872e-67
5.20457e-67
2.09594e-66
8.40508e-66
3.35566e-65
1.33374e-64
5.27642e-64
2.07736e-63
8.13883e-63
3.1729e-62
1.23079e-61
4.75066e-61
1.82481e-60
6.97694e-60
2.65606e-59
1.00724e-58
3.80711e-58
1.43528e-57
5.40165e-57
2.03138e-56
7.64212e-56
2.87964e-55
1.08834e-54
4.13178e-54
1.57813e-53
6.07387e-53
2.35903e-52
9.2552e-52
3.66834e-51
1.46676e-50
5.89363e-50
2.36236e-49
9.32451e-49
3.55658e-48
1.26201e-47
3.87585e-47
2.57762e-109
1.21048e-108
5.8647e-108
2.83594e-107
1.36829e-106
6.58688e-106
3.16383e-105
1.51604e-104
7.24742e-104
3.45673e-103
1.64475e-102
7.80649e-102
3.69602e-101
1.74553e-100
8.22344e-100
3.86478e-99
1.81202e-98
8.47591e-98
3.95546e-97
1.84144e-96
8.55152e-96
3.96127e-95
1.83003e-94
8.43216e-94
3.87528e-93
1.77623e-92
8.11943e-92
3.7012e-91
1.68238e-90
7.62605e-90
3.44709e-89
1.55376e-88
6.98405e-88
3.13056e-87
1.39929e-86
6.23688e-86
2.77228e-85
1.22872e-84
5.42979e-84
2.39206e-83
1.0505e-82
4.59906e-82
2.00702e-81
8.72982e-81
3.78428e-80
1.6348e-79
7.03867e-79
3.02057e-78
1.29183e-77
5.5054e-77
2.33792e-76
9.89215e-76
4.1703e-75
1.7515e-74
7.32817e-74
3.05457e-73
1.26837e-72
5.24586e-72
2.16082e-71
8.86381e-71
3.62054e-70
1.47248e-69
5.96194e-69
2.40284e-68
9.63818e-68
3.84691e-67
1.52762e-66
6.03465e-66
2.37106e-65
9.26471e-65
3.59988e-64
1.3909e-63
5.34387e-63
2.04168e-62
7.75776e-62
2.93221e-61
1.10281e-60
4.12905e-60
1.53992e-59
5.72483e-59
2.12339e-58
7.86605e-58
2.91388e-57
1.08091e-56
4.02173e-56
1.50367e-55
5.66181e-55
2.15242e-54
8.28687e-54
3.24281e-53
1.29538e-52
5.30879e-52
2.24438e-51
9.83811e-51
4.48455e-50
2.11969e-49
1.02325e-48
4.88551e-48
2.18484e-47
8.35007e-47
2.17332e-109
1.02084e-108
4.94815e-108
2.39364e-107
1.1553e-106
5.56367e-106
2.67322e-105
1.28138e-104
6.12759e-104
2.9233e-103
1.39124e-102
6.60479e-102
3.1277e-101
1.47744e-100
6.96212e-100
3.27251e-99
1.53448e-98
7.1785e-98
3.35024e-97
1.55968e-96
7.24253e-96
3.35455e-95
1.54956e-94
7.13882e-94
3.28011e-93
1.50293e-92
6.86721e-92
3.12901e-91
1.42159e-90
6.4398e-90
2.90877e-89
1.31006e-88
5.88325e-88
2.63439e-87
1.17619e-86
5.23634e-86
2.32446e-85
1.02871e-84
4.53837e-84
1.99579e-83
8.74821e-83
3.82203e-82
1.66416e-81
7.22078e-81
3.12203e-80
1.34499e-79
5.77373e-79
2.46974e-78
1.05252e-77
4.46855e-77
1.88986e-76
7.96083e-76
3.33999e-75
1.39545e-74
5.80531e-74
2.40491e-73
9.91887e-73
4.07232e-72
1.66403e-71
6.7664e-71
2.73752e-70
1.1017e-69
4.40941e-69
1.75479e-68
6.94187e-68
2.72911e-67
1.066e-66
4.13638e-66
1.59421e-65
6.1018e-65
2.31925e-64
8.75468e-64
3.28223e-63
1.22235e-62
4.52306e-62
1.66355e-61
6.08458e-61
2.21462e-60
8.0278e-60
2.90095e-59
1.0462e-58
3.77038e-58
1.35982e-57
4.91625e-57
1.78512e-56
6.52432e-56
2.40633e-55
8.98387e-55
3.40804e-54
1.31996e-53
5.2524e-53
2.16566e-52
9.36322e-52
4.31652e-51
2.16988e-50
1.21675e-49
7.5866e-49
4.9637e-48
3.08775e-47
1.6061e-46
1.7794e-109
8.35229e-109
4.05065e-108
1.9605e-107
9.46734e-107
4.56154e-106
2.19278e-105
1.0516e-104
5.03116e-104
2.4013e-103
1.14333e-102
5.43025e-102
2.57261e-101
1.21575e-100
5.7312e-100
2.69494e-99
1.26411e-98
5.9156e-98
2.76166e-97
1.28603e-96
5.97333e-96
2.7673e-95
1.27857e-94
5.89146e-94
2.70732e-93
1.24061e-92
5.669e-92
2.58309e-91
1.17352e-90
5.31556e-90
2.4006e-89
1.08096e-88
4.85308e-88
2.17235e-87
9.69503e-87
4.31408e-86
1.91395e-85
8.46472e-85
3.73156e-84
1.63962e-83
7.18035e-83
3.13377e-82
1.36292e-81
5.90614e-81
2.55002e-80
1.09689e-79
4.70071e-79
2.00693e-78
8.5351e-78
3.61533e-77
1.52513e-76
6.40652e-76
2.67956e-75
1.11569e-74
4.62396e-74
1.90751e-73
7.83091e-73
3.19858e-72
1.29958e-71
5.25111e-71
2.10962e-70
8.42413e-70
3.34263e-69
1.31757e-68
5.15734e-68
2.00398e-67
7.72764e-67
2.95659e-66
1.12209e-65
4.22344e-65
1.57644e-64
5.83544e-64
2.14228e-63
7.80093e-63
2.81843e-62
1.01075e-61
3.60004e-61
1.27447e-60
4.48859e-60
1.57444e-59
5.50715e-59
1.92372e-58
6.7217e-58
2.35364e-57
8.27611e-57
2.92933e-56
1.04655e-55
3.78634e-55
1.39288e-54
5.23749e-54
2.0276e-53
8.16787e-53
3.48186e-52
1.61557e-51
8.53722e-51
5.41256e-50
4.19027e-49
3.75012e-48
3.41947e-47
2.62849e-46
8.94643e-58
7.48489e-58
6.86682e-58
6.18535e-58
5.41702e-58
4.64888e-58
3.94474e-58
3.33359e-58
2.82055e-58
2.39821e-58
2.05417e-58
1.77518e-58
1.54907e-58
1.36548e-58
1.21612e-58
1.09475e-58
9.97542e-59
9.23577e-59
8.75199e-59
8.56037e-59
5.59251e-57
4.77289e-57
4.25715e-57
3.72627e-57
3.1855e-57
2.67931e-57
2.23548e-57
1.86255e-57
1.55718e-57
1.31073e-57
1.1132e-57
9.55175e-58
8.28554e-58
7.26753e-58
6.446e-58
5.78247e-58
5.25226e-58
4.84715e-58
4.57743e-58
4.46291e-58
3.59947e-56
3.08659e-56
2.67874e-56
2.27831e-56
1.90035e-56
1.56605e-56
1.28466e-56
1.05533e-56
8.71961e-57
7.26746e-57
6.12144e-57
5.21635e-57
4.499e-57
3.92761e-57
3.47006e-57
3.10259e-57
2.80953e-57
2.5846e-57
2.4323e-57
2.36405e-57
2.29461e-55
1.96556e-55
1.66742e-55
1.3818e-55
1.12537e-55
9.08503e-56
7.32438e-56
5.93005e-56
4.84043e-56
3.99347e-56
3.33529e-56
2.82211e-56
2.41979e-56
2.10232e-56
1.8501e-56
1.64871e-56
1.48843e-56
1.36483e-56
1.27967e-56
1.23954e-56
1.43303e-54
1.22431e-54
1.01891e-54
8.2546e-55
6.57704e-55
5.20634e-55
4.12671e-55
3.29326e-55
2.65566e-55
2.16873e-55
1.79589e-55
1.5088e-55
1.28612e-55
1.11201e-55
9.74773e-56
8.65831e-56
7.79318e-56
7.12262e-56
6.65221e-56
6.41965e-56
8.72391e-54
7.43766e-54
6.09117e-54
4.8378e-54
3.77901e-54
2.93741e-54
2.29116e-54
1.80327e-54
1.4371e-54
1.16197e-54
9.5421e-55
7.96094e-55
6.74687e-55
5.80605e-55
5.07011e-55
4.4893e-55
4.02905e-55
3.67039e-55
3.41398e-55
3.28118e-55
5.16486e-53
4.40058e-53
3.5554e-53
2.77468e-53
2.12888e-53
1.62729e-53
1.25045e-53
9.7147e-54
7.65624e-54
6.13223e-54
4.99576e-54
4.14016e-54
3.48938e-54
2.98926e-54
2.60089e-54
2.29612e-54
2.05511e-54
1.86625e-54
1.72848e-54
1.65372e-54
2.9715e-52
2.53456e-52
2.02399e-52
1.55472e-52
1.17347e-52
8.8332e-53
6.69503e-53
5.13935e-53
4.00882e-53
3.18279e-53
2.57371e-53
2.11962e-53
1.77721e-53
1.51607e-53
1.31465e-53
1.15745e-53
1.03339e-53
9.35608e-54
8.6274e-54
8.21211e-54
1.66184e-51
1.42121e-51
1.12299e-51
8.50005e-52
6.31912e-52
4.69003e-52
3.51047e-52
2.66555e-52
2.05983e-52
1.62238e-52
1.30305e-52
1.06706e-52
8.90465e-53
7.56709e-53
6.54181e-53
5.74568e-53
5.11873e-53
4.62163e-53
4.2427e-53
4.01481e-53
9.0428e-51
7.7613e-51
6.06972e-51
4.52953e-51
3.31972e-51
2.43212e-51
1.79992e-51
1.35341e-51
1.03719e-51
8.11118e-52
6.47574e-52
5.27644e-52
4.38498e-52
3.71378e-52
3.20209e-52
2.80664e-52
2.49587e-52
2.24806e-52
2.05464e-52
1.9309e-52
4.67542e-50
4.02787e-50
3.11698e-50
2.29433e-50
1.65951e-50
1.20172e-50
8.80557e-51
6.56566e-51
4.99613e-51
3.88382e-51
3.08523e-51
2.50336e-51
2.0732e-51
1.75089e-51
1.50626e-51
1.31796e-51
1.17028e-51
1.05202e-51
9.57911e-52
8.94632e-52
2.08592e-49
1.80711e-49
1.39033e-49
1.01617e-49
7.30944e-50
5.2742e-50
3.8566e-50
2.87283e-50
2.18566e-50
1.69962e-50
1.35082e-50
1.09666e-50
9.08729e-51
7.67841e-51
6.60842e-51
5.7841e-51
5.1363e-51
4.61429e-51
4.19226e-51
3.89954e-51
8.32503e-49
7.25761e-49
5.56532e-49
4.05654e-49
2.91761e-49
2.10988e-49
1.54835e-49
1.15841e-49
8.85411e-50
6.9176e-50
5.52216e-50
4.50102e-50
3.74264e-50
3.17164e-50
2.73616e-50
2.39929e-50
2.13332e-50
1.91737e-50
1.74022e-50
1.61412e-50
3.00839e-48
2.64019e-48
2.02255e-48
1.47629e-48
1.06707e-48
7.77405e-49
5.75479e-49
4.34453e-49
3.35006e-49
2.63936e-49
2.12321e-49
1.74248e-49
1.45748e-49
1.24124e-49
1.07512e-49
9.45729e-50
8.42874e-50
7.58621e-50
6.88496e-50
6.37344e-50
9.92397e-48
8.76955e-48
6.72904e-48
4.9407e-48
3.60751e-48
2.66144e-48
1.99677e-48
1.5276e-48
1.19285e-48
9.50753e-49
7.72902e-49
6.40206e-49
5.39761e-49
4.62734e-49
4.02964e-49
3.55975e-49
3.18291e-49
2.87108e-49
2.60758e-49
2.41067e-49
3.00806e-47
2.6762e-47
2.06355e-47
1.5321e-47
1.13646e-47
8.53477e-48
6.51962e-48
5.07433e-48
4.02596e-48
3.25538e-48
2.68062e-48
2.24543e-48
1.91134e-48
1.65169e-48
1.44766e-48
1.28541e-48
1.15388e-48
1.04379e-48
9.49255e-49
8.76849e-49
8.42909e-47
7.54373e-47
5.86964e-47
4.43461e-47
3.36275e-47
2.58469e-47
2.01917e-47
1.60446e-47
1.29703e-47
1.0664e-47
8.91081e-48
7.55958e-48
6.50465e-48
5.67166e-48
5.00735e-48
4.47181e-48
4.03227e-48
3.65964e-48
3.33409e-48
3.07822e-48
2.19729e-46
1.97396e-46
1.55866e-46
1.20768e-46
9.4279e-47
7.45701e-47
5.98102e-47
4.86588e-47
4.01624e-47
3.36291e-47
2.85505e-47
2.4555e-47
2.13751e-47
1.88184e-47
1.67447e-47
1.50468e-47
1.36337e-47
1.2419e-47
1.1338e-47
1.0464e-47
5.3629e-46
4.81771e-46
3.89389e-46
3.12576e-46
2.53095e-46
2.06965e-46
1.70913e-46
1.42608e-46
1.20319e-46
1.02685e-46
8.86296e-47
7.73159e-47
6.81178e-47
6.05729e-47
5.43375e-47
4.91438e-47
4.47542e-47
4.09243e-47
3.74497e-47
3.45475e-47
1.23143e-45
1.10205e-45
9.27408e-46
7.80336e-46
6.58966e-46
5.58377e-46
4.75173e-46
4.06762e-46
3.50836e-46
3.05195e-46
2.67816e-46
2.36979e-46
2.11326e-46
1.89823e-46
1.71685e-46
1.56292e-46
1.43064e-46
1.31344e-46
1.20495e-46
1.11079e-46
1.81577e-187
1.75328e-187
1.64655e-187
1.52901e-187
1.40415e-187
1.27562e-187
1.14695e-187
1.02156e-187
9.02438e-188
7.91882e-188
6.91443e-188
6.02074e-188
5.24277e-188
4.58183e-188
4.03612e-188
3.60147e-188
3.27245e-188
3.04287e-188
2.90511e-188
2.84709e-188
4.39259e-186
4.23718e-186
3.97805e-186
3.6938e-186
3.39216e-186
3.0816e-186
2.7706e-186
2.46748e-186
2.17955e-186
1.91237e-186
1.66966e-186
1.45371e-186
1.26572e-186
1.10603e-186
9.74202e-187
8.69232e-187
7.89807e-187
7.34487e-187
7.01562e-187
6.88313e-187
1.01099e-184
9.74178e-185
9.14275e-185
8.48891e-185
7.79581e-185
7.08201e-185
6.36682e-185
5.66961e-185
5.00743e-185
4.39313e-185
3.8352e-185
3.33879e-185
2.90669e-185
2.53969e-185
2.2368e-185
1.99566e-185
1.81328e-185
1.68646e-185
1.61163e-185
1.58303e-185
2.32027e-183
2.23357e-183
2.0956e-183
1.94565e-183
1.78681e-183
1.62316e-183
1.45911e-183
1.29915e-183
1.14727e-183
1.00641e-183
8.78502e-184
7.64713e-184
6.65669e-184
5.81565e-184
5.12169e-184
4.56936e-184
4.15178e-184
3.86188e-184
3.69211e-184
3.6305e-184
5.31016e-182
5.10747e-182
4.79073e-182
4.44776e-182
4.08464e-182
3.71037e-182
3.335e-182
2.96892e-182
2.62142e-182
2.29928e-182
2.00684e-182
1.74671e-182
1.52033e-182
1.32814e-182
1.1696e-182
1.04346e-182
9.4813e-183
8.8204e-183
8.43597e-183
8.30288e-183
1.21153e-180
1.16448e-180
1.09208e-180
1.01386e-180
9.31064e-181
8.45685e-181
7.6002e-181
6.76479e-181
5.97199e-181
5.2374e-181
4.57074e-181
3.97787e-181
3.462e-181
3.0242e-181
2.66317e-181
2.37599e-181
2.15907e-181
2.00882e-181
1.92186e-181
1.89301e-181
2.75473e-179
2.64646e-179
2.48171e-179
2.30391e-179
2.11565e-179
1.92144e-179
1.72651e-179
1.53647e-179
1.35617e-179
1.18918e-179
1.03768e-179
9.02996e-180
7.85828e-180
6.86422e-180
6.04489e-180
5.39337e-180
4.90132e-180
4.56078e-180
4.36436e-180
4.30133e-180
6.24126e-178
5.99416e-178
5.62098e-178
5.21819e-178
4.79148e-178
4.35116e-178
3.90908e-178
3.47817e-178
3.06948e-178
2.69107e-178
2.34787e-178
2.04288e-178
1.7777e-178
1.55282e-178
1.36753e-178
1.22022e-178
1.109e-178
1.03206e-178
9.87764e-179
9.73873e-179
1.40905e-176
1.35307e-176
1.2689e-176
1.17796e-176
1.08154e-176
9.82061e-177
8.82155e-177
7.84769e-177
6.92415e-177
6.06928e-177
5.29427e-177
4.60592e-177
4.00792e-177
3.50103e-177
3.08348e-177
2.75153e-177
2.50098e-177
2.32771e-177
2.22804e-177
2.19721e-177
3.17066e-175
3.04454e-175
2.85533e-175
2.65067e-175
2.43355e-175
2.20948e-175
1.98443e-175
1.76508e-175
1.557e-175
1.36442e-175
1.18993e-175
1.0351e-175
9.00712e-176
7.86834e-176
6.93038e-176
6.18486e-176
5.62223e-176
5.23326e-176
5.00964e-176
4.941e-176
7.11369e-174
6.83061e-174
6.40646e-174
5.94712e-174
5.45964e-174
4.95643e-174
4.45104e-174
3.95838e-174
3.49092e-174
3.05825e-174
2.6665e-174
2.3193e-174
2.01822e-174
1.76318e-174
1.55312e-174
1.38614e-174
1.2602e-174
1.17316e-174
1.12313e-174
1.10785e-174
1.59189e-172
1.52852e-172
1.43367e-172
1.33081e-172
1.22162e-172
1.10891e-172
9.95731e-173
8.85367e-173
7.80621e-173
6.8369e-173
5.95989e-173
5.18333e-173
4.51033e-173
3.94057e-173
3.47136e-173
3.09849e-173
2.81735e-173
2.62309e-173
2.51149e-173
2.47756e-173
3.55395e-171
3.4124e-171
3.20073e-171
2.97092e-171
2.72687e-171
2.47503e-171
2.22219e-171
1.97557e-171
1.74148e-171
1.52485e-171
1.32898e-171
1.1557e-171
1.00562e-171
8.78595e-172
7.74034e-172
6.90978e-172
6.28362e-172
5.85112e-172
5.60283e-172
5.52771e-172
7.91665e-170
7.60106e-170
7.12969e-170
6.61737e-170
6.0732e-170
5.51178e-170
4.94805e-170
4.39836e-170
3.87647e-170
3.39336e-170
2.95684e-170
2.57103e-170
2.23719e-170
1.95464e-170
1.7221e-170
1.53745e-170
1.3983e-170
1.30223e-170
1.24712e-170
1.23055e-170
1.75959e-168
1.68938e-168
1.58463e-168
1.47068e-168
1.34961e-168
1.22472e-168
1.09933e-168
9.77066e-169
8.60963e-169
7.53516e-169
6.56452e-169
5.70734e-169
4.96594e-169
4.33894e-169
3.82292e-169
3.41327e-169
3.10476e-169
2.89185e-169
2.76986e-169
2.73337e-169
3.9021e-167
3.7463e-167
3.51405e-167
3.26114e-167
2.9923e-167
2.71513e-167
2.43693e-167
2.1656e-167
1.90792e-167
1.66954e-167
1.45418e-167
1.26415e-167
1.09983e-167
9.60967e-168
8.46716e-168
7.56067e-168
6.87836e-168
6.40758e-168
6.13808e-168
6.05789e-168
8.63319e-166
8.28831e-166
7.77458e-166
7.2146e-166
6.61909e-166
6.00522e-166
5.38937e-166
4.78872e-166
4.21831e-166
3.69053e-166
3.21392e-166
2.79351e-166
2.43022e-166
2.12327e-166
1.87097e-166
1.67092e-166
1.52036e-166
1.41647e-166
1.35706e-166
1.33947e-166
1.90543e-164
1.8293e-164
1.71593e-164
1.59225e-164
1.46071e-164
1.32503e-164
1.18899e-164
1.05636e-164
9.30384e-165
8.13842e-165
7.08652e-165
6.15828e-165
5.3568e-165
4.68018e-165
4.12456e-165
3.68405e-165
3.3525e-165
3.12377e-165
2.99312e-165
2.95459e-165
4.19504e-163
4.02746e-163
3.77795e-163
3.5054e-163
3.2155e-163
2.91645e-163
2.61669e-163
2.32449e-163
2.04702e-163
1.79033e-163
1.55863e-163
1.35426e-163
1.17789e-163
1.02915e-163
9.07061e-164
8.1026e-164
7.37409e-164
6.87193e-164
6.58537e-164
6.50109e-164
9.21247e-162
8.8446e-162
8.29695e-162
7.69801e-162
7.06065e-162
6.40324e-162
5.74433e-162
5.10214e-162
4.49255e-162
3.92838e-162
3.41927e-162
2.97063e-162
2.58368e-162
2.25746e-162
1.98972e-162
1.77755e-162
1.61792e-162
1.50797e-162
1.44525e-162
1.42685e-162
2.01789e-160
1.93736e-160
1.81748e-160
1.68621e-160
1.54649e-160
1.40233e-160
1.25786e-160
1.11703e-160
9.83349e-161
8.59695e-161
7.48208e-161
6.4996e-161
5.65272e-161
4.93897e-161
4.3535e-161
3.88962e-161
3.54086e-161
3.30067e-161
3.16371e-161
3.1236e-161
4.40845e-159
4.23268e-159
3.971e-159
3.68408e-159
3.37852e-159
3.06333e-159
2.74727e-159
2.43907e-159
2.14666e-159
1.87642e-159
1.63293e-159
1.41841e-159
1.23351e-159
1.07776e-159
9.50089e-160
8.48966e-160
7.72949e-160
7.20597e-160
6.90763e-160
6.82039e-160
9.60579e-158
9.22314e-158
8.65354e-158
8.02823e-158
7.36169e-158
6.67401e-158
5.98428e-158
5.31157e-158
4.67381e-158
4.0848e-158
3.55431e-158
3.08717e-158
2.68462e-158
2.34578e-158
2.06806e-158
1.84824e-158
1.68294e-158
1.56912e-158
1.50429e-158
1.48535e-158
2.08751e-156
2.00444e-156
1.88078e-156
1.74486e-156
1.59987e-156
1.45012e-156
1.29999e-156
1.15363e-156
1.01491e-156
8.86892e-157
7.71618e-157
6.70143e-157
5.82757e-157
5.09238e-157
4.48989e-157
4.01314e-157
3.6546e-157
3.40782e-157
3.26727e-157
3.22627e-157
4.52439e-155
4.34452e-155
4.07678e-155
3.78206e-155
3.46745e-155
3.14241e-155
2.81644e-155
2.49886e-155
2.19802e-155
1.92052e-155
1.67071e-155
1.45093e-155
1.26172e-155
1.10259e-155
9.72211e-156
8.69059e-156
7.91499e-156
7.38136e-156
7.07751e-156
6.98896e-156
9.77956e-154
9.39112e-154
8.8129e-154
8.17558e-154
7.49473e-154
6.79127e-154
6.08567e-154
5.39844e-154
4.74768e-154
4.14769e-154
3.60777e-154
3.13302e-154
2.72439e-154
2.38087e-154
2.09954e-154
1.87695e-154
1.70961e-154
1.59451e-154
1.529e-154
1.50993e-154
2.10813e-152
2.02447e-152
1.89993e-152
1.76248e-152
1.61558e-152
1.46374e-152
1.31143e-152
1.16311e-152
1.02273e-152
8.93371e-153
7.76971e-153
6.74646e-153
5.86644e-153
5.12723e-153
4.5219e-153
4.04282e-153
3.68274e-153
3.43514e-153
3.29427e-153
3.25332e-153
4.53196e-151
4.35226e-151
4.0848e-151
3.7892e-151
3.47306e-151
3.14623e-151
2.81837e-151
2.49911e-151
2.19709e-151
1.91896e-151
1.66873e-151
1.4488e-151
1.25982e-151
1.10117e-151
9.71235e-152
8.68397e-152
7.91137e-152
7.38035e-152
7.07834e-152
6.99064e-152
9.71581e-150
9.3309e-150
8.75805e-150
8.12414e-150
7.4456e-150
6.74391e-150
6.0402e-150
5.35498e-150
4.70706e-150
4.11047e-150
3.57399e-150
3.10285e-150
2.69814e-150
2.35844e-150
2.08023e-150
1.86013e-150
1.69488e-150
1.58133e-150
1.51676e-150
1.49803e-150
2.07716e-148
1.99494e-148
1.87257e-148
1.73701e-148
1.59179e-148
1.44154e-148
1.2909e-148
1.14427e-148
1.00565e-148
8.78011e-149
7.63301e-149
6.62654e-149
5.76233e-149
5.03703e-149
4.44315e-149
3.97355e-149
3.6211e-149
3.37889e-149
3.24121e-149
3.20133e-149
4.42841e-147
4.25324e-147
3.99261e-147
3.70353e-147
3.39357e-147
3.07272e-147
2.75114e-147
2.43833e-147
2.14245e-147
1.87013e-147
1.6256e-147
1.41113e-147
1.22716e-147
1.07276e-147
9.46407e-148
8.46505e-148
7.71513e-148
7.19983e-148
6.90708e-148
6.82241e-148
9.41463e-146
9.0425e-146
8.48884e-146
7.87412e-146
7.21451e-146
6.5313e-146
5.84661e-146
5.18082e-146
4.5513e-146
3.97184e-146
3.4521e-146
2.9966e-146
2.60599e-146
2.27835e-146
2.01028e-146
1.79832e-146
1.63919e-146
1.52989e-146
1.46782e-146
1.44989e-146
1.99584e-144
1.917e-144
1.79972e-144
1.66934e-144
1.52937e-144
1.38435e-144
1.23899e-144
1.09759e-144
9.63999e-145
8.41146e-145
7.31038e-145
6.34558e-145
5.51863e-145
4.82512e-145
4.25795e-145
3.80948e-145
3.47294e-145
3.24181e-145
3.11054e-145
3.07267e-145
4.21897e-143
4.05241e-143
3.80463e-143
3.52889e-143
3.23271e-143
2.92578e-143
2.61802e-143
2.31869e-143
2.03594e-143
1.77627e-143
1.54369e-143
1.33994e-143
1.16535e-143
1.01894e-143
8.99293e-144
8.04698e-144
7.33724e-144
6.8498e-144
6.57301e-144
6.49328e-144
8.89274e-142
8.54187e-142
8.01984e-142
7.43816e-142
6.81328e-142
6.16563e-142
5.51597e-142
4.88413e-142
4.28772e-142
3.74029e-142
3.25027e-142
2.82128e-142
2.45366e-142
2.14557e-142
1.89383e-142
1.69491e-142
1.54568e-142
1.44319e-142
1.385e-142
1.36826e-142
1.86899e-140
1.79529e-140
1.68564e-140
1.56328e-140
1.43178e-140
1.29549e-140
1.15877e-140
1.02581e-140
9.00372e-141
7.85297e-141
6.82355e-141
5.92299e-141
5.15121e-141
4.50477e-141
3.9767e-141
3.55958e-141
3.24676e-141
3.03188e-141
2.90989e-141
2.87488e-141
3.91659e-139
3.76225e-139
3.5326e-139
3.27601e-139
3.00006e-139
2.71398e-139
2.42703e-139
2.1481e-139
1.88509e-139
1.64395e-139
1.42835e-139
1.23982e-139
1.07831e-139
9.43039e-140
8.32596e-140
7.45388e-140
6.7999e-140
6.35078e-140
6.09591e-140
6.02287e-140
8.18334e-138
7.86109e-138
7.38151e-138
6.84502e-138
6.26762e-138
5.66878e-138
5.06828e-138
4.48486e-138
3.93513e-138
3.43133e-138
2.98114e-138
2.58754e-138
2.2505e-138
1.96834e-138
1.73803e-138
1.55626e-138
1.41996e-138
1.32637e-138
1.27328e-138
1.25809e-138
1.70477e-136
1.63768e-136
1.53783e-136
1.42597e-136
1.30549e-136
1.18051e-136
1.05523e-136
9.33615e-137
8.1904e-137
7.14064e-137
6.20311e-137
5.38398e-137
4.68282e-137
4.096e-137
3.61733e-137
3.23966e-137
2.95641e-137
2.76195e-137
2.65168e-137
2.62021e-137
3.54079e-135
3.40154e-135
3.19425e-135
2.9617e-135
2.71098e-135
2.45098e-135
2.19039e-135
1.9377e-135
1.69958e-135
1.48155e-135
1.28685e-135
1.11683e-135
9.71432e-136
8.49791e-136
7.50624e-136
6.72381e-136
6.13693e-136
5.73412e-136
5.50585e-136
5.44084e-136
7.33198e-134
7.0438e-134
6.61474e-134
6.13263e-134
5.61255e-134
5.07337e-134
4.53304e-134
4.00926e-134
3.51602e-134
3.06455e-134
2.66149e-134
2.30969e-134
2.0091e-134
1.75774e-134
1.55291e-134
1.39125e-134
1.27003e-134
1.18687e-134
1.13977e-134
1.12639e-134
1.51361e-132
1.45415e-132
1.3656e-132
1.26596e-132
1.15843e-132
1.04694e-132
9.35266e-133
8.26987e-133
7.25112e-133
6.31935e-133
5.48797e-133
4.7623e-133
4.14262e-133
3.62472e-133
3.20268e-133
2.86983e-133
2.62031e-133
2.44919e-133
2.35232e-133
2.32485e-133
3.11507e-131
2.99275e-131
2.81054e-131
2.60524e-131
2.38362e-131
2.15377e-131
1.92361e-131
1.70056e-131
1.49079e-131
1.29908e-131
1.12813e-131
9.7892e-132
8.51503e-132
7.45134e-132
6.58488e-132
5.9019e-132
5.38976e-132
5.03871e-132
4.84008e-132
4.78387e-132
6.39098e-130
6.14013e-130
5.76641e-130
5.34467e-130
4.88917e-130
4.41695e-130
3.94411e-130
3.48599e-130
3.05548e-130
2.66216e-130
2.31167e-130
2.00586e-130
1.7448e-130
1.52708e-130
1.34981e-130
1.21003e-130
1.10521e-130
1.03343e-130
9.92832e-131
9.81363e-131
1.30708e-128
1.2558e-128
1.17939e-128
1.09305e-128
9.99698e-129
9.02939e-129
8.06136e-129
7.12354e-129
6.24253e-129
5.43811e-129
4.72195e-129
4.09716e-129
3.56434e-129
3.11998e-129
2.7583e-129
2.47307e-129
2.25934e-129
2.11303e-129
2.03028e-129
2.00695e-129
2.66479e-127
2.56028e-127
2.40453e-127
2.22835e-127
2.03771e-127
1.83995e-127
1.64237e-127
1.45106e-127
1.27136e-127
1.10732e-127
9.61433e-128
8.34262e-128
7.25858e-128
6.35422e-128
5.61866e-128
5.0388e-128
4.60444e-128
4.30702e-128
4.13887e-128
4.09154e-128
5.41547e-126
5.20315e-126
4.8867e-126
4.52822e-126
4.14017e-126
3.73747e-126
3.33538e-126
2.94623e-126
2.58104e-126
2.2476e-126
1.95127e-126
1.69329e-126
1.47335e-126
1.28999e-126
1.1409e-126
1.02342e-126
9.35426e-127
8.75157e-127
8.4109e-127
8.31519e-127
1.09701e-124
1.05401e-124
9.89918e-125
9.17212e-125
8.38468e-125
7.5676e-125
6.75175e-125
5.96256e-125
5.22259e-125
4.54747e-125
3.9476e-125
3.42569e-125
2.98094e-125
2.61057e-125
2.30928e-125
2.07203e-125
1.89438e-125
1.77263e-125
1.70383e-125
1.68453e-125
2.21502e-123
2.1282e-123
1.9988e-123
1.85184e-123
1.69258e-123
1.52729e-123
1.36222e-123
1.20273e-123
1.05327e-123
9.17099e-124
7.96051e-124
6.90771e-124
6.01188e-124
5.26598e-124
4.65925e-124
4.1817e-124
3.82409e-124
3.57899e-124
3.44047e-124
3.4017e-124
4.45785e-122
4.28312e-122
4.02265e-122
3.72653e-122
3.40553e-122
3.07222e-122
2.73935e-122
2.41796e-122
2.11727e-122
1.84343e-122
1.6e-122
1.38834e-122
1.20849e-122
1.05881e-122
9.37081e-123
8.41217e-123
7.69444e-123
7.20269e-123
6.92482e-123
6.84719e-123
8.94216e-121
8.59165e-121
8.06897e-121
7.47405e-121
6.82894e-121
6.15933e-121
5.49059e-121
4.84526e-121
4.24196e-121
3.69285e-121
3.20505e-121
2.78132e-121
2.42129e-121
2.12199e-121
1.87848e-121
1.68671e-121
1.54317e-121
1.44484e-121
1.38928e-121
1.37378e-121
1.78777e-119
1.71768e-119
1.61314e-119
1.49401e-119
1.36476e-119
1.23069e-119
1.09683e-119
9.67732e-120
8.47047e-120
7.37272e-120
6.39862e-120
5.55332e-120
4.83543e-120
4.23854e-120
3.7531e-120
3.371e-120
3.08486e-120
2.88885e-120
2.77812e-120
2.74727e-120
3.56217e-118
3.42246e-118
3.21406e-118
2.97634e-118
2.7184e-118
2.45079e-118
2.18374e-118
1.92623e-118
1.68568e-118
1.46709e-118
1.27318e-118
1.10506e-118
9.62386e-119
8.43792e-119
7.47389e-119
6.71485e-119
6.14639e-119
5.75699e-119
5.53698e-119
5.47577e-119
7.07371e-117
6.79623e-117
6.3822e-117
5.90934e-117
5.39626e-117
4.864e-117
4.33298e-117
3.82097e-117
3.34313e-117
2.90928e-117
2.52482e-117
2.19167e-117
1.90901e-117
1.67418e-117
1.48332e-117
1.33304e-117
1.22053e-117
1.14344e-117
1.09987e-117
1.08776e-117
1.39992e-115
1.34499e-115
1.26302e-115
1.16929e-115
1.06754e-115
9.62021e-116
8.5679e-116
7.5535e-116
6.60744e-116
5.74906e-116
4.98979e-116
4.33205e-116
3.77406e-116
3.31047e-116
2.93381e-116
2.63741e-116
2.41551e-116
2.2634e-116
2.17742e-116
2.15354e-116
2.76104e-114
2.65265e-114
2.4909e-114
2.30577e-114
2.10472e-114
1.89613e-114
1.68825e-114
1.488e-114
1.30134e-114
1.13221e-114
9.82731e-115
8.53292e-115
7.43532e-115
6.52356e-115
5.78295e-115
5.20038e-115
4.76421e-115
4.46507e-115
4.29591e-115
4.24897e-115
5.42682e-113
5.21368e-113
4.89554e-113
4.53103e-113
4.13514e-113
3.72426e-113
3.31484e-113
2.92089e-113
2.55409e-113
2.22212e-113
1.92868e-113
1.6748e-113
1.45972e-113
1.28109e-113
1.13601e-113
1.02188e-113
9.36434e-114
8.77802e-114
8.44632e-114
8.35436e-114
1.06294e-111
1.02117e-111
9.58813e-112
8.87266e-112
8.09547e-112
7.2892e-112
6.48567e-112
5.71328e-112
4.99531e-112
4.34575e-112
3.77174e-112
3.27567e-112
2.85575e-112
2.50705e-112
2.2239e-112
2.00108e-112
1.83422e-112
1.71968e-112
1.65487e-112
1.63692e-112
2.07464e-110
1.99307e-110
1.87127e-110
1.73134e-110
1.57926e-110
1.42154e-110
1.26446e-110
1.11363e-110
9.73483e-111
8.46779e-111
7.3495e-111
6.38411e-111
5.56735e-111
4.88919e-111
4.33837e-111
3.90483e-111
3.58012e-111
3.35716e-111
3.23098e-111
3.19608e-111
4.03492e-109
3.87618e-109
3.63908e-109
3.36636e-109
3.06983e-109
2.76239e-109
2.45647e-109
2.1629e-109
1.89027e-109
1.64395e-109
1.42692e-109
1.23975e-109
1.08152e-109
9.50103e-110
8.43344e-110
7.59289e-110
6.96316e-110
6.53066e-110
6.28589e-110
6.21827e-110
7.81929e-108
7.51142e-108
7.05148e-108
6.52182e-108
5.94576e-108
5.34873e-108
4.75496e-108
4.1854e-108
3.65701e-108
3.18014e-108
2.76046e-108
2.3989e-108
2.09338e-108
1.83964e-108
1.63349e-108
1.47114e-108
1.34945e-108
1.26587e-108
1.21857e-108
1.20551e-108
1.50981e-106
1.45032e-106
1.36141e-106
1.25891e-106
1.14739e-106
1.03186e-106
9.17024e-107
8.06934e-107
7.04896e-107
6.12959e-107
5.32113e-107
4.6251e-107
4.03708e-107
3.54894e-107
3.15234e-107
2.84002e-107
2.60578e-107
2.44488e-107
2.3538e-107
2.32871e-107
2.9046e-105
2.79003e-105
2.61877e-105
2.42111e-105
2.20598e-105
1.98323e-105
1.76197e-105
1.55003e-105
1.35373e-105
1.17712e-105
1.02196e-105
8.88452e-106
7.75664e-106
6.82098e-106
6.06133e-106
5.46275e-106
5.01358e-106
4.70493e-106
4.5302e-106
4.48214e-106
5.56721e-104
5.34736e-104
5.01865e-104
4.63886e-104
4.22541e-104
3.79753e-104
3.37276e-104
2.96629e-104
2.59017e-104
2.25215e-104
1.95547e-104
1.70024e-104
1.48476e-104
1.30619e-104
1.16124e-104
1.04692e-104
9.61114e-105
9.02119e-105
8.68723e-105
8.59554e-105
1.06307e-102
1.02104e-102
9.58166e-103
8.85465e-103
8.06303e-103
7.24417e-103
6.4318e-103
5.65511e-103
4.93734e-103
4.2928e-103
3.72739e-103
3.2414e-103
2.83173e-103
2.49215e-103
2.21646e-103
1.99901e-103
1.83568e-103
1.72336e-103
1.65978e-103
1.64235e-103
2.02229e-101
1.94221e-101
1.82241e-101
1.68375e-101
1.53274e-101
1.37659e-101
1.22182e-101
1.07406e-101
9.37586e-102
8.1512e-102
7.07814e-102
6.15674e-102
5.3805e-102
4.73715e-102
4.21478e-102
3.8027e-102
3.49307e-102
3.28006e-102
3.15942e-102
3.12639e-102
3.83236e-100
3.68038e-100
3.4529e-100
3.18937e-100
2.90246e-100
2.60589e-100
2.31215e-100
2.03208e-100
1.7736e-100
1.54193e-100
1.33911e-100
1.16506e-100
1.01844e-100
8.97007e-101
7.98445e-101
7.20665e-101
6.62201e-101
6.21954e-101
5.99147e-101
5.92909e-101
7.23463e-99
6.94728e-99
6.51703e-99
6.01803e-99
5.47484e-99
4.91388e-99
4.35869e-99
3.82976e-99
3.34217e-99
2.90568e-99
2.52369e-99
2.19618e-99
1.92035e-99
1.69205e-99
1.50679e-99
1.3606e-99
1.25062e-99
1.17485e-99
1.1319e-99
1.12016e-99
1.36045e-97
1.30632e-97
1.22526e-97
1.13115e-97
1.02869e-97
9.22973e-98
8.18429e-98
7.18934e-98
6.27347e-98
5.45421e-98
4.73778e-98
4.12378e-98
3.60703e-98
3.17946e-98
2.83262e-98
2.55895e-98
2.3529e-98
2.21078e-98
2.13015e-98
2.10812e-98
2.54829e-96
2.44671e-96
2.29454e-96
2.11773e-96
1.92528e-96
1.72674e-96
1.53063e-96
1.34426e-96
1.17292e-96
1.01977e-96
8.8595e-97
7.7132e-97
6.74871e-97
5.95111e-97
5.30457e-97
4.79425e-97
4.40951e-97
4.14392e-97
3.99316e-97
3.95198e-97
4.75442e-95
4.5645e-95
4.27991e-95
3.94895e-95
3.5889e-95
3.21762e-95
2.85126e-95
2.50354e-95
2.18418e-95
1.89901e-95
1.65006e-95
1.43698e-95
1.25775e-95
1.1096e-95
9.89534e-96
8.94674e-96
8.23131e-96
7.73705e-96
7.45623e-96
7.37953e-96
8.83503e-94
8.4813e-94
7.95114e-94
7.33406e-94
6.66298e-94
5.9716e-94
5.28997e-94
4.64366e-94
4.05089e-94
3.52205e-94
3.06084e-94
2.66645e-94
2.33488e-94
2.06076e-94
1.83855e-94
1.66296e-94
1.53053e-94
1.43891e-94
1.3868e-94
1.37256e-94
1.63518e-92
1.56955e-92
1.47117e-92
1.35658e-92
1.232e-92
1.1037e-92
9.77387e-93
8.57819e-93
7.48274e-93
6.50614e-93
5.65511e-93
4.92807e-93
4.31703e-93
3.81182e-93
3.40228e-93
3.07883e-93
2.83465e-93
2.66548e-93
2.56913e-93
2.54278e-93
3.0141e-91
2.8928e-91
2.71092e-91
2.49897e-91
2.26858e-91
2.0315e-91
1.79845e-91
1.57818e-91
1.37656e-91
1.19694e-91
1.04054e-91
9.07061e-92
7.94914e-92
7.02241e-92
6.27099e-92
5.67753e-92
5.22899e-92
4.91785e-92
4.74037e-92
4.69178e-92
5.53311e-90
5.30979e-90
4.97489e-90
4.58435e-90
4.15995e-90
3.72378e-90
3.2956e-90
2.89128e-90
2.52176e-90
2.19287e-90
1.90674e-90
1.66266e-90
1.45774e-90
1.28851e-90
1.15124e-90
1.04276e-90
9.60687e-91
9.03678e-91
8.71106e-91
8.62176e-91
1.01155e-88
9.70593e-89
9.09159e-89
8.37484e-89
7.59627e-89
6.7971e-89
6.01359e-89
5.2748e-89
4.60022e-89
4.00073e-89
3.47954e-89
3.03511e-89
2.66229e-89
2.35452e-89
2.10491e-89
1.90737e-89
1.75777e-89
1.65373e-89
1.59419e-89
1.57783e-89
1.84157e-87
1.76675e-87
1.6545e-87
1.52347e-87
1.38124e-87
1.23546e-87
1.09272e-87
9.58293e-88
8.3566e-88
7.26806e-88
6.32261e-88
5.51725e-88
4.84201e-88
4.28474e-88
3.83263e-88
3.47447e-88
3.20295e-88
3.01378e-88
2.90534e-88
2.87548e-88
3.3385e-86
3.20237e-86
2.99809e-86
2.75956e-86
2.50089e-86
2.23607e-86
1.97708e-86
1.73346e-86
1.51153e-86
1.31472e-86
1.14402e-86
9.98716e-87
8.7697e-87
7.76496e-87
6.94932e-87
6.30272e-87
5.81185e-87
5.46926e-87
5.27254e-87
5.21821e-87
6.02647e-85
5.7798e-85
5.40958e-85
4.97718e-85
4.50865e-85
4.02959e-85
3.56159e-85
3.12192e-85
2.72218e-85
2.36815e-85
2.06135e-85
1.80019e-85
1.58161e-85
1.40122e-85
1.25474e-85
1.13848e-85
1.05011e-85
9.88332e-86
9.52783e-86
9.42928e-86
1.0832e-83
1.03867e-83
9.71848e-84
8.93789e-84
8.09286e-84
7.22984e-84
6.3879e-84
5.59821e-84
4.8814e-84
4.24748e-84
3.69819e-84
3.23099e-84
2.8401e-84
2.51769e-84
2.25575e-84
2.04773e-84
1.88932e-84
1.77835e-84
1.71434e-84
1.69651e-84
1.93854e-82
1.85848e-82
1.73831e-82
1.59798e-82
1.44625e-82
1.29145e-82
1.14068e-82
9.99534e-83
8.71541e-83
7.5845e-83
6.60542e-83
5.77387e-83
5.07805e-83
4.5042e-83
4.038e-83
3.66735e-83
3.3845e-83
3.18596e-83
3.07113e-83
3.03898e-83
3.45424e-81
3.31084e-81
3.09563e-81
2.84431e-81
2.57303e-81
2.29662e-81
2.02785e-81
1.77664e-81
1.54918e-81
1.34837e-81
1.17469e-81
1.0273e-81
9.03997e-82
8.02325e-82
7.19711e-82
6.53937e-82
6.0365e-82
5.6826e-82
5.47737e-82
5.41957e-82
6.12812e-80
5.87226e-80
5.48837e-80
5.04021e-80
4.5572e-80
4.06581e-80
3.58884e-80
3.14364e-80
2.74138e-80
2.38661e-80
2.07987e-80
1.81972e-80
1.60221e-80
1.42295e-80
1.27711e-80
1.1609e-80
1.07187e-80
1.00905e-80
9.72522e-81
9.62161e-81
1.0824e-78
1.03692e-78
9.6871e-79
8.89139e-79
8.03515e-79
7.16563e-79
6.32294e-79
5.53764e-79
4.82902e-79
4.20507e-79
3.66616e-79
3.20904e-79
2.8271e-79
2.5124e-79
2.25609e-79
2.05165e-79
1.89469e-79
1.7837e-79
1.71892e-79
1.7004e-79
1.9034e-77
1.82285e-77
1.70214e-77
1.56146e-77
1.41034e-77
1.25716e-77
1.10894e-77
9.71066e-78
8.4683e-78
7.37517e-78
6.43254e-78
5.63354e-78
4.96634e-78
4.4159e-78
3.96748e-78
3.60934e-78
3.33393e-78
3.13864e-78
3.0242e-78
2.99116e-78
3.33239e-76
3.19018e-76
2.97739e-76
2.72979e-76
2.46425e-76
2.19556e-76
1.93605e-76
1.69499e-76
1.47821e-76
1.28766e-76
1.1235e-76
9.84489e-77
8.6844e-77
7.72604e-77
6.94504e-77
6.32047e-77
5.83931e-77
5.49713e-77
5.29572e-77
5.2369e-77
5.80859e-75
5.55827e-75
5.18446e-75
4.75055e-75
4.28617e-75
3.81705e-75
3.36471e-75
2.94516e-75
2.56834e-75
2.23783e-75
1.95336e-75
1.71253e-75
1.51149e-75
1.3455e-75
1.21008e-75
1.10164e-75
1.01793e-75
9.58209e-76
9.22897e-76
9.12452e-76
1.00807e-73
9.64109e-74
8.98661e-74
8.22951e-74
7.42143e-74
6.60632e-74
5.82116e-74
5.09412e-74
4.44215e-74
3.87104e-74
3.38016e-74
2.96492e-74
2.6184e-74
2.33224e-74
2.09849e-74
1.91099e-74
1.76593e-74
1.66213e-74
1.60045e-74
1.58195e-74
1.74196e-72
1.66491e-72
1.5507e-72
1.41919e-72
1.27926e-72
1.13829e-72
1.00261e-72
8.77092e-73
7.64733e-73
6.66476e-73
5.82138e-73
5.1088e-73
4.51439e-73
4.02332e-73
3.62167e-73
3.29887e-73
3.0485e-73
2.86875e-73
2.76143e-73
2.72872e-73
2.99752e-71
2.86258e-71
2.66397e-71
2.43661e-71
2.19543e-71
1.95268e-71
1.71915e-71
1.50329e-71
1.31034e-71
1.14201e-71
9.97806e-72
8.761e-72
7.74595e-72
6.90689e-72
6.21974e-72
5.66633e-72
5.23589e-72
4.92578e-72
4.73972e-72
4.68199e-72
5.13723e-70
4.90082e-70
4.55651e-70
4.16536e-70
3.75159e-70
3.3352e-70
2.93472e-70
2.56497e-70
2.23496e-70
1.94766e-70
1.70212e-70
1.49515e-70
1.32257e-70
1.17982e-70
1.06277e-70
9.68274e-71
8.94557e-71
8.41245e-71
8.09096e-71
7.98928e-71
8.77088e-69
8.3559e-69
7.76074e-69
7.09117e-69
6.38447e-69
5.67281e-69
4.98832e-69
4.35712e-69
3.79481e-69
3.30632e-69
2.88969e-69
2.5391e-69
2.24689e-69
2.00505e-69
1.80644e-69
1.64575e-69
1.51997e-69
1.42863e-69
1.37327e-69
1.3554e-69
1.49234e-67
1.4192e-67
1.31662e-67
1.20257e-67
1.08234e-67
9.61075e-68
8.44404e-68
7.3696e-68
6.41442e-68
5.58668e-68
4.88231e-68
4.29053e-68
3.79757e-68
3.3894e-68
3.05372e-68
2.78149e-68
2.56769e-68
2.41177e-68
2.31676e-68
2.28539e-68
2.53189e-66
2.40209e-66
2.2258e-66
2.03244e-66
1.82853e-66
1.62231e-66
1.42381e-66
1.2413e-66
1.07946e-66
9.39602e-67
8.20881e-67
7.21304e-67
6.38414e-67
5.69762e-67
5.13238e-67
4.67297e-67
4.31098e-67
4.04584e-67
3.88334e-67
3.82834e-67
4.28696e-65
4.05396e-65
3.75186e-65
3.4254e-65
3.08018e-65
2.72966e-65
2.39216e-65
2.08251e-65
1.80876e-65
1.57294e-65
1.37331e-65
1.20619e-65
1.06722e-65
9.52125e-66
8.57292e-66
7.80067e-66
7.19026e-66
6.74117e-66
6.46414e-66
6.36785e-66
7.25345e-64
6.82782e-64
6.31165e-64
5.76218e-64
5.17738e-64
4.58069e-64
4.00626e-64
3.48079e-64
3.018e-64
2.62083e-64
2.28568e-64
2.00578e-64
1.77337e-64
1.58103e-64
1.4225e-64
1.29321e-64
1.19072e-64
1.11496e-64
1.06789e-64
1.05107e-64
1.22891e-62
1.14916e-62
1.06118e-62
9.68732e-63
8.69259e-63
7.67224e-63
6.69136e-63
5.79792e-63
5.01489e-63
4.34599e-63
3.78375e-63
3.31565e-63
2.92784e-63
2.60736e-63
2.34333e-63
2.1278e-63
1.95646e-63
1.8292e-63
1.74952e-63
1.72027e-63
2.09196e-61
1.93687e-61
1.78698e-61
1.63064e-61
1.45979e-61
1.28382e-61
1.11529e-61
9.62757e-62
8.29939e-62
7.17145e-62
6.22816e-62
5.44605e-62
4.80023e-62
4.26781e-62
3.82978e-62
3.47213e-62
3.18712e-62
2.97433e-62
2.83997e-62
2.78946e-62
3.59935e-60
3.28092e-60
3.024e-60
2.75557e-60
2.45683e-60
2.14912e-60
1.85673e-60
1.59455e-60
1.36826e-60
1.17757e-60
1.01915e-60
8.88534e-61
7.81172e-61
6.92987e-61
6.20614e-61
5.61559e-61
5.144e-61
4.78993e-61
4.56429e-61
4.47791e-61
6.32893e-59
5.62e-59
5.17032e-59
4.6942e-59
4.15664e-59
3.60746e-59
3.09281e-59
2.63758e-59
2.24935e-59
1.92553e-59
1.65884e-59
1.44056e-59
1.26226e-59
1.11655e-59
9.97413e-60
9.00354e-60
8.22713e-60
7.64054e-60
7.26255e-60
7.11674e-60
2.80458e-45
2.58779e-45
2.34283e-45
2.10008e-45
1.86732e-45
1.65167e-45
1.45781e-45
1.28787e-45
1.14175e-45
1.01743e-45
9.11851e-46
8.2177e-46
7.44404e-46
6.77543e-46
6.19476e-46
5.6883e-46
5.24228e-46
4.83862e-46
4.45778e-46
4.11922e-46
1.00109e-44
9.88317e-45
9.52278e-45
9.00695e-45
8.39743e-45
7.74821e-45
7.1014e-45
6.48772e-45
5.92649e-45
5.42431e-45
4.97827e-45
4.58116e-45
4.22571e-45
3.90585e-45
3.61699e-45
3.3556e-45
3.11766e-45
2.89607e-45
2.68153e-45
2.4848e-45
3.9163e-44
3.99861e-44
3.98812e-44
3.90184e-44
3.75835e-44
3.57637e-44
3.37304e-44
3.16361e-44
2.96017e-44
2.76923e-44
2.59221e-44
2.42781e-44
2.27435e-44
2.13038e-44
1.99496e-44
1.86763e-44
1.74769e-44
1.63267e-44
1.51837e-44
1.4103e-44
1.63182e-43
1.69378e-43
1.72257e-43
1.72159e-43
1.69529e-43
1.64904e-43
1.58863e-43
1.52015e-43
1.44932e-43
1.37964e-43
1.31225e-43
1.24693e-43
1.18326e-43
1.1209e-43
1.0597e-43
9.9985e-44
9.4148e-44
8.83859e-44
8.25167e-44
7.68087e-44
7.07938e-43
7.41025e-43
7.62123e-43
7.71964e-43
7.71471e-43
7.62053e-43
7.45513e-43
7.24097e-43
7.0027e-43
6.75646e-43
6.50767e-43
6.25546e-43
5.99832e-43
5.73499e-43
5.46524e-43
5.1907e-43
4.91359e-43
4.63224e-43
4.33915e-43
4.04684e-43
3.14961e-42
3.31221e-42
3.42937e-42
3.50338e-42
3.53576e-42
3.53005e-42
3.49174e-42
3.42879e-42
3.3515e-42
3.26685e-42
3.17704e-42
3.08143e-42
2.97924e-42
2.86976e-42
2.7527e-42
2.62882e-42
2.49955e-42
2.36474e-42
2.22146e-42
2.07536e-42
1.42277e-41
1.5004e-41
1.55996e-41
1.60244e-41
1.62793e-41
1.63734e-41
1.63239e-41
1.61586e-41
1.59194e-41
1.5636e-41
1.5317e-41
1.49579e-41
1.45544e-41
1.41024e-41
1.35989e-41
1.30459e-41
1.24505e-41
1.18137e-41
1.11246e-41
1.04085e-41
6.48258e-41
6.84819e-41
7.13933e-41
7.36038e-41
7.51063e-41
7.59282e-41
7.61275e-41
7.58002e-41
7.51142e-41
7.41926e-41
7.30703e-41
7.17223e-41
7.01263e-41
6.826e-41
6.61013e-41
6.36503e-41
6.09342e-41
5.79599e-41
5.46892e-41
5.12335e-41
2.96555e-40
3.13635e-40
3.27561e-40
3.38507e-40
3.46451e-40
3.51491e-40
3.53852e-40
3.53867e-40
3.52177e-40
3.4929e-40
3.4536e-40
3.4026e-40
3.33882e-40
3.2613e-40
3.1687e-40
3.06051e-40
2.93759e-40
2.80004e-40
2.64644e-40
2.48187e-40
1.35767e-39
1.43696e-39
1.50263e-39
1.55522e-39
1.5949e-39
1.62213e-39
1.63789e-39
1.64338e-39
1.64086e-39
1.6323e-39
1.61847e-39
1.59885e-39
1.57293e-39
1.54041e-39
1.50055e-39
1.45289e-39
1.39763e-39
1.33459e-39
1.26312e-39
1.18562e-39
6.20583e-39
6.57164e-39
6.87795e-39
7.12545e-39
7.31697e-39
7.45479e-39
7.54357e-39
7.58819e-39
7.59631e-39
7.57431e-39
7.5246e-39
7.44624e-39
7.33861e-39
7.20057e-39
7.0283e-39
6.8186e-39
6.57146e-39
6.28485e-39
5.95508e-39
5.59402e-39
2.82757e-38
2.99507e-38
3.13639e-38
3.25124e-38
3.34174e-38
3.40893e-38
3.45514e-38
3.48244e-38
3.49326e-38
3.48924e-38
3.47085e-38
3.43825e-38
3.39272e-38
3.3337e-38
3.25907e-38
3.16696e-38
3.05687e-38
2.92735e-38
2.7764e-38
2.6099e-38
1.28269e-37
1.35877e-37
1.42333e-37
1.47604e-37
1.51805e-37
1.55006e-37
1.57306e-37
1.58784e-37
1.59524e-37
1.59517e-37
1.5879e-37
1.57435e-37
1.55496e-37
1.52954e-37
1.49723e-37
1.45684e-37
1.40793e-37
1.3497e-37
1.28113e-37
1.2051e-37
5.78826e-37
6.13103e-37
6.42348e-37
6.66288e-37
6.85459e-37
7.00367e-37
7.1148e-37
7.19043e-37
7.23092e-37
7.23548e-37
7.20659e-37
7.15025e-37
7.0667e-37
6.95692e-37
6.81729e-37
6.64073e-37
6.42394e-37
6.16356e-37
5.85443e-37
5.51059e-37
2.59657e-36
2.74973e-36
2.88107e-36
2.98872e-36
3.07509e-36
3.14311e-36
3.1952e-36
3.23178e-36
3.25227e-36
3.25662e-36
3.24519e-36
3.2206e-36
3.18516e-36
3.13866e-36
3.07741e-36
3.00001e-36
2.90442e-36
2.7888e-36
2.6506e-36
2.49653e-36
1.15731e-35
1.22516e-35
1.28353e-35
1.33151e-35
1.37005e-35
1.40056e-35
1.4244e-35
1.44136e-35
1.4512e-35
1.45414e-35
1.44964e-35
1.43931e-35
1.42433e-35
1.40427e-35
1.37719e-35
1.34335e-35
1.30157e-35
1.25058e-35
1.18934e-35
1.12094e-35
5.12304e-35
5.42094e-35
5.67768e-35
5.88886e-35
6.05872e-35
6.19536e-35
6.30194e-35
6.37901e-35
6.42445e-35
6.43967e-35
6.42347e-35
6.38232e-35
6.31741e-35
6.22854e-35
6.11054e-35
5.9634e-35
5.7822e-35
5.5594e-35
5.29024e-35
4.98929e-35
2.25143e-34
2.38118e-34
2.49306e-34
2.58491e-34
2.65914e-34
2.71943e-34
2.76635e-34
2.80065e-34
2.82193e-34
2.82879e-34
2.82289e-34
2.80632e-34
2.77846e-34
2.73924e-34
2.68846e-34
2.62503e-34
2.5467e-34
2.45011e-34
2.33288e-34
2.2016e-34
9.81871e-34
1.03792e-33
1.08627e-33
1.12607e-33
1.15838e-33
1.18415e-33
1.20456e-33
1.21976e-33
1.22932e-33
1.23247e-33
1.23034e-33
1.2235e-33
1.21161e-33
1.19465e-33
1.17292e-33
1.1458e-33
1.11209e-33
1.07047e-33
1.01985e-33
9.63089e-34
4.24788e-33
4.48799e-33
4.69535e-33
4.8666e-33
5.00551e-33
5.11541e-33
5.20402e-33
5.27027e-33
5.31089e-33
5.32571e-33
5.31804e-33
5.28877e-33
5.23759e-33
5.1659e-33
5.07382e-33
4.95889e-33
4.81467e-33
4.6364e-33
4.41963e-33
4.17629e-33
1.82279e-32
1.9248e-32
2.01296e-32
2.08573e-32
2.14476e-32
2.19213e-32
2.23037e-32
2.25865e-32
2.2759e-32
2.28234e-32
2.27883e-32
2.26597e-32
2.24457e-32
2.2149e-32
2.17604e-32
2.12754e-32
2.06644e-32
1.99066e-32
1.89855e-32
1.79515e-32
7.75706e-32
8.18688e-32
8.5587e-32
8.86466e-32
9.11274e-32
9.31481e-32
9.47775e-32
9.59717e-32
9.67127e-32
9.69791e-32
9.67921e-32
9.6243e-32
9.53712e-32
9.41579e-32
9.25199e-32
9.04798e-32
8.79099e-32
8.47197e-32
8.08415e-32
7.64874e-32
3.27328e-31
3.45289e-31
3.60856e-31
3.73621e-31
3.83927e-31
3.92354e-31
3.99168e-31
4.04145e-31
4.07292e-31
4.08439e-31
4.07685e-31
4.05443e-31
4.01782e-31
3.96657e-31
3.89863e-31
3.81393e-31
3.7068e-31
3.57365e-31
3.4119e-31
3.23022e-31
1.36929e-30
1.44367e-30
1.50823e-30
1.56114e-30
1.60377e-30
1.63831e-30
1.66605e-30
1.68668e-30
1.69999e-30
1.70511e-30
1.70239e-30
1.69302e-30
1.67769e-30
1.65626e-30
1.62831e-30
1.59307e-30
1.54894e-30
1.494e-30
1.42713e-30
1.35202e-30
5.6773e-30
5.98231e-30
6.24733e-30
6.46494e-30
6.63966e-30
6.78041e-30
6.89282e-30
6.97836e-30
7.03325e-30
7.0545e-30
7.04337e-30
7.00471e-30
6.94227e-30
6.85493e-30
6.73987e-30
6.59491e-30
6.41375e-30
6.18903e-30
5.91544e-30
5.60791e-30
2.33262e-29
2.45653e-29
2.56434e-29
2.65293e-29
2.7238e-29
2.78075e-29
2.82608e-29
2.861e-29
2.88326e-29
2.89182e-29
2.88741e-29
2.87195e-29
2.84662e-29
2.81106e-29
2.76439e-29
2.70552e-29
2.63172e-29
2.54048e-29
2.42962e-29
2.3049e-29
9.49542e-29
9.99404e-29
1.04283e-28
1.07852e-28
1.10707e-28
1.12987e-28
1.14804e-28
1.16199e-28
1.17089e-28
1.17447e-28
1.17295e-28
1.16673e-28
1.15647e-28
1.14207e-28
1.12339e-28
1.09966e-28
1.06995e-28
1.03327e-28
9.88764e-29
9.38648e-29
3.82878e-28
4.02751e-28
4.2007e-28
4.34321e-28
4.45724e-28
4.54783e-28
4.62029e-28
4.67497e-28
4.70973e-28
4.72521e-28
4.7208e-28
4.69567e-28
4.65436e-28
4.59667e-28
4.52193e-28
4.42731e-28
4.30938e-28
4.16358e-28
3.98652e-28
3.78702e-28
1.52896e-27
1.60739e-27
1.67586e-27
1.7322e-27
1.77723e-27
1.81313e-27
1.8416e-27
1.86286e-27
1.8769e-27
1.88306e-27
1.88173e-27
1.87225e-27
1.85551e-27
1.83223e-27
1.80257e-27
1.76553e-27
1.71921e-27
1.66188e-27
1.59211e-27
1.51345e-27
6.04587e-27
6.35221e-27
6.62011e-27
6.84086e-27
7.01755e-27
7.15781e-27
7.26915e-27
7.35267e-27
7.40787e-27
7.43169e-27
7.42865e-27
7.39265e-27
7.32602e-27
7.23278e-27
7.11532e-27
6.97232e-27
6.79283e-27
6.56932e-27
6.29716e-27
5.99014e-27
2.36707e-26
2.48548e-26
2.58917e-26
2.67479e-26
2.74325e-26
2.79774e-26
2.84146e-26
2.87407e-26
2.89448e-26
2.90377e-26
2.90327e-26
2.88998e-26
2.86417e-26
2.82741e-26
2.78188e-26
2.7264e-26
2.65749e-26
2.57133e-26
2.46623e-26
2.34759e-26
9.1749e-26
9.62773e-26
1.00247e-25
1.03524e-25
1.06154e-25
1.08286e-25
1.0997e-25
1.11204e-25
1.11969e-25
1.12334e-25
1.12288e-25
1.11808e-25
1.10861e-25
1.09456e-25
1.07693e-25
1.05554e-25
1.02921e-25
9.96357e-26
9.56191e-26
9.10822e-26
3.52038e-25
3.69171e-25
3.84195e-25
3.96619e-25
4.06695e-25
4.14822e-25
4.21186e-25
4.25839e-25
4.28778e-25
4.30162e-25
4.2995e-25
4.28143e-25
4.24642e-25
4.19398e-25
4.12619e-25
4.04519e-25
3.94539e-25
3.82114e-25
3.66931e-25
3.49768e-25
1.337e-24
1.40115e-24
1.45742e-24
1.50418e-24
1.54199e-24
1.57208e-24
1.59606e-24
1.61385e-24
1.62522e-24
1.63026e-24
1.62961e-24
1.62284e-24
1.60935e-24
1.58967e-24
1.56451e-24
1.53414e-24
1.49667e-24
1.45019e-24
1.39342e-24
1.32919e-24
5.02525e-24
5.26284e-24
5.47144e-24
5.64449e-24
5.78423e-24
5.89645e-24
5.98382e-24
6.05047e-24
6.09485e-24
6.11456e-24
6.11133e-24
6.08494e-24
6.03478e-24
5.96146e-24
5.86923e-24
5.75666e-24
5.61767e-24
5.44565e-24
5.23571e-24
4.99793e-24
1.86883e-23
1.95584e-23
2.03216e-23
2.09538e-23
2.14679e-23
2.18806e-23
2.21968e-23
2.24378e-23
2.2603e-23
2.26827e-23
2.2669e-23
2.25694e-23
2.23871e-23
2.21212e-23
2.17819e-23
2.13695e-23
2.08598e-23
2.02304e-23
1.94623e-23
1.85915e-23
6.87508e-23
7.19012e-23
7.46632e-23
7.69522e-23
7.8808e-23
8.02823e-23
8.14345e-23
8.23088e-23
8.29029e-23
8.32019e-23
8.31532e-23
8.27999e-23
8.21391e-23
8.11858e-23
7.99561e-23
7.84664e-23
7.66214e-23
7.434e-23
7.15587e-23
6.84046e-23
2.50143e-22
2.61421e-22
2.71306e-22
2.79477e-22
2.86073e-22
2.91295e-22
2.95415e-22
2.98569e-22
3.007e-22
3.01736e-22
3.01589e-22
3.00326e-22
2.97969e-22
2.94626e-22
2.90281e-22
2.84937e-22
2.78354e-22
2.7017e-22
2.60201e-22
2.48904e-22
8.99884e-22
9.39781e-22
9.74705e-22
1.00349e-21
1.0267e-21
1.04514e-21
1.0597e-21
1.07065e-21
1.07818e-21
1.08178e-21
1.08125e-21
1.07667e-21
1.06872e-21
1.05714e-21
1.04203e-21
1.0231e-21
9.99817e-22
9.70846e-22
9.35537e-22
8.95535e-22
3.19997e-21
3.33939e-21
3.46125e-21
3.56139e-21
3.64219e-21
3.70653e-21
3.75736e-21
3.79507e-21
3.82097e-21
3.83353e-21
3.8317e-21
3.81609e-21
3.78913e-21
3.74939e-21
3.69731e-21
3.63161e-21
3.55014e-21
3.44874e-21
3.32518e-21
3.18519e-21
1.12451e-20
1.17263e-20
1.21461e-20
1.24911e-20
1.27686e-20
1.29872e-20
1.3162e-20
1.32941e-20
1.33835e-20
1.34267e-20
1.34219e-20
1.337e-20
1.32771e-20
1.31427e-20
1.29653e-20
1.27399e-20
1.24588e-20
1.21078e-20
1.16803e-20
1.11962e-20
3.9042e-20
4.0683e-20
4.21126e-20
4.32838e-20
4.42209e-20
4.49615e-20
4.55559e-20
4.60064e-20
4.6311e-20
4.64678e-20
4.64538e-20
4.62817e-20
4.59761e-20
4.5523e-20
4.4924e-20
4.41635e-20
4.32046e-20
4.20019e-20
4.05393e-20
3.88855e-20
1.3389e-19
1.39414e-19
1.44224e-19
1.48154e-19
1.51287e-19
1.5377e-19
1.55759e-19
1.57256e-19
1.58297e-19
1.58827e-19
1.58817e-19
1.58255e-19
1.57257e-19
1.5578e-19
1.53786e-19
1.51241e-19
1.48012e-19
1.4394e-19
1.38998e-19
1.3342e-19
4.5343e-19
4.71791e-19
4.87772e-19
5.00819e-19
5.11214e-19
5.19396e-19
5.25895e-19
5.3079e-19
5.34255e-19
5.36044e-19
5.3614e-19
5.34435e-19
5.31284e-19
5.26563e-19
5.20053e-19
5.11545e-19
5.00738e-19
4.8716e-19
4.70709e-19
4.52139e-19
1.51613e-18
1.57634e-18
1.62871e-18
1.6714e-18
1.70545e-18
1.73228e-18
1.75349e-18
1.76899e-18
1.77998e-18
1.78611e-18
1.78663e-18
1.78186e-18
1.7726e-18
1.75771e-18
1.73651e-18
1.70838e-18
1.67264e-18
1.62796e-18
1.5739e-18
1.51289e-18
5.00412e-18
5.19886e-18
5.36802e-18
5.50599e-18
5.61627e-18
5.70296e-18
5.77137e-18
5.82054e-18
5.85479e-18
5.8741e-18
5.87748e-18
5.86589e-18
5.83717e-18
5.79054e-18
5.72219e-18
5.63164e-18
5.51531e-18
5.37007e-18
5.19464e-18
4.99689e-18
1.63004e-17
1.69218e-17
1.74609e-17
1.79018e-17
1.82551e-17
1.85294e-17
1.87399e-17
1.88969e-17
1.90058e-17
1.90692e-17
1.90872e-17
1.90591e-17
1.89702e-17
1.88217e-17
1.86043e-17
1.83168e-17
1.79438e-17
1.74789e-17
1.69183e-17
1.62864e-17
5.23904e-17
5.43468e-17
5.60434e-17
5.74286e-17
5.8537e-17
5.93938e-17
6.00407e-17
6.05214e-17
6.0872e-17
6.10883e-17
6.11643e-17
6.10859e-17
6.08249e-17
6.03595e-17
5.96737e-17
5.87589e-17
5.75821e-17
5.61213e-17
5.43581e-17
5.23687e-17
1.661e-16
1.72174e-16
1.77436e-16
1.81714e-16
1.85126e-16
1.87782e-16
1.89813e-16
1.91227e-16
1.9227e-16
1.93004e-16
1.93326e-16
1.9311e-16
1.92334e-16
1.90882e-16
1.88733e-16
1.85872e-16
1.82234e-16
1.77722e-16
1.72256e-16
1.66083e-16
5.19292e-16
5.37878e-16
5.53968e-16
5.66983e-16
5.77349e-16
5.85478e-16
5.91699e-16
5.95975e-16
5.99111e-16
6.01294e-16
6.02411e-16
6.01876e-16
5.99504e-16
5.95027e-16
5.88416e-16
5.79684e-16
5.68641e-16
5.54917e-16
5.3823e-16
5.19355e-16
1.60042e-15
1.65645e-15
1.70495e-15
1.74415e-15
1.77539e-15
1.79945e-15
1.81787e-15
1.8313e-15
1.84106e-15
1.84704e-15
1.85015e-15
1.84864e-15
1.84153e-15
1.82803e-15
1.80806e-15
1.7819e-15
1.74888e-15
1.7078e-15
1.65767e-15
1.60086e-15
4.8609e-15
5.02725e-15
5.17126e-15
5.28799e-15
5.3806e-15
5.45074e-15
5.50525e-15
5.54606e-15
5.57468e-15
5.59162e-15
5.59925e-15
5.59432e-15
5.57304e-15
5.533e-15
5.4741e-15
5.39729e-15
5.3002e-15
5.17904e-15
5.03086e-15
4.86251e-15
1.45462e-14
1.50326e-14
1.54538e-14
1.57951e-14
1.60639e-14
1.62678e-14
1.6427e-14
1.65468e-14
1.66298e-14
1.66783e-14
1.66924e-14
1.66746e-14
1.66099e-14
1.64929e-14
1.6324e-14
1.61044e-14
1.5824e-14
1.54722e-14
1.5041e-14
1.45498e-14
4.28736e-14
4.4273e-14
4.54852e-14
4.64666e-14
4.72356e-14
4.78185e-14
4.82723e-14
4.86194e-14
4.88589e-14
4.89887e-14
4.9007e-14
4.89318e-14
4.87425e-14
4.8415e-14
4.79355e-14
4.73162e-14
4.65239e-14
4.55201e-14
4.4285e-14
4.28745e-14
1.24413e-13
1.28374e-13
1.31805e-13
1.34578e-13
1.36748e-13
1.38411e-13
1.39689e-13
1.4064e-13
1.4129e-13
1.41622e-13
1.41619e-13
1.41353e-13
1.40808e-13
1.39916e-13
1.38593e-13
1.36863e-13
1.34651e-13
1.31835e-13
1.28357e-13
1.24373e-13
3.55308e-13
3.66326e-13
3.75863e-13
3.83581e-13
3.89656e-13
3.94316e-13
3.97832e-13
4.00322e-13
4.01994e-13
4.02845e-13
4.02725e-13
4.01918e-13
4.00383e-13
3.97896e-13
3.94342e-13
3.89623e-13
3.83534e-13
3.75761e-13
3.66128e-13
3.55066e-13
9.9822e-13
1.02835e-12
1.0544e-12
1.07555e-12
1.09228e-12
1.10502e-12
1.11443e-12
1.12096e-12
1.1251e-12
1.12709e-12
1.12671e-12
1.1244e-12
1.12004e-12
1.11329e-12
1.10388e-12
1.09125e-12
1.07479e-12
1.05367e-12
1.02744e-12
9.97243e-13
2.7578e-12
2.83873e-12
2.9087e-12
2.96541e-12
3.01029e-12
3.0449e-12
3.07006e-12
3.0866e-12
3.09648e-12
3.10077e-12
3.09961e-12
3.09335e-12
3.08182e-12
3.06426e-12
3.03928e-12
3.0057e-12
2.96195e-12
2.90572e-12
2.83553e-12
2.75449e-12
7.4895e-12
7.70311e-12
7.88759e-12
8.03635e-12
8.15399e-12
8.2457e-12
8.31256e-12
8.35409e-12
8.37651e-12
8.38541e-12
8.38242e-12
8.36756e-12
8.33845e-12
8.2924e-12
8.22628e-12
8.13877e-12
8.02431e-12
7.87716e-12
7.69267e-12
7.47908e-12
1.99855e-11
2.05389e-11
2.10162e-11
2.13999e-11
2.17029e-11
2.19361e-11
2.2106e-11
2.22134e-11
2.22679e-11
2.2286e-11
2.22794e-11
2.22455e-11
2.21707e-11
2.20511e-11
2.18811e-11
2.16568e-11
2.13629e-11
2.09841e-11
2.05076e-11
1.99548e-11
5.23791e-11
5.3785e-11
5.49969e-11
5.59712e-11
5.67348e-11
5.73113e-11
5.77305e-11
5.79987e-11
5.81409e-11
5.81898e-11
5.81733e-11
5.80894e-11
5.79012e-11
5.75996e-11
5.71718e-11
5.66068e-11
5.5866e-11
5.49079e-11
5.37e-11
5.22962e-11
1.34767e-10
1.38268e-10
1.41282e-10
1.43705e-10
1.45598e-10
1.47014e-10
1.4803e-10
1.48674e-10
1.49023e-10
1.49174e-10
1.49139e-10
1.4892e-10
1.48458e-10
1.47723e-10
1.46676e-10
1.45278e-10
1.43442e-10
1.41065e-10
1.38065e-10
1.3457e-10
3.40241e-10
3.48787e-10
3.56133e-10
3.62026e-10
3.66617e-10
3.70062e-10
3.72521e-10
3.74063e-10
3.74908e-10
3.753e-10
3.75193e-10
3.74597e-10
3.73496e-10
3.71773e-10
3.6929e-10
3.65928e-10
3.61475e-10
3.55695e-10
3.48387e-10
3.39855e-10
8.42537e-10
8.62972e-10
8.80523e-10
8.94524e-10
9.05327e-10
9.13549e-10
9.19539e-10
9.23278e-10
9.25397e-10
9.26184e-10
9.2577e-10
9.24255e-10
9.2164e-10
9.17706e-10
9.11958e-10
9.04145e-10
8.93635e-10
8.7985e-10
8.6238e-10
8.41968e-10
2.04546e-09
2.09327e-09
2.13423e-09
2.16681e-09
2.19193e-09
2.211e-09
2.22522e-09
2.23436e-09
2.23947e-09
2.24096e-09
2.23959e-09
2.23596e-09
2.22965e-09
2.22088e-09
2.2081e-09
2.19028e-09
2.166e-09
2.13385e-09
2.09296e-09
2.04515e-09
4.86625e-09
4.97563e-09
5.06903e-09
5.14339e-09
5.20085e-09
5.24416e-09
5.27635e-09
5.2981e-09
5.30995e-09
5.31329e-09
5.30935e-09
5.30056e-09
5.28671e-09
5.26729e-09
5.23944e-09
5.1995e-09
5.14421e-09
5.07088e-09
4.97742e-09
4.86788e-09
1.13396e-08
1.15844e-08
1.17928e-08
1.19584e-08
1.20862e-08
1.21826e-08
1.22524e-08
1.23013e-08
1.23297e-08
1.23378e-08
1.23284e-08
1.2309e-08
1.22806e-08
1.22381e-08
1.21762e-08
1.20873e-08
1.19648e-08
1.18015e-08
1.15927e-08
1.13473e-08
2.58687e-08
2.6404e-08
2.68581e-08
2.72178e-08
2.74959e-08
2.77045e-08
2.7854e-08
2.79569e-08
2.80175e-08
2.80382e-08
2.8024e-08
2.7987e-08
2.79273e-08
2.78354e-08
2.76998e-08
2.75061e-08
2.72398e-08
2.6884e-08
2.64276e-08
2.58904e-08
5.77407e-08
5.88834e-08
5.98489e-08
6.06119e-08
6.11999e-08
6.16381e-08
6.19543e-08
6.2164e-08
6.22793e-08
6.23307e-08
6.23204e-08
6.22575e-08
6.21368e-08
6.19431e-08
6.16514e-08
6.12427e-08
6.06734e-08
5.99119e-08
5.89365e-08
5.77883e-08
1.26031e-07
1.28413e-07
1.30418e-07
1.31988e-07
1.33182e-07
1.34081e-07
1.34734e-07
1.35157e-07
1.35394e-07
1.35496e-07
1.35496e-07
1.35398e-07
1.35166e-07
1.3478e-07
1.34177e-07
1.33321e-07
1.32133e-07
1.30543e-07
1.28512e-07
1.26119e-07
2.68827e-07
2.73665e-07
2.77718e-07
2.80863e-07
2.83232e-07
2.85017e-07
2.86335e-07
2.87195e-07
2.87675e-07
2.87877e-07
2.8789e-07
2.87731e-07
2.87296e-07
2.8654e-07
2.85342e-07
2.83589e-07
2.81174e-07
2.77956e-07
2.73842e-07
2.68978e-07
5.59973e-07
5.69541e-07
5.77515e-07
5.83667e-07
5.88289e-07
5.91775e-07
5.94347e-07
5.96029e-07
5.96929e-07
5.97386e-07
5.97449e-07
5.9713e-07
5.96349e-07
5.94883e-07
5.92519e-07
5.8905e-07
5.84291e-07
5.77978e-07
5.69881e-07
5.60264e-07
1.13841e-06
1.15682e-06
1.17206e-06
1.18377e-06
1.19257e-06
1.19919e-06
1.20402e-06
1.20725e-06
1.20906e-06
1.21e-06
1.21014e-06
1.20958e-06
1.20808e-06
1.20522e-06
1.20064e-06
1.19405e-06
1.18502e-06
1.17304e-06
1.15757e-06
1.13907e-06
2.25742e-06
2.29185e-06
2.32017e-06
2.34178e-06
2.35798e-06
2.36993e-06
2.37865e-06
2.38484e-06
2.38857e-06
2.39035e-06
2.39077e-06
2.38979e-06
2.38668e-06
2.38125e-06
2.3727e-06
2.36078e-06
2.34442e-06
2.32241e-06
2.29366e-06
2.25904e-06
4.36326e-06
4.42581e-06
4.47687e-06
4.51545e-06
4.54412e-06
4.56513e-06
4.58074e-06
4.59177e-06
4.59883e-06
4.60225e-06
4.60306e-06
4.60115e-06
4.59525e-06
4.58544e-06
4.57076e-06
4.5502e-06
4.52137e-06
4.48209e-06
4.4302e-06
4.36721e-06
8.21421e-06
8.32449e-06
8.41379e-06
8.48062e-06
8.52952e-06
8.56565e-06
8.59305e-06
8.6118e-06
8.6236e-06
8.62951e-06
8.63098e-06
8.62778e-06
8.61812e-06
8.60193e-06
8.57787e-06
8.54343e-06
8.49396e-06
8.42562e-06
8.33464e-06
8.22339e-06
1.50512e-05
1.52397e-05
1.5391e-05
1.55027e-05
1.55836e-05
1.56444e-05
1.56902e-05
1.57217e-05
1.57394e-05
1.57484e-05
1.57523e-05
1.57482e-05
1.57339e-05
1.57092e-05
1.56703e-05
1.56134e-05
1.55315e-05
1.54163e-05
1.52615e-05
1.50709e-05
2.68239e-05
2.71358e-05
2.73836e-05
2.75647e-05
2.76951e-05
2.77923e-05
2.78653e-05
2.79162e-05
2.7945e-05
2.79604e-05
2.7967e-05
2.79617e-05
2.79402e-05
2.79009e-05
2.78423e-05
2.77536e-05
2.76224e-05
2.74349e-05
2.71798e-05
2.68636e-05
4.64641e-05
4.69634e-05
4.73564e-05
4.76412e-05
4.78435e-05
4.79916e-05
4.81022e-05
4.81821e-05
4.82323e-05
4.82593e-05
4.82665e-05
4.82554e-05
4.82219e-05
4.81638e-05
4.80783e-05
4.79476e-05
4.77457e-05
4.74516e-05
4.70458e-05
4.65386e-05
7.8172e-05
7.89441e-05
7.95456e-05
7.99767e-05
8.02807e-05
8.04999e-05
8.066e-05
8.07814e-05
8.08661e-05
8.09051e-05
8.09043e-05
8.08815e-05
8.08389e-05
8.07617e-05
8.06406e-05
8.04543e-05
8.01548e-05
7.97085e-05
7.90853e-05
7.82996e-05
0.00012765
0.000128802
0.000129688
0.000130315
0.00013075
0.000131059
0.000131289
0.000131463
0.000131594
0.00013165
0.000131646
0.000131605
0.000131547
0.000131448
0.000131288
0.000131026
0.000130597
0.000129944
0.000129022
0.000127849
0.000202173
0.000203826
0.000205085
0.000205958
0.000206552
0.00020697
0.000207285
0.000207531
0.000207708
0.000207794
0.000207813
0.000207754
0.000207659
0.000207527
0.000207319
0.000206962
0.000206372
0.000205456
0.000204143
0.000202457
0.000310358
0.000312641
0.00031436
0.000315535
0.000316325
0.000316868
0.000317275
0.000317589
0.000317819
0.000317949
0.00031798
0.000317925
0.000317805
0.000317612
0.000317344
0.00031688
0.000316091
0.000314858
0.00031307
0.000310743
0.000461527
0.000464554
0.000466808
0.000468327
0.00046933
0.000470008
0.000470507
0.000470886
0.000471176
0.000471345
0.000471376
0.000471325
0.000471209
0.000470975
0.00047062
0.000470026
0.000469015
0.000467422
0.000465085
0.000462006
0.000664529
0.000668371
0.000671201
0.000673076
0.000674284
0.000675074
0.000675647
0.000676101
0.000676439
0.000676657
0.000676719
0.000676661
0.00067653
0.000676295
0.000675843
0.000675095
0.000673862
0.000671895
0.000668968
0.000665065
0.00092606
0.000930717
0.000934108
0.000936319
0.000937702
0.000938561
0.000939198
0.000939689
0.00094006
0.000940313
0.000940429
0.000940411
0.000940248
0.000939985
0.00093948
0.000938603
0.000937156
0.000934844
0.000931344
0.000926617
0.00124874
0.00125412
0.00125798
0.00126046
0.00126196
0.00126287
0.00126353
0.00126401
0.00126438
0.00126465
0.0012648
0.00126479
0.00126465
0.00126435
0.00126381
0.00126291
0.00126134
0.00125874
0.00125476
0.0012493
0.00162935
0.00163524
0.00163941
0.00164202
0.00164355
0.00164445
0.00164503
0.00164545
0.0016458
0.00164609
0.00164622
0.00164618
0.00164608
0.00164582
0.00164535
0.00164447
0.00164289
0.00164017
0.00163587
0.00162991
0.00205762
0.00206372
0.00206797
0.00207054
0.00207196
0.00207271
0.00207314
0.00207348
0.00207377
0.00207398
0.00207409
0.00207412
0.00207406
0.00207389
0.00207357
0.00207281
0.00207134
0.00206867
0.00206431
0.00205815
0.00251624
0.00252218
0.00252626
0.00252864
0.00252982
0.00253033
0.00253058
0.00253077
0.00253092
0.00253103
0.00253114
0.00253123
0.00253125
0.00253123
0.00253107
0.00253056
0.00252932
0.00252687
0.0025227
0.00251671
0.00298245
0.00298786
0.00299153
0.00299359
0.00299452
0.0029948
0.00299482
0.00299482
0.00299483
0.00299489
0.00299497
0.00299508
0.0029952
0.00299533
0.00299537
0.0029951
0.00299414
0.00299203
0.0029883
0.00298285
0.00343112
0.0034357
0.0034388
0.00344048
0.00344118
0.0034413
0.00344117
0.00344102
0.00344093
0.00344094
0.00344101
0.00344113
0.00344131
0.00344153
0.0034417
0.0034416
0.00344089
0.00343919
0.00343605
0.00343144
0.00383874
0.00384235
0.00384478
0.00384609
0.00384661
0.00384665
0.00384648
0.00384629
0.00384617
0.00384615
0.0038462
0.00384632
0.0038465
0.00384672
0.00384691
0.00384688
0.00384637
0.00384505
0.0038426
0.00383898
0.00418727
0.00418987
0.00419164
0.00419259
0.00419298
0.00419301
0.00419289
0.00419274
0.00419264
0.0041926
0.00419264
0.00419273
0.00419287
0.00419304
0.00419318
0.00419315
0.00419277
0.00419182
0.00419004
0.00418743
0.00446665
0.00446834
0.0044695
0.00447014
0.00447042
0.00447047
0.00447041
0.00447032
0.00447025
0.00447023
0.00447025
0.00447031
0.0044704
0.0044705
0.00447057
0.00447052
0.00447025
0.0044696
0.00446844
0.00446674
0.00467554
0.00467651
0.00467718
0.00467756
0.00467775
0.0046778
0.00467779
0.00467775
0.00467772
0.00467771
0.00467771
0.00467775
0.00467779
0.00467784
0.00467786
0.00467781
0.00467762
0.00467724
0.00467656
0.00467559
0.00482024
0.00482072
0.00482105
0.00482125
0.00482136
0.0048214
0.00482141
0.0048214
0.00482138
0.00482138
0.00482138
0.0048214
0.00482142
0.00482143
0.00482143
0.00482139
0.00482128
0.00482108
0.00482074
0.00482027
0.00491222
0.0049124
0.00491254
0.00491263
0.00491268
0.00491271
0.00491272
0.00491272
0.00491271
0.00491271
0.00491271
0.00491272
0.00491273
0.00491273
0.00491272
0.0049127
0.00491264
0.00491255
0.00491242
0.00491223
0.00496506
0.00496511
0.00496515
0.00496518
0.0049652
0.00496521
0.00496521
0.00496521
0.00496521
0.00496521
0.00496521
0.00496521
0.00496522
0.00496522
0.00496521
0.0049652
0.00496518
0.00496515
0.00496511
0.00496506
0.00499171
0.00499172
0.00499172
0.00499173
0.00499173
0.00499174
0.00499174
0.00499174
0.00499174
0.00499174
0.00499174
0.00499174
0.00499174
0.00499174
0.00499174
0.00499173
0.00499173
0.00499172
0.00499172
0.00499171
)
;

boundaryField
{
    outlet
    {
        type            zeroGradient;
    }
    inlet1
    {
        type            fixedValue;
        value           uniform 0;
    }
    inlet2
    {
        type            fixedValue;
        value           uniform 0.005;
    }
    frontAndBack
    {
        type            empty;
    }
    defaultFaces
    {
        type            zeroGradient;
    }
}


// ************************************************************************* //
