/*--------------------------------*- C++ -*----------------------------------*\
| =========                 |                                                 |
| \\      /  F ield         | OpenFOAM: The Open Source CFD Toolbox           |
|  \\    /   O peration     | Version:  2.1.0                                 |
|   \\  /    A nd           | Web:      www.OpenFOAM.org                      |
|    \\/     M anipulation  |                                                 |
\*---------------------------------------------------------------------------*/
FoamFile
{
    version     2.0;
    format      ascii;
    class       volScalarField;
    location    "0.47";
    object      C2;
}
// * * * * * * * * * * * * * * * * * * * * * * * * * * * * * * * * * * * * * //

dimensions      [0 0 0 0 0 0 0];

internalField   nonuniform List<scalar> 
6400
(
0.00243097
0.002428
0.00242418
0.00242005
0.00241575
0.0024113
0.0024067
0.00240197
0.00239708
0.00239204
0.00238685
0.00238149
0.00237597
0.00237027
0.0023644
0.00235834
0.0023521
0.00234566
0.00233902
0.00233218
0.00232512
0.00231784
0.00231034
0.0023026
0.00229461
0.00228638
0.00227789
0.00226913
0.0022601
0.00225079
0.00224118
0.00223127
0.00222104
0.00221049
0.00219961
0.00218838
0.0021768
0.00216485
0.00215252
0.00213979
0.00212666
0.00211311
0.00209912
0.00208469
0.00206979
0.00205442
0.00203855
0.00202216
0.00200525
0.00198779
0.00196976
0.00195115
0.00193192
0.00191208
0.00189158
0.00187042
0.00184856
0.00182598
0.00180266
0.00177857
0.00175369
0.00172799
0.00170144
0.00167402
0.00164569
0.00161642
0.00158619
0.00155496
0.0015227
0.00148938
0.00145497
0.00141942
0.00138271
0.00134481
0.00130567
0.00126527
0.00122357
0.00118054
0.00113616
0.0010904
0.00104324
0.000994659
0.000944659
0.000893238
0.000840413
0.000786215
0.000730693
0.000673923
0.000616007
0.000557085
0.00049734
0.000437012
0.000376446
0.000316198
0.000257135
0.00020037
0.000146818
9.8038e-05
5.65551e-05
2.58137e-05
0.0024337
0.00243073
0.00242697
0.00242291
0.00241869
0.00241431
0.0024098
0.00240514
0.00240034
0.00239539
0.00239028
0.00238501
0.00237958
0.00237398
0.00236821
0.00236225
0.00235611
0.00234978
0.00234325
0.00233651
0.00232957
0.0023224
0.00231501
0.00230739
0.00229954
0.00229143
0.00228307
0.00227444
0.00226555
0.00225637
0.0022469
0.00223713
0.00222705
0.00221666
0.00220593
0.00219485
0.00218343
0.00217164
0.00215947
0.00214691
0.00213395
0.00212057
0.00210676
0.0020925
0.00207778
0.00206258
0.00204689
0.00203069
0.00201397
0.00199669
0.00197885
0.00196042
0.00194139
0.00192173
0.00190142
0.00188043
0.00185875
0.00183636
0.00181321
0.0017893
0.00176459
0.00173905
0.00171267
0.0016854
0.00165721
0.00162808
0.00159798
0.00156686
0.00153471
0.00150147
0.00146713
0.00143163
0.00139495
0.00135705
0.00131788
0.00127743
0.00123564
0.00119248
0.00114793
0.00110194
0.0010545
0.00100557
0.000955149
0.000903221
0.000849792
0.00079488
0.000738525
0.000680793
0.000621787
0.000561664
0.000500652
0.000439081
0.00037744
0.000316421
0.000256942
0.000200254
0.000147352
0.000100067
6.10072e-05
3.30833e-05
0.00243953
0.00243665
0.00243302
0.00242912
0.00242506
0.00242086
0.00241653
0.00241205
0.00240744
0.00240267
0.00239776
0.00239269
0.00238747
0.00238208
0.00237652
0.00237079
0.00236487
0.00235877
0.00235248
0.00234599
0.0023393
0.00233239
0.00232527
0.00231792
0.00231034
0.00230252
0.00229445
0.00228613
0.00227753
0.00226867
0.00225952
0.00225008
0.00224034
0.00223028
0.0022199
0.00220919
0.00219813
0.00218671
0.00217492
0.00216275
0.00215019
0.00213721
0.00212381
0.00210998
0.00209568
0.00208092
0.00206567
0.00204992
0.00203365
0.00201683
0.00199945
0.0019815
0.00196294
0.00194377
0.00192394
0.00190345
0.00188227
0.00186037
0.00183773
0.00181431
0.00179011
0.00176507
0.00173919
0.00171241
0.00168472
0.00165608
0.00162646
0.00159582
0.00156412
0.00153133
0.00149741
0.00146232
0.00142602
0.00138847
0.00134962
0.00130944
0.00126788
0.0012249
0.00118046
0.00113451
0.00108701
0.00103793
0.000987225
0.000934877
0.000880863
0.000825177
0.000767835
0.000708883
0.000648412
0.000586586
0.000523673
0.000460093
0.000396475
0.000333722
0.000273078
0.000215802
0.000162969
0.000116435
7.85119e-05
5.16441e-05
0.00244859
0.00244587
0.00244247
0.00243883
0.00243503
0.00243111
0.00242705
0.00242286
0.00241854
0.00241408
0.00240948
0.00240473
0.00239983
0.00239478
0.00238957
0.00238419
0.00237864
0.00237292
0.00236701
0.00236091
0.00235463
0.00234814
0.00234144
0.00233453
0.0023274
0.00232004
0.00231244
0.0023046
0.00229651
0.00228815
0.00227953
0.00227062
0.00226143
0.00225194
0.00224214
0.00223202
0.00222156
0.00221077
0.00219961
0.0021881
0.0021762
0.0021639
0.0021512
0.00213808
0.00212451
0.00211049
0.00209601
0.00208103
0.00206555
0.00204954
0.00203299
0.00201588
0.00199818
0.00197988
0.00196095
0.00194137
0.00192111
0.00190016
0.00187847
0.00185604
0.00183282
0.00180879
0.00178392
0.00175819
0.00173154
0.00170396
0.00167541
0.00164585
0.00161525
0.00158356
0.00155074
0.00151676
0.00148156
0.00144511
0.00140736
0.00136826
0.00132776
0.0012858
0.00124235
0.00119733
0.0011507
0.0011024
0.00105237
0.00100055
0.000946892
0.00089135
0.000833897
0.000774532
0.000713306
0.000650345
0.0005859
0.000520398
0.00045451
0.000389242
0.000325988
0.000265929
0.000210258
0.00016091
0.000120301
9.14652e-05
0.00246085
0.00245837
0.0024553
0.00245201
0.00244858
0.00244503
0.00244136
0.00243757
0.00243365
0.00242961
0.00242544
0.00242114
0.0024167
0.00241211
0.00240738
0.0024025
0.00239746
0.00239226
0.00238689
0.00238135
0.00237563
0.00236973
0.00236363
0.00235734
0.00235084
0.00234414
0.00233721
0.00233006
0.00232268
0.00231505
0.00230717
0.00229904
0.00229063
0.00228195
0.00227298
0.00226372
0.00225415
0.00224425
0.00223403
0.00222346
0.00221254
0.00220126
0.00218959
0.00217752
0.00216505
0.00215215
0.00213881
0.00212501
0.00211074
0.00209598
0.0020807
0.0020649
0.00204855
0.00203163
0.00201412
0.001996
0.00197723
0.00195781
0.0019377
0.00191689
0.00189533
0.00187301
0.00184989
0.00182595
0.00180115
0.00177546
0.00174885
0.00172128
0.00169271
0.00166311
0.00163243
0.00160064
0.00156769
0.00153352
0.0014981
0.00146137
0.00142327
0.00138374
0.00134273
0.00130016
0.00125596
0.00121005
0.00116234
0.00111274
0.00106116
0.00100748
0.000951628
0.000893515
0.000833101
0.000770411
0.00070558
0.000638912
0.000570952
0.00050258
0.000435095
0.000369632
0.000307567
0.000251197
0.000203784
0.000170383
0.00247619
0.00247402
0.00247136
0.00246852
0.00246555
0.00246248
0.00245931
0.00245602
0.00245263
0.00244913
0.00244551
0.00244178
0.00243792
0.00243394
0.00242983
0.00242559
0.00242121
0.00241669
0.00241202
0.00240719
0.00240222
0.00239707
0.00239176
0.00238628
0.00238061
0.00237476
0.00236872
0.00236247
0.00235602
0.00234936
0.00234248
0.00233536
0.00232801
0.00232041
0.00231256
0.00230445
0.00229606
0.00228738
0.00227842
0.00226915
0.00225956
0.00224965
0.0022394
0.00222879
0.00221783
0.00220648
0.00219474
0.00218259
0.00217002
0.00215702
0.00214355
0.00212962
0.0021152
0.00210026
0.00208481
0.0020688
0.00205222
0.00203506
0.00201728
0.00199886
0.00197978
0.00196002
0.00193955
0.00191834
0.00189636
0.00187359
0.00184998
0.00182552
0.00180015
0.00177386
0.00174659
0.00171832
0.00168899
0.00165855
0.00162697
0.00159418
0.00156013
0.00152475
0.00148797
0.00144972
0.00140989
0.0013684
0.00132513
0.00127995
0.00123272
0.00118328
0.00113145
0.00107707
0.00101996
0.000959974
0.000897055
0.00083125
0.000762801
0.000692218
0.00062044
0.000548633
0.000478318
0.000412363
0.000355554
0.000316215
0.00249431
0.00249255
0.00249039
0.00248808
0.00248567
0.00248318
0.0024806
0.00247793
0.00247517
0.00247232
0.00246937
0.00246633
0.00246319
0.00245995
0.0024566
0.00245314
0.00244956
0.00244587
0.00244205
0.00243812
0.00243405
0.00242984
0.0024255
0.00242101
0.00241638
0.00241159
0.00240664
0.00240153
0.00239625
0.00239079
0.00238514
0.00237931
0.00237328
0.00236705
0.00236061
0.00235395
0.00234706
0.00233994
0.00233257
0.00232496
0.00231708
0.00230893
0.0023005
0.00229178
0.00228276
0.00227342
0.00226376
0.00225376
0.00224341
0.0022327
0.00222161
0.00221013
0.00219825
0.00218594
0.0021732
0.00216001
0.00214634
0.00213218
0.00211751
0.00210232
0.00208658
0.00207027
0.00205337
0.00203586
0.00201772
0.00199891
0.00197941
0.00195919
0.00193823
0.00191649
0.00189395
0.00187055
0.00184627
0.00182106
0.00179488
0.00176767
0.00173939
0.00170995
0.0016793
0.00164735
0.00161402
0.00157917
0.0015427
0.00150446
0.00146426
0.0014219
0.00137717
0.00132978
0.00127945
0.00122588
0.00116876
0.00110786
0.00104298
0.000974098
0.000901504
0.000826355
0.000750131
0.000676128
0.000610824
0.000566305
0.00251482
0.00251352
0.00251194
0.00251025
0.00250848
0.00250665
0.00250476
0.0025028
0.00250077
0.00249868
0.00249651
0.00249428
0.00249196
0.00248957
0.00248711
0.00248456
0.00248192
0.0024792
0.00247638
0.00247348
0.00247048
0.00246737
0.00246417
0.00246086
0.00245743
0.0024539
0.00245024
0.00244646
0.00244256
0.00243852
0.00243435
0.00243004
0.00242558
0.00242097
0.00241621
0.00241128
0.00240619
0.00240092
0.00239547
0.00238983
0.002384
0.00237797
0.00237173
0.00236528
0.0023586
0.00235169
0.00234454
0.00233714
0.00232948
0.00232155
0.00231334
0.00230484
0.00229604
0.00228693
0.0022775
0.00226773
0.00225761
0.00224714
0.00223628
0.00222504
0.00221339
0.00220133
0.00218883
0.00217588
0.00216246
0.00214855
0.00213414
0.0021192
0.00210372
0.00208765
0.002071
0.00205371
0.00203578
0.00201715
0.0019978
0.00197768
0.00195675
0.00193495
0.00191221
0.00188847
0.00186365
0.00183764
0.00181032
0.00178155
0.00175116
0.00171895
0.00168468
0.00164806
0.00160874
0.00156633
0.00152041
0.0014705
0.00141605
0.00135651
0.00129131
0.00122128
0.00114773
0.00107369
0.00100651
0.00096083
0.00253712
0.00253634
0.00253539
0.00253438
0.00253333
0.00253224
0.0025311
0.00252993
0.00252871
0.00252745
0.00252615
0.0025248
0.00252341
0.00252197
0.00252048
0.00251894
0.00251735
0.0025157
0.002514
0.00251225
0.00251043
0.00250856
0.00250662
0.00250462
0.00250255
0.00250041
0.00249819
0.00249591
0.00249355
0.0024911
0.00248858
0.00248597
0.00248327
0.00248049
0.0024776
0.00247462
0.00247154
0.00246835
0.00246506
0.00246165
0.00245813
0.00245448
0.00245071
0.00244681
0.00244277
0.0024386
0.00243428
0.0024298
0.00242518
0.00242039
0.00241544
0.00241031
0.002405
0.00239951
0.00239383
0.00238795
0.00238186
0.00237555
0.00236903
0.00236228
0.00235528
0.00234805
0.00234056
0.00233281
0.00232479
0.00231649
0.0023079
0.002299
0.00228979
0.00228025
0.00227037
0.00226014
0.00224953
0.00223853
0.00222711
0.00221526
0.00220293
0.00219009
0.0021767
0.0021627
0.00214804
0.00213266
0.00211645
0.00209932
0.00208114
0.00206177
0.00204103
0.00201871
0.00199451
0.00196812
0.00193915
0.00190715
0.00187152
0.00183152
0.00178616
0.00173459
0.00167876
0.00162025
0.00156511
0.00152676
0.00256045
0.00256023
0.00255997
0.00255968
0.00255937
0.00255905
0.00255872
0.00255837
0.00255801
0.00255764
0.00255725
0.00255684
0.00255642
0.00255598
0.00255553
0.00255506
0.00255458
0.00255408
0.00255355
0.00255302
0.00255246
0.00255188
0.00255129
0.00255067
0.00255003
0.00254938
0.00254869
0.00254799
0.00254726
0.00254651
0.00254574
0.00254493
0.0025441
0.00254325
0.00254236
0.00254145
0.0025405
0.00253953
0.00253852
0.00253747
0.0025364
0.00253528
0.00253413
0.00253294
0.00253171
0.00253044
0.00252913
0.00252778
0.00252638
0.00252493
0.00252344
0.00252189
0.0025203
0.00251866
0.00251696
0.00251521
0.00251341
0.00251155
0.00250963
0.00250765
0.00250562
0.00250353
0.00250138
0.00249918
0.00249691
0.00249459
0.0024922
0.00248976
0.00248726
0.0024847
0.00248208
0.00247939
0.00247665
0.00247383
0.00247095
0.00246798
0.00246494
0.0024618
0.00245855
0.00245518
0.00245165
0.00244793
0.00244398
0.00243975
0.0024352
0.00243027
0.00242489
0.00241906
0.0024126
0.00240541
0.00239736
0.0023883
0.00237795
0.00236595
0.00235179
0.00233472
0.00231428
0.00229148
0.0022685
0.00225116
0.00258398
0.00258433
0.00258475
0.00258519
0.00258565
0.00258611
0.00258659
0.00258708
0.00258759
0.0025881
0.00258863
0.00258918
0.00258974
0.00259032
0.00259091
0.00259153
0.00259216
0.00259281
0.00259348
0.00259417
0.00259489
0.00259562
0.00259638
0.00259717
0.00259798
0.00259882
0.00259968
0.00260058
0.0026015
0.00260246
0.00260344
0.00260447
0.00260552
0.00260662
0.00260775
0.00260892
0.00261013
0.00261138
0.00261268
0.00261403
0.00261542
0.00261686
0.00261835
0.0026199
0.0026215
0.00262317
0.00262489
0.00262667
0.00262853
0.00263045
0.00263244
0.00263451
0.00263666
0.00263889
0.00264121
0.00264362
0.00264613
0.00264873
0.00265144
0.00265427
0.00265721
0.00266027
0.00266347
0.00266682
0.00267031
0.00267396
0.00267778
0.00268178
0.00268597
0.00269036
0.00269497
0.00269981
0.00270489
0.00271023
0.00271585
0.00272175
0.00272798
0.00273452
0.00274142
0.00274868
0.00275632
0.00276436
0.00277281
0.0027817
0.00279104
0.00280087
0.00281118
0.00282197
0.00283338
0.00284554
0.00285867
0.00287307
0.00288887
0.00290626
0.0029254
0.00294655
0.00296991
0.0029952
0.00302003
0.00303799
0.00260685
0.00260775
0.00260883
0.00260997
0.00261116
0.00261239
0.00261365
0.00261495
0.00261629
0.00261767
0.00261909
0.00262056
0.00262207
0.00262363
0.00262524
0.00262689
0.0026286
0.00263037
0.00263219
0.00263407
0.00263601
0.00263801
0.00264008
0.00264222
0.00264442
0.00264671
0.00264906
0.0026515
0.00265401
0.00265661
0.0026593
0.00266208
0.00266495
0.00266793
0.002671
0.00267418
0.00267746
0.00268086
0.00268438
0.00268802
0.00269179
0.00269568
0.00269972
0.00270389
0.00270821
0.00271269
0.00271732
0.00272212
0.00272709
0.00273224
0.00273758
0.0027431
0.00274883
0.00275477
0.00276093
0.00276731
0.00277394
0.00278081
0.00278794
0.00279534
0.00280302
0.002811
0.0028193
0.00282792
0.00283689
0.00284622
0.00285593
0.00286604
0.00287658
0.00288756
0.00289901
0.00291096
0.00292344
0.00293647
0.0029501
0.00296435
0.00297926
0.00299489
0.00301126
0.00302844
0.00304646
0.00306539
0.00308529
0.00310623
0.00312829
0.00315157
0.00317616
0.00320221
0.0032299
0.00325945
0.00329112
0.00332529
0.00336278
0.00340397
0.00344909
0.00349837
0.00355147
0.00360641
0.00365749
0.00369239
0.00262834
0.00262973
0.00263142
0.00263322
0.00263509
0.00263702
0.00263901
0.00264107
0.00264318
0.00264536
0.00264761
0.00264993
0.00265232
0.00265479
0.00265733
0.00265996
0.00266266
0.00266546
0.00266834
0.00267132
0.00267439
0.00267756
0.00268084
0.00268422
0.00268772
0.00269133
0.00269506
0.00269891
0.00270289
0.00270701
0.00271126
0.00271566
0.0027202
0.0027249
0.00272975
0.00273477
0.00273997
0.00274534
0.00275089
0.00275663
0.00276258
0.00276872
0.00277508
0.00278167
0.00278848
0.00279553
0.00280282
0.00281037
0.00281819
0.00282629
0.00283467
0.00284336
0.00285235
0.00286167
0.00287133
0.00288133
0.0028917
0.00290245
0.00291359
0.00292515
0.00293714
0.00294958
0.0029625
0.0029759
0.00298983
0.00300429
0.00301933
0.00303495
0.00305121
0.00306812
0.00308572
0.00310405
0.00312314
0.00314305
0.00316381
0.00318548
0.00320811
0.00323176
0.00325648
0.00328234
0.00330943
0.0033378
0.00336756
0.0033988
0.00343163
0.00346616
0.00350255
0.00354096
0.00358159
0.00362465
0.00367041
0.00371918
0.00377132
0.0038276
0.00388789
0.00395195
0.00401871
0.00408527
0.00414511
0.00418538
0.00264784
0.00264967
0.00265191
0.00265429
0.00265677
0.00265933
0.00266198
0.0026647
0.00266751
0.0026704
0.00267339
0.00267647
0.00267964
0.00268291
0.00268629
0.00268977
0.00269336
0.00269706
0.00270089
0.00270484
0.00270891
0.00271311
0.00271746
0.00272194
0.00272657
0.00273135
0.00273629
0.00274139
0.00274665
0.0027521
0.00275772
0.00276353
0.00276954
0.00277575
0.00278216
0.00278879
0.00279565
0.00280274
0.00281007
0.00281764
0.00282548
0.00283359
0.00284197
0.00285065
0.00285962
0.0028689
0.00287851
0.00288845
0.00289874
0.00290939
0.00292041
0.00293183
0.00294364
0.00295588
0.00296856
0.00298168
0.00299528
0.00300937
0.00302398
0.00303911
0.0030548
0.00307107
0.00308795
0.00310545
0.00312361
0.00314247
0.00316204
0.00318237
0.00320348
0.00322542
0.00324823
0.00327196
0.00329663
0.00332232
0.00334906
0.00337692
0.00340595
0.00343622
0.0034678
0.00350076
0.00353518
0.00357113
0.00360872
0.00364802
0.00368915
0.00373222
0.00377734
0.00382465
0.00387426
0.00392631
0.0039809
0.00403813
0.00409801
0.00416074
0.00422616
0.00429353
0.00436137
0.0044267
0.00448392
0.00452268
0.00266491
0.00266711
0.00266982
0.00267271
0.00267572
0.00267882
0.00268202
0.00268532
0.00268873
0.00269223
0.00269585
0.00269957
0.00270341
0.00270737
0.00271145
0.00271567
0.00272001
0.00272449
0.00272911
0.00273388
0.00273879
0.00274387
0.00274911
0.00275452
0.0027601
0.00276587
0.00277182
0.00277796
0.00278431
0.00279086
0.00279763
0.00280462
0.00281184
0.0028193
0.00282701
0.00283498
0.00284321
0.00285172
0.00286052
0.00286961
0.00287901
0.00288872
0.00289877
0.00290916
0.0029199
0.00293102
0.00294251
0.0029544
0.0029667
0.00297943
0.0029926
0.00300623
0.00302034
0.00303494
0.00305006
0.00306571
0.00308191
0.0030987
0.00311608
0.00313409
0.00315275
0.00317209
0.00319213
0.00321291
0.00323446
0.0032568
0.00327998
0.00330402
0.00332898
0.00335488
0.00338178
0.00340972
0.00343874
0.00346891
0.00350026
0.00353287
0.00356678
0.00360207
0.00363879
0.00367702
0.00371682
0.00375827
0.00380144
0.0038464
0.00389323
0.003942
0.00399276
0.00404557
0.00410045
0.00415737
0.00421627
0.00427696
0.00433915
0.00440236
0.00446643
0.00453031
0.00459247
0.00465035
0.00469987
0.00473401
0.00267926
0.00268175
0.00268484
0.00268815
0.00269159
0.00269515
0.00269881
0.00270259
0.00270648
0.00271049
0.00271462
0.00271887
0.00272326
0.00272778
0.00273244
0.00273725
0.0027422
0.00274731
0.00275258
0.00275801
0.00276361
0.00276939
0.00277536
0.00278151
0.00278786
0.00279441
0.00280117
0.00280815
0.00281536
0.0028228
0.00283047
0.0028384
0.00284659
0.00285504
0.00286377
0.00287279
0.00288211
0.00289173
0.00290167
0.00291194
0.00292255
0.00293351
0.00294485
0.00295656
0.00296867
0.00298118
0.00299412
0.0030075
0.00302133
0.00303564
0.00305043
0.00306573
0.00308157
0.00309794
0.00311489
0.00313243
0.00315057
0.00316936
0.0031888
0.00320893
0.00322977
0.00325136
0.00327372
0.00329688
0.00332087
0.00334574
0.00337151
0.00339822
0.00342592
0.00345463
0.00348442
0.00351531
0.00354737
0.00358063
0.00361515
0.00365099
0.00368819
0.00372682
0.00376694
0.00380859
0.00385183
0.00389673
0.00394332
0.00399166
0.00404178
0.00409371
0.00414744
0.00420296
0.00426017
0.00431896
0.00437906
0.00444012
0.00450156
0.00456262
0.00462282
0.00468116
0.00473618
0.00478582
0.00482729
0.00485637
0.00269067
0.00269338
0.00269677
0.00270041
0.0027042
0.0027081
0.00271213
0.00271628
0.00272055
0.00272495
0.00272948
0.00273415
0.00273896
0.00274392
0.00274903
0.00275429
0.00275972
0.00276531
0.00277108
0.00277703
0.00278316
0.00278948
0.00279599
0.00280272
0.00280965
0.00281681
0.00282419
0.0028318
0.00283965
0.00284776
0.00285613
0.00286476
0.00287367
0.00288286
0.00289236
0.00290216
0.00291227
0.00292272
0.00293351
0.00294464
0.00295614
0.00296802
0.00298029
0.00299297
0.00300606
0.00301958
0.00303356
0.003048
0.00306292
0.00307834
0.00309428
0.00311076
0.00312779
0.0031454
0.0031636
0.00318243
0.0032019
0.00322204
0.00324286
0.00326441
0.0032867
0.00330977
0.00333364
0.00335835
0.00338392
0.00341039
0.0034378
0.00346618
0.00349557
0.00352602
0.00355755
0.00359022
0.00362406
0.00365913
0.00369548
0.00373314
0.00377216
0.0038126
0.0038545
0.00389791
0.00394287
0.00398941
0.00403756
0.00408735
0.00413878
0.00419184
0.00424649
0.00430265
0.0043602
0.00441893
0.00447851
0.0045385
0.00459824
0.00465688
0.00471357
0.00476751
0.0048173
0.00486119
0.00489707
0.00492238
0.00269905
0.00270191
0.00270553
0.0027094
0.00271344
0.0027176
0.00272189
0.0027263
0.00273085
0.00273554
0.00274036
0.00274533
0.00275044
0.00275571
0.00276114
0.00276674
0.0027725
0.00277844
0.00278457
0.00279088
0.00279738
0.00280409
0.002811
0.00281813
0.00282548
0.00283306
0.00284087
0.00284893
0.00285724
0.00286582
0.00287466
0.00288379
0.0028932
0.00290292
0.00291294
0.00292328
0.00293395
0.00294496
0.00295633
0.00296806
0.00298017
0.00299267
0.00300557
0.00301889
0.00303265
0.00304685
0.00306151
0.00307665
0.00309229
0.00310844
0.00312512
0.00314236
0.00316016
0.00317855
0.00319755
0.00321718
0.00323747
0.00325844
0.00328011
0.0033025
0.00332566
0.00334959
0.00337434
0.00339992
0.00342638
0.00345374
0.00348203
0.0035113
0.00354157
0.00357288
0.00360527
0.00363878
0.00367345
0.00370931
0.00374641
0.00378479
0.00382449
0.00386555
0.003908
0.00395189
0.00399723
0.00404405
0.00409237
0.00414219
0.0041935
0.00424627
0.00430043
0.00435591
0.00441255
0.00447014
0.00452838
0.00458682
0.00464488
0.00470179
0.00475657
0.00480846
0.00485618
0.004898
0.00493187
0.00495569
0.00270444
0.00270737
0.00271111
0.00271514
0.00271933
0.00272365
0.00272811
0.00273269
0.00273742
0.00274228
0.00274728
0.00275244
0.00275775
0.00276322
0.00276885
0.00277465
0.00278062
0.00278678
0.00279313
0.00279966
0.0028064
0.00281335
0.0028205
0.00282788
0.00283549
0.00284333
0.00285141
0.00285975
0.00286834
0.00287721
0.00288635
0.00289577
0.00290549
0.00291552
0.00292586
0.00293653
0.00294754
0.0029589
0.00297061
0.0029827
0.00299517
0.00300804
0.00302132
0.00303502
0.00304916
0.00306376
0.00307882
0.00309437
0.00311042
0.00312699
0.0031441
0.00316176
0.00317999
0.00319881
0.00321825
0.00323833
0.00325906
0.00328046
0.00330257
0.00332541
0.003349
0.00337337
0.00339854
0.00342455
0.00345141
0.00347917
0.00350786
0.00353749
0.00356811
0.00359975
0.00363244
0.00366622
0.00370111
0.00373717
0.00377441
0.00381288
0.0038526
0.00389362
0.00393594
0.00397961
0.00402464
0.00407105
0.00411882
0.00416797
0.00421847
0.00427027
0.00432332
0.00437752
0.00443274
0.00448881
0.00454547
0.00460237
0.00465903
0.00471483
0.00476894
0.00482057
0.00486859
0.00491129
0.00494635
0.00497124
0.00270695
0.00270989
0.00271367
0.00271777
0.00272203
0.00272643
0.00273096
0.00273562
0.00274042
0.00274537
0.00275046
0.0027557
0.00276109
0.00276665
0.00277237
0.00277826
0.00278434
0.00279059
0.00279704
0.00280368
0.00281052
0.00281757
0.00282484
0.00283233
0.00284005
0.002848
0.00285621
0.00286466
0.00287338
0.00288237
0.00289164
0.0029012
0.00291106
0.00292122
0.00293171
0.00294252
0.00295367
0.00296517
0.00297704
0.00298928
0.0030019
0.00301493
0.00302837
0.00304223
0.00305654
0.0030713
0.00308653
0.00310225
0.00311847
0.00313521
0.00315248
0.00317031
0.00318872
0.00320771
0.00322732
0.00324756
0.00326846
0.00329003
0.0033123
0.00333529
0.00335903
0.00338354
0.00340885
0.00343498
0.00346197
0.00348984
0.00351861
0.00354833
0.00357902
0.0036107
0.00364342
0.0036772
0.00371208
0.00374808
0.00378523
0.00382358
0.00386314
0.00390394
0.003946
0.00398935
0.00403401
0.00407996
0.00412723
0.00417578
0.00422561
0.00427665
0.00432886
0.00438215
0.0044364
0.00449146
0.00454715
0.00460321
0.00465924
0.00471461
0.00476856
0.00482029
0.00486885
0.00491282
0.00494998
0.00497735
1.012e-05
1.01213e-05
1.2621e-05
1.61317e-05
2.02783e-05
2.49503e-05
3.0126e-05
3.58299e-05
4.21241e-05
4.91101e-05
5.69334e-05
6.57879e-05
7.59173e-05
8.76065e-05
0.000101156
0.000116815
0.000134638
0.000154169
0.000173752
0.000188987
1.97017e-05
2.05412e-05
2.49384e-05
3.09106e-05
3.78174e-05
4.54385e-05
5.3712e-05
6.26588e-05
7.23633e-05
8.29725e-05
9.47002e-05
0.00010783
0.000122714
0.000139752
0.000159351
0.000181812
0.000207113
0.000234431
0.000261176
0.000281086
3.94323e-05
4.24521e-05
4.9934e-05
5.95664e-05
7.04784e-05
8.23103e-05
9.49316e-05
0.000108345
0.000122657
0.000138068
0.000154878
0.000173482
0.000194362
0.000218051
0.000245067
0.000275756
0.000309975
0.000346444
0.000381502
0.000406798
8.03076e-05
8.6786e-05
9.8784e-05
0.000113452
0.000129699
0.000147028
0.000165226
0.000184266
0.000204271
0.000225505
0.000248364
0.000273377
0.00030117
0.000332423
0.000367769
0.00040758
0.000451533
0.000497775
0.000541398
0.000571779
0.000160818
0.000171844
0.000189585
0.000210437
0.000233035
0.000256748
0.000281285
0.000306587
0.000332795
0.000360235
0.000389413
0.000420999
0.000455767
0.000494548
0.000538089
0.000586752
0.000639953
0.000695149
0.000746079
0.000780146
0.000309037
0.000324999
0.000348794
0.000375988
0.000404911
0.000434792
0.000465271
0.000496269
0.000527943
0.000560677
0.000595096
0.000631989
0.000672265
0.000716898
0.000766721
0.000822044
0.000881953
0.000943147
0.000998083
0.00103343
0.000561865
0.000581692
0.000610017
0.00064177
0.000675019
0.000708874
0.000742927
0.000777086
0.000811522
0.000846688
0.000883288
0.000922171
0.000964329
0.00101083
0.00106256
0.00111974
0.0011811
0.00124264
0.00129608
0.00132953
0.000958362
0.000978908
0.00100767
0.0010395
0.00107238
0.00110537
0.00113808
0.0011704
0.00120256
0.00123506
0.00126855
0.00130381
0.00134181
0.00138361
0.0014301
0.0014814
0.00153595
0.00158938
0.00163389
0.0016611
0.00152458
0.00154074
0.00156333
0.00158809
0.00161332
0.00163818
0.00166237
0.00168588
0.00170899
0.00173204
0.00175545
0.00177976
0.00180575
0.00183428
0.00186614
0.00190137
0.00193849
0.00197361
0.00200117
0.00201671
0.00224872
0.00225483
0.0022636
0.00227308
0.00228248
0.00229136
0.00229965
0.00230736
0.00231456
0.00232128
0.00232767
0.00233387
0.00234025
0.00234707
0.00235477
0.00236339
0.00237236
0.00238019
0.00238493
0.00238592
0.00303957
0.00303259
0.00302269
0.00301169
0.00300028
0.00298881
0.00297721
0.00296534
0.00295303
0.00294009
0.00292634
0.00291147
0.00289513
0.00287691
0.00285639
0.00283376
0.00281022
0.00278788
0.00276906
0.00275636
0.00369359
0.00367815
0.00365654
0.00363254
0.00360763
0.00358245
0.00355722
0.00353188
0.00350608
0.00347939
0.00345136
0.00342138
0.00338868
0.00335246
0.00331207
0.00326766
0.00322096
0.00317609
0.00313907
0.00311596
0.00418711
0.00416851
0.00414236
0.00411313
0.00408254
0.00405132
0.00401979
0.00398794
0.0039555
0.00392198
0.00388671
0.00384892
0.00380767
0.00376201
0.00371118
0.0036552
0.00359569
0.00353702
0.00348726
0.00345624
0.00452643
0.00450904
0.004484
0.00445568
0.0044257
0.00439478
0.00436321
0.00433101
0.00429796
0.00426363
0.00422732
0.00418822
0.0041454
0.0040979
0.00404492
0.00398632
0.00392337
0.00385994
0.00380424
0.0037688
0.00474031
0.00472662
0.00470598
0.00468217
0.0046566
0.00462989
0.0046023
0.00457384
0.00454433
0.00451338
0.00448039
0.00444463
0.00440525
0.00436135
0.00431217
0.00425745
0.00419806
0.00413715
0.004082
0.00404596
0.00486482
0.00485554
0.00484035
0.00482233
0.00480261
0.00478171
0.00475983
0.00473699
0.00471303
0.00468761
0.00466027
0.00463036
0.00459718
0.00455995
0.00451797
0.00447093
0.00441936
0.00436566
0.00431577
0.00428192
0.00493224
0.0049269
0.00491673
0.00490416
0.0048901
0.00487496
0.0048589
0.0048419
0.00482384
0.00480444
0.00478334
0.00476003
0.00473394
0.00470443
0.00467091
0.00463304
0.00459111
0.00454686
0.00450491
0.00447537
0.00496648
0.00496409
0.00495779
0.00494958
0.00494018
0.00492991
0.00491884
0.00490695
0.00489413
0.00488019
0.00486483
0.00484769
0.00482832
0.00480622
0.00478091
0.00475207
0.00471982
0.00468536
0.00465213
0.00462798
0.00498308
0.00498251
0.00497883
0.00497376
0.00496782
0.00496122
0.00495399
0.0049461
0.00493745
0.00492792
0.00491728
0.00490528
0.0048916
0.00487585
0.00485766
0.00483675
0.00481314
0.00478759
0.00476253
0.00474382
0.00499122
0.00499133
0.00498924
0.00498625
0.00498269
0.00497865
0.00497413
0.00496911
0.00496352
0.00495727
0.00495021
0.00494217
0.00493292
0.00492219
0.00490971
0.00489525
0.00487875
0.00486064
0.00484247
0.00482833
3.79423e-52
3.78731e-52
3.77863e-52
3.77173e-52
3.76946e-52
3.77412e-52
3.78735e-52
3.8102e-52
3.8431e-52
3.88596e-52
3.93813e-52
3.99844e-52
4.06524e-52
4.13639e-52
4.20925e-52
4.28069e-52
4.34707e-52
4.40429e-52
4.44781e-52
4.47262e-52
1.91673e-51
1.91134e-51
1.90554e-51
1.90089e-51
1.89883e-51
1.90049e-51
1.90672e-51
1.91803e-51
1.93463e-51
1.95646e-51
1.98318e-51
2.01421e-51
2.0487e-51
2.08557e-51
2.12351e-51
2.16095e-51
2.19603e-51
2.22667e-51
2.25062e-51
2.26557e-51
6.62375e-51
6.59619e-51
6.56837e-51
6.54611e-51
6.53414e-51
6.53625e-51
6.55527e-51
6.59297e-51
6.65011e-51
6.72648e-51
6.82095e-51
6.93144e-51
7.05503e-51
7.18794e-51
7.32553e-51
7.46233e-51
7.59196e-51
7.70738e-51
7.8009e-51
7.8641e-51
2.10604e-50
2.094e-50
2.08224e-50
2.07282e-50
2.06716e-50
2.06642e-50
2.07148e-50
2.08292e-50
2.101e-50
2.12567e-50
2.15657e-50
2.19303e-50
2.2341e-50
2.27857e-50
2.32492e-50
2.37136e-50
2.41588e-50
2.45625e-50
2.4901e-50
2.51449e-50
6.53331e-50
6.48579e-50
6.43935e-50
6.40192e-50
6.37796e-50
6.37086e-50
6.38327e-50
6.41699e-50
6.47287e-50
6.55079e-50
6.64965e-50
6.76736e-50
6.90095e-50
7.04652e-50
7.19927e-50
7.35357e-50
7.5032e-50
7.6414e-50
7.76067e-50
7.8499e-50
2.01024e-49
1.99241e-49
1.97497e-49
1.96077e-49
1.95128e-49
1.94753e-49
1.9503e-49
1.96012e-49
1.97728e-49
2.00173e-49
2.03314e-49
2.07086e-49
2.11396e-49
2.16122e-49
2.21114e-49
2.26199e-49
2.31186e-49
2.35866e-49
2.39995e-49
2.43176e-49
6.16572e-49
6.10104e-49
6.03768e-49
5.9857e-49
5.94985e-49
5.93335e-49
5.93854e-49
5.96703e-49
6.0196e-49
6.09614e-49
6.19564e-49
6.31609e-49
6.45461e-49
6.60739e-49
6.76984e-49
6.93665e-49
7.10193e-49
7.25915e-49
7.40038e-49
7.51171e-49
1.88809e-48
1.8652e-48
1.84274e-48
1.82419e-48
1.81111e-48
1.80449e-48
1.80506e-48
1.81328e-48
1.82938e-48
1.85333e-48
1.8848e-48
1.92317e-48
1.96757e-48
2.01681e-48
2.0695e-48
2.12401e-48
2.17853e-48
2.231e-48
2.27884e-48
2.31726e-48
5.77536e-48
5.6958e-48
5.61767e-48
5.55283e-48
5.50631e-48
5.48126e-48
5.47985e-48
5.50348e-48
5.55279e-48
5.62765e-48
5.72705e-48
5.8491e-48
5.99107e-48
6.1494e-48
6.31981e-48
6.49731e-48
6.67632e-48
6.85037e-48
7.01113e-48
7.1422e-48
1.76488e-47
1.73765e-47
1.71088e-47
1.68857e-47
1.67236e-47
1.66323e-47
1.66184e-47
1.66861e-47
1.68372e-47
1.70711e-47
1.73847e-47
1.77722e-47
1.82253e-47
1.87331e-47
1.92827e-47
1.98588e-47
2.04442e-47
2.10184e-47
2.15547e-47
2.19976e-47
5.38833e-47
5.29628e-47
5.20564e-47
5.12994e-47
5.07436e-47
5.04199e-47
5.03486e-47
5.05418e-47
5.10047e-47
5.17351e-47
5.27235e-47
5.39519e-47
5.53951e-47
5.70203e-47
5.87879e-47
6.06516e-47
6.25581e-47
6.44435e-47
6.62216e-47
6.77052e-47
1.64361e-46
1.61281e-46
1.58245e-46
1.55704e-46
1.53824e-46
1.52701e-46
1.52396e-46
1.52946e-46
1.54365e-46
1.56645e-46
1.59757e-46
1.63645e-46
1.68233e-46
1.73423e-46
1.79093e-46
1.85104e-46
1.91289e-46
1.97452e-46
2.03313e-46
2.08248e-46
5.00898e-46
4.90687e-46
4.8061e-46
4.72162e-46
4.65873e-46
4.62041e-46
4.60852e-46
4.62414e-46
4.66766e-46
4.73881e-46
4.83666e-46
4.95954e-46
5.10513e-46
5.27047e-46
5.45192e-46
5.64518e-46
5.84519e-46
6.04575e-46
6.23801e-46
6.40108e-46
1.52513e-45
1.49154e-45
1.45835e-45
1.43049e-45
1.40966e-45
1.39677e-45
1.39238e-45
1.39681e-45
1.41016e-45
1.43235e-45
1.46309e-45
1.50187e-45
1.54799e-45
1.60055e-45
1.65847e-45
1.72043e-45
1.78489e-45
1.84992e-45
1.91268e-45
1.96626e-45
4.63949e-45
4.52974e-45
4.42117e-45
4.33001e-45
4.26158e-45
4.2187e-45
4.20307e-45
4.21562e-45
4.25664e-45
4.32582e-45
4.42227e-45
4.54447e-45
4.6903e-45
4.85708e-45
5.04152e-45
5.23965e-45
5.44673e-45
5.65677e-45
5.8608e-45
6.03591e-45
1.41006e-44
1.37443e-44
1.33914e-44
1.3095e-44
1.28718e-44
1.27306e-44
1.26764e-44
1.2712e-44
1.28381e-44
1.30537e-44
1.33561e-44
1.37406e-44
1.42009e-44
1.4729e-44
1.5315e-44
1.59469e-44
1.66102e-44
1.72864e-44
1.7947e-44
1.85166e-44
4.28164e-44
4.1666e-44
4.05253e-44
3.95671e-44
3.88443e-44
3.83833e-44
3.81994e-44
3.83004e-44
3.86884e-44
3.936e-44
4.03069e-44
4.1515e-44
4.29657e-44
4.46347e-44
4.64924e-44
4.85027e-44
5.06214e-44
5.27915e-44
5.49225e-44
5.67674e-44
1.29893e-43
1.26198e-43
1.2253e-43
1.19449e-43
1.17121e-43
1.15628e-43
1.15014e-43
1.15301e-43
1.16496e-43
1.18588e-43
1.2155e-43
1.25341e-43
1.29905e-43
1.3517e-43
1.41046e-43
1.47427e-43
1.54177e-43
1.6112e-43
1.67971e-43
1.73922e-43
3.937e-43
3.81889e-43
3.70148e-43
3.60289e-43
3.52834e-43
3.48029e-43
3.46005e-43
3.46829e-43
3.50513e-43
3.57023e-43
3.66281e-43
3.78162e-43
3.92497e-43
4.09074e-43
4.27627e-43
4.47832e-43
4.69282e-43
4.91437e-43
5.13392e-43
5.32517e-43
1.1922e-42
1.15461e-42
1.11719e-42
1.08579e-42
1.06203e-42
1.04666e-42
1.04007e-42
1.04245e-42
1.05382e-42
1.07407e-42
1.10298e-42
1.14016e-42
1.18512e-42
1.23722e-42
1.29568e-42
1.35952e-42
1.42753e-42
1.49803e-42
1.56818e-42
1.62943e-42
3.60692e-42
3.48775e-42
3.369e-42
3.26938e-42
3.19401e-42
3.14513e-42
3.12388e-42
3.1308e-42
3.16593e-42
3.22893e-42
3.3191e-42
3.43531e-42
3.5761e-42
3.73958e-42
3.92343e-42
4.12475e-42
4.33985e-42
4.56364e-42
4.78713e-42
4.98267e-42
1.09026e-41
1.05262e-41
1.01507e-41
9.83596e-42
9.59788e-42
9.44322e-42
9.37532e-42
9.39566e-42
9.50432e-42
9.70021e-42
9.9812e-42
1.0344e-41
1.07842e-41
1.12963e-41
1.18735e-41
1.2507e-41
1.31859e-41
1.38946e-41
1.46048e-41
1.52271e-41
3.29249e-41
3.17407e-41
3.05577e-41
2.95667e-41
2.88176e-41
2.83305e-41
2.81153e-41
2.81758e-41
2.85122e-41
2.9121e-41
2.99959e-41
3.11269e-41
3.25014e-41
3.41031e-41
3.59118e-41
3.7902e-41
4.00403e-41
4.22793e-41
4.45302e-41
4.65053e-41
9.93404e-41
9.56265e-41
9.19118e-41
8.88026e-41
8.64542e-41
8.49272e-41
8.42498e-41
8.44327e-41
8.5475e-41
8.73664e-41
9.00877e-41
9.36097e-41
9.78954e-41
1.02897e-40
1.08556e-40
1.14796e-40
1.21518e-40
1.28577e-40
1.35694e-40
1.41946e-40
2.99456e-40
2.87846e-40
2.76218e-40
2.66495e-40
2.59159e-40
2.54392e-40
2.52273e-40
2.52833e-40
2.56066e-40
2.6194e-40
2.70397e-40
2.81352e-40
2.94697e-40
3.10293e-40
3.27968e-40
3.47499e-40
3.68589e-40
3.90798e-40
4.13252e-40
4.3299e-40
9.01877e-40
8.65688e-40
8.29402e-40
7.9909e-40
7.76249e-40
7.61423e-40
7.54842e-40
7.5658e-40
7.66616e-40
7.84847e-40
8.11106e-40
8.45143e-40
8.86642e-40
9.35205e-40
9.90326e-40
1.05135e-39
1.11741e-39
1.18715e-39
1.25783e-39
1.32e-39
2.71374e-39
2.60127e-39
2.48836e-39
2.39413e-39
2.32324e-39
2.27731e-39
2.25698e-39
2.26245e-39
2.29362e-39
2.35019e-39
2.43165e-39
2.53728e-39
2.66617e-39
2.81717e-39
2.98882e-39
3.17921e-39
3.38572e-39
3.6043e-39
3.82634e-39
4.02172e-39
8.15829e-39
7.80967e-39
7.45929e-39
7.16722e-39
6.94787e-39
6.80606e-39
6.74362e-39
6.76102e-39
6.85792e-39
7.03335e-39
7.28586e-39
7.61333e-39
8.01315e-39
8.48204e-39
9.01576e-39
9.60879e-39
1.02534e-38
1.09372e-38
1.16334e-38
1.22461e-38
2.45041e-38
2.34264e-38
2.23419e-38
2.1439e-38
2.07622e-38
2.03259e-38
2.01352e-38
2.01912e-38
2.04925e-38
2.10363e-38
2.18184e-38
2.28325e-38
2.40713e-38
2.55254e-38
2.71827e-38
2.90272e-38
3.1036e-38
3.31717e-38
3.53503e-38
3.72677e-38
7.35339e-38
7.02106e-38
6.68627e-38
6.40788e-38
6.19965e-38
6.06585e-38
6.00791e-38
6.02604e-38
6.1198e-38
6.28831e-38
6.5303e-38
6.84405e-38
7.22744e-38
7.67782e-38
8.19175e-38
8.7646e-38
9.38966e-38
1.00556e-37
1.07361e-37
1.1335e-37
2.20469e-37
2.10246e-37
1.99936e-37
1.91373e-37
1.84984e-37
1.80894e-37
1.79143e-37
1.79734e-37
1.82652e-37
1.87871e-37
1.95354e-37
2.0505e-37
2.16903e-37
2.30835e-37
2.46752e-37
2.64519e-37
2.83939e-37
3.0467e-37
3.25892e-37
3.44563e-37
6.6042e-37
6.29044e-37
5.97366e-37
5.71094e-37
5.51539e-37
5.39077e-37
5.33813e-37
5.3575e-37
5.44836e-37
5.6099e-37
5.84108e-37
6.14049e-37
6.50649e-37
6.93701e-37
7.42933e-37
7.97965e-37
8.5822e-37
9.22658e-37
9.88726e-37
1.04683e-36
1.97653e-36
1.88046e-36
1.78335e-36
1.70293e-36
1.64323e-36
1.60537e-36
1.58964e-36
1.596e-36
1.62429e-36
1.67427e-36
1.74564e-36
1.83801e-36
1.95091e-36
2.08379e-36
2.23589e-36
2.40613e-36
2.59282e-36
2.79283e-36
2.99819e-36
3.17871e-36
5.9102e-36
5.61664e-36
5.31962e-36
5.07401e-36
4.89222e-36
4.77754e-36
4.73075e-36
4.75168e-36
4.8398e-36
4.99436e-36
5.21453e-36
5.4992e-36
5.84715e-36
6.25684e-36
6.7262e-36
7.25218e-36
7.82987e-36
8.44978e-36
9.08712e-36
9.64702e-36
1.76568e-35
1.67618e-35
1.58553e-35
1.51068e-35
1.45545e-35
1.42082e-35
1.40699e-35
1.41388e-35
1.44132e-35
1.4891e-35
1.55696e-35
1.64462e-35
1.75175e-35
1.87793e-35
2.02261e-35
2.18493e-35
2.36346e-35
2.55534e-35
2.75285e-35
2.92624e-35
5.27033e-35
4.99799e-35
4.7219e-35
4.4943e-35
4.32692e-35
4.22265e-35
4.18199e-35
4.20467e-35
4.29013e-35
4.43772e-35
4.64678e-35
4.91648e-35
5.24599e-35
5.63424e-35
6.07972e-35
6.58006e-35
7.13113e-35
7.72428e-35
8.3355e-35
8.87164e-35
1.57173e-34
1.48903e-34
1.40511e-34
1.33605e-34
1.28544e-34
1.25413e-34
1.24226e-34
1.24972e-34
1.27633e-34
1.3219e-34
1.38625e-34
1.46916e-34
1.57043e-34
1.68977e-34
1.82679e-34
1.98085e-34
2.15076e-34
2.33388e-34
2.52278e-34
2.68831e-34
4.68307e-34
4.43245e-34
4.1779e-34
3.96877e-34
3.81608e-34
3.72237e-34
3.68794e-34
3.71242e-34
3.79526e-34
3.9359e-34
4.13384e-34
4.38853e-34
4.69945e-34
5.06594e-34
5.48701e-34
5.96088e-34
6.48411e-34
7.04882e-34
7.63181e-34
8.1422e-34
1.39411e-33
1.31831e-33
1.24125e-33
1.17805e-33
1.13209e-33
1.10412e-33
1.09421e-33
1.10223e-33
1.12801e-33
1.17139e-33
1.23224e-33
1.31041e-33
1.40579e-33
1.51824e-33
1.64751e-33
1.79312e-33
1.95408e-33
2.12802e-33
2.30772e-33
2.46487e-33
4.14648e-33
3.91763e-33
3.68478e-33
3.49417e-33
3.35614e-33
3.2729e-33
3.24462e-33
3.27085e-33
3.35106e-33
3.4848e-33
3.67171e-33
3.91147e-33
4.20386e-33
4.54857e-33
4.94504e-33
5.39202e-33
5.88668e-33
6.42182e-33
6.97507e-33
7.45833e-33
1.23218e-32
1.16322e-32
1.093e-32
1.03562e-32
9.94258e-33
9.69563e-33
9.61565e-33
9.70122e-33
9.9507e-33
1.03628e-32
1.09366e-32
1.16714e-32
1.2567e-32
1.36228e-32
1.48377e-32
1.62086e-32
1.77272e-32
1.93719e-32
2.10732e-32
2.25573e-32
3.65833e-32
3.4509e-32
3.23951e-32
3.06716e-32
2.94347e-32
2.87043e-32
2.84806e-32
2.8759e-32
2.95346e-32
3.08037e-32
3.25641e-32
3.48147e-32
3.75556e-32
4.0787e-32
4.45069e-32
4.87073e-32
5.3365e-32
5.84145e-32
6.36402e-32
6.81928e-32
1.08518e-31
1.0229e-31
9.59388e-32
9.07709e-32
8.70807e-32
8.49271e-32
8.43096e-32
8.52134e-32
8.76235e-32
9.15295e-32
9.69272e-32
1.03815e-31
1.12198e-31
1.2208e-31
1.3346e-31
1.46319e-31
1.60592e-31
1.7608e-31
1.92114e-31
2.06062e-31
3.21613e-31
3.02948e-31
2.83898e-31
2.68432e-31
2.57446e-31
2.51117e-31
2.49439e-31
2.52366e-31
2.59851e-31
2.71867e-31
2.88407e-31
3.09475e-31
3.35094e-31
3.65291e-31
4.00079e-31
4.39414e-31
4.83112e-31
5.3057e-31
5.79714e-31
6.22401e-31
9.52304e-31
8.9646e-31
8.39425e-31
7.93225e-31
7.60596e-31
7.4206e-31
7.3759e-31
7.47041e-31
7.70278e-31
8.07224e-31
8.57875e-31
9.2227e-31
1.00051e-30
1.09272e-30
1.19898e-30
1.31921e-30
1.45288e-30
1.59817e-30
1.74866e-30
1.87915e-30
2.81726e-30
2.65046e-30
2.48e-30
2.34225e-30
2.24556e-30
2.19146e-30
2.17986e-30
2.21031e-30
2.2824e-30
2.39594e-30
2.55097e-30
2.74767e-30
2.98647e-30
3.26786e-30
3.59219e-30
3.95938e-30
4.36794e-30
4.81236e-30
5.2727e-30
5.67124e-30
8.32693e-30
7.82954e-30
7.32096e-30
6.91105e-30
6.62514e-30
6.46787e-30
6.43887e-30
6.53673e-30
6.76027e-30
7.10899e-30
7.58319e-30
8.1837e-30
8.91207e-30
9.77011e-30
1.07594e-29
1.188e-29
1.31277e-29
1.4486e-29
1.5893e-29
1.7109e-29
2.45894e-29
2.31085e-29
2.15938e-29
2.03763e-29
1.95329e-29
1.90776e-29
1.90089e-29
1.93227e-29
2.00154e-29
2.10859e-29
2.25357e-29
2.43678e-29
2.6588e-29
2.92028e-29
3.22181e-29
3.56354e-29
3.94434e-29
4.35911e-29
4.78875e-29
5.15947e-29
7.25459e-29
6.81436e-29
6.364e-29
6.00308e-29
5.7549e-29
5.62364e-29
5.60885e-29
5.70922e-29
5.92376e-29
6.25222e-29
6.69519e-29
7.25386e-29
7.9302e-29
8.72653e-29
9.64498e-29
1.06864e-28
1.18477e-28
1.31132e-28
1.44242e-28
1.55534e-28
2.13833e-28
2.00766e-28
1.87399e-28
1.76721e-28
1.69436e-28
1.6567e-28
1.65409e-28
1.68613e-28
1.75253e-28
1.85326e-28
1.98853e-28
2.15879e-28
2.36471e-28
2.60708e-28
2.88666e-28
3.20382e-28
3.55769e-28
3.94357e-28
4.34322e-28
4.68692e-28
6.29692e-28
5.9097e-28
5.51363e-28
5.19831e-28
4.98503e-28
4.87758e-28
4.87546e-28
4.97749e-28
5.18289e-28
5.49162e-28
5.90453e-28
6.42312e-28
7.04967e-28
7.78691e-28
8.63743e-28
9.6027e-28
1.06803e-27
1.1856e-27
1.30735e-27
1.41188e-27
1.85254e-27
1.73796e-27
1.62082e-27
1.52789e-27
1.46562e-27
1.43514e-27
1.43629e-27
1.46872e-27
1.53221e-27
1.62679e-27
1.75276e-27
1.91063e-27
2.10117e-27
2.32529e-27
2.58388e-27
2.87747e-27
3.20541e-27
3.56337e-27
3.93398e-27
4.25166e-27
5.44484e-27
5.10637e-27
4.76048e-27
4.48721e-27
4.30592e-27
4.22001e-27
4.22901e-27
4.33188e-27
4.52803e-27
4.81762e-27
5.20172e-27
5.68207e-27
6.26122e-27
6.94218e-27
7.72791e-27
8.62032e-27
9.61769e-27
1.07068e-26
1.18341e-26
1.27989e-26
1.59872e-26
1.49889e-26
1.39695e-26
1.31676e-26
1.26414e-26
1.24011e-26
1.24453e-26
1.2771e-26
1.33765e-26
1.42628e-26
1.54334e-26
1.68942e-26
1.86536e-26
2.07215e-26
2.31076e-26
2.58187e-26
2.88501e-26
3.21616e-26
3.55885e-26
3.85164e-26
4.68947e-26
4.3955e-26
4.0956e-26
3.86077e-26
3.70853e-26
3.64192e-26
3.66052e-26
3.76344e-26
3.95026e-26
4.22135e-26
4.57795e-26
5.02199e-26
5.55621e-26
6.18382e-26
6.90805e-26
7.73117e-26
8.65198e-26
9.65824e-26
1.06992e-25
1.15872e-25
1.37413e-25
1.2877e-25
1.19964e-25
1.13104e-25
1.08714e-25
1.06887e-25
1.07609e-25
1.10855e-25
1.16616e-25
1.24904e-25
1.35761e-25
1.49252e-25
1.65465e-25
1.84504e-25
2.06474e-25
2.31451e-25
2.59405e-25
2.89963e-25
3.21566e-25
3.4848e-25
4.02226e-25
3.76862e-25
3.51053e-25
3.31057e-25
3.18447e-25
3.13497e-25
3.1617e-25
3.26393e-25
3.44142e-25
3.69469e-25
4.02513e-25
4.43482e-25
4.92661e-25
5.50388e-25
6.17001e-25
6.92754e-25
7.7757e-25
8.70314e-25
9.66192e-25
1.04771e-24
1.17609e-24
1.10178e-24
1.02629e-24
9.68158e-25
9.32081e-25
9.18881e-25
9.28453e-25
9.60591e-25
1.01524e-24
1.0926e-24
1.19312e-24
1.31748e-24
1.46659e-24
1.64153e-24
1.84341e-24
2.07303e-24
2.33023e-24
2.61155e-24
2.90226e-24
3.14904e-24
3.43502e-24
3.21768e-24
2.99733e-24
2.82876e-24
2.72599e-24
2.6915e-24
2.72498e-24
2.82584e-24
2.99402e-24
3.23018e-24
3.53583e-24
3.91313e-24
4.36503e-24
4.89497e-24
5.50645e-24
6.20217e-24
6.98171e-24
7.83455e-24
8.71549e-24
9.4621e-24
1.00211e-23
9.38664e-24
8.7448e-24
8.25736e-24
7.96608e-24
7.87834e-24
7.99331e-24
8.3094e-24
8.8266e-24
9.54723e-24
1.04762e-23
1.16204e-23
1.29894e-23
1.45939e-23
1.64452e-23
1.85521e-23
2.09136e-23
2.34977e-23
2.61657e-23
2.84232e-23
2.92003e-23
2.73515e-23
2.54861e-23
2.40808e-23
2.32597e-23
2.30449e-23
2.34342e-23
2.44232e-23
2.60127e-23
2.82106e-23
3.10327e-23
3.45014e-23
3.86465e-23
4.35027e-23
4.91053e-23
5.54825e-23
6.26326e-23
7.04583e-23
7.85342e-23
8.53564e-23
8.49811e-23
7.96045e-23
7.41959e-23
7.01569e-23
6.78566e-23
6.73608e-23
6.86637e-23
7.17539e-23
7.66358e-23
8.33362e-23
9.19059e-23
1.02417e-22
1.14963e-22
1.29654e-22
1.46601e-22
1.65895e-22
1.87534e-22
2.11222e-22
2.35654e-22
2.5626e-22
2.47003e-22
2.31399e-22
2.15755e-22
2.04187e-22
1.97788e-22
1.96755e-22
2.01074e-22
2.10716e-22
2.257e-22
2.46117e-22
2.7213e-22
3.03967e-22
3.41925e-22
3.86348e-22
4.37592e-22
4.9594e-22
5.61398e-22
6.33061e-22
7.06941e-22
7.69146e-22
7.16976e-22
6.71783e-22
6.26652e-22
5.93643e-22
5.75989e-22
5.74281e-22
5.88482e-22
6.18523e-22
6.64487e-22
7.2667e-22
8.05596e-22
9.0199e-22
1.01679e-21
1.15107e-21
1.30594e-21
1.48232e-21
1.68024e-21
1.89695e-21
2.12024e-21
2.30793e-21
2.07828e-21
1.94768e-21
1.81785e-21
1.72404e-21
1.67581e-21
1.67491e-21
1.72128e-21
1.81476e-21
1.95566e-21
2.14496e-21
2.38434e-21
2.67608e-21
3.02312e-21
3.42885e-21
3.89677e-21
4.42971e-21
5.0279e-21
5.68291e-21
6.35742e-21
6.92348e-21
6.0155e-21
5.63901e-21
5.26658e-21
5.00118e-21
4.87095e-21
4.88115e-21
5.03163e-21
5.32211e-21
5.75377e-21
6.3298e-21
7.05551e-21
7.93813e-21
8.98689e-21
1.02124e-20
1.16255e-20
1.32352e-20
1.50423e-20
1.70212e-20
1.90579e-20
2.07643e-20
1.73852e-20
1.63025e-20
1.52376e-20
1.44905e-20
1.41439e-20
1.42135e-20
1.46993e-20
1.56008e-20
1.69224e-20
1.86744e-20
2.08736e-20
2.35429e-20
2.6711e-20
3.0411e-20
3.4677e-20
3.9537e-20
4.49942e-20
5.09704e-20
5.71171e-20
6.22586e-20
5.0164e-20
4.70585e-20
4.40241e-20
4.19327e-20
4.10273e-20
4.13543e-20
4.29148e-20
4.57094e-20
4.97529e-20
5.50791e-20
6.17411e-20
6.98106e-20
7.93775e-20
9.05447e-20
1.03418e-19
1.18086e-19
1.34559e-19
1.526e-19
1.71142e-19
1.86627e-19
1.44502e-19
1.35619e-19
1.27006e-19
1.21188e-19
1.18879e-19
1.20217e-19
1.25209e-19
1.33861e-19
1.46225e-19
1.62409e-19
1.82582e-19
2.06968e-19
2.35847e-19
2.6954e-19
3.08375e-19
3.52627e-19
4.02334e-19
4.56769e-19
5.12683e-19
5.593e-19
4.15511e-19
3.90181e-19
3.65828e-19
3.49765e-19
3.44073e-19
3.49163e-19
3.65066e-19
3.9182e-19
4.296e-19
4.78757e-19
5.39816e-19
6.13482e-19
7.00629e-19
8.02247e-19
9.19359e-19
1.05282e-18
1.20275e-18
1.36693e-18
1.53547e-18
1.67575e-18
1.19254e-18
1.12054e-18
1.052e-18
1.00803e-18
9.94678e-19
1.01318e-18
1.06367e-18
1.1463e-18
1.26167e-18
1.4109e-18
1.59564e-18
1.81809e-18
2.08097e-18
2.38735e-18
2.7404e-18
3.14274e-18
3.59481e-18
4.08984e-18
4.59762e-18
5.01957e-18
3.41581e-18
3.21188e-18
3.01995e-18
2.90077e-18
2.87197e-18
2.93719e-18
3.09692e-18
3.35184e-18
3.70391e-18
4.1567e-18
4.7154e-18
5.38691e-18
6.17962e-18
7.10305e-18
8.16696e-18
9.37951e-18
1.07421e-17
1.22341e-17
1.37633e-17
1.5032e-17
9.76313e-18
9.18775e-18
8.65333e-18
8.33424e-18
8.28164e-18
8.50635e-18
9.01016e-18
9.79563e-18
1.08693e-17
1.22424e-17
1.39314e-17
1.59576e-17
1.83472e-17
2.11295e-17
2.43345e-17
2.79876e-17
3.20931e-17
3.65879e-17
4.11917e-17
4.50047e-17
2.78418e-17
2.62252e-17
2.47466e-17
2.39051e-17
2.38487e-17
2.46095e-17
2.61938e-17
2.86113e-17
3.18831e-17
3.60449e-17
4.11484e-17
4.72603e-17
5.44609e-17
6.28408e-17
7.24928e-17
8.34945e-17
9.586e-17
1.09396e-16
1.2325e-16
1.34706e-16
7.92047e-17
7.46833e-17
7.06223e-17
6.84455e-17
6.85795e-17
7.11195e-17
7.60884e-17
8.35194e-17
9.34817e-17
1.06089e-16
1.21503e-16
1.39931e-16
1.61621e-16
1.86851e-16
2.15908e-16
2.4903e-16
2.86261e-16
3.27011e-16
3.68683e-16
4.03083e-16
2.24735e-16
2.12155e-16
2.01096e-16
1.95607e-16
1.96913e-16
2.05297e-16
2.20838e-16
2.43652e-16
2.73961e-16
3.12129e-16
3.58661e-16
4.14198e-16
4.79508e-16
5.55445e-16
6.42889e-16
7.42569e-16
8.54622e-16
9.77247e-16
1.10254e-15
1.2058e-15
6.35874e-16
6.01074e-16
5.7126e-16
5.57901e-16
5.64508e-16
5.91918e-16
6.40401e-16
7.10344e-16
8.02479e-16
9.17956e-16
1.05835e-15
1.22565e-15
1.42222e-15
1.65068e-15
1.91373e-15
2.2136e-15
2.55072e-15
2.91957e-15
3.29613e-15
3.60594e-15
1.79373e-15
1.69809e-15
1.61868e-15
1.58786e-15
1.61565e-15
1.70452e-15
1.85536e-15
2.06951e-15
2.34933e-15
2.69846e-15
3.12181e-15
3.62553e-15
4.21687e-15
4.90392e-15
5.6949e-15
6.59666e-15
7.61045e-15
8.71944e-15
9.85062e-15
1.07797e-14
5.04338e-15
4.78252e-15
4.57413e-15
4.50914e-15
4.61602e-15
4.90201e-15
5.37012e-15
6.02483e-15
6.87382e-15
7.92855e-15
9.20429e-15
1.07201e-14
1.24981e-14
1.45633e-14
1.69406e-14
1.96511e-14
2.26984e-14
2.60311e-14
2.94273e-14
3.2212e-14
1.41301e-14
1.34248e-14
1.28883e-14
1.27746e-14
1.31641e-14
1.40783e-14
1.55272e-14
1.75258e-14
2.00989e-14
2.32824e-14
2.7124e-14
3.16822e-14
3.70254e-14
4.32294e-14
5.03711e-14
5.85139e-14
6.76689e-14
7.76784e-14
8.78693e-14
9.62101e-14
3.94373e-14
3.75503e-14
3.62026e-14
3.61001e-14
3.74693e-14
4.03732e-14
4.4846e-14
5.09371e-14
5.8726e-14
6.83258e-14
7.9884e-14
9.3581e-14
1.09627e-13
1.28253e-13
1.49693e-13
1.74141e-13
2.01628e-13
2.31672e-13
2.6223e-13
2.87195e-13
1.09616e-13
1.04629e-13
1.01355e-13
1.01744e-13
1.06431e-13
1.15603e-13
1.29373e-13
1.47904e-13
1.7145e-13
2.00365e-13
2.35106e-13
2.76228e-13
3.24374e-13
3.8025e-13
4.44569e-13
5.17917e-13
6.00385e-13
6.90497e-13
7.82053e-13
8.56711e-13
3.03315e-13
2.90334e-13
2.82756e-13
2.85942e-13
3.01662e-13
3.30473e-13
3.72744e-13
4.29012e-13
5.00082e-13
5.87063e-13
6.91365e-13
8.14695e-13
9.59017e-13
1.12648e-12
1.31926e-12
1.53912e-12
1.78632e-12
2.05634e-12
2.33039e-12
2.55342e-12
8.35228e-13
8.02062e-13
7.85847e-13
8.01212e-13
8.53073e-13
9.43084e-13
1.07246e-12
1.24295e-12
1.45709e-12
1.71834e-12
2.03106e-12
2.40046e-12
2.83255e-12
3.33387e-12
3.91101e-12
4.56931e-12
5.3095e-12
6.11769e-12
6.93698e-12
7.60236e-12
2.28788e-12
2.20513e-12
2.17527e-12
2.23791e-12
2.40662e-12
2.68635e-12
3.08105e-12
3.59634e-12
4.24028e-12
5.02357e-12
5.9596e-12
7.06433e-12
8.35602e-12
9.85456e-12
1.15799e-11
1.35483e-11
1.57615e-11
1.8177e-11
2.06226e-11
2.26043e-11
6.23157e-12
6.03154e-12
5.99559e-12
6.23005e-12
6.77223e-12
7.63686e-12
8.83675e-12
1.03899e-11
1.23217e-11
1.46652e-11
1.74613e-11
2.07587e-11
2.46128e-11
2.9084e-11
3.42328e-11
4.01077e-11
4.67135e-11
5.39194e-11
6.12054e-11
6.70956e-11
1.68697e-11
1.64072e-11
1.64509e-11
1.72834e-11
1.90064e-11
2.1664e-11
2.52974e-11
2.99639e-11
3.57428e-11
4.2736e-11
5.10681e-11
6.08867e-11
7.23596e-11
8.56695e-11
1.00999e-10
1.18494e-10
1.38165e-10
1.59611e-10
1.81264e-10
1.98723e-10
4.53705e-11
4.43721e-11
4.49258e-11
4.77746e-11
5.31941e-11
6.13147e-11
7.2268e-11
8.62358e-11
1.03464e-10
1.24265e-10
1.49017e-10
1.78167e-10
2.1222e-10
2.51725e-10
2.97232e-10
3.49177e-10
4.07581e-10
4.71213e-10
5.35353e-10
5.86924e-10
1.21173e-10
1.19265e-10
1.22089e-10
1.31572e-10
1.48451e-10
1.73111e-10
2.05966e-10
2.47585e-10
2.98727e-10
3.60342e-10
4.33584e-10
5.19796e-10
6.20495e-10
7.37322e-10
8.71917e-10
1.02557e-09
1.19831e-09
1.38635e-09
1.57555e-09
1.72719e-09
3.21229e-10
3.18512e-10
3.30133e-10
3.61009e-10
4.13085e-10
4.87483e-10
5.85477e-10
7.08823e-10
8.59834e-10
1.04141e-09
1.25702e-09
1.51073e-09
1.80706e-09
2.1509e-09
2.54709e-09
2.99941e-09
3.50777e-09
4.0606e-09
4.61562e-09
5.05888e-09
8.44946e-10
8.44987e-10
8.88216e-10
9.86919e-10
1.14611e-09
1.36899e-09
1.65939e-09
2.02259e-09
2.46564e-09
2.99731e-09
3.62806e-09
4.36989e-09
5.23632e-09
6.24183e-09
7.40068e-09
8.72378e-09
1.02102e-08
1.18246e-08
1.34412e-08
1.4727e-08
2.20439e-09
2.22653e-09
2.37794e-09
2.68845e-09
3.17054e-09
3.83298e-09
4.68695e-09
5.74837e-09
7.03841e-09
8.58317e-09
1.04135e-08
1.25649e-08
1.50772e-08
1.7993e-08
2.13542e-08
2.5192e-08
2.95014e-08
3.41742e-08
3.88399e-08
4.25332e-08
5.70266e-09
5.8273e-09
6.33639e-09
7.29907e-09
8.74452e-09
1.06955e-08
1.31846e-08
1.6259e-08
1.99805e-08
2.44249e-08
2.96823e-08
3.58563e-08
4.30631e-08
5.14271e-08
6.10698e-08
7.20795e-08
8.44341e-08
9.78052e-08
1.11112e-07
1.21586e-07
1.46269e-08
1.51526e-08
1.68134e-08
1.97571e-08
2.4044e-08
2.97316e-08
3.69117e-08
4.57183e-08
5.63271e-08
6.89549e-08
8.38594e-08
1.01339e-07
1.21728e-07
1.45387e-07
1.72662e-07
2.038e-07
2.38711e-07
2.7641e-07
3.13781e-07
3.43012e-07
3.7205e-08
3.91732e-08
4.44652e-08
5.33453e-08
6.59105e-08
8.22939e-08
1.02739e-07
1.2761e-07
1.57394e-07
1.92696e-07
2.34239e-07
2.82869e-07
3.39537e-07
4.05264e-07
4.8103e-07
5.67499e-07
6.6434e-07
7.68639e-07
8.71575e-07
9.51488e-07
9.3919e-08
1.00827e-07
1.17364e-07
1.43783e-07
1.80116e-07
2.26612e-07
2.83868e-07
3.52836e-07
4.34815e-07
5.31449e-07
6.44728e-07
7.76994e-07
9.30905e-07
1.10932e-06
1.31495e-06
1.54954e-06
1.81194e-06
2.0937e-06
2.37038e-06
2.58334e-06
2.35713e-07
2.59007e-07
3.09768e-07
3.87153e-07
4.9045e-07
6.19895e-07
7.76812e-07
9.63557e-07
1.18346e-06
1.44084e-06
1.74102e-06
2.09034e-06
2.49609e-06
2.96612e-06
3.50782e-06
4.12571e-06
4.81597e-06
5.55489e-06
6.27655e-06
6.82652e-06
5.9053e-07
6.66697e-07
8.19428e-07
1.04159e-06
1.32872e-06
1.68002e-06
2.09801e-06
2.58812e-06
3.15847e-06
3.81994e-06
4.58629e-06
5.47424e-06
6.5033e-06
7.69462e-06
9.06805e-06
1.06353e-05
1.23853e-05
1.42542e-05
1.60699e-05
1.74384e-05
1.4921e-06
1.72968e-06
2.17507e-06
2.79436e-06
3.56784e-06
4.48897e-06
5.5612e-06
6.7959e-06
8.21166e-06
9.83449e-06
1.16985e-05
1.3846e-05
1.63277e-05
1.91991e-05
2.25132e-05
2.63024e-05
3.05402e-05
3.50668e-05
3.94522e-05
4.27225e-05
3.92465e-06
4.54446e-06
5.76458e-06
7.4155e-06
9.41013e-06
1.17169e-05
1.43353e-05
1.72861e-05
2.06082e-05
2.43596e-05
2.86195e-05
3.34898e-05
3.90949e-05
4.55757e-05
5.30724e-05
6.16821e-05
7.137e-05
8.17939e-05
9.19553e-05
9.95194e-05
0.00499661
0.0049961
0.00499506
0.00499365
0.00499193
0.00498993
0.00498763
0.00498503
0.00498208
0.00497873
0.0049749
0.00497049
0.0049654
0.00495949
0.00495263
0.00494474
0.00493585
0.00492628
0.00491695
0.00491001
0.00499871
0.00499851
0.00499813
0.0049976
0.00499693
0.00499612
0.00499518
0.00499409
0.00499284
0.00499139
0.00498971
0.00498778
0.00498554
0.00498293
0.00497992
0.00497647
0.00497262
0.0049685
0.00496451
0.00496153
0.00499949
0.00499942
0.00499929
0.0049991
0.00499885
0.00499854
0.00499818
0.00499774
0.00499724
0.00499665
0.00499596
0.00499516
0.00499424
0.00499316
0.00499192
0.0049905
0.00498892
0.00498723
0.00498559
0.00498435
0.0049998
0.00499978
0.00499973
0.00499966
0.00499957
0.00499946
0.00499932
0.00499916
0.00499896
0.00499873
0.00499846
0.00499815
0.00499779
0.00499736
0.00499688
0.00499632
0.0049957
0.00499503
0.00499439
0.00499389
0.00499992
0.00499991
0.0049999
0.00499987
0.00499984
0.0049998
0.00499975
0.00499969
0.00499962
0.00499953
0.00499943
0.00499931
0.00499917
0.00499901
0.00499883
0.00499862
0.00499838
0.00499813
0.00499788
0.00499769
0.00499997
0.00499997
0.00499996
0.00499995
0.00499994
0.00499993
0.00499991
0.00499989
0.00499986
0.00499983
0.00499979
0.00499975
0.0049997
0.00499964
0.00499957
0.0049995
0.00499941
0.00499932
0.00499922
0.00499915
0.00499999
0.00499999
0.00499999
0.00499998
0.00499998
0.00499997
0.00499997
0.00499996
0.00499995
0.00499994
0.00499993
0.00499991
0.00499989
0.00499987
0.00499985
0.00499982
0.00499979
0.00499975
0.00499972
0.00499969
0.005
0.00499999
0.00499999
0.00499999
0.00499999
0.00499999
0.00499999
0.00499999
0.00499998
0.00499998
0.00499997
0.00499997
0.00499996
0.00499995
0.00499995
0.00499994
0.00499992
0.00499991
0.0049999
0.00499989
0.005
0.005
0.005
0.005
0.005
0.005
0.005
0.00499999
0.00499999
0.00499999
0.00499999
0.00499999
0.00499999
0.00499998
0.00499998
0.00499998
0.00499997
0.00499997
0.00499997
0.00499996
0.005
0.005
0.005
0.005
0.005
0.005
0.005
0.005
0.005
0.005
0.005
0.005
0.005
0.00499999
0.00499999
0.00499999
0.00499999
0.00499999
0.00499999
0.00499999
0.005
0.005
0.005
0.005
0.005
0.005
0.005
0.005
0.005
0.005
0.005
0.005
0.005
0.005
0.005
0.005
0.005
0.005
0.005
0.005
0.005
0.005
0.005
0.005
0.005
0.005
0.005
0.005
0.005
0.005
0.005
0.005
0.005
0.005
0.005
0.005
0.005
0.005
0.005
0.005
0.005
0.005
0.005
0.005
0.005
0.005
0.005
0.005
0.005
0.005
0.005
0.005
0.005
0.005
0.005
0.005
0.005
0.005
0.005
0.005
0.005
0.005
0.005
0.005
0.005
0.005
0.005
0.005
0.005
0.005
0.005
0.005
0.005
0.005
0.005
0.005
0.005
0.005
0.005
0.005
0.005
0.005
0.005
0.005
0.005
0.005
0.005
0.005
0.005
0.005
0.005
0.005
0.005
0.005
0.005
0.005
0.005
0.005
0.005
0.005
0.005
0.005
0.005
0.005
0.005
0.005
0.005
0.005
0.005
0.005
0.005
0.005
0.005
0.005
0.005
0.005
0.005
0.005
0.005
0.005
0.005
0.005
0.005
0.005
0.005
0.005
0.005
0.005
0.005
0.005
0.005
0.005
0.005
0.005
0.005
0.005
0.005
0.005
0.005
0.005
0.005
0.005
0.005
0.005
0.005
0.005
0.005
0.005
0.005
0.005
0.005
0.005
0.005
0.005
0.005
0.005
0.005
0.005
0.005
0.005
0.005
0.005
0.005
0.005
0.005
0.005
0.005
0.005
0.005
0.005
0.005
0.005
0.005
0.005
0.005
0.005
0.005
0.005
0.005
0.005
0.005
0.005
0.005
0.005
0.005
0.005
0.005
0.005
0.005
0.005
0.005
0.005
0.005
0.005
0.005
0.005
0.005
0.005
0.005
0.005
0.005
0.005
0.005
0.005
0.005
0.005
0.005
0.005
0.005
0.005
0.005
0.005
0.005
0.005
0.005
0.005
0.005
0.005
0.005
0.005
0.005
0.005
0.005
0.005
0.005
0.005
0.005
0.005
0.005
0.005
0.005
0.005
0.005
0.005
0.005
0.005
0.005
0.005
0.005
0.005
0.005
0.005
0.005
0.005
0.005
0.005
0.005
0.005
0.005
0.005
0.005
0.005
0.005
0.005
0.005
0.005
0.005
0.005
0.005
0.005
0.005
0.005
0.005
0.005
0.005
0.005
0.005
0.005
0.005
0.005
0.005
0.005
0.005
0.005
0.005
0.005
0.005
0.005
0.005
0.005
0.005
0.005
0.005
0.005
0.005
0.005
0.005
0.005
0.005
0.005
0.005
0.005
0.005
0.005
0.005
0.005
0.005
0.005
0.005
0.005
0.005
0.005
0.005
0.005
0.005
0.005
0.005
0.005
0.005
0.005
0.005
0.005
0.005
0.005
0.005
0.005
0.005
0.005
0.005
0.005
0.005
0.005
0.005
0.005
0.005
0.005
0.005
0.005
0.005
0.005
0.005
0.005
0.005
0.005
0.005
0.005
0.005
0.005
0.005
0.005
0.005
0.005
0.005
0.005
0.005
0.005
0.005
0.005
0.005
0.005
0.005
0.005
0.005
0.005
0.005
0.005
0.005
0.005
0.005
0.005
0.005
0.005
0.005
0.005
0.005
0.005
0.005
0.005
0.005
0.005
0.005
0.005
0.005
0.005
0.005
0.005
0.005
0.005
0.005
0.005
0.005
0.005
0.005
0.005
0.005
0.005
0.005
0.005
0.005
0.005
0.005
0.005
0.005
0.005
0.005
0.005
0.005
0.005
0.005
0.005
0.005
0.005
0.005
0.005
0.005
0.005
0.005
0.005
0.005
0.005
0.005
0.005
0.005
0.005
0.005
0.005
0.005
0.005
0.005
0.005
0.005
0.005
0.005
0.005
0.005
0.005
0.005
0.005
0.005
0.005
0.005
0.005
0.005
0.005
0.005
0.005
0.005
0.005
0.005
0.005
0.005
0.005
0.005
0.005
0.005
0.005
0.005
0.005
0.005
0.005
0.005
0.005
0.005
0.005
0.005
0.005
0.005
0.005
0.005
0.005
0.005
0.005
0.005
0.005
0.005
0.005
0.005
0.005
0.005
0.005
0.005
0.005
0.005
0.005
0.005
0.005
0.005
0.005
0.005
0.005
0.005
0.005
0.005
0.005
0.005
0.005
0.005
0.005
0.005
0.005
0.005
0.005
0.005
0.005
0.005
0.005
0.005
0.005
0.005
0.005
0.005
0.005
0.005
0.005
0.005
0.005
0.005
0.005
0.005
0.005
0.005
0.005
0.005
0.005
0.005
0.005
0.005
0.005
0.005
0.005
0.005
0.005
0.005
0.005
0.005
0.005
0.005
0.005
0.005
0.005
0.005
0.005
0.005
0.005
0.005
0.005
0.005
0.005
0.005
0.005
0.005
0.005
0.005
0.005
0.005
0.005
0.005
0.005
0.005
0.005
0.005
0.005
0.005
0.005
0.005
0.005
0.005
0.005
0.005
0.005
0.005
0.005
0.005
0.005
0.005
0.005
0.005
0.005
0.005
0.005
0.005
0.005
0.005
0.005
0.005
0.005
0.005
0.005
0.005
0.005
0.005
0.005
0.005
0.005
0.005
0.005
0.005
0.005
0.005
0.005
0.005
0.005
0.005
0.005
0.005
0.005
0.005
0.005
0.005
0.005
0.005
0.005
0.005
0.005
0.005
0.005
0.005
0.005
0.005
0.005
0.005
0.005
0.005
0.005
0.005
0.005
0.005
0.005
0.005
0.005
0.005
0.005
0.005
0.005
0.005
0.005
0.005
0.005
0.005
0.005
0.005
0.005
0.005
0.005
0.005
0.005
0.005
0.005
0.005
0.005
0.005
0.005
0.005
0.005
0.005
0.005
0.005
0.005
0.005
0.005
0.005
0.005
0.005
0.005
0.005
0.005
0.005
0.005
0.005
0.005
0.005
0.005
0.005
0.005
0.005
0.005
0.005
0.005
0.005
0.005
0.005
0.005
0.005
0.005
0.005
0.005
0.005
0.005
0.005
0.005
0.005
0.005
0.005
0.005
0.005
0.005
0.005
0.005
0.005
0.005
0.005
0.005
0.005
0.005
0.005
0.005
0.005
0.005
0.005
0.005
0.005
0.005
0.005
0.005
0.005
0.005
0.005
0.005
0.005
0.005
0.005
0.005
0.005
0.005
0.005
0.005
0.005
0.005
0.005
0.005
0.005
0.005
0.005
0.005
0.005
0.005
0.005
0.005
0.005
0.005
0.005
0.005
0.005
0.005
0.005
0.005
0.005
0.005
0.005
0.005
0.005
0.005
0.005
0.005
0.005
0.005
0.005
0.005
0.005
0.005
0.005
0.005
0.005
0.005
0.005
0.005
0.005
0.005
0.005
0.005
0.005
0.005
0.005
0.005
0.005
0.005
0.005
0.005
0.005
0.005
0.005
0.005
0.005
0.005
0.005
0.005
0.005
0.005
0.005
0.005
0.005
0.005
0.005
0.005
0.005
0.005
0.005
0.005
0.005
0.005
0.005
0.005
0.005
0.005
0.005
0.005
0.005
0.005
0.005
0.005
0.005
0.005
0.005
0.005
0.005
0.005
0.005
0.005
0.005
0.005
0.005
0.005
0.005
0.005
0.005
0.005
0.005
0.005
0.005
0.005
0.005
0.005
0.005
0.005
0.005
0.005
0.005
0.005
0.005
0.005
0.005
0.005
0.005
0.005
0.005
0.005
0.005
0.005
0.005
0.005
0.005
0.005
0.005
0.005
0.005
0.005
0.005
0.005
0.005
0.005
0.005
0.005
0.005
0.005
0.005
0.005
0.005
0.005
0.005
0.005
0.005
0.005
0.005
0.005
0.005
0.005
0.005
0.005
0.005
0.005
0.005
0.005
0.005
0.005
0.005
0.005
0.005
0.005
0.005
0.005
0.005
0.005
0.005
0.005
0.005
0.005
0.005
0.005
0.005
0.005
0.005
0.005
0.005
0.005
0.005
0.005
0.005
0.005
0.005
0.005
0.005
0.005
0.005
0.005
0.005
0.005
0.005
0.005
0.005
0.005
0.005
0.005
0.005
0.005
0.005
0.005
0.005
0.005
0.005
0.005
0.005
0.005
0.005
0.005
0.005
0.005
0.005
0.005
0.005
0.005
0.005
0.005
0.005
0.005
0.005
0.005
0.005
0.005
0.005
0.005
0.005
0.005
0.005
0.005
0.005
0.005
0.005
0.005
0.005
0.005
0.005
0.005
0.005
0.005
0.005
0.005
0.005
0.005
0.005
0.005
0.005
0.005
0.005
0.005
0.005
0.005
0.005
0.005
0.005
0.005
0.005
0.005
0.005
0.005
0.005
0.005
0.005
0.005
0.005
0.005
0.005
0.005
0.005
0.005
0.005
0.005
0.005
0.005
0.005
0.005
0.005
0.005
0.005
0.005
0.005
0.005
0.005
0.005
0.005
0.005
0.005
0.005
0.005
0.005
0.005
0.005
0.005
0.005
0.005
0.005
0.005
0.005
0.005
0.005
0.005
0.005
0.005
0.005
0.005
0.005
0.005
0.005
0.005
0.005
0.005
0.005
0.005
0.005
0.005
0.005
0.005
0.005
0.005
0.005
0.005
0.005
0.005
0.005
0.005
0.005
0.005
0.005
0.005
0.005
0.005
0.005
0.005
0.005
0.005
0.005
0.005
0.005
0.005
0.005
0.005
0.005
0.005
0.005
0.005
0.005
0.005
0.005
0.005
0.005
0.005
0.005
0.005
0.005
0.005
0.005
0.005
0.005
0.005
0.005
0.005
0.005
0.005
0.005
0.005
0.005
0.005
0.005
0.005
0.005
0.005
0.005
0.005
0.005
0.005
0.005
0.005
0.005
0.005
0.005
0.005
0.005
0.005
0.005
0.005
0.005
0.005
0.005
0.005
0.005
0.005
0.005
0.005
0.005
0.005
0.005
0.005
0.005
0.005
0.005
0.005
0.005
0.005
0.005
0.005
0.005
0.005
0.005
0.005
0.005
0.005
0.005
0.005
0.005
0.005
0.005
0.005
0.005
0.005
0.005
0.005
0.005
0.005
0.005
0.005
0.005
0.005
0.005
0.005
0.005
0.005
0.005
0.005
0.005
0.005
0.005
0.005
0.005
0.005
0.005
0.005
0.005
0.005
0.005
0.005
0.005
0.005
0.005
0.005
0.005
0.005
0.005
0.005
0.005
0.005
0.005
0.005
0.005
0.005
0.005
0.005
0.005
0.005
0.005
0.005
0.005
0.005
0.005
0.005
0.005
0.005
0.005
0.005
0.005
0.005
0.005
0.005
0.005
0.005
0.005
0.005
0.005
0.005
0.005
0.005
0.005
0.005
0.005
0.005
0.005
0.005
0.005
0.005
0.005
0.005
0.005
0.005
0.005
0.005
0.005
0.005
0.005
0.005
0.005
0.005
0.005
0.005
0.005
0.005
0.005
0.005
0.005
0.005
0.005
0.005
0.005
0.005
0.005
0.005
0.005
0.005
0.005
0.005
0.005
0.005
0.005
0.005
0.005
0.005
0.005
0.005
0.005
0.005
0.005
0.005
0.005
0.005
0.005
0.005
0.005
0.005
0.005
0.005
0.005
0.005
0.005
0.005
0.005
0.005
0.005
0.005
0.005
0.005
0.005
0.005
0.005
0.005
0.005
0.005
0.005
0.005
0.005
0.005
0.005
0.005
0.005
0.005
0.005
0.005
0.005
0.005
0.005
0.005
0.005
0.005
0.005
0.005
0.005
0.005
0.005
0.005
0.005
0.005
0.005
0.005
0.005
0.005
0.005
0.005
0.005
0.005
0.005
0.005
0.005
0.005
0.005
0.005
0.005
0.005
0.005
0.005
0.005
0.005
0.005
0.005
0.005
0.005
0.005
0.005
0.005
0.005
0.005
0.005
0.005
0.005
0.005
0.005
0.005
0.005
0.005
0.005
0.005
0.005
0.005
0.005
0.005
0.005
0.005
0.005
0.005
0.005
0.005
0.005
0.005
0.005
0.005
0.005
0.005
0.005
0.005
0.005
0.005
0.005
0.005
0.005
0.005
0.005
0.005
0.005
0.005
0.005
0.005
0.005
0.005
0.005
0.005
0.005
0.005
0.005
0.005
0.005
0.005
0.005
0.005
0.005
0.005
0.005
0.005
0.005
0.005
0.005
0.005
0.005
0.005
0.005
0.005
0.005
0.005
0.005
0.005
0.005
0.005
0.005
0.005
0.005
0.005
0.005
0.005
0.005
0.005
0.005
0.005
0.005
0.005
0.005
0.005
0.005
0.005
0.005
0.005
0.005
0.005
0.005
0.005
0.005
0.005
0.005
0.005
0.005
0.005
0.005
0.005
0.005
0.005
0.005
0.005
0.005
0.005
0.005
0.005
0.005
0.005
0.005
0.005
0.005
0.005
0.005
0.005
0.005
0.005
0.005
0.005
0.005
0.005
0.005
0.005
0.005
0.005
0.005
0.005
0.005
0.005
0.005
0.005
0.005
0.005
0.005
0.005
0.005
0.005
0.005
0.005
0.005
0.005
0.005
0.005
0.005
0.005
0.005
0.005
0.005
0.005
0.005
0.005
0.005
0.005
0.005
0.005
0.005
0.005
0.005
0.005
0.005
0.005
0.005
0.005
0.005
0.005
0.005
0.005
0.005
0.005
0.005
0.005
0.005
0.005
0.005
0.005
0.005
0.005
0.005
0.005
0.005
0.005
0.005
0.005
0.005
0.005
0.005
0.005
0.005
0.005
0.005
0.005
0.005
0.005
0.005
0.005
0.005
0.005
0.005
0.005
0.005
0.005
0.005
0.005
0.005
0.005
0.005
0.005
0.005
0.005
0.005
0.005
0.005
0.005
0.005
0.005
0.005
0.005
0.005
0.005
0.005
0.005
0.005
0.005
0.005
0.005
0.005
0.005
0.005
0.005
0.005
0.005
0.005
0.005
0.005
0.005
0.005
0.005
0.005
0.005
0.005
0.005
0.005
0.005
0.005
0.005
0.005
0.005
0.005
0.005
0.005
0.005
0.005
0.005
0.005
0.005
0.005
0.005
0.005
0.005
0.005
0.005
0.005
0.005
0.005
0.005
0.005
0.005
0.005
0.005
0.005
0.005
0.005
0.005
0.005
0.005
0.005
0.005
0.005
0.005
0.005
0.005
0.005
0.005
0.005
0.005
0.005
0.005
0.005
0.005
0.005
0.005
0.005
0.005
0.005
0.005
0.005
0.005
0.005
0.005
0.005
0.005
0.005
0.005
0.005
0.005
0.005
0.005
0.005
0.005
0.005
0.005
0.005
0.005
0.005
0.005
0.005
0.005
0.005
0.005
0.005
0.005
0.005
0.005
0.005
0.005
0.005
0.005
0.005
0.005
0.005
0.005
0.005
0.005
0.005
0.005
0.005
0.005
0.005
0.005
0.005
0.005
0.005
0.005
0.005
0.005
0.005
0.005
0.005
0.005
0.005
0.005
0.005
0.005
0.005
0.005
0.005
0.005
0.005
0.005
0.005
0.005
0.005
0.005
0.005
0.005
0.005
0.005
0.005
0.005
0.005
0.005
0.005
0.005
0.005
0.005
0.005
0.005
0.005
0.005
0.005
0.005
0.005
0.005
0.005
0.005
0.005
0.005
0.005
0.005
0.005
0.005
0.005
0.005
0.005
0.005
0.005
0.005
0.005
0.005
0.005
0.005
0.005
0.005
0.005
0.005
0.005
0.005
0.005
0.005
0.005
0.005
0.005
0.005
0.005
0.005
0.005
0.005
0.005
0.005
0.005
0.005
0.005
0.005
0.005
0.005
0.005
0.005
0.005
0.005
0.005
0.005
0.005
0.005
0.005
0.005
0.005
0.005
0.005
0.005
0.005
0.005
0.005
0.005
0.005
0.005
0.005
0.005
0.005
0.005
0.005
0.005
0.005
0.005
0.005
0.005
0.005
0.005
0.005
0.005
0.005
0.005
0.005
0.005
0.005
0.005
0.005
0.005
0.005
0.005
0.005
0.005
0.005
0.005
)
;

boundaryField
{
    outlet
    {
        type            zeroGradient;
    }
    inlet1
    {
        type            fixedValue;
        value           uniform 0;
    }
    inlet2
    {
        type            fixedValue;
        value           uniform 0.005;
    }
    frontAndBack
    {
        type            empty;
    }
    defaultFaces
    {
        type            zeroGradient;
    }
}


// ************************************************************************* //
