/*--------------------------------*- C++ -*----------------------------------*\
| =========                 |                                                 |
| \\      /  F ield         | OpenFOAM: The Open Source CFD Toolbox           |
|  \\    /   O peration     | Version:  2.1.0                                 |
|   \\  /    A nd           | Web:      www.OpenFOAM.org                      |
|    \\/     M anipulation  |                                                 |
\*---------------------------------------------------------------------------*/
FoamFile
{
    version     2.0;
    format      ascii;
    class       volScalarField;
    location    "0.47";
    object      nut;
}
// * * * * * * * * * * * * * * * * * * * * * * * * * * * * * * * * * * * * * //

dimensions      [0 2 -1 0 0 0 0];

internalField   nonuniform List<scalar> 
6400
(
7.08421e-06
7.103e-06
7.11542e-06
7.13134e-06
7.14567e-06
7.16399e-06
7.17902e-06
7.19833e-06
7.21408e-06
7.23421e-06
7.25074e-06
7.27132e-06
7.28881e-06
7.30969e-06
7.32818e-06
7.34934e-06
7.36885e-06
7.39033e-06
7.41086e-06
7.43279e-06
7.45434e-06
7.4769e-06
7.49955e-06
7.52294e-06
7.54677e-06
7.57117e-06
7.59624e-06
7.62178e-06
7.64814e-06
7.67494e-06
7.70266e-06
7.73081e-06
7.75995e-06
7.78956e-06
7.82021e-06
7.8514e-06
7.88366e-06
7.91653e-06
7.95049e-06
7.98505e-06
8.02062e-06
8.05666e-06
8.09362e-06
8.13098e-06
8.16907e-06
8.20745e-06
8.24634e-06
8.28539e-06
8.32473e-06
8.36411e-06
8.40357e-06
8.44294e-06
8.48204e-06
8.52014e-06
8.55645e-06
8.59048e-06
8.62104e-06
8.65429e-06
8.6846e-06
8.71695e-06
8.74711e-06
8.77896e-06
8.80972e-06
8.84163e-06
8.87257e-06
8.90437e-06
8.93535e-06
8.96691e-06
8.99685e-06
9.02585e-06
9.05382e-06
9.07979e-06
9.10443e-06
9.12681e-06
9.14772e-06
9.16691e-06
9.18544e-06
9.20412e-06
9.22468e-06
9.2493e-06
9.28055e-06
9.32121e-06
9.37207e-06
9.42748e-06
9.47432e-06
9.53762e-06
9.60393e-06
9.66504e-06
9.69863e-06
9.65835e-06
9.45754e-06
8.92589e-06
7.82528e-06
5.9655e-06
3.44838e-06
2.32022e-06
2.40694e-06
3.78169e-06
3.8773e-06
4.18306e-06
7.5401e-05
7.587e-05
7.59634e-05
7.62693e-05
7.63747e-05
7.6631e-05
7.67568e-05
7.69799e-05
7.71228e-05
7.73225e-05
7.74765e-05
7.76589e-05
7.78182e-05
7.7987e-05
7.81467e-05
7.83038e-05
7.84598e-05
7.86064e-05
7.87554e-05
7.88913e-05
7.90309e-05
7.91558e-05
7.92846e-05
7.93991e-05
7.95174e-05
7.96232e-05
7.97324e-05
7.98293e-05
7.99284e-05
8.00157e-05
8.01034e-05
8.01797e-05
8.02543e-05
8.03176e-05
8.0377e-05
8.04247e-05
8.04661e-05
8.04949e-05
8.05188e-05
8.05316e-05
8.05381e-05
8.05297e-05
8.05102e-05
8.04743e-05
8.04228e-05
8.03517e-05
8.02597e-05
8.01437e-05
8.00009e-05
7.9829e-05
7.96248e-05
7.93872e-05
7.91201e-05
7.88261e-05
7.84902e-05
7.81144e-05
7.74075e-05
7.66812e-05
7.58944e-05
7.50778e-05
7.42065e-05
7.33005e-05
7.2347e-05
7.13616e-05
7.03262e-05
6.92529e-05
6.81288e-05
6.6968e-05
6.57565e-05
6.4483e-05
6.31561e-05
6.1764e-05
6.03085e-05
5.87833e-05
5.71874e-05
5.55186e-05
5.3776e-05
5.19611e-05
5.00752e-05
4.81232e-05
4.61096e-05
4.40437e-05
4.19352e-05
3.97899e-05
3.75918e-05
3.53034e-05
3.29337e-05
3.0459e-05
2.78759e-05
2.5177e-05
2.23821e-05
1.9526e-05
1.66915e-05
1.40213e-05
1.15076e-05
9.23629e-06
7.4964e-06
6.29086e-06
5.68001e-06
6.864e-06
0.000115504
0.00011578
0.00011589
0.000116012
0.000116108
0.00011619
0.000116276
0.000116328
0.000116402
0.000116429
0.000116486
0.00011649
0.000116526
0.000116507
0.000116518
0.000116473
0.000116454
0.000116382
0.000116331
0.00011623
0.000116143
0.000116008
0.00011588
0.000115707
0.000115537
0.00011533
0.000115126
0.000114888
0.00011465
0.000114381
0.000114107
0.000113804
0.000113492
0.000113152
0.0001128
0.000112423
0.00011203
0.000111611
0.000111165
0.000110687
0.000110186
0.000109657
0.000109097
0.000108506
0.000107879
0.000107217
0.000106512
0.000105765
0.000104968
0.000104117
0.000103205
0.000102102
0.000100588
9.90455e-05
9.74488e-05
9.58268e-05
9.41676e-05
9.24832e-05
9.07598e-05
8.90076e-05
8.72328e-05
8.54468e-05
8.35986e-05
8.17384e-05
7.98298e-05
7.79033e-05
7.59364e-05
7.39492e-05
7.19272e-05
6.98836e-05
6.78076e-05
6.57063e-05
6.35721e-05
6.14085e-05
5.92094e-05
5.69773e-05
5.47077e-05
5.24038e-05
5.00635e-05
4.76922e-05
4.52915e-05
4.28704e-05
4.04345e-05
3.79955e-05
3.55661e-05
3.31766e-05
3.08277e-05
2.85436e-05
2.63214e-05
2.41743e-05
2.20722e-05
2.0037e-05
1.80392e-05
1.59944e-05
1.39477e-05
1.19388e-05
1.01374e-05
8.62606e-06
8.12546e-06
1.13136e-05
0.000137675
0.000137404
0.000137302
0.000137038
0.000136935
0.000136643
0.000136513
0.000136201
0.000136035
0.000135704
0.000135497
0.000135145
0.000134895
0.00013452
0.000134225
0.000133823
0.000133481
0.000133048
0.000132658
0.000132187
0.000131745
0.000131232
0.000130734
0.000130171
0.000129602
0.000128657
0.000127617
0.000126534
0.000125438
0.000124307
0.000123161
0.000121981
0.000120784
0.000119554
0.000118304
0.000117022
0.000115717
0.000114381
0.000113022
0.000111632
0.000110212
0.000108766
0.000107288
0.000105785
0.000104248
0.000102686
0.000101091
9.94711e-05
9.78194e-05
9.61352e-05
9.44256e-05
9.27106e-05
9.09621e-05
8.91991e-05
8.74094e-05
8.5608e-05
8.37841e-05
8.19445e-05
8.00779e-05
7.8191e-05
7.62761e-05
7.43412e-05
7.23822e-05
7.04073e-05
6.84096e-05
6.63997e-05
6.43711e-05
6.23354e-05
6.02884e-05
5.82416e-05
5.6193e-05
5.41539e-05
5.21246e-05
5.01155e-05
4.81278e-05
4.6171e-05
4.42456e-05
4.23597e-05
4.05121e-05
3.87076e-05
3.69427e-05
3.52188e-05
3.35248e-05
3.1861e-05
3.02354e-05
2.8615e-05
2.70068e-05
2.54018e-05
2.37944e-05
2.21766e-05
2.05445e-05
1.88937e-05
1.72143e-05
1.54846e-05
1.37153e-05
1.1987e-05
1.05122e-05
9.77659e-06
1.19118e-05
1.2061e-05
0.000140429
0.000140543
0.000140281
0.000140131
0.000139364
0.000138766
0.000137852
0.000137061
0.000136098
0.0001352
0.000134209
0.00013324
0.00013222
0.000131195
0.000130142
0.000129067
0.000127976
0.000126854
0.00012572
0.00012455
0.00012337
0.000122153
0.000120926
0.000119662
0.00011838
0.000117079
0.000115762
0.000114417
0.00011306
0.000111676
0.000110279
0.000108857
0.000107422
0.000105963
0.00010449
0.000102994
0.000101483
9.99407e-05
9.83914e-05
9.68423e-05
9.52458e-05
9.36556e-05
9.20312e-05
9.04054e-05
8.87537e-05
8.70977e-05
8.54218e-05
8.37413e-05
8.20465e-05
8.03491e-05
7.86438e-05
7.69376e-05
7.52263e-05
7.35141e-05
7.17949e-05
7.00766e-05
6.83596e-05
6.66484e-05
6.49421e-05
6.32451e-05
6.15571e-05
5.98833e-05
5.82233e-05
5.65822e-05
5.49588e-05
5.3358e-05
5.1778e-05
5.0223e-05
4.86902e-05
4.7183e-05
4.56933e-05
4.4229e-05
4.27942e-05
4.13666e-05
3.9965e-05
3.85724e-05
3.71963e-05
3.58239e-05
3.44593e-05
3.3091e-05
3.17211e-05
3.03428e-05
2.89569e-05
2.75634e-05
2.61647e-05
2.47598e-05
2.33624e-05
2.19652e-05
2.05876e-05
1.92284e-05
1.79052e-05
1.66177e-05
1.53866e-05
1.41957e-05
1.31036e-05
1.22702e-05
1.20797e-05
1.37497e-05
1.37877e-05
1.41381e-05
0.000127504
0.000126884
0.000126473
0.000125933
0.000125005
0.0001241
0.000123007
0.000121945
0.000120792
0.000119653
0.00011847
0.000117283
0.000116079
0.000114857
0.000113633
0.000112384
0.00011114
0.000109867
0.000108605
0.000107312
0.000106027
0.000104719
0.000103416
0.000102113
0.000100783
9.94578e-05
9.81127e-05
9.67561e-05
9.53943e-05
9.40184e-05
9.26375e-05
9.12425e-05
8.9843e-05
8.84303e-05
8.70142e-05
8.55865e-05
8.41568e-05
8.27181e-05
8.12806e-05
7.98356e-05
7.83918e-05
7.69479e-05
7.55047e-05
7.40662e-05
7.26303e-05
7.12024e-05
6.97797e-05
6.83675e-05
6.69629e-05
6.55706e-05
6.41876e-05
6.28169e-05
6.14563e-05
6.01091e-05
5.87728e-05
5.745e-05
5.61394e-05
5.48482e-05
5.35725e-05
5.23064e-05
5.10576e-05
4.98182e-05
4.85926e-05
4.73753e-05
4.61688e-05
4.49695e-05
4.37785e-05
4.25933e-05
4.14146e-05
4.02412e-05
3.90734e-05
3.79126e-05
3.67599e-05
3.5614e-05
3.44774e-05
3.33465e-05
3.2228e-05
3.11178e-05
3.00268e-05
2.89479e-05
2.78893e-05
2.6847e-05
2.58281e-05
2.48292e-05
2.38563e-05
2.29063e-05
2.19781e-05
2.1075e-05
2.02086e-05
1.938e-05
1.86046e-05
1.78903e-05
1.72649e-05
1.6763e-05
1.65163e-05
1.66376e-05
1.60618e-05
1.58179e-05
1.57931e-05
1.32107e-05
0.000111944
0.000110769
0.000110219
0.000109347
0.00010841
0.00010732
0.000106236
0.000105063
0.000103921
0.000102716
0.000101553
0.000100335
9.91603e-05
9.79378e-05
9.67569e-05
9.55335e-05
9.43497e-05
9.31287e-05
9.19453e-05
9.073e-05
8.95506e-05
8.83466e-05
8.71771e-05
8.59799e-05
8.48113e-05
8.36282e-05
8.24659e-05
8.12944e-05
8.01427e-05
7.89844e-05
7.78431e-05
7.66976e-05
7.55674e-05
7.44345e-05
7.33155e-05
7.21952e-05
7.10874e-05
6.99792e-05
6.88822e-05
6.77814e-05
6.66941e-05
6.56125e-05
6.45352e-05
6.34643e-05
6.23989e-05
6.13396e-05
6.02853e-05
5.92368e-05
5.81931e-05
5.71556e-05
5.61225e-05
5.50962e-05
5.40747e-05
5.30617e-05
5.20565e-05
5.10632e-05
5.0071e-05
4.90927e-05
4.8119e-05
4.71566e-05
4.62029e-05
4.52624e-05
4.43349e-05
4.34225e-05
4.25252e-05
4.16432e-05
4.07865e-05
3.99476e-05
3.91347e-05
3.83424e-05
3.75776e-05
3.68346e-05
3.61156e-05
3.54184e-05
3.47443e-05
3.40903e-05
3.3457e-05
3.28387e-05
3.22388e-05
3.12932e-05
3.03379e-05
2.93909e-05
2.84616e-05
2.75415e-05
2.66403e-05
2.57498e-05
2.48799e-05
2.40233e-05
2.31923e-05
2.23818e-05
2.1607e-05
2.08666e-05
2.01754e-05
1.95431e-05
1.90017e-05
1.85975e-05
1.83372e-05
1.82336e-05
1.89295e-05
1.49388e-05
0.000100795
9.90464e-05
9.84813e-05
9.7396e-05
9.65425e-05
9.5371e-05
9.44112e-05
9.32378e-05
9.22466e-05
9.11012e-05
9.01109e-05
8.90013e-05
8.80228e-05
8.69498e-05
8.59863e-05
8.49457e-05
8.39969e-05
8.29837e-05
8.20471e-05
8.10555e-05
8.01277e-05
7.91482e-05
7.81132e-05
7.67972e-05
7.5544e-05
7.42532e-05
7.30417e-05
7.17901e-05
7.06165e-05
6.94116e-05
6.82845e-05
6.7134e-05
6.60607e-05
6.49707e-05
6.3957e-05
6.29303e-05
6.19783e-05
6.10182e-05
6.01307e-05
5.9239e-05
5.84161e-05
5.75916e-05
5.68301e-05
5.60667e-05
5.5363e-05
5.46576e-05
5.40074e-05
5.33551e-05
5.27533e-05
5.21488e-05
5.15886e-05
5.10264e-05
5.04994e-05
4.99692e-05
4.94656e-05
4.89618e-05
4.84759e-05
4.79889e-05
4.75101e-05
4.70275e-05
4.65469e-05
4.60602e-05
4.55704e-05
4.50659e-05
4.45575e-05
4.4057e-05
4.35342e-05
4.30162e-05
4.24887e-05
4.1965e-05
4.1432e-05
4.09024e-05
4.0364e-05
3.98282e-05
3.9284e-05
3.87416e-05
3.81911e-05
3.7641e-05
3.70837e-05
3.6523e-05
3.5953e-05
3.53708e-05
3.47747e-05
3.41615e-05
3.35289e-05
3.28733e-05
3.21926e-05
3.14836e-05
3.07468e-05
2.99835e-05
2.92004e-05
2.84085e-05
2.76267e-05
2.68811e-05
2.62643e-05
2.58058e-05
2.54291e-05
2.56008e-05
2.61348e-05
2.05151e-05
8.39926e-05
8.1895e-05
8.10427e-05
7.94561e-05
7.85659e-05
7.70879e-05
7.61669e-05
7.4791e-05
7.38522e-05
7.2539e-05
7.16327e-05
7.038e-05
6.95008e-05
6.83099e-05
6.74622e-05
6.63357e-05
6.55239e-05
6.44642e-05
6.36932e-05
6.27022e-05
6.19767e-05
6.10566e-05
6.03805e-05
5.95372e-05
5.89201e-05
5.81601e-05
5.76055e-05
5.69249e-05
5.64334e-05
5.58293e-05
5.5399e-05
5.48672e-05
5.44936e-05
5.40301e-05
5.37074e-05
5.33086e-05
5.30323e-05
5.26923e-05
5.24555e-05
5.2168e-05
5.19646e-05
5.172e-05
5.15443e-05
5.13344e-05
5.11812e-05
5.09984e-05
5.08625e-05
5.06926e-05
5.05644e-05
5.04369e-05
5.03102e-05
5.01922e-05
5.00452e-05
4.99511e-05
4.9825e-05
4.97383e-05
4.96281e-05
4.95495e-05
4.94571e-05
4.93916e-05
4.93175e-05
4.92666e-05
4.9211e-05
4.91752e-05
4.91377e-05
4.9117e-05
4.90989e-05
4.90962e-05
4.90958e-05
4.91098e-05
4.91269e-05
4.91572e-05
4.91907e-05
4.92362e-05
4.92846e-05
4.93432e-05
4.94035e-05
4.94711e-05
4.95384e-05
4.96101e-05
4.96782e-05
4.97447e-05
4.98009e-05
4.98464e-05
4.98723e-05
4.98751e-05
4.98452e-05
4.9776e-05
4.96572e-05
4.94838e-05
4.92486e-05
4.89523e-05
4.85976e-05
4.81976e-05
4.77798e-05
4.74283e-05
4.72968e-05
4.74276e-05
4.79682e-05
3.97711e-05
7.42456e-05
7.23802e-05
7.1633e-05
7.02308e-05
6.95257e-05
6.82047e-05
6.7538e-05
6.63051e-05
6.56756e-05
6.45345e-05
6.39465e-05
6.28948e-05
6.23513e-05
6.13878e-05
6.08907e-05
6.00137e-05
5.95642e-05
5.87711e-05
5.83695e-05
5.76572e-05
5.73031e-05
5.6668e-05
5.636e-05
5.57981e-05
5.55339e-05
5.50398e-05
5.48157e-05
5.43839e-05
5.41961e-05
5.38227e-05
5.36643e-05
5.33528e-05
5.32017e-05
5.29515e-05
5.28265e-05
5.2633e-05
5.25088e-05
5.23715e-05
5.22443e-05
5.21455e-05
5.20531e-05
5.19766e-05
5.19115e-05
5.1859e-05
5.18208e-05
5.17909e-05
5.17783e-05
5.17713e-05
5.17841e-05
5.18007e-05
5.18363e-05
5.18765e-05
5.19353e-05
5.20037e-05
5.20872e-05
5.21832e-05
5.22926e-05
5.24163e-05
5.25521e-05
5.27032e-05
5.28661e-05
5.3045e-05
5.32363e-05
5.34445e-05
5.36656e-05
5.3904e-05
5.41559e-05
5.44255e-05
5.47094e-05
5.50115e-05
5.53288e-05
5.56649e-05
5.60177e-05
5.63904e-05
5.67813e-05
5.71935e-05
5.76263e-05
5.8082e-05
5.85604e-05
5.9064e-05
5.95924e-05
6.01488e-05
6.07342e-05
6.13515e-05
6.20024e-05
6.26905e-05
6.34182e-05
6.419e-05
6.50113e-05
6.58873e-05
6.68245e-05
6.78299e-05
6.89115e-05
7.0077e-05
7.13327e-05
7.26725e-05
7.40893e-05
7.5551e-05
7.6276e-05
6.62006e-05
7.89063e-05
7.69352e-05
7.61438e-05
7.46506e-05
7.38869e-05
7.24795e-05
7.1744e-05
7.04273e-05
6.97229e-05
6.85002e-05
6.78297e-05
6.67041e-05
6.60703e-05
6.50426e-05
6.44517e-05
6.35161e-05
6.29738e-05
6.21258e-05
6.16348e-05
6.08702e-05
6.04312e-05
5.97457e-05
5.93576e-05
5.87465e-05
5.84069e-05
5.78649e-05
5.75705e-05
5.70922e-05
5.68389e-05
5.64184e-05
5.62017e-05
5.58332e-05
5.56474e-05
5.53263e-05
5.51656e-05
5.48865e-05
5.47455e-05
5.44955e-05
5.43662e-05
5.41871e-05
5.40349e-05
5.39104e-05
5.37631e-05
5.36451e-05
5.35389e-05
5.34414e-05
5.33591e-05
5.32824e-05
5.32231e-05
5.31678e-05
5.31316e-05
5.30985e-05
5.30858e-05
5.30764e-05
5.30857e-05
5.31008e-05
5.31359e-05
5.31771e-05
5.32383e-05
5.33055e-05
5.33916e-05
5.34864e-05
5.35985e-05
5.37214e-05
5.38614e-05
5.4013e-05
5.41814e-05
5.43621e-05
5.45597e-05
5.477e-05
5.49975e-05
5.5238e-05
5.5496e-05
5.57677e-05
5.60569e-05
5.6361e-05
5.66839e-05
5.70233e-05
5.73828e-05
5.77608e-05
5.81608e-05
5.85819e-05
5.90277e-05
5.94976e-05
5.99956e-05
6.05217e-05
6.10801e-05
6.16716e-05
6.22998e-05
6.29656e-05
6.36739e-05
6.44303e-05
6.52537e-05
6.61489e-05
6.71411e-05
6.8247e-05
6.95118e-05
7.09071e-05
7.19427e-05
6.30806e-05
9.67723e-05
9.46041e-05
9.37126e-05
9.20398e-05
9.10911e-05
8.95074e-05
8.85093e-05
8.70042e-05
8.59692e-05
8.45436e-05
8.34723e-05
8.2126e-05
8.10353e-05
7.97422e-05
7.86835e-05
7.74336e-05
7.64088e-05
7.52094e-05
7.42227e-05
7.30793e-05
7.21354e-05
7.10521e-05
7.01553e-05
6.91352e-05
6.82891e-05
6.73346e-05
6.654e-05
6.56539e-05
6.49153e-05
6.40963e-05
6.34149e-05
6.26626e-05
6.20388e-05
6.13519e-05
6.0783e-05
6.01572e-05
5.96411e-05
5.90734e-05
5.86067e-05
5.80932e-05
5.767e-05
5.72052e-05
5.68145e-05
5.63915e-05
5.60302e-05
5.56419e-05
5.53046e-05
5.49433e-05
5.46239e-05
5.42825e-05
5.39756e-05
5.36445e-05
5.33375e-05
5.30283e-05
5.2739e-05
5.24294e-05
5.21497e-05
5.18529e-05
5.15843e-05
5.13134e-05
5.1036e-05
5.07686e-05
5.05114e-05
5.02558e-05
5.00111e-05
4.97669e-05
4.95336e-05
4.93026e-05
4.90823e-05
4.88594e-05
4.86429e-05
4.84227e-05
4.8206e-05
4.79817e-05
4.77566e-05
4.75201e-05
4.72783e-05
4.70211e-05
4.67538e-05
4.6467e-05
4.61683e-05
4.58475e-05
4.55109e-05
4.51498e-05
4.47697e-05
4.4364e-05
4.39382e-05
4.34881e-05
4.30217e-05
4.2536e-05
4.20428e-05
4.15387e-05
4.10264e-05
4.05451e-05
4.012e-05
3.98215e-05
3.97413e-05
4.00046e-05
4.06446e-05
3.43545e-05
0.0001047
0.000103158
0.000102519
0.000101418
0.000100525
9.93266e-05
9.83212e-05
9.71082e-05
9.60624e-05
9.48687e-05
9.38148e-05
9.26504e-05
9.16021e-05
9.04664e-05
8.94302e-05
8.83217e-05
8.7299e-05
8.62165e-05
8.52081e-05
8.41499e-05
8.31561e-05
8.21211e-05
8.11425e-05
8.01286e-05
7.91639e-05
7.81645e-05
7.7218e-05
7.62415e-05
7.53036e-05
7.43452e-05
7.34222e-05
7.24827e-05
7.15748e-05
7.06539e-05
6.9763e-05
6.8863e-05
6.79733e-05
6.70744e-05
6.61887e-05
6.52976e-05
6.44205e-05
6.35427e-05
6.26806e-05
6.18211e-05
6.09802e-05
6.01452e-05
5.93327e-05
5.85287e-05
5.77506e-05
5.6981e-05
5.62393e-05
5.55085e-05
5.48059e-05
5.41156e-05
5.3452e-05
5.28054e-05
5.21869e-05
5.14682e-05
5.07377e-05
4.99966e-05
4.92703e-05
4.85331e-05
4.78041e-05
4.70585e-05
4.63156e-05
4.55551e-05
4.47946e-05
4.401e-05
4.32165e-05
4.24256e-05
4.16345e-05
4.08237e-05
4.00223e-05
3.92046e-05
3.83971e-05
3.75761e-05
3.6766e-05
3.59458e-05
3.51377e-05
3.43234e-05
3.3516e-05
3.27043e-05
3.19029e-05
3.11017e-05
3.03154e-05
2.95346e-05
2.87661e-05
2.80086e-05
2.72707e-05
2.65538e-05
2.58693e-05
2.52227e-05
2.4629e-05
2.40948e-05
2.37117e-05
2.33991e-05
2.33679e-05
2.36427e-05
2.43835e-05
1.89183e-05
0.000118546
0.000117403
0.000116869
0.000115986
0.000115017
0.000113904
0.000112774
0.000111555
0.000110356
0.000109092
0.000107871
0.000106592
0.000105357
0.000104069
0.000102823
0.000101527
0.000100271
9.89688e-05
9.77022e-05
9.63954e-05
9.51202e-05
9.381e-05
9.25288e-05
9.12193e-05
8.99324e-05
8.86223e-05
8.73344e-05
8.60254e-05
8.47363e-05
8.34303e-05
8.21441e-05
8.08443e-05
7.95629e-05
7.82716e-05
7.69982e-05
7.5719e-05
7.44602e-05
7.31983e-05
7.19553e-05
7.07112e-05
6.94838e-05
6.82563e-05
6.70425e-05
6.58338e-05
6.46409e-05
6.34447e-05
6.2266e-05
6.10856e-05
5.99205e-05
5.87573e-05
5.76083e-05
5.6462e-05
5.53293e-05
5.42008e-05
5.30855e-05
5.19752e-05
5.08794e-05
4.97907e-05
4.87191e-05
4.76597e-05
4.66138e-05
4.55736e-05
4.45489e-05
4.35345e-05
4.25379e-05
4.15543e-05
4.05918e-05
3.96517e-05
3.87367e-05
3.78433e-05
3.69774e-05
3.61357e-05
3.53231e-05
3.45349e-05
3.37712e-05
3.30316e-05
3.2316e-05
3.16236e-05
3.09529e-05
3.03025e-05
2.96666e-05
2.90488e-05
2.84426e-05
2.78511e-05
2.6837e-05
2.58607e-05
2.49062e-05
2.3997e-05
2.31142e-05
2.22814e-05
2.14822e-05
2.07414e-05
2.00417e-05
1.9416e-05
1.88208e-05
1.84109e-05
1.81794e-05
1.79933e-05
1.87269e-05
1.44605e-05
0.000134927
0.000134289
0.000133875
0.000133294
0.000132324
0.000131351
0.000130199
0.00012906
0.000127841
0.000126621
0.000125369
0.000124101
0.000122823
0.000121517
0.000120215
0.000118878
0.00011755
0.000116186
0.000114832
0.000113442
0.000112064
0.000110652
0.000109236
0.000107813
0.000106397
0.000104945
0.00010351
0.000102046
0.000100598
9.91234e-05
9.76537e-05
9.61592e-05
9.46662e-05
9.3152e-05
9.16379e-05
9.01057e-05
8.85829e-05
8.70469e-05
8.55177e-05
8.39801e-05
8.24466e-05
8.0906e-05
7.93729e-05
7.78339e-05
7.63049e-05
7.47728e-05
7.32529e-05
7.17336e-05
7.02287e-05
6.87282e-05
6.72439e-05
6.57676e-05
6.43092e-05
6.28613e-05
6.14309e-05
6.00122e-05
5.86117e-05
5.72205e-05
5.58471e-05
5.44924e-05
5.31519e-05
5.18333e-05
5.0531e-05
4.92466e-05
4.79769e-05
4.67211e-05
4.54776e-05
4.42445e-05
4.30213e-05
4.18056e-05
4.05981e-05
3.9396e-05
3.82011e-05
3.70124e-05
3.58354e-05
3.46652e-05
3.35036e-05
3.23495e-05
3.12038e-05
3.00694e-05
2.89461e-05
2.78393e-05
2.67468e-05
2.56757e-05
2.46201e-05
2.35861e-05
2.25697e-05
2.15774e-05
2.06022e-05
1.96535e-05
1.87421e-05
1.78711e-05
1.70526e-05
1.63921e-05
1.59629e-05
1.61328e-05
1.60763e-05
1.58675e-05
1.58837e-05
1.3164e-05
0.00014671
0.000146821
0.000146547
0.000146341
0.000145532
0.000144853
0.000143882
0.000143007
0.000141981
0.000141003
0.000139947
0.000138902
0.000137817
0.000136718
0.000135601
0.000134457
0.000133304
0.000132117
0.000130925
0.000129696
0.000128464
0.000127194
0.000125919
0.00012461
0.000123292
0.000121938
0.000120579
0.000119183
0.000117793
0.000116369
0.000114936
0.000113478
0.00011201
0.000110518
0.000109015
0.000107489
0.000105954
0.000104396
0.000102817
0.000101225
9.96372e-05
9.80037e-05
9.63746e-05
9.47119e-05
9.30469e-05
9.13543e-05
8.96562e-05
8.79352e-05
8.62076e-05
8.44614e-05
8.27095e-05
8.09438e-05
7.91753e-05
7.74001e-05
7.56236e-05
7.38438e-05
7.20663e-05
7.02813e-05
6.85022e-05
6.67198e-05
6.49489e-05
6.31843e-05
6.14364e-05
5.96996e-05
5.7985e-05
5.62862e-05
5.46136e-05
5.29614e-05
5.13379e-05
4.97383e-05
4.81686e-05
4.6624e-05
4.5108e-05
4.361e-05
4.21408e-05
4.07017e-05
3.9267e-05
3.78629e-05
3.64598e-05
3.50734e-05
3.36811e-05
3.22922e-05
3.08893e-05
2.9479e-05
2.80468e-05
2.66011e-05
2.51373e-05
2.36574e-05
2.21727e-05
2.06761e-05
1.91878e-05
1.77008e-05
1.62148e-05
1.47908e-05
1.34779e-05
1.24364e-05
1.20865e-05
1.36434e-05
1.38507e-05
1.43363e-05
0.000140865
0.000140542
0.000140414
0.000140092
0.000139953
0.000139607
0.000139438
0.000139077
0.000138872
0.000138497
0.000138251
0.00013786
0.000137572
0.000137161
0.000136831
0.000136396
0.000136022
0.00013556
0.00013514
0.000134646
0.00013418
0.000133649
0.000133133
0.000132559
0.000131989
0.000131363
0.00013073
0.00013004
0.000128935
0.000127793
0.000126628
0.00012544
0.000124236
0.000123009
0.000121769
0.000120502
0.000119214
0.000117899
0.000116562
0.000115199
0.000113812
0.000112393
0.000110953
0.000109479
0.000107984
0.000106453
0.0001049
0.000103312
0.0001017
0.000100054
9.83835e-05
9.66808e-05
9.49407e-05
9.31807e-05
9.14146e-05
8.95977e-05
8.77821e-05
8.59206e-05
8.40566e-05
8.21556e-05
8.02484e-05
7.83089e-05
7.63579e-05
7.43721e-05
7.23697e-05
7.03399e-05
6.8292e-05
6.62235e-05
6.4139e-05
6.20407e-05
5.99323e-05
5.78195e-05
5.57063e-05
5.36008e-05
5.1507e-05
4.94345e-05
4.73866e-05
4.53721e-05
4.33934e-05
4.14566e-05
3.95621e-05
3.7712e-05
3.59033e-05
3.41335e-05
3.23864e-05
3.06643e-05
2.89815e-05
2.7273e-05
2.55797e-05
2.38596e-05
2.21216e-05
2.0328e-05
1.84665e-05
1.65348e-05
1.46143e-05
1.26981e-05
1.10393e-05
1.00806e-05
1.19764e-05
1.21314e-05
0.000116572
0.0001168
0.000116888
0.000116964
0.000117033
0.000117072
0.00011713
0.000117142
0.000117186
0.000117175
0.000117202
0.00011717
0.000117175
0.000117124
0.000117107
0.000117036
0.000116994
0.000116901
0.000116832
0.000116715
0.000116615
0.000116471
0.000116337
0.000116163
0.000115992
0.000115784
0.000115574
0.000115331
0.000115084
0.000114815
0.000114538
0.000114242
0.000113934
0.000113605
0.000113261
0.000112899
0.000112525
0.000112133
0.000111719
0.000111283
0.000110822
0.000110336
0.000109822
0.000109277
0.000108701
0.000108095
0.000107462
0.000106799
0.000106108
0.000105373
0.000104601
0.000103779
0.000102906
0.000101975
0.000100957
9.94017e-05
9.78294e-05
9.61825e-05
9.45157e-05
9.27891e-05
9.1041e-05
8.92471e-05
8.74391e-05
8.55901e-05
8.37178e-05
8.18192e-05
7.98591e-05
7.78787e-05
7.58488e-05
7.37932e-05
7.16962e-05
6.95715e-05
6.74028e-05
6.52037e-05
6.29585e-05
6.06772e-05
5.83463e-05
5.5973e-05
5.35476e-05
5.10765e-05
4.85554e-05
4.59925e-05
4.33901e-05
4.07607e-05
3.81151e-05
3.54721e-05
3.28503e-05
3.02727e-05
2.77715e-05
2.53555e-05
2.30119e-05
2.0738e-05
1.85361e-05
1.62981e-05
1.41351e-05
1.21309e-05
1.03198e-05
8.92103e-06
8.37938e-06
1.15376e-05
7.48927e-05
7.53304e-05
7.54143e-05
7.56867e-05
7.57781e-05
7.60025e-05
7.61119e-05
7.63051e-05
7.643e-05
7.66018e-05
7.67371e-05
7.68938e-05
7.70345e-05
7.71803e-05
7.7322e-05
7.74589e-05
7.75982e-05
7.77271e-05
7.78611e-05
7.79818e-05
7.81081e-05
7.82201e-05
7.83368e-05
7.84395e-05
7.85455e-05
7.86385e-05
7.87339e-05
7.8818e-05
7.89045e-05
7.89815e-05
7.90585e-05
7.9127e-05
7.91932e-05
7.92512e-05
7.9305e-05
7.93505e-05
7.93898e-05
7.94191e-05
7.94438e-05
7.94591e-05
7.94679e-05
7.94675e-05
7.94594e-05
7.94421e-05
7.94169e-05
7.93829e-05
7.93368e-05
7.92761e-05
7.91988e-05
7.91015e-05
7.89833e-05
7.88392e-05
7.8669e-05
7.84679e-05
7.82361e-05
7.7976e-05
7.77021e-05
7.73908e-05
7.70595e-05
7.66812e-05
7.6266e-05
7.56988e-05
7.48701e-05
7.39864e-05
7.30464e-05
7.20649e-05
7.10265e-05
6.99467e-05
6.88058e-05
6.76079e-05
6.63479e-05
6.50411e-05
6.36402e-05
6.21743e-05
6.06156e-05
5.89758e-05
5.72369e-05
5.54059e-05
5.34717e-05
5.14406e-05
4.93076e-05
4.7081e-05
4.47616e-05
4.23612e-05
3.98883e-05
3.73542e-05
3.47529e-05
3.20989e-05
2.93152e-05
2.64479e-05
2.34845e-05
2.04612e-05
1.74852e-05
1.4635e-05
1.19464e-05
9.59199e-06
7.77118e-06
6.54255e-06
5.87318e-06
6.77693e-06
6.97682e-06
6.99351e-06
7.00517e-06
7.01881e-06
7.03271e-06
7.0492e-06
7.06332e-06
7.08128e-06
7.09597e-06
7.11471e-06
7.13025e-06
7.14945e-06
7.16599e-06
7.18553e-06
7.2031e-06
7.22297e-06
7.24157e-06
7.26182e-06
7.28141e-06
7.30214e-06
7.3227e-06
7.34404e-06
7.36559e-06
7.38769e-06
7.41032e-06
7.43338e-06
7.45721e-06
7.48145e-06
7.5066e-06
7.53215e-06
7.5587e-06
7.58571e-06
7.61375e-06
7.64235e-06
7.67203e-06
7.70238e-06
7.73384e-06
7.76613e-06
7.79962e-06
7.83405e-06
7.86977e-06
7.90655e-06
7.94469e-06
7.984e-06
8.02466e-06
8.06648e-06
8.10949e-06
8.1536e-06
8.19887e-06
8.24519e-06
8.29269e-06
8.3413e-06
8.39124e-06
8.44252e-06
8.49551e-06
8.55029e-06
8.6067e-06
8.66371e-06
8.72169e-06
8.77858e-06
8.83488e-06
8.88786e-06
8.94062e-06
8.99569e-06
9.05191e-06
9.1114e-06
9.17265e-06
9.23762e-06
9.30448e-06
9.37525e-06
9.44907e-06
9.52701e-06
9.6058e-06
9.68997e-06
9.77516e-06
9.8653e-06
9.95719e-06
1.00539e-05
1.01534e-05
1.02586e-05
1.03686e-05
1.04865e-05
1.06129e-05
1.07513e-05
1.09028e-05
1.10655e-05
1.12231e-05
1.133e-05
1.13563e-05
1.12303e-05
1.07796e-05
9.77208e-06
8.06165e-06
5.93814e-06
3.61767e-06
2.63555e-06
2.55613e-06
3.91748e-06
4.01825e-06
4.33064e-06
1.09393e-05
2.07737e-06
2.60067e-06
3.51752e-06
4.54844e-06
5.6232e-06
6.48756e-06
7.33717e-06
8.15045e-06
8.90653e-06
9.62002e-06
1.03382e-05
1.14568e-05
1.33357e-05
1.54702e-05
1.78508e-05
1.75966e-05
1.55412e-05
1.02869e-05
3.99558e-06
5.8799e-06
2.18619e-06
2.47519e-06
3.18437e-06
4.05644e-06
4.86415e-06
5.69342e-06
6.5525e-06
7.41588e-06
8.2996e-06
9.27523e-06
1.03728e-05
1.20261e-05
1.41e-05
1.70543e-05
1.83244e-05
1.74933e-05
1.47067e-05
9.53284e-06
3.9668e-06
4.94618e-06
2.69542e-06
2.90125e-06
3.41686e-06
4.01117e-06
4.71751e-06
5.48181e-06
6.31646e-06
7.22234e-06
8.39002e-06
9.5104e-06
1.1022e-05
1.29403e-05
1.58378e-05
1.80273e-05
1.83053e-05
1.71508e-05
1.40006e-05
8.86969e-06
3.83898e-06
5.05653e-06
3.43953e-06
3.63822e-06
3.876e-06
4.36893e-06
4.92968e-06
5.67451e-06
6.58294e-06
7.71579e-06
9.48949e-06
1.122e-05
1.29549e-05
1.57426e-05
1.82221e-05
1.91992e-05
1.88225e-05
1.70302e-05
1.32329e-05
7.97776e-06
3.25665e-06
5.68869e-06
4.47717e-06
4.61695e-06
4.63444e-06
5.19476e-06
5.69388e-06
6.58673e-06
7.84452e-06
9.60105e-06
1.31109e-05
1.47783e-05
1.70919e-05
1.93538e-05
2.04394e-05
2.04415e-05
1.92219e-05
1.65348e-05
1.24881e-05
6.87763e-06
2.37345e-06
6.89546e-06
5.97706e-06
6.04847e-06
6.02763e-06
6.77338e-06
7.76995e-06
9.35327e-06
1.16084e-05
1.61273e-05
1.95232e-05
2.09983e-05
2.23909e-05
2.30815e-05
2.28807e-05
2.16802e-05
1.90988e-05
1.59601e-05
1.15526e-05
5.14367e-06
1.46489e-06
9.04365e-06
8.62749e-06
8.85908e-06
9.46564e-06
1.11853e-05
1.36766e-05
1.70888e-05
2.20436e-05
2.87896e-05
2.94408e-05
2.91218e-05
2.83298e-05
2.69249e-05
2.47858e-05
2.1677e-05
1.85292e-05
1.48177e-05
1.00988e-05
3.81998e-06
7.19492e-07
1.46595e-05
1.6139e-05
1.73675e-05
1.9666e-05
2.31973e-05
2.75241e-05
3.30986e-05
4.00649e-05
3.99369e-05
3.77735e-05
3.42808e-05
3.16635e-05
2.81024e-05
2.49268e-05
2.08584e-05
1.70832e-05
1.29145e-05
8.10292e-06
2.78113e-06
2.7688e-07
3.25309e-05
3.54873e-05
3.67137e-05
3.91754e-05
4.36291e-05
4.7973e-05
5.20241e-05
4.77971e-05
4.41734e-05
4.02481e-05
3.63724e-05
3.25824e-05
2.83694e-05
2.3326e-05
1.85616e-05
1.407e-05
1.01871e-05
6.44384e-06
2.41397e-06
1.2143e-07
5.2824e-05
5.57081e-05
5.59618e-05
5.74659e-05
6.23171e-05
5.94069e-05
5.51202e-05
5.01595e-05
4.60741e-05
4.11149e-05
3.70386e-05
3.18656e-05
2.70267e-05
1.97569e-05
1.40324e-05
9.61865e-06
7.54037e-06
6.0108e-06
2.8879e-06
1.87917e-07
5.03421e-05
5.30748e-05
5.34406e-05
5.50235e-05
5.98188e-05
5.77683e-05
5.3656e-05
4.88929e-05
4.50374e-05
4.02452e-05
3.65691e-05
3.14395e-05
2.76186e-05
2.04757e-05
1.48128e-05
9.76425e-06
7.17173e-06
5.07739e-06
2.1608e-06
1.48838e-07
2.80244e-05
3.09207e-05
3.22772e-05
3.47509e-05
3.91494e-05
4.36888e-05
4.96429e-05
4.56341e-05
4.26525e-05
3.84268e-05
3.56698e-05
3.13196e-05
2.83402e-05
2.39319e-05
1.93668e-05
1.46129e-05
1.00117e-05
5.48162e-06
1.67235e-06
1.05383e-07
1.31031e-05
1.40466e-05
1.5024e-05
1.70699e-05
2.02335e-05
2.42822e-05
2.95446e-05
3.6432e-05
3.97669e-05
3.61571e-05
3.4028e-05
3.06154e-05
2.76744e-05
2.45063e-05
2.12657e-05
1.73738e-05
1.29732e-05
7.81072e-06
2.36742e-06
1.40561e-07
8.63833e-06
8.11686e-06
8.26424e-06
8.65966e-06
1.00786e-05
1.22221e-05
1.52239e-05
1.98451e-05
2.63258e-05
2.74908e-05
2.7785e-05
2.75956e-05
2.66716e-05
2.47312e-05
2.14457e-05
1.86188e-05
1.48275e-05
1.0011e-05
3.48371e-06
3.79372e-07
6.73716e-06
5.80507e-06
5.86948e-06
5.83215e-06
6.51345e-06
7.37376e-06
8.76001e-06
1.07501e-05
1.484e-05
1.81978e-05
1.99876e-05
2.17361e-05
2.27547e-05
2.27873e-05
2.18416e-05
1.8956e-05
1.58295e-05
1.14927e-05
5.11162e-06
1.17657e-06
5.62044e-06
4.4268e-06
4.56446e-06
4.60693e-06
5.15442e-06
5.64456e-06
6.48888e-06
7.64138e-06
9.24761e-06
1.23735e-05
1.41527e-05
1.65289e-05
1.90607e-05
2.03555e-05
2.04623e-05
1.93545e-05
1.64119e-05
1.24334e-05
6.93235e-06
2.22551e-06
5.0423e-06
3.43518e-06
3.6373e-06
3.91544e-06
4.4144e-06
4.9945e-06
5.7291e-06
6.61097e-06
7.68815e-06
9.34001e-06
1.09291e-05
1.26846e-05
1.54326e-05
1.81302e-05
1.92562e-05
1.88993e-05
1.70966e-05
1.31889e-05
8.03023e-06
3.20728e-06
5.04741e-06
2.73338e-06
2.93262e-06
3.46323e-06
4.09234e-06
4.80648e-06
5.58385e-06
6.42163e-06
7.31367e-06
8.4225e-06
9.50538e-06
1.09535e-05
1.28394e-05
1.56656e-05
1.80429e-05
1.83942e-05
1.72083e-05
1.39475e-05
8.94544e-06
3.79892e-06
6.11982e-06
2.24181e-06
2.53617e-06
3.25413e-06
4.1337e-06
4.98456e-06
5.81935e-06
6.68648e-06
7.55667e-06
8.43117e-06
9.36994e-06
1.04309e-05
1.20461e-05
1.40908e-05
1.69983e-05
1.83781e-05
1.75187e-05
1.47188e-05
9.58494e-06
3.95292e-06
1.09719e-05
2.13798e-06
2.66024e-06
3.59579e-06
4.64396e-06
5.72252e-06
6.63753e-06
7.48908e-06
8.31072e-06
9.06838e-06
9.77627e-06
1.04657e-05
1.15075e-05
1.33029e-05
1.54678e-05
1.78816e-05
1.76243e-05
1.55202e-05
1.03482e-05
3.99019e-06
1.23421e-06
0.000116558
0.000294184
0.000330906
0.00033481
0.000335356
0.000335357
0.000335342
0.000335343
0.000335345
0.000335345
0.000335343
0.000335342
0.000335357
0.000335356
0.00033481
0.000330906
0.000294184
0.000116558
1.23421e-06
1.36973e-06
6.8167e-05
0.000219584
0.000309504
0.000330909
0.000334527
0.000335273
0.000335315
0.000335296
0.000335287
0.000335287
0.000335296
0.000335315
0.000335273
0.000334527
0.000330909
0.000309504
0.000219584
6.8167e-05
1.36973e-06
1.51338e-06
5.28962e-05
0.00017646
0.00028058
0.000322148
0.000332504
0.000334604
0.0003351
0.000335168
0.000335172
0.000335172
0.000335168
0.0003351
0.000334604
0.000332504
0.000322148
0.00028058
0.00017646
5.28963e-05
1.51338e-06
1.65541e-06
4.39377e-05
0.000148161
0.000254262
0.0003093
0.000328588
0.000333554
0.000334803
0.000335047
0.00033508
0.00033508
0.000335047
0.000334803
0.000333554
0.000328588
0.0003093
0.000254263
0.000148161
4.39377e-05
1.65541e-06
1.79644e-06
3.71607e-05
0.000127215
0.000231225
0.000295243
0.000322611
0.000331765
0.000334129
0.0003348
0.00033494
0.00033494
0.0003348
0.000334129
0.000331765
0.000322611
0.000295243
0.000231225
0.000127215
3.71607e-05
1.79644e-06
1.93636e-06
3.20661e-05
0.000111061
0.00021123
0.000280971
0.000315385
0.000328853
0.0003332
0.000334472
0.00033478
0.00033478
0.000334472
0.0003332
0.000328853
0.000315385
0.000280971
0.00021123
0.000111061
3.2066e-05
1.93636e-06
2.07395e-06
2.82176e-05
9.83554e-05
0.000193939
0.000267068
0.000307358
0.000325176
0.000331844
0.000333904
0.000334513
0.000334513
0.000333904
0.000331844
0.000325176
0.000307358
0.000267068
0.000193939
9.83554e-05
2.82176e-05
2.07395e-06
2.2085e-06
2.52343e-05
8.81453e-05
0.000178945
0.000253826
0.000298867
0.000320816
0.000329912
0.000333144
0.000334153
0.000334153
0.000333144
0.000329912
0.000320816
0.000298867
0.000253826
0.000178945
8.81451e-05
2.52343e-05
2.20851e-06
2.33869e-06
2.28834e-05
7.98177e-05
0.000165915
0.000241396
0.00029018
0.000315929
0.000327568
0.000332164
0.000333602
0.000333602
0.000332164
0.000327568
0.000315929
0.00029018
0.000241396
0.000165914
7.98176e-05
2.28834e-05
2.33869e-06
2.46393e-06
2.09831e-05
7.29047e-05
0.000154522
0.000229814
0.000281486
0.000310644
0.000324815
0.000330837
0.000332879
0.000332879
0.000330837
0.000324815
0.000310644
0.000281486
0.000229814
0.000154521
7.29045e-05
2.09831e-05
2.46394e-06
2.58306e-06
1.94332e-05
6.71022e-05
0.000144522
0.000219081
0.000272922
0.000305083
0.000321705
0.000329233
0.000331992
0.000331992
0.000329233
0.000321705
0.000305083
0.000272922
0.00021908
0.000144521
6.71021e-05
1.94332e-05
2.58306e-06
2.6958e-06
1.81416e-05
6.21631e-05
0.000135686
0.000209149
0.000264573
0.000299342
0.000318291
0.000327354
0.000330843
0.000330843
0.000327354
0.000318291
0.000299342
0.000264573
0.000209149
0.000135686
6.21628e-05
1.81415e-05
2.6958e-06
2.80121e-06
1.70616e-05
5.79248e-05
0.000127849
0.000199976
0.0002565
0.000293505
0.000314624
0.000325205
0.000329432
0.000329432
0.000325205
0.000314624
0.000293505
0.0002565
0.000199976
0.000127849
5.79247e-05
1.70616e-05
2.80121e-06
2.89938e-06
1.61475e-05
5.42479e-05
0.000120853
0.000191497
0.000248734
0.000287635
0.000310748
0.000322803
0.000327776
0.000327776
0.000322803
0.000310748
0.000287635
0.000248734
0.000191497
0.000120853
5.42476e-05
1.61474e-05
2.89938e-06
2.9896e-06
1.53692e-05
5.10398e-05
0.000114589
0.000183661
0.000241296
0.000281785
0.000306709
0.000320171
0.000325879
0.000325879
0.00032017
0.000306709
0.000281785
0.000241296
0.00018366
0.000114588
5.10398e-05
1.53692e-05
2.98961e-06
3.07233e-06
1.47003e-05
4.82151e-05
0.000108945
0.000176404
0.000234187
0.00027599
0.000302543
0.000317329
0.000323751
0.000323751
0.000317329
0.000302543
0.00027599
0.000234186
0.000176404
0.000108945
4.82149e-05
1.47002e-05
3.07233e-06
3.14699e-06
1.41264e-05
4.57183e-05
0.000103849
0.000169684
0.000227409
0.000270284
0.000298287
0.000314304
0.000321405
0.000321405
0.000314304
0.000298286
0.000270283
0.000227409
0.000169683
0.000103848
4.57184e-05
1.41264e-05
3.14699e-06
3.21437e-06
1.36291e-05
4.34948e-05
9.92213e-05
0.000163443
0.000220951
0.000264684
0.000293966
0.000311117
0.000318858
0.000318858
0.000311117
0.000293966
0.000264684
0.000220951
0.000163443
9.92213e-05
4.34946e-05
1.3629e-05
3.21437e-06
3.27399e-06
1.32006e-05
4.15088e-05
9.50119e-05
0.000157646
0.000214806
0.000259209
0.00028961
0.000307792
0.00031613
0.00031613
0.000307792
0.000289609
0.000259209
0.000214806
0.000157646
9.50117e-05
4.1509e-05
1.32007e-05
3.27398e-06
3.3269e-06
1.2828e-05
3.97248e-05
9.11641e-05
0.000152246
0.000208958
0.000253868
0.000285237
0.00030435
0.000313237
0.000313237
0.00030435
0.000285237
0.000253868
0.000208958
0.000152246
9.11641e-05
3.97246e-05
1.28279e-05
3.3269e-06
3.37259e-06
1.25072e-05
3.81177e-05
8.76417e-05
0.000147215
0.000203397
0.000248669
0.000280867
0.000300814
0.000310202
0.000310202
0.000300814
0.000280867
0.000248669
0.000203397
0.000147215
8.76416e-05
3.81179e-05
1.25073e-05
3.37258e-06
3.41241e-06
1.22288e-05
3.66646e-05
8.44031e-05
0.000142513
0.000198103
0.000243616
0.000276515
0.000297202
0.000307044
0.000307043
0.000297202
0.000276515
0.000243615
0.000198103
0.000142514
8.44031e-05
3.66643e-05
1.22287e-05
3.41241e-06
3.44566e-06
1.19915e-05
3.53461e-05
8.14223e-05
0.00013812
0.000193068
0.000238711
0.000272195
0.000293532
0.00030378
0.00030378
0.000293532
0.000272195
0.000238711
0.000193068
0.000138119
8.14221e-05
3.53464e-05
1.19916e-05
3.44566e-06
3.47402e-06
1.1787e-05
3.41488e-05
7.86676e-05
0.000134
0.000188273
0.000233954
0.000267917
0.00028982
0.00030043
0.00030043
0.00028982
0.000267917
0.000233954
0.000188273
0.000134
7.86676e-05
3.41485e-05
1.17869e-05
3.47402e-06
3.49649e-06
1.16127e-05
3.30554e-05
7.61204e-05
0.00013014
0.000183708
0.000229345
0.000263691
0.000286082
0.00029701
0.00029701
0.000286082
0.000263691
0.000229345
0.000183707
0.000130139
7.61202e-05
3.30558e-05
1.16129e-05
3.49648e-06
3.51512e-06
1.147e-05
3.20599e-05
7.37558e-05
0.000126509
0.000179355
0.00022488
0.000259524
0.000282329
0.000293536
0.000293536
0.000282329
0.000259523
0.000224879
0.000179355
0.000126509
7.37558e-05
3.20594e-05
1.14693e-05
3.51511e-06
3.52846e-06
1.1348e-05
3.11462e-05
7.15606e-05
0.000123098
0.000175208
0.000220559
0.000255421
0.000278574
0.000290022
0.000290022
0.000278574
0.000255421
0.000220558
0.000175208
0.000123097
7.15605e-05
3.11467e-05
1.13489e-05
3.52845e-06
3.53792e-06
1.12567e-05
3.03131e-05
6.95146e-05
0.00011988
0.000171248
0.000216375
0.000251388
0.000274828
0.000286482
0.000286482
0.000274828
0.000251388
0.000216375
0.000171249
0.000119881
6.95147e-05
3.03126e-05
1.12559e-05
3.53792e-06
3.54511e-06
1.11809e-05
2.95464e-05
6.76091e-05
0.00011685
0.000167472
0.000212329
0.000247429
0.000271099
0.000282927
0.000282927
0.000271099
0.000247429
0.000212329
0.000167472
0.00011685
6.7609e-05
2.95469e-05
1.11818e-05
3.5451e-06
3.54863e-06
1.11325e-05
2.88464e-05
6.58266e-05
0.000113984
0.000163861
0.000208412
0.000243546
0.000267396
0.000279367
0.000279367
0.000267396
0.000243546
0.000208412
0.000163861
0.000113984
6.58268e-05
2.8846e-05
1.11317e-05
3.54862e-06
3.54914e-06
1.10972e-05
2.82015e-05
6.41621e-05
0.000111278
0.000160413
0.000204626
0.000239742
0.000263725
0.000275812
0.000275812
0.000263725
0.000239742
0.000204626
0.000160413
0.000111278
6.4162e-05
2.82019e-05
1.10982e-05
3.54914e-06
3.54717e-06
1.10881e-05
2.76133e-05
6.26e-05
0.000108713
0.000157112
0.00020096
0.000236017
0.000260092
0.000272271
0.000272271
0.000260092
0.000236017
0.00020096
0.000157112
0.000108713
6.26003e-05
2.7613e-05
1.10872e-05
3.54716e-06
3.54301e-06
1.10901e-05
2.70718e-05
6.11384e-05
0.000106287
0.000153956
0.000197416
0.000232373
0.000256502
0.00026875
0.00026875
0.000256502
0.000232373
0.000197417
0.000153956
0.000106287
6.11384e-05
2.70722e-05
1.10911e-05
3.54301e-06
3.53695e-06
1.11176e-05
2.65795e-05
5.97629e-05
0.000103981
0.00015093
0.000193985
0.00022881
0.00025296
0.000265256
0.000265256
0.00025296
0.00022881
0.000193985
0.00015093
0.000103981
5.97631e-05
2.65793e-05
1.11166e-05
3.53694e-06
3.52924e-06
1.11552e-05
2.61275e-05
5.8474e-05
0.000101795
0.000148034
0.000190668
0.000225329
0.000249468
0.000261794
0.000261794
0.000249469
0.000225329
0.000190668
0.000148035
0.000101796
5.8474e-05
2.61279e-05
1.11564e-05
3.52924e-06
3.52011e-06
1.12182e-05
2.57191e-05
5.72579e-05
9.9714e-05
0.000145254
0.000187455
0.000221928
0.00024603
0.000258369
0.000258369
0.00024603
0.000221928
0.000187454
0.000145253
9.97141e-05
5.72582e-05
2.5719e-05
1.12171e-05
3.5201e-06
3.5098e-06
1.12908e-05
2.53463e-05
5.61181e-05
9.77383e-05
0.000142589
0.000184347
0.000218608
0.000242649
0.000254986
0.000254986
0.000242649
0.000218608
0.000184347
0.00014259
9.77386e-05
5.61181e-05
2.53466e-05
1.1292e-05
3.5098e-06
3.49846e-06
1.13887e-05
2.5013e-05
5.50407e-05
9.58514e-05
0.000140027
0.000181336
0.000215366
0.000239324
0.000251646
0.000251646
0.000239324
0.000215366
0.000181335
0.000140027
9.58513e-05
5.5041e-05
2.5013e-05
1.13876e-05
3.49845e-06
3.48634e-06
1.14968e-05
2.47118e-05
5.40313e-05
9.40584e-05
0.00013757
0.000178422
0.000212203
0.00023606
0.000248354
0.000248354
0.00023606
0.000212204
0.000178423
0.000137571
9.4059e-05
5.40314e-05
2.47118e-05
1.14981e-05
3.48635e-06
3.4735e-06
1.16329e-05
2.44468e-05
5.30748e-05
9.23429e-05
0.000135204
0.000175598
0.000209117
0.000232855
0.00024511
0.00024511
0.000232854
0.000209116
0.000175597
0.000135203
9.23424e-05
5.30749e-05
2.44471e-05
1.16316e-05
3.47349e-06
3.46025e-06
1.17719e-05
2.4212e-05
5.21805e-05
9.07106e-05
0.000132932
0.000172864
0.000206107
0.000229711
0.000241918
0.000241918
0.000229712
0.000206108
0.000172865
0.000132933
9.07117e-05
5.21808e-05
2.42118e-05
1.17734e-05
3.46026e-06
3.44652e-06
1.19449e-05
2.40092e-05
5.13304e-05
8.91469e-05
0.000130742
0.000170212
0.000203169
0.000226628
0.000238778
0.000238778
0.000226627
0.000203169
0.000170211
0.00013074
8.91459e-05
5.13302e-05
2.40099e-05
1.19433e-05
3.4465e-06
3.43268e-06
1.21199e-05
2.38418e-05
5.05359e-05
8.7659e-05
0.000128637
0.000167644
0.000200306
0.000223606
0.000235692
0.000235693
0.000223607
0.000200307
0.000167646
0.000128639
8.76607e-05
5.05367e-05
2.38412e-05
1.21217e-05
3.43269e-06
3.41854e-06
1.23293e-05
2.3691e-05
4.97793e-05
8.62315e-05
0.000126606
0.000165152
0.000197512
0.000220645
0.00023266
0.00023266
0.000220644
0.000197511
0.00016515
0.000126604
8.62298e-05
4.97785e-05
2.36919e-05
1.23275e-05
3.41852e-06
3.40457e-06
1.2538e-05
2.35713e-05
4.90699e-05
8.4871e-05
0.000124652
0.000162737
0.000194789
0.000217745
0.000229684
0.000229684
0.000217746
0.00019479
0.00016274
0.000124654
8.48734e-05
4.90714e-05
2.35728e-05
1.254e-05
3.40459e-06
3.39042e-06
1.2781e-05
2.34712e-05
4.8391e-05
8.35633e-05
0.000122764
0.000160393
0.000192132
0.000214904
0.000226761
0.000226761
0.000214903
0.00019213
0.000160391
0.000122761
8.35609e-05
4.83897e-05
2.34696e-05
1.27791e-05
3.3904e-06
3.37667e-06
1.28382e-05
2.33868e-05
4.7748e-05
8.23147e-05
0.000120946
0.00015812
0.000189542
0.000212125
0.000223895
0.000223895
0.000212126
0.000189544
0.000158123
0.00012095
8.23179e-05
4.77499e-05
2.33885e-05
1.28401e-05
3.3767e-06
3.36344e-06
1.28995e-05
2.33105e-05
4.71246e-05
8.11106e-05
0.000119188
0.000155913
0.000187015
0.000209402
0.000221082
0.000221082
0.000209401
0.000187013
0.000155909
0.000119184
8.11071e-05
4.71226e-05
2.33086e-05
1.28976e-05
3.36342e-06
3.35057e-06
1.296e-05
2.32364e-05
4.65279e-05
7.99574e-05
0.000117493
0.000153771
0.000184552
0.00020674
0.000218326
0.000218327
0.000206741
0.000184554
0.000153775
0.000117498
7.99614e-05
4.65303e-05
2.32385e-05
1.2962e-05
3.3506e-06
3.33817e-06
1.30287e-05
2.31604e-05
4.59428e-05
7.88405e-05
0.000115851
0.000151689
0.000182148
0.000204133
0.000215622
0.000215622
0.000204131
0.000182145
0.000151685
0.000115846
7.88359e-05
4.59401e-05
2.31581e-05
1.30267e-05
3.33815e-06
3.32609e-06
1.30964e-05
2.30807e-05
4.53794e-05
7.77671e-05
0.000114265
0.000149668
0.000179805
0.000201584
0.000212975
0.000212976
0.000201585
0.000179808
0.000149673
0.00011427
7.77721e-05
4.53823e-05
2.30832e-05
1.30986e-05
3.32613e-06
3.31445e-06
1.31721e-05
2.29965e-05
4.48236e-05
7.67231e-05
0.000112725
0.000147702
0.000177517
0.000199088
0.000210378
0.000210377
0.000199085
0.000177513
0.000147696
0.000112718
7.67171e-05
4.48202e-05
2.29936e-05
1.317e-05
3.31442e-06
3.30311e-06
1.32463e-05
2.29085e-05
4.42881e-05
7.57166e-05
0.000111235
0.000145792
0.000175287
0.000196648
0.000207837
0.000207837
0.00019665
0.000175291
0.000145797
0.000111242
7.57227e-05
4.42914e-05
2.29116e-05
1.32486e-05
3.30315e-06
3.29221e-06
1.33279e-05
2.28167e-05
4.37579e-05
7.47344e-05
0.000109787
0.000143931
0.000173109
0.000194259
0.000205343
0.000205342
0.000194256
0.000173103
0.000143924
0.000109778
7.47266e-05
4.37538e-05
2.2813e-05
1.33256e-05
3.29218e-06
3.28159e-06
1.3407e-05
2.2723e-05
4.32483e-05
7.37849e-05
0.000108382
0.000142122
0.000170984
0.000191925
0.000202906
0.000202906
0.000191927
0.000170989
0.000142129
0.000108391
7.37923e-05
4.32518e-05
2.27269e-05
1.34095e-05
3.28165e-06
3.27144e-06
1.34935e-05
2.26297e-05
4.27429e-05
7.28564e-05
0.000107014
0.000140359
0.000168909
0.000189638
0.000200513
0.000200511
0.000189634
0.000168902
0.000140349
0.000107002
7.28464e-05
4.27383e-05
2.26249e-05
1.34911e-05
3.27141e-06
3.26156e-06
1.35764e-05
2.25352e-05
4.22597e-05
7.19575e-05
0.000105684
0.000138642
0.000166884
0.000187404
0.000198175
0.000198176
0.000187407
0.00016689
0.00013865
0.000105694
7.19663e-05
4.22629e-05
2.254e-05
1.35791e-05
3.26163e-06
3.25216e-06
1.36665e-05
2.2445e-05
4.17787e-05
7.10772e-05
0.000104387
0.000136967
0.000164904
0.000185215
0.000195879
0.000195877
0.000185209
0.000164895
0.000136954
0.000104372
7.10641e-05
4.17739e-05
2.24389e-05
1.36638e-05
3.25214e-06
3.24302e-06
1.37518e-05
2.23538e-05
4.13235e-05
7.0223e-05
0.000103124
0.000135334
0.000162972
0.000183077
0.000193638
0.000193639
0.00018308
0.000162979
0.000135344
0.000103136
7.02337e-05
4.1326e-05
2.23598e-05
1.37547e-05
3.24311e-06
3.23438e-06
1.38443e-05
2.22712e-05
4.08705e-05
6.93874e-05
0.000101892
0.000133739
0.000161082
0.00018098
0.000191434
0.000191431
0.000180972
0.000161069
0.000133722
0.000101871
6.93696e-05
4.08641e-05
2.22633e-05
1.38415e-05
3.23437e-06
3.22598e-06
1.39311e-05
2.21868e-05
4.04355e-05
6.85723e-05
0.00010069
0.000132184
0.000159237
0.000178933
0.000189285
0.000189287
0.000178937
0.000159244
0.000132195
0.000100704
6.85854e-05
4.04413e-05
2.21941e-05
1.39342e-05
3.2261e-06
3.21809e-06
1.40252e-05
2.2114e-05
4.0013e-05
6.77764e-05
9.95177e-05
0.000130664
0.000157431
0.000176924
0.00018717
0.000187166
0.000176913
0.000157413
0.00013064
9.94908e-05
6.77525e-05
3.99996e-05
2.21043e-05
1.40222e-05
3.2181e-06
3.21041e-06
1.41125e-05
2.2039e-05
3.96034e-05
6.69989e-05
9.83719e-05
0.000129179
0.000155667
0.000174964
0.000185111
0.000185112
0.000174967
0.000155674
0.000129191
9.83867e-05
6.70133e-05
3.96126e-05
2.20473e-05
1.41159e-05
3.21058e-06
3.20324e-06
1.42073e-05
2.1978e-05
3.92101e-05
6.62412e-05
9.72542e-05
0.000127728
0.000153939
0.000173037
0.000183079
0.000183074
0.000173022
0.000153914
0.000127696
9.72181e-05
6.62096e-05
3.91904e-05
2.19664e-05
1.42041e-05
3.2033e-06
3.19625e-06
1.42944e-05
2.19142e-05
3.88275e-05
6.55003e-05
9.61598e-05
0.000126309
0.000152251
0.00017116
0.000181105
0.000181106
0.000171162
0.000152257
0.00012632
9.61739e-05
6.55142e-05
3.88373e-05
2.1923e-05
1.42981e-05
3.1965e-06
3.18977e-06
1.43895e-05
2.18661e-05
3.84619e-05
6.47796e-05
9.50931e-05
0.000124923
0.000150597
0.000169311
0.000179153
0.000179145
0.00016929
0.000150562
0.000124878
9.50439e-05
6.47372e-05
3.84349e-05
2.18523e-05
1.43861e-05
3.18992e-06
3.18344e-06
1.44758e-05
2.18143e-05
3.81066e-05
6.40744e-05
9.40468e-05
0.000123565
0.000148981
0.000167512
0.000177261
0.00017726
0.000167511
0.000148982
0.000123572
9.40569e-05
6.40848e-05
3.81149e-05
2.18231e-05
1.44798e-05
3.18383e-06
3.17761e-06
1.45705e-05
2.17799e-05
3.77688e-05
6.339e-05
9.30285e-05
0.00012224
0.000147396
0.000165738
0.000175383
0.000175372
0.000165706
0.000147345
0.000122175
9.29599e-05
6.33321e-05
3.77325e-05
2.17634e-05
1.45669e-05
3.17793e-06
3.1719e-06
1.46556e-05
2.17405e-05
3.7441e-05
6.27199e-05
9.20279e-05
0.00012094
0.000145848
0.000164014
0.00017357
0.000173567
0.000164006
0.00014584
0.000120936
9.20283e-05
6.27217e-05
3.74441e-05
2.17486e-05
1.46599e-05
3.17252e-06
3.16667e-06
1.47497e-05
2.17204e-05
3.7131e-05
6.20718e-05
9.10567e-05
0.000119672
0.000144329
0.000162309
0.000171763
0.000171747
0.000162262
0.000144254
0.000119578
9.09585e-05
6.19905e-05
3.70823e-05
2.17e-05
1.47457e-05
3.16726e-06
3.16151e-06
1.4833e-05
2.16934e-05
3.68312e-05
6.1437e-05
9.01005e-05
0.000118428
0.000142847
0.000160658
0.000170026
0.000170019
0.000160638
0.000142821
0.000118403
9.00807e-05
6.14215e-05
3.6824e-05
2.16999e-05
1.48376e-05
3.16252e-06
3.1568e-06
1.49261e-05
2.16879e-05
3.65491e-05
6.08259e-05
8.91764e-05
0.000117216
0.000141391
0.00015902
0.000168285
0.00016826
0.000158947
0.000141278
0.000117076
8.90323e-05
6.07082e-05
3.64812e-05
2.16621e-05
1.49218e-05
3.1579e-06
3.15213e-06
1.50074e-05
2.16733e-05
3.62778e-05
6.02272e-05
8.82645e-05
0.000116026
0.000139972
0.000157439
0.000166622
0.000166607
0.000157397
0.000139913
0.000115962
8.82065e-05
6.01791e-05
3.62521e-05
2.16767e-05
1.50123e-05
3.15381e-06
3.14786e-06
1.50995e-05
2.16828e-05
3.60237e-05
5.96545e-05
8.73889e-05
0.00011487
0.000138578
0.000155867
0.000164941
0.000164903
0.000155752
0.000138404
0.000114657
8.71723e-05
5.94791e-05
3.59256e-05
2.16491e-05
1.50945e-05
3.14983e-06
3.14357e-06
1.51786e-05
2.16807e-05
3.57818e-05
5.90937e-05
8.65224e-05
0.000113736
0.000137225
0.000154357
0.000163349
0.000163322
0.000154271
0.000137104
0.0001136
8.63953e-05
5.8987e-05
3.57238e-05
2.16782e-05
1.51834e-05
3.14641e-06
3.13962e-06
1.52695e-05
2.17058e-05
3.55558e-05
5.8562e-05
8.56989e-05
0.00011264
0.000135895
0.000152848
0.000161726
0.000161667
0.000152662
0.000135618
0.000112306
8.53657e-05
5.82936e-05
3.5409e-05
2.16604e-05
1.52634e-05
3.1431e-06
3.13558e-06
1.53466e-05
2.17162e-05
3.53438e-05
5.80416e-05
8.48817e-05
0.000111567
0.000134609
0.000151411
0.000160205
0.000160157
0.000151249
0.000134379
0.000111302
8.46311e-05
5.78319e-05
3.52305e-05
2.17037e-05
1.53506e-05
3.14041e-06
3.13175e-06
1.54378e-05
2.1758e-05
3.51453e-05
5.75554e-05
8.41181e-05
0.000110536
0.000133348
0.000149968
0.000158634
0.000158543
0.000149665
0.000132902
0.000110006
8.35932e-05
5.71351e-05
3.49187e-05
2.16951e-05
1.5428e-05
3.13785e-06
3.12763e-06
1.55139e-05
2.17818e-05
3.49652e-05
5.70823e-05
8.33614e-05
0.000109534
0.000132139
0.000148608
0.000157184
0.000157101
0.000148314
0.000131717
0.000109046
8.28919e-05
5.66912e-05
3.47569e-05
2.17525e-05
1.55132e-05
3.13602e-06
3.12334e-06
1.56079e-05
2.18439e-05
3.47991e-05
5.66527e-05
8.26737e-05
0.000108583
0.000130957
0.000147236
0.000155665
0.000155518
0.000146739
0.00013023
0.000107728
8.18268e-05
5.59769e-05
3.44347e-05
2.17525e-05
1.55877e-05
3.13437e-06
3.1187e-06
1.56925e-05
2.18833e-05
3.46546e-05
5.62339e-05
8.19918e-05
0.00010767
0.00012984
0.000145965
0.000154289
0.000154144
0.000145446
0.000129087
0.000106795
8.11439e-05
5.55397e-05
3.42822e-05
2.18231e-05
1.56706e-05
3.13364e-06
3.11358e-06
1.58021e-05
2.19697e-05
3.45215e-05
5.58718e-05
8.14018e-05
0.000106818
0.000128757
0.000144676
0.000152821
0.000152583
0.00014386
0.000127567
0.000105429
8.0025e-05
5.47696e-05
3.3933e-05
2.18311e-05
1.57416e-05
3.13322e-06
3.10794e-06
1.59013e-05
2.20272e-05
3.44227e-05
5.55259e-05
8.08198e-05
0.000106026
0.000127758
0.000143512
0.000151524
0.000151273
0.000142613
0.000126445
0.000104497
7.93303e-05
5.43296e-05
3.37807e-05
2.19128e-05
1.58216e-05
3.13401e-06
3.10178e-06
1.60317e-05
2.21465e-05
3.43393e-05
5.5264e-05
8.03721e-05
0.000105313
0.000126815
0.000142335
0.000150116
0.000149731
0.000140995
0.000124857
0.000103044
7.81235e-05
5.34594e-05
3.33865e-05
2.1927e-05
1.58877e-05
3.13537e-06
3.09384e-06
1.61546e-05
2.22384e-05
3.43142e-05
5.50325e-05
7.9939e-05
0.000104708
0.000125987
0.00014132
0.00014892
0.000148487
0.000139779
0.000123723
0.000102077
7.73655e-05
5.30012e-05
3.32259e-05
2.20191e-05
1.59623e-05
3.13843e-06
3.08478e-06
1.63166e-05
2.23765e-05
3.43361e-05
5.49518e-05
7.97269e-05
0.000104202
0.000125263
0.0001403
0.000147582
0.00014695
0.000138096
0.000122023
0.000100475
7.60245e-05
5.19792e-05
3.27653e-05
2.20446e-05
1.60168e-05
3.14255e-06
3.07232e-06
1.64754e-05
2.24817e-05
3.44053e-05
5.49368e-05
7.95932e-05
0.000103941
0.000124704
0.000139518
0.000146549
0.000145801
0.00013689
0.000120812
9.9432e-05
7.51772e-05
5.14743e-05
3.25906e-05
2.21499e-05
1.60782e-05
3.14915e-06
3.06077e-06
1.6673e-05
2.26748e-05
3.45645e-05
5.50406e-05
7.96592e-05
0.00010378
0.000124381
0.000138787
0.000145366
0.000123569
0.000116851
0.000118923
9.75855e-05
7.35473e-05
5.02265e-05
3.20378e-05
2.21903e-05
1.61112e-05
3.15774e-06
3.04032e-06
1.6902e-05
2.28502e-05
3.48151e-05
5.53975e-05
7.99052e-05
0.000104001
0.00011454
9.67211e-05
0.000105671
0.00014341
0.000134035
0.000100996
7.98251e-05
6.61929e-05
4.84062e-05
3.18558e-05
2.23108e-05
1.61501e-05
3.17022e-06
3.02398e-06
1.71899e-05
2.31437e-05
3.52677e-05
5.59238e-05
8.07031e-05
9.78786e-05
0.000104336
0.000108939
9.41319e-05
7.79844e-05
7.32355e-05
7.53052e-05
7.13113e-05
5.78864e-05
4.23541e-05
2.96346e-05
2.23707e-05
1.61476e-05
3.18639e-06
2.99021e-06
1.7477e-05
2.33862e-05
3.58383e-05
5.69896e-05
8.1082e-05
7.46255e-05
6.93226e-05
6.68187e-05
6.74525e-05
6.82959e-05
6.67318e-05
6.19979e-05
5.51473e-05
4.67335e-05
3.68226e-05
2.76671e-05
2.20449e-05
1.61423e-05
3.20867e-06
2.9644e-06
1.79066e-05
2.38302e-05
3.68184e-05
5.83081e-05
5.72801e-05
5.42136e-05
5.29157e-05
5.24764e-05
5.22555e-05
5.18646e-05
5.06737e-05
4.83203e-05
4.45096e-05
3.88335e-05
3.17305e-05
2.53215e-05
2.15047e-05
1.60715e-05
3.23704e-06
2.9074e-06
1.82574e-05
2.42874e-05
3.80647e-05
4.42701e-05
4.10188e-05
3.99557e-05
3.98598e-05
4.01857e-05
4.04614e-05
4.04803e-05
3.99255e-05
3.84786e-05
3.57898e-05
3.19158e-05
2.74199e-05
2.34085e-05
2.10134e-05
1.59668e-05
3.27451e-06
2.86153e-06
1.87988e-05
2.50983e-05
3.39234e-05
3.11459e-05
2.9848e-05
2.98339e-05
3.04315e-05
3.10666e-05
3.15699e-05
3.17939e-05
3.15168e-05
3.06228e-05
2.89633e-05
2.64487e-05
2.34759e-05
2.12479e-05
2.04099e-05
1.57386e-05
3.32161e-06
2.76271e-06
1.87766e-05
2.48434e-05
2.37183e-05
2.21599e-05
2.19996e-05
2.25807e-05
2.33176e-05
2.40688e-05
2.46909e-05
2.51038e-05
2.51352e-05
2.46522e-05
2.34818e-05
2.19217e-05
2.04829e-05
1.98117e-05
1.99234e-05
1.54215e-05
3.38234e-06
2.67768e-06
1.81918e-05
1.83467e-05
1.63238e-05
1.58804e-05
1.62925e-05
1.71387e-05
1.81121e-05
1.89659e-05
1.96554e-05
2.00957e-05
2.02324e-05
1.99733e-05
1.94611e-05
1.86521e-05
1.80239e-05
1.82241e-05
1.92222e-05
1.50133e-05
3.45794e-06
2.49399e-06
1.4791e-05
1.21814e-05
1.12766e-05
1.16097e-05
1.23519e-05
1.33249e-05
1.42115e-05
1.4979e-05
1.56778e-05
1.62126e-05
1.65333e-05
1.65636e-05
1.62356e-05
1.60034e-05
1.62887e-05
1.75132e-05
1.87464e-05
1.43454e-05
3.55478e-06
2.2998e-06
9.70107e-06
7.85678e-06
7.84665e-06
8.48956e-06
9.35056e-06
1.03205e-05
1.12289e-05
1.2103e-05
1.28462e-05
1.34091e-05
1.37634e-05
1.38877e-05
1.41432e-05
1.44993e-05
1.53427e-05
1.6837e-05
1.79587e-05
1.34853e-05
3.67062e-06
1.92397e-06
4.79773e-06
4.8874e-06
5.549e-06
6.411e-06
7.38782e-06
8.3437e-06
9.27191e-06
1.0029e-05
1.07598e-05
1.13771e-05
1.18964e-05
1.24278e-05
1.28394e-05
1.36234e-05
1.51281e-05
1.78258e-05
1.69196e-05
1.24191e-05
3.81134e-06
1.69777e-06
2.39014e-06
3.11915e-06
4.25537e-06
5.31738e-06
6.3052e-06
7.26224e-06
8.02411e-06
8.77649e-06
9.47325e-06
1.0124e-05
1.07021e-05
1.12249e-05
1.2196e-05
1.40884e-05
1.65536e-05
1.75953e-05
1.57869e-05
1.13628e-05
3.92474e-06
1.71804e-06
2.46653e-06
3.20102e-06
4.35841e-06
5.4405e-06
6.44536e-06
7.39945e-06
8.18339e-06
8.94319e-06
9.64236e-06
1.0286e-05
1.08623e-05
1.13768e-05
1.22659e-05
1.40421e-05
1.64911e-05
1.76033e-05
1.57551e-05
1.14029e-05
3.92146e-06
1.94345e-06
4.95174e-06
5.01014e-06
5.66117e-06
6.53488e-06
7.53299e-06
8.50836e-06
9.44794e-06
1.02171e-05
1.0953e-05
1.15671e-05
1.2052e-05
1.25673e-05
1.29725e-05
1.3682e-05
1.51132e-05
1.77914e-05
1.69052e-05
1.24962e-05
3.80618e-06
2.315e-06
1.00052e-05
8.06943e-06
8.02929e-06
8.66747e-06
9.53239e-06
1.05129e-05
1.1425e-05
1.23046e-05
1.30498e-05
1.362e-05
1.39664e-05
1.4056e-05
1.42512e-05
1.45885e-05
1.53765e-05
1.68198e-05
1.79738e-05
1.35319e-05
3.66412e-06
2.50429e-06
1.50741e-05
1.25197e-05
1.15443e-05
1.1853e-05
1.25874e-05
1.35692e-05
1.44658e-05
1.52359e-05
1.59231e-05
1.64462e-05
1.67376e-05
1.67758e-05
1.64038e-05
1.61255e-05
1.63485e-05
1.75344e-05
1.87471e-05
1.44e-05
3.54927e-06
2.68446e-06
1.83209e-05
1.87764e-05
1.67201e-05
1.62199e-05
1.66101e-05
1.74489e-05
1.84156e-05
1.9272e-05
1.99597e-05
2.04104e-05
2.0519e-05
2.0221e-05
1.96792e-05
1.88216e-05
1.81441e-05
1.82809e-05
1.92594e-05
1.50383e-05
3.45298e-06
2.76829e-06
1.88039e-05
2.52378e-05
2.42847e-05
2.26385e-05
2.24299e-05
2.29919e-05
2.37277e-05
2.44653e-05
2.50761e-05
2.54571e-05
2.54745e-05
2.49825e-05
2.37629e-05
2.21459e-05
2.06254e-05
1.98907e-05
1.99455e-05
1.54431e-05
3.37848e-06
2.86554e-06
1.87858e-05
2.50426e-05
3.46636e-05
3.18397e-05
3.04439e-05
3.03832e-05
3.09494e-05
3.15785e-05
3.2067e-05
3.22935e-05
3.19677e-05
3.10219e-05
2.93214e-05
2.67363e-05
2.36836e-05
2.13513e-05
2.04512e-05
1.57568e-05
3.31837e-06
2.91057e-06
1.82389e-05
2.42568e-05
3.79619e-05
4.52764e-05
4.18956e-05
4.07525e-05
4.05586e-05
4.0828e-05
4.1102e-05
4.11022e-05
4.05124e-05
3.89979e-05
3.62281e-05
3.22639e-05
2.76425e-05
2.35236e-05
2.10426e-05
1.59768e-05
3.27201e-06
2.96664e-06
1.78871e-05
2.3807e-05
3.67372e-05
5.81863e-05
5.84046e-05
5.48348e-05
5.33835e-05
5.3197e-05
5.31287e-05
5.27467e-05
5.16034e-05
4.92183e-05
4.51755e-05
3.926e-05
3.19895e-05
2.54432e-05
2.15454e-05
1.60801e-05
3.23501e-06
2.99204e-06
1.74619e-05
2.33721e-05
3.57838e-05
5.68907e-05
8.1482e-05
7.66944e-05
7.52966e-05
7.30258e-05
6.91108e-05
6.58363e-05
6.36976e-05
6.11334e-05
5.61212e-05
4.76581e-05
3.7197e-05
2.7784e-05
2.2069e-05
1.61462e-05
3.20712e-06
3.02529e-06
1.71768e-05
2.31336e-05
3.52244e-05
5.5846e-05
8.06077e-05
0.000103925
9.10262e-05
8.18836e-05
8.79689e-05
0.000103523
9.90512e-05
8.03842e-05
6.72708e-05
5.62255e-05
4.24991e-05
2.97825e-05
2.23719e-05
1.61518e-05
3.18517e-06
3.04143e-06
1.68922e-05
2.28408e-05
3.47838e-05
5.53417e-05
7.98265e-05
0.000103915
0.000124222
0.000138324
0.000131753
9.27838e-05
8.76391e-05
9.94502e-05
9.43059e-05
7.12432e-05
4.89413e-05
3.18858e-05
2.23131e-05
1.61515e-05
3.1693e-06
3.06157e-06
1.66645e-05
2.26689e-05
3.45387e-05
5.50032e-05
7.96113e-05
0.00010373
0.000124326
0.00013664
0.000141901
0.0001443
0.000135116
0.000118955
9.76366e-05
7.35915e-05
5.02573e-05
3.20395e-05
2.21919e-05
1.61134e-05
3.15703e-06
3.073e-06
1.6469e-05
2.24776e-05
3.43875e-05
5.4904e-05
7.95508e-05
0.000103896
0.000124664
0.000139488
0.00014654
0.000145805
0.000136915
0.000120844
9.94609e-05
7.52081e-05
5.14977e-05
3.26149e-05
2.21519e-05
1.60785e-05
3.14861e-06
3.08527e-06
1.63122e-05
2.23737e-05
3.43218e-05
5.49283e-05
7.96975e-05
0.000104167
0.000125236
0.000140281
0.000147575
0.000146951
0.000138106
0.000122043
0.000100502
7.60502e-05
5.19988e-05
3.27642e-05
2.2046e-05
1.60179e-05
3.14214e-06
3.09425e-06
1.615e-05
2.22351e-05
3.43019e-05
5.50091e-05
7.99104e-05
0.000104685
0.000125964
0.000141304
0.000148918
0.000148495
0.000139791
0.00012374
0.000102095
7.73832e-05
5.30159e-05
3.32438e-05
2.20206e-05
1.5962e-05
3.13811e-06
3.10208e-06
1.60293e-05
2.21452e-05
3.43325e-05
5.52535e-05
8.0358e-05
0.000105293
0.000126799
0.000142322
0.000150108
0.000149726
0.000141
0.000124869
0.000103061
7.81403e-05
5.34713e-05
3.33839e-05
2.19281e-05
1.58883e-05
3.13513e-06
3.10814e-06
1.58985e-05
2.20241e-05
3.44149e-05
5.5511e-05
8.08022e-05
0.000106012
0.000127746
0.000143506
0.000151527
0.000151282
0.000142622
0.000126456
0.000104509
7.93412e-05
5.43405e-05
3.37938e-05
2.19139e-05
1.58212e-05
3.13381e-06
3.11381e-06
1.5801e-05
2.19698e-05
3.45181e-05
5.58664e-05
8.13941e-05
0.000106807
0.000128747
0.000144667
0.000152815
0.000152581
0.000143863
0.000127574
0.000105438
8.00347e-05
5.47751e-05
3.39295e-05
2.18317e-05
1.5742e-05
3.13308e-06
3.11881e-06
1.56908e-05
2.18812e-05
3.46494e-05
5.62242e-05
8.19805e-05
0.000107661
0.000129833
0.000145961
0.000154291
0.000154149
0.000145451
0.000129094
0.000106802
8.11509e-05
5.55478e-05
3.42919e-05
2.18238e-05
1.56702e-05
3.13352e-06
3.1235e-06
1.56076e-05
2.18443e-05
3.47974e-05
5.665e-05
8.26696e-05
0.000108577
0.000130951
0.00014723
0.000155662
0.000155517
0.000146741
0.000130235
0.000107733
8.1832e-05
5.59783e-05
3.4431e-05
2.17528e-05
1.5588e-05
3.13429e-06
3.1277e-06
1.55132e-05
2.17801e-05
3.49615e-05
5.70757e-05
8.33542e-05
0.000109528
0.000132135
0.000148606
0.000157186
0.000157103
0.000148318
0.000131721
0.00010905
8.28967e-05
5.66977e-05
3.47642e-05
2.1753e-05
1.55128e-05
3.13595e-06
3.13183e-06
1.54378e-05
2.17588e-05
3.51452e-05
5.75545e-05
8.41164e-05
0.000110533
0.000133344
0.000149965
0.000158633
0.000158542
0.000149666
0.000132904
0.00011001
8.35954e-05
5.71343e-05
3.4915e-05
2.16952e-05
1.54283e-05
3.13781e-06
3.1356e-06
1.53459e-05
2.17149e-05
3.53413e-05
5.80378e-05
8.48778e-05
0.000111563
0.000134607
0.00015141
0.000160205
0.000160158
0.000151251
0.000134381
0.000111305
8.46346e-05
5.78372e-05
3.52361e-05
2.17041e-05
1.53502e-05
3.14037e-06
3.13967e-06
1.52699e-05
2.17065e-05
3.55561e-05
5.85619e-05
8.56982e-05
0.000112639
0.000135893
0.000152847
0.000161725
0.000161667
0.000152663
0.000135619
0.000112308
8.53663e-05
5.82918e-05
3.54056e-05
2.16603e-05
1.52637e-05
3.14308e-06
3.14357e-06
1.51781e-05
2.16796e-05
3.57799e-05
5.9091e-05
8.65197e-05
0.000113734
0.000137223
0.000154356
0.000163349
0.000163323
0.000154272
0.000137105
0.000113602
8.6398e-05
5.89913e-05
3.57283e-05
2.16785e-05
1.51831e-05
3.14639e-06
3.1479e-06
1.50999e-05
2.16836e-05
3.60243e-05
5.96548e-05
8.73887e-05
0.00011487
0.000138578
0.000155866
0.000164941
0.000164903
0.000155752
0.000138404
0.000114657
8.71719e-05
5.94768e-05
3.59226e-05
2.1649e-05
1.50947e-05
3.14982e-06
3.15212e-06
1.50071e-05
2.16724e-05
3.62763e-05
6.02253e-05
8.82626e-05
0.000116024
0.000139971
0.000157439
0.000166622
0.000166607
0.000157397
0.000139914
0.000115963
8.82088e-05
6.01828e-05
3.62557e-05
2.1677e-05
1.50121e-05
3.1538e-06
3.15683e-06
1.49265e-05
2.16886e-05
3.65498e-05
6.08264e-05
8.91766e-05
0.000117215
0.00014139
0.00015902
0.000168284
0.000168259
0.000158948
0.000141278
0.000117076
8.90314e-05
6.07057e-05
3.64785e-05
2.16619e-05
1.49219e-05
3.1579e-06
3.1615e-06
1.48326e-05
2.16926e-05
3.683e-05
6.14356e-05
9.00992e-05
0.000118427
0.000142846
0.000160658
0.000170026
0.000170019
0.000160639
0.000142822
0.000118404
9.00828e-05
6.14247e-05
3.68269e-05
2.17002e-05
1.48374e-05
3.16251e-06
3.16669e-06
1.475e-05
2.1721e-05
3.71318e-05
6.20725e-05
9.10571e-05
0.000119672
0.000144328
0.000162309
0.000171762
0.000171746
0.000162262
0.000144254
0.000119578
9.09573e-05
6.19881e-05
3.708e-05
2.16998e-05
1.47459e-05
3.16727e-06
3.17189e-06
1.46552e-05
2.17398e-05
3.744e-05
6.27188e-05
9.2027e-05
0.000120939
0.000145848
0.000164014
0.00017357
0.000173567
0.000164007
0.000145841
0.000120937
9.20302e-05
6.27245e-05
3.74465e-05
2.17489e-05
1.46597e-05
3.17251e-06
3.17763e-06
1.45709e-05
2.17806e-05
3.77696e-05
6.33907e-05
9.3029e-05
0.00012224
0.000147395
0.000165738
0.000175383
0.000175372
0.000165706
0.000147345
0.000122175
9.29585e-05
6.33299e-05
3.77306e-05
2.17631e-05
1.4567e-05
3.17793e-06
3.18344e-06
1.44755e-05
2.18137e-05
3.81058e-05
6.40735e-05
9.40461e-05
0.000123565
0.000148981
0.000167512
0.000177261
0.00017726
0.000167512
0.000148983
0.000123572
9.40586e-05
6.40872e-05
3.81168e-05
2.18234e-05
1.44797e-05
3.18383e-06
3.18978e-06
1.43898e-05
2.18667e-05
3.84626e-05
6.47803e-05
9.50935e-05
0.000124923
0.000150597
0.000169311
0.000179152
0.000179145
0.00016929
0.000150562
0.000124877
9.50426e-05
6.47352e-05
3.84334e-05
2.18521e-05
1.43862e-05
3.18993e-06
3.19624e-06
1.42942e-05
2.19137e-05
3.88268e-05
6.54996e-05
9.61593e-05
0.000126309
0.000152251
0.00017116
0.000181105
0.000181106
0.000171162
0.000152257
0.000126321
9.61754e-05
6.55163e-05
3.88388e-05
2.19232e-05
1.4298e-05
3.1965e-06
3.20324e-06
1.42076e-05
2.19785e-05
3.92107e-05
6.62418e-05
9.72547e-05
0.000127729
0.000153939
0.000173037
0.000183079
0.000183074
0.000173022
0.000153914
0.000127695
9.72169e-05
6.62078e-05
3.91891e-05
2.19662e-05
1.42042e-05
3.2033e-06
3.2104e-06
1.41122e-05
2.20386e-05
3.96028e-05
6.69984e-05
9.83715e-05
0.000129179
0.000155667
0.000174964
0.000185111
0.000185112
0.000174967
0.000155674
0.000129191
9.83881e-05
6.70151e-05
3.96139e-05
2.20476e-05
1.41158e-05
3.21057e-06
3.21809e-06
1.40255e-05
2.21144e-05
4.00135e-05
6.7777e-05
9.95181e-05
0.000130664
0.000157431
0.000176924
0.00018717
0.000187166
0.000176913
0.000157413
0.000130639
9.94897e-05
6.7751e-05
3.99985e-05
2.21041e-05
1.40223e-05
3.2181e-06
3.22598e-06
1.39309e-05
2.21864e-05
4.04354e-05
6.85718e-05
0.00010069
0.000132183
0.000159237
0.000178933
0.000189285
0.000189287
0.000178937
0.000159244
0.000132195
0.000100705
6.8587e-05
4.04425e-05
2.21943e-05
1.39342e-05
3.2261e-06
3.23439e-06
1.38446e-05
2.22715e-05
4.08706e-05
6.93878e-05
0.000101892
0.00013374
0.000161082
0.00018098
0.000191434
0.000191431
0.000180972
0.000161069
0.000133721
0.00010187
6.93682e-05
4.08631e-05
2.22631e-05
1.38416e-05
3.23437e-06
3.24302e-06
1.37516e-05
2.23536e-05
4.13235e-05
7.02227e-05
0.000103123
0.000135334
0.000162972
0.000183077
0.000193638
0.000193639
0.00018308
0.000162979
0.000135344
0.000103137
7.0235e-05
4.13269e-05
2.236e-05
1.37547e-05
3.24311e-06
3.25217e-06
1.36667e-05
2.24453e-05
4.17788e-05
7.10775e-05
0.000104387
0.000136967
0.000164904
0.000185215
0.000195879
0.000195877
0.000185209
0.000164894
0.000136953
0.000104371
7.10629e-05
4.17731e-05
2.24387e-05
1.36639e-05
3.25214e-06
3.26155e-06
1.35762e-05
2.2535e-05
4.22597e-05
7.19573e-05
0.000105684
0.000138642
0.000166884
0.000187404
0.000198175
0.000198176
0.000187407
0.00016689
0.000138651
0.000105695
7.19675e-05
4.22637e-05
2.25402e-05
1.3579e-05
3.26162e-06
3.27144e-06
1.34938e-05
2.26299e-05
4.2743e-05
7.28566e-05
0.000107014
0.000140359
0.000168909
0.000189638
0.000200513
0.000200511
0.000189634
0.000168901
0.000140348
0.000107001
7.28454e-05
4.27376e-05
2.26248e-05
1.34911e-05
3.27141e-06
3.28159e-06
1.34068e-05
2.27228e-05
4.32483e-05
7.37848e-05
0.000108382
0.000142122
0.000170984
0.000191925
0.000202906
0.000202906
0.000191927
0.000170989
0.00014213
0.000108391
7.37933e-05
4.32525e-05
2.2727e-05
1.34095e-05
3.28164e-06
3.29221e-06
1.33281e-05
2.28168e-05
4.37579e-05
7.47345e-05
0.000109787
0.000143932
0.000173109
0.000194259
0.000205343
0.000205342
0.000194256
0.000173103
0.000143923
0.000109777
7.47258e-05
4.37531e-05
2.28128e-05
1.33256e-05
3.29218e-06
3.3031e-06
1.32461e-05
2.29084e-05
4.42881e-05
7.57165e-05
0.000111235
0.000145792
0.000175287
0.000196648
0.000207837
0.000207837
0.00019665
0.000175291
0.000145798
0.000111243
7.57236e-05
4.4292e-05
2.29117e-05
1.32486e-05
3.30315e-06
3.31446e-06
1.31723e-05
2.29966e-05
4.48236e-05
7.67232e-05
0.000112725
0.000147702
0.000177517
0.000199088
0.000210378
0.000210377
0.000199085
0.000177513
0.000147696
0.000112718
7.67163e-05
4.48196e-05
2.29934e-05
1.31701e-05
3.31443e-06
3.32609e-06
1.30963e-05
2.30807e-05
4.53795e-05
7.7767e-05
0.000114265
0.000149668
0.000179805
0.000201584
0.000212975
0.000212976
0.000201585
0.000179808
0.000149673
0.000114271
7.77728e-05
4.53828e-05
2.30834e-05
1.30985e-05
3.32613e-06
3.33817e-06
1.30289e-05
2.31605e-05
4.59428e-05
7.88406e-05
0.000115851
0.000151689
0.000182148
0.000204133
0.000215622
0.000215622
0.000204131
0.000182145
0.000151684
0.000115845
7.88352e-05
4.59396e-05
2.3158e-05
1.30268e-05
3.33815e-06
3.35057e-06
1.29598e-05
2.32364e-05
4.65279e-05
7.99574e-05
0.000117493
0.000153771
0.000184552
0.00020674
0.000218326
0.000218327
0.000206741
0.000184554
0.000153775
0.000117498
7.9962e-05
4.65307e-05
2.32386e-05
1.29619e-05
3.3506e-06
3.36344e-06
1.28996e-05
2.33106e-05
4.71246e-05
8.11106e-05
0.000119188
0.000155913
0.000187015
0.000209402
0.000221082
0.000221082
0.000209401
0.000187012
0.000155909
0.000119184
8.11065e-05
4.71222e-05
2.33085e-05
1.28977e-05
3.36342e-06
3.37667e-06
1.28381e-05
2.33868e-05
4.7748e-05
8.23148e-05
0.000120946
0.00015812
0.000189542
0.000212125
0.000223895
0.000223895
0.000212126
0.000189544
0.000158124
0.00012095
8.23184e-05
4.77503e-05
2.33887e-05
1.284e-05
3.3767e-06
3.39042e-06
1.27811e-05
2.34713e-05
4.8391e-05
8.35634e-05
0.000122764
0.000160393
0.000192132
0.000214904
0.000226761
0.00022676
0.000214903
0.00019213
0.00016039
0.000122761
8.35603e-05
4.83893e-05
2.34694e-05
1.27791e-05
3.3904e-06
3.40457e-06
1.25379e-05
2.35713e-05
4.907e-05
8.48711e-05
0.000124652
0.000162737
0.000194789
0.000217745
0.000229684
0.000229684
0.000217746
0.000194791
0.00016274
0.000124655
8.48739e-05
4.90718e-05
2.35729e-05
1.254e-05
3.40459e-06
3.41854e-06
1.23295e-05
2.36909e-05
4.97793e-05
8.62315e-05
0.000126606
0.000165152
0.000197512
0.000220645
0.00023266
0.00023266
0.000220644
0.000197511
0.00016515
0.000126603
8.62294e-05
4.97781e-05
2.36918e-05
1.23276e-05
3.41852e-06
3.43268e-06
1.21198e-05
2.3842e-05
5.0536e-05
8.76591e-05
0.000128637
0.000167644
0.000200306
0.000223606
0.000235692
0.000235693
0.000223607
0.000200307
0.000167646
0.000128639
8.7661e-05
5.0537e-05
2.38413e-05
1.21217e-05
3.43269e-06
3.44652e-06
1.19451e-05
2.40092e-05
5.13303e-05
8.91469e-05
0.000130742
0.000170212
0.000203169
0.000226628
0.000238778
0.000238778
0.000226627
0.000203168
0.000170211
0.00013074
8.91455e-05
5.13299e-05
2.40098e-05
1.19433e-05
3.4465e-06
3.46025e-06
1.17718e-05
2.42121e-05
5.21806e-05
9.07107e-05
0.000132932
0.000172864
0.000206107
0.000229711
0.000241918
0.000241918
0.000229712
0.000206108
0.000172865
0.000132933
9.0712e-05
5.21811e-05
2.42119e-05
1.17734e-05
3.46026e-06
3.47351e-06
1.1633e-05
2.44468e-05
5.30747e-05
9.23428e-05
0.000135204
0.000175598
0.000209117
0.000232855
0.00024511
0.00024511
0.000232854
0.000209116
0.000175597
0.000135203
9.2342e-05
5.30747e-05
2.44471e-05
1.16317e-05
3.47349e-06
3.48634e-06
1.14967e-05
2.47118e-05
5.40314e-05
9.40585e-05
0.00013757
0.000178422
0.000212203
0.00023606
0.000248354
0.000248354
0.00023606
0.000212204
0.000178423
0.000137571
9.40593e-05
5.40317e-05
2.47119e-05
1.1498e-05
3.48635e-06
3.49846e-06
1.13888e-05
2.5013e-05
5.50406e-05
9.58513e-05
0.000140027
0.000181336
0.000215366
0.000239324
0.000251646
0.000251646
0.000239324
0.000215365
0.000181335
0.000140027
9.5851e-05
5.50407e-05
2.5013e-05
1.13876e-05
3.49845e-06
3.5098e-06
1.12907e-05
2.53464e-05
5.61182e-05
9.77384e-05
0.000142589
0.000184347
0.000218608
0.000242649
0.000254986
0.000254986
0.000242649
0.000218608
0.000184347
0.00014259
9.77389e-05
5.61183e-05
2.53466e-05
1.1292e-05
3.5098e-06
3.52011e-06
1.12183e-05
2.57191e-05
5.72578e-05
9.97139e-05
0.000145254
0.000187455
0.000221928
0.00024603
0.000258369
0.000258369
0.00024603
0.000221927
0.000187454
0.000145253
9.97138e-05
5.7258e-05
2.5719e-05
1.12171e-05
3.5201e-06
3.52924e-06
1.11551e-05
2.61275e-05
5.84741e-05
0.000101796
0.000148034
0.000190668
0.000225329
0.000249468
0.000261794
0.000261794
0.000249469
0.000225329
0.000190668
0.000148035
0.000101796
5.84741e-05
2.61279e-05
1.11563e-05
3.52924e-06
3.53695e-06
1.11177e-05
2.65796e-05
5.97628e-05
0.00010398
0.00015093
0.000193985
0.00022881
0.00025296
0.000265256
0.000265256
0.00025296
0.00022881
0.000193985
0.00015093
0.000103981
5.9763e-05
2.65792e-05
1.11167e-05
3.53694e-06
3.54301e-06
1.109e-05
2.70718e-05
6.11385e-05
0.000106287
0.000153956
0.000197416
0.000232373
0.000256502
0.00026875
0.00026875
0.000256502
0.000232374
0.000197417
0.000153957
0.000106287
6.11385e-05
2.70723e-05
1.10911e-05
3.54301e-06
3.54717e-06
1.10882e-05
2.76134e-05
6.26e-05
0.000108713
0.000157112
0.00020096
0.000236017
0.000260092
0.000272271
0.000272271
0.000260092
0.000236017
0.00020096
0.000157112
0.000108713
6.26001e-05
2.7613e-05
1.10872e-05
3.54716e-06
3.54914e-06
1.10971e-05
2.82015e-05
6.41622e-05
0.000111278
0.000160413
0.000204626
0.000239742
0.000263725
0.000275812
0.000275812
0.000263725
0.000239742
0.000204626
0.000160413
0.000111278
6.41621e-05
2.8202e-05
1.10981e-05
3.54914e-06
3.54863e-06
1.11326e-05
2.88464e-05
6.58266e-05
0.000113984
0.000163861
0.000208412
0.000243546
0.000267396
0.000279367
0.000279367
0.000267396
0.000243546
0.000208412
0.000163861
0.000113984
6.58267e-05
2.88459e-05
1.11317e-05
3.54863e-06
3.54511e-06
1.11808e-05
2.95464e-05
6.76092e-05
0.00011685
0.000167472
0.000212329
0.000247429
0.000271099
0.000282927
0.000282927
0.000271099
0.000247429
0.000212329
0.000167472
0.00011685
6.76091e-05
2.95469e-05
1.11817e-05
3.5451e-06
3.53792e-06
1.12568e-05
3.03131e-05
6.95145e-05
0.00011988
0.000171248
0.000216375
0.000251388
0.000274828
0.000286482
0.000286482
0.000274828
0.000251388
0.000216375
0.000171248
0.00011988
6.95146e-05
3.03126e-05
1.12559e-05
3.53792e-06
3.52845e-06
1.1348e-05
3.11462e-05
7.15607e-05
0.000123098
0.000175208
0.000220559
0.000255421
0.000278574
0.000290022
0.000290022
0.000278574
0.000255421
0.000220558
0.000175208
0.000123098
7.15606e-05
3.11467e-05
1.13489e-05
3.52845e-06
3.51511e-06
1.14701e-05
3.20599e-05
7.37557e-05
0.000126509
0.000179355
0.000224879
0.000259524
0.000282329
0.000293536
0.000293536
0.000282329
0.000259523
0.000224879
0.000179355
0.000126509
7.37558e-05
3.20594e-05
1.14693e-05
3.51511e-06
3.49649e-06
1.16127e-05
3.30554e-05
7.61204e-05
0.00013014
0.000183708
0.000229345
0.000263691
0.000286082
0.00029701
0.00029701
0.000286082
0.000263691
0.000229345
0.000183708
0.000130139
7.61203e-05
3.30559e-05
1.16129e-05
3.49648e-06
3.47402e-06
1.17871e-05
3.41489e-05
7.86676e-05
0.000134
0.000188273
0.000233954
0.000267917
0.00028982
0.00030043
0.00030043
0.00028982
0.000267917
0.000233954
0.000188273
0.000134
7.86676e-05
3.41485e-05
1.1787e-05
3.47402e-06
3.44566e-06
1.19915e-05
3.53461e-05
8.14223e-05
0.00013812
0.000193069
0.000238711
0.000272195
0.000293532
0.00030378
0.00030378
0.000293532
0.000272195
0.000238711
0.000193068
0.000138119
8.14222e-05
3.53464e-05
1.19916e-05
3.44565e-06
3.4124e-06
1.22288e-05
3.66646e-05
8.44031e-05
0.000142513
0.000198103
0.000243615
0.000276515
0.000297202
0.000307044
0.000307043
0.000297202
0.000276515
0.000243615
0.000198103
0.000142514
8.44031e-05
3.66643e-05
1.22287e-05
3.4124e-06
3.37259e-06
1.25072e-05
3.81177e-05
8.76418e-05
0.000147215
0.000203397
0.000248669
0.000280867
0.000300814
0.000310202
0.000310202
0.000300814
0.000280867
0.000248669
0.000203397
0.000147215
8.76416e-05
3.8118e-05
1.25074e-05
3.37258e-06
3.3269e-06
1.2828e-05
3.97248e-05
9.11641e-05
0.000152246
0.000208958
0.000253867
0.000285237
0.00030435
0.000313237
0.000313237
0.00030435
0.000285237
0.000253868
0.000208958
0.000152246
9.11641e-05
3.97246e-05
1.2828e-05
3.3269e-06
3.27398e-06
1.32006e-05
4.15088e-05
9.50119e-05
0.000157646
0.000214806
0.000259209
0.00028961
0.000307792
0.00031613
0.00031613
0.000307792
0.00028961
0.000259209
0.000214806
0.000157646
9.50118e-05
4.1509e-05
1.32007e-05
3.27398e-06
3.21437e-06
1.36291e-05
4.34948e-05
9.92212e-05
0.000163443
0.000220951
0.000264684
0.000293966
0.000311117
0.000318858
0.000318858
0.000311117
0.000293966
0.000264684
0.000220951
0.000163443
9.92213e-05
4.34946e-05
1.3629e-05
3.21437e-06
3.14699e-06
1.41263e-05
4.57183e-05
0.000103849
0.000169684
0.000227409
0.000270284
0.000298286
0.000314304
0.000321405
0.000321405
0.000314304
0.000298286
0.000270283
0.000227409
0.000169683
0.000103848
4.57184e-05
1.41265e-05
3.14699e-06
3.07233e-06
1.47003e-05
4.82151e-05
0.000108945
0.000176404
0.000234186
0.00027599
0.000302543
0.000317329
0.000323751
0.000323751
0.000317329
0.000302543
0.00027599
0.000234187
0.000176404
0.000108945
4.82149e-05
1.47002e-05
3.07233e-06
2.98961e-06
1.53691e-05
5.10397e-05
0.000114588
0.000183661
0.000241296
0.000281785
0.000306709
0.00032017
0.000325879
0.000325879
0.00032017
0.000306709
0.000281785
0.000241296
0.00018366
0.000114588
5.10399e-05
1.53692e-05
2.9896e-06
2.89938e-06
1.61475e-05
5.42478e-05
0.000120853
0.000191497
0.000248734
0.000287635
0.000310748
0.000322803
0.000327776
0.000327776
0.000322803
0.000310748
0.000287635
0.000248734
0.000191497
0.000120853
5.42477e-05
1.61474e-05
2.89938e-06
2.80121e-06
1.70616e-05
5.79247e-05
0.000127849
0.000199976
0.0002565
0.000293505
0.000314624
0.000325205
0.000329432
0.000329432
0.000325205
0.000314624
0.000293505
0.0002565
0.000199976
0.000127849
5.79248e-05
1.70616e-05
2.80121e-06
2.6958e-06
1.81416e-05
6.2163e-05
0.000135686
0.000209149
0.000264573
0.000299342
0.000318291
0.000327354
0.000330843
0.000330843
0.000327354
0.000318291
0.000299342
0.000264573
0.000209149
0.000135686
6.21629e-05
1.81415e-05
2.6958e-06
2.58306e-06
1.94332e-05
6.71021e-05
0.000144522
0.000219081
0.000272922
0.000305083
0.000321705
0.000329233
0.000331992
0.000331992
0.000329233
0.000321705
0.000305083
0.000272922
0.00021908
0.000144521
6.71022e-05
1.94332e-05
2.58306e-06
2.46393e-06
2.09831e-05
7.29047e-05
0.000154522
0.000229814
0.000281486
0.000310644
0.000324815
0.000330837
0.000332879
0.000332879
0.000330837
0.000324815
0.000310644
0.000281486
0.000229814
0.000154522
7.29046e-05
2.09831e-05
2.46394e-06
2.33869e-06
2.28834e-05
7.98177e-05
0.000165915
0.000241396
0.00029018
0.000315929
0.000327568
0.000332164
0.000333602
0.000333602
0.000332164
0.000327568
0.000315929
0.00029018
0.000241396
0.000165914
7.98177e-05
2.28835e-05
2.33869e-06
2.2085e-06
2.52343e-05
8.81453e-05
0.000178945
0.000253826
0.000298867
0.000320816
0.000329912
0.000333144
0.000334153
0.000334153
0.000333144
0.000329912
0.000320816
0.000298867
0.000253826
0.000178945
8.81451e-05
2.52343e-05
2.20851e-06
2.07395e-06
2.82176e-05
9.83554e-05
0.000193939
0.000267068
0.000307358
0.000325176
0.000331844
0.000333904
0.000334513
0.000334513
0.000333904
0.000331844
0.000325176
0.000307358
0.000267068
0.000193939
9.83554e-05
2.82176e-05
2.07395e-06
1.93636e-06
3.20661e-05
0.000111061
0.00021123
0.000280971
0.000315385
0.000328853
0.0003332
0.000334472
0.00033478
0.00033478
0.000334472
0.0003332
0.000328853
0.000315385
0.000280971
0.00021123
0.000111061
3.2066e-05
1.93636e-06
1.79644e-06
3.71606e-05
0.000127215
0.000231225
0.000295243
0.000322611
0.000331765
0.000334129
0.0003348
0.00033494
0.00033494
0.0003348
0.000334129
0.000331765
0.000322611
0.000295243
0.000231225
0.000127215
3.71607e-05
1.79644e-06
1.65541e-06
4.39377e-05
0.000148161
0.000254263
0.0003093
0.000328588
0.000333554
0.000334803
0.000335047
0.00033508
0.00033508
0.000335047
0.000334803
0.000333554
0.000328588
0.0003093
0.000254262
0.000148161
4.39376e-05
1.65541e-06
1.51338e-06
5.28962e-05
0.00017646
0.00028058
0.000322148
0.000332504
0.000334604
0.0003351
0.000335168
0.000335172
0.000335172
0.000335168
0.0003351
0.000334604
0.000332504
0.000322148
0.00028058
0.00017646
5.28962e-05
1.51338e-06
1.36973e-06
6.8167e-05
0.000219584
0.000309504
0.000330909
0.000334527
0.000335273
0.000335315
0.000335296
0.000335287
0.000335287
0.000335296
0.000335315
0.000335273
0.000334527
0.000330909
0.000309503
0.000219584
6.81669e-05
1.36973e-06
1.23421e-06
0.000116558
0.000294184
0.000330906
0.00033481
0.000335356
0.000335357
0.000335342
0.000335343
0.000335345
0.000335345
0.000335343
0.000335342
0.000335357
0.000335356
0.00033481
0.000330906
0.000294184
0.000116558
1.23421e-06
)
;

boundaryField
{
    outlet
    {
        type            calculated;
        value           nonuniform List<scalar> 
20
(
7.08575e-06
7.5401e-05
0.000115504
0.000137675
0.000141038
0.000127998
0.000112339
0.000101177
8.39926e-05
7.42456e-05
7.89063e-05
9.67723e-05
0.000105037
0.000118942
0.000135457
0.000147369
0.000140865
0.000116572
7.48927e-05
6.97836e-06
)
;
    }
    inlet1
    {
        type            calculated;
        value           nonuniform List<scalar> 
20
(
1.16508e-06
0.00021037
0.000211615
0.000274866
0.00033541
0.00033541
0.00033541
0.00033541
0.00033541
0.00033541
0.00033541
0.00033541
0.00033541
0.00033541
0.00033541
0.00033541
0.000274867
0.000211616
0.000210371
1.16508e-06
)
;
    }
    inlet2
    {
        type            calculated;
        value           nonuniform List<scalar> 
20
(
1.16508e-06
0.00021037
0.000211615
0.000274867
0.00033541
0.00033541
0.00033541
0.00033541
0.00033541
0.00033541
0.00033541
0.00033541
0.00033541
0.00033541
0.00033541
0.00033541
0.000274867
0.000211615
0.00021037
1.16508e-06
)
;
    }
    frontAndBack
    {
        type            empty;
    }
    defaultFaces
    {
        type            nutkWallFunction;
        Cmu             0.09;
        kappa           0.41;
        E               9.8;
        value           nonuniform List<scalar> 
620
(
2.28622e-06
2.28787e-06
2.28801e-06
2.28775e-06
2.28681e-06
2.28635e-06
2.28508e-06
2.28447e-06
2.28305e-06
2.28234e-06
2.28084e-06
2.28e-06
2.27846e-06
2.27745e-06
2.27588e-06
2.27469e-06
2.27307e-06
2.2717e-06
2.27003e-06
2.26849e-06
2.26674e-06
2.26505e-06
2.26323e-06
2.26141e-06
2.25952e-06
2.25759e-06
2.25563e-06
2.25359e-06
2.25154e-06
2.2494e-06
2.24724e-06
2.24498e-06
2.24271e-06
2.24033e-06
2.23792e-06
2.2354e-06
2.23284e-06
2.23016e-06
2.22743e-06
2.22455e-06
2.22158e-06
2.21843e-06
2.21514e-06
2.21162e-06
2.20791e-06
2.20393e-06
2.19969e-06
2.19512e-06
2.19023e-06
2.18495e-06
2.17928e-06
2.17318e-06
2.16662e-06
2.15945e-06
2.15157e-06
2.14287e-06
2.13319e-06
2.12344e-06
2.11278e-06
2.10194e-06
2.09029e-06
2.07836e-06
2.06575e-06
2.05274e-06
2.03902e-06
2.02481e-06
2.00985e-06
1.9943e-06
1.97782e-06
1.96047e-06
1.94218e-06
1.92279e-06
1.90232e-06
1.88061e-06
1.85767e-06
1.8334e-06
1.80783e-06
1.78096e-06
1.75285e-06
1.72359e-06
1.69326e-06
1.6619e-06
1.62922e-06
1.59412e-06
1.55462e-06
1.51296e-06
1.46695e-06
1.41503e-06
1.35441e-06
1.28054e-06
1.18628e-06
1.05898e-06
8.8189e-07
6.359e-07
2.95555e-07
1.19374e-07
1.89581e-07
5.75755e-07
9.01838e-07
1.00088e-06
2.21499e-06
2.21614e-06
2.21601e-06
2.21519e-06
2.21405e-06
2.21313e-06
2.21159e-06
2.21062e-06
2.20891e-06
2.20785e-06
2.20608e-06
2.2049e-06
2.20311e-06
2.20178e-06
2.19998e-06
2.19849e-06
2.19665e-06
2.19501e-06
2.19312e-06
2.19132e-06
2.18935e-06
2.18741e-06
2.18536e-06
2.18328e-06
2.18115e-06
2.17896e-06
2.17676e-06
2.17448e-06
2.17221e-06
2.16986e-06
2.16751e-06
2.16508e-06
2.16265e-06
2.16013e-06
2.15761e-06
2.155e-06
2.15238e-06
2.14969e-06
2.14698e-06
2.14419e-06
2.14137e-06
2.13848e-06
2.13554e-06
2.13251e-06
2.12941e-06
2.12618e-06
2.12282e-06
2.11929e-06
2.11558e-06
2.11164e-06
2.10749e-06
2.10307e-06
2.0984e-06
2.09346e-06
2.08826e-06
2.08281e-06
2.07705e-06
2.0708e-06
2.06408e-06
2.05655e-06
2.04825e-06
2.03875e-06
2.02847e-06
2.01773e-06
2.00632e-06
1.99448e-06
1.98195e-06
1.9689e-06
1.95502e-06
1.94049e-06
1.92508e-06
1.90882e-06
1.89117e-06
1.87257e-06
1.85233e-06
1.83078e-06
1.80734e-06
1.7822e-06
1.75492e-06
1.72557e-06
1.69383e-06
1.65972e-06
1.62299e-06
1.58362e-06
1.54128e-06
1.49533e-06
1.44386e-06
1.38268e-06
1.30979e-06
1.22073e-06
1.10489e-06
9.49294e-07
7.45876e-07
5.11301e-07
2.35119e-07
1.12808e-07
1.65388e-07
5.47307e-07
8.89574e-07
9.95204e-07
2.96136e-07
1.95899e-07
7.93868e-08
0
0
0
0
0
0
0
0
0
0
0
0
0
0
8.0778e-08
2.01727e-07
3.03252e-07
3.79117e-07
4.39267e-07
4.96141e-07
5.49854e-07
6.005e-07
6.48317e-07
6.93205e-07
7.35242e-07
7.74285e-07
8.1043e-07
8.43574e-07
8.73871e-07
9.0126e-07
9.25954e-07
9.47922e-07
9.67427e-07
9.84445e-07
9.99284e-07
1.01191e-06
1.02266e-06
1.03147e-06
1.03872e-06
1.04429e-06
1.04862e-06
1.05149e-06
1.05342e-06
1.05407e-06
1.05381e-06
1.05301e-06
1.05136e-06
1.04901e-06
1.0461e-06
1.04271e-06
1.03889e-06
1.03471e-06
1.03024e-06
1.02552e-06
1.02059e-06
1.01551e-06
1.0103e-06
1.00503e-06
9.99691e-07
9.94362e-07
9.89e-07
9.83719e-07
9.78427e-07
9.73274e-07
9.68276e-07
9.63401e-07
9.5867e-07
9.5405e-07
9.49569e-07
9.45191e-07
9.40952e-07
9.36813e-07
9.32816e-07
9.28916e-07
9.25163e-07
9.21503e-07
9.17993e-07
9.14571e-07
9.11301e-07
9.08113e-07
9.05078e-07
9.02119e-07
8.99313e-07
8.96576e-07
8.93992e-07
8.9147e-07
8.89102e-07
8.86792e-07
8.84636e-07
8.82538e-07
8.80595e-07
8.78718e-07
8.77e-07
8.75365e-07
8.73903e-07
8.72561e-07
8.71434e-07
8.70508e-07
8.69817e-07
8.69472e-07
8.69608e-07
8.70098e-07
8.71321e-07
8.7299e-07
8.76526e-07
8.79899e-07
8.86926e-07
8.92815e-07
9.05009e-07
9.14439e-07
9.33962e-07
9.48017e-07
9.78566e-07
9.95717e-07
1.03228e-06
1.0348e-06
1.04377e-06
3.79116e-07
4.39268e-07
4.96141e-07
5.49854e-07
6.005e-07
6.48317e-07
6.93205e-07
7.35242e-07
7.74284e-07
8.1043e-07
8.43573e-07
8.73871e-07
9.01259e-07
9.25954e-07
9.47921e-07
9.67426e-07
9.84444e-07
9.99283e-07
1.0119e-06
1.02266e-06
1.03147e-06
1.03872e-06
1.04429e-06
1.04862e-06
1.05149e-06
1.05342e-06
1.05407e-06
1.05381e-06
1.05301e-06
1.05135e-06
1.04901e-06
1.0461e-06
1.04271e-06
1.03889e-06
1.03471e-06
1.03023e-06
1.02552e-06
1.02058e-06
1.01551e-06
1.0103e-06
1.00504e-06
9.99687e-07
9.94365e-07
9.88996e-07
9.83724e-07
9.78422e-07
9.73279e-07
9.6827e-07
9.63407e-07
9.58664e-07
9.54057e-07
9.4956e-07
9.45198e-07
9.40941e-07
9.3682e-07
9.32802e-07
9.28922e-07
9.25144e-07
9.21507e-07
9.17966e-07
9.14569e-07
9.11263e-07
9.08099e-07
9.0502e-07
9.02083e-07
8.99221e-07
8.96499e-07
8.93843e-07
8.91322e-07
8.88855e-07
8.86519e-07
8.84219e-07
8.82045e-07
8.79887e-07
8.77843e-07
8.75787e-07
8.73828e-07
8.71818e-07
8.69876e-07
8.67824e-07
8.6579e-07
8.63558e-07
8.61256e-07
8.58618e-07
8.55761e-07
8.5234e-07
8.48438e-07
8.43596e-07
8.37811e-07
8.30439e-07
8.21296e-07
8.0945e-07
7.94403e-07
7.74736e-07
7.49286e-07
7.15678e-07
6.7171e-07
6.12347e-07
5.32458e-07
4.17449e-07
1.04341e-06
1.03396e-06
1.03101e-06
9.94088e-07
9.7684e-07
9.46761e-07
9.3286e-07
9.13582e-07
9.04271e-07
8.92255e-07
8.86453e-07
8.79548e-07
8.76235e-07
8.72779e-07
8.71148e-07
8.69975e-07
8.69509e-07
8.69386e-07
8.69771e-07
8.70456e-07
8.7141e-07
8.7253e-07
8.73893e-07
8.75346e-07
8.76997e-07
8.78705e-07
8.80595e-07
8.8253e-07
8.84637e-07
8.86787e-07
8.89104e-07
8.91467e-07
8.93994e-07
8.96573e-07
8.99315e-07
9.02117e-07
9.0508e-07
9.08111e-07
9.11303e-07
9.14569e-07
9.17994e-07
9.21502e-07
9.25164e-07
9.28915e-07
9.32817e-07
9.36812e-07
9.40953e-07
9.4519e-07
9.4957e-07
9.54049e-07
9.58671e-07
9.634e-07
9.68276e-07
9.73273e-07
9.78427e-07
9.83718e-07
9.89e-07
9.94361e-07
9.99691e-07
1.00503e-06
1.0103e-06
1.01551e-06
1.02059e-06
1.02552e-06
1.03024e-06
1.03471e-06
1.03889e-06
1.04271e-06
1.0461e-06
1.04901e-06
1.05136e-06
1.05301e-06
1.05381e-06
1.05407e-06
1.05342e-06
1.05149e-06
1.04862e-06
1.04429e-06
1.03872e-06
1.03147e-06
1.02266e-06
1.0119e-06
9.99283e-07
9.84445e-07
9.67426e-07
9.47922e-07
9.25954e-07
9.0126e-07
8.73871e-07
8.43574e-07
8.1043e-07
7.74285e-07
7.35242e-07
6.93205e-07
6.48317e-07
6.005e-07
5.49854e-07
4.96141e-07
4.39267e-07
3.79117e-07
4.24051e-07
5.37644e-07
6.16116e-07
6.74621e-07
7.17823e-07
7.50952e-07
7.75968e-07
7.95356e-07
8.1016e-07
8.21841e-07
8.30846e-07
8.38122e-07
8.4383e-07
8.48615e-07
8.52475e-07
8.55861e-07
8.58696e-07
8.61312e-07
8.63603e-07
8.6582e-07
8.67851e-07
8.69892e-07
8.71834e-07
8.73837e-07
8.75797e-07
8.77847e-07
8.79893e-07
8.82047e-07
8.84224e-07
8.8652e-07
8.88858e-07
8.91323e-07
8.93846e-07
8.965e-07
8.99224e-07
9.02083e-07
9.05022e-07
9.08099e-07
9.11264e-07
9.14568e-07
9.17967e-07
9.21506e-07
9.25145e-07
9.28922e-07
9.32803e-07
9.3682e-07
9.40942e-07
9.45198e-07
9.49561e-07
9.54057e-07
9.58664e-07
9.63407e-07
9.6827e-07
9.73279e-07
9.78423e-07
9.83724e-07
9.88996e-07
9.94365e-07
9.99687e-07
1.00504e-06
1.0103e-06
1.01551e-06
1.02058e-06
1.02552e-06
1.03023e-06
1.03471e-06
1.03889e-06
1.04271e-06
1.0461e-06
1.04901e-06
1.05135e-06
1.05301e-06
1.05381e-06
1.05407e-06
1.05342e-06
1.05149e-06
1.04862e-06
1.04429e-06
1.03872e-06
1.03147e-06
1.02266e-06
1.0119e-06
9.99283e-07
9.84444e-07
9.67426e-07
9.47921e-07
9.25954e-07
9.01259e-07
8.73871e-07
8.43573e-07
8.1043e-07
7.74284e-07
7.35242e-07
6.93205e-07
6.48317e-07
6.005e-07
5.49855e-07
4.96141e-07
4.39268e-07
3.79116e-07
)
;
    }
}


// ************************************************************************* //
