/*--------------------------------*- C++ -*----------------------------------*\
| =========                 |                                                 |
| \\      /  F ield         | OpenFOAM: The Open Source CFD Toolbox           |
|  \\    /   O peration     | Version:  2.1.0                                 |
|   \\  /    A nd           | Web:      www.OpenFOAM.org                      |
|    \\/     M anipulation  |                                                 |
\*---------------------------------------------------------------------------*/
FoamFile
{
    version     2.0;
    format      ascii;
    class       volScalarField;
    location    "0.51";
    object      C1;
}
// * * * * * * * * * * * * * * * * * * * * * * * * * * * * * * * * * * * * * //

dimensions      [0 0 0 0 0 0 0];

internalField   nonuniform List<scalar> 
6400
(
5.21096e-05
5.11123e-05
5.00701e-05
4.90231e-05
4.7977e-05
4.69338e-05
4.58948e-05
4.48607e-05
4.38321e-05
4.28093e-05
4.17926e-05
4.07824e-05
3.97789e-05
3.87824e-05
3.77931e-05
3.68112e-05
3.58371e-05
3.48709e-05
3.3913e-05
3.29636e-05
3.20229e-05
3.10913e-05
3.0169e-05
2.92563e-05
2.83535e-05
2.74609e-05
2.65788e-05
2.57076e-05
2.48473e-05
2.39985e-05
2.31612e-05
2.23359e-05
2.15228e-05
2.07222e-05
1.99343e-05
1.91595e-05
1.83981e-05
1.76502e-05
1.69162e-05
1.61963e-05
1.54908e-05
1.48e-05
1.4124e-05
1.34631e-05
1.28176e-05
1.21875e-05
1.15733e-05
1.09749e-05
1.03927e-05
9.82674e-06
9.27726e-06
8.7444e-06
8.22836e-06
7.72927e-06
7.24721e-06
6.78227e-06
6.3345e-06
5.90396e-06
5.49074e-06
5.09486e-06
4.7163e-06
4.35502e-06
4.01092e-06
3.68388e-06
3.37376e-06
3.08037e-06
2.80349e-06
2.54286e-06
2.2982e-06
2.06918e-06
1.85546e-06
1.65666e-06
1.47234e-06
1.30209e-06
1.14542e-06
1.00185e-06
8.70852e-07
7.519e-07
6.44437e-07
5.47893e-07
4.61685e-07
3.85216e-07
3.17884e-07
2.59078e-07
2.08188e-07
1.646e-07
1.27711e-07
9.69254e-08
7.16601e-08
5.13417e-08
3.54058e-08
2.32949e-08
1.44677e-08
8.39561e-09
4.52296e-09
2.2595e-09
9.46751e-10
2.98401e-10
6.72237e-11
1.22909e-11
5.88293e-05
5.78151e-05
5.674e-05
5.56491e-05
5.45523e-05
5.34541e-05
5.23569e-05
5.12621e-05
5.01706e-05
4.90831e-05
4.80001e-05
4.69219e-05
4.58488e-05
4.47811e-05
4.3719e-05
4.26628e-05
4.16128e-05
4.05692e-05
3.95322e-05
3.85022e-05
3.74794e-05
3.6464e-05
3.54564e-05
3.44568e-05
3.34655e-05
3.2483e-05
3.15095e-05
3.05453e-05
2.95908e-05
2.86463e-05
2.77121e-05
2.67885e-05
2.5876e-05
2.49747e-05
2.40851e-05
2.32075e-05
2.23423e-05
2.14897e-05
2.06501e-05
1.98239e-05
1.90114e-05
1.82129e-05
1.74288e-05
1.66594e-05
1.5905e-05
1.5166e-05
1.44426e-05
1.37353e-05
1.30442e-05
1.23697e-05
1.1712e-05
1.10714e-05
1.04483e-05
9.84289e-06
9.25553e-06
8.68651e-06
8.13609e-06
7.60454e-06
7.09209e-06
6.59896e-06
6.12532e-06
5.67129e-06
5.23693e-06
4.82228e-06
4.42734e-06
4.05206e-06
3.69634e-06
3.36007e-06
3.04305e-06
2.74507e-06
2.46585e-06
2.20508e-06
1.96238e-06
1.73736e-06
1.52956e-06
1.33847e-06
1.16356e-06
1.00425e-06
8.5993e-07
7.2994e-07
6.13605e-07
5.10218e-07
4.19051e-07
3.39365e-07
2.70407e-07
2.11425e-07
1.61666e-07
1.20387e-07
8.68455e-08
6.02993e-08
3.99873e-08
2.51137e-08
1.48271e-08
8.20868e-09
4.28709e-09
2.19927e-09
1.01308e-09
4.0955e-10
1.50876e-10
5.87842e-11
7.36449e-05
7.25833e-05
7.14337e-05
7.02505e-05
6.90501e-05
6.78403e-05
6.66256e-05
6.54086e-05
6.41907e-05
6.29731e-05
6.17563e-05
6.05409e-05
5.93272e-05
5.81155e-05
5.69061e-05
5.56992e-05
5.44951e-05
5.32941e-05
5.20964e-05
5.09022e-05
4.97118e-05
4.85254e-05
4.73434e-05
4.6166e-05
4.49935e-05
4.38262e-05
4.26645e-05
4.15088e-05
4.03594e-05
3.92168e-05
3.80814e-05
3.69536e-05
3.58338e-05
3.47225e-05
3.36199e-05
3.25267e-05
3.14432e-05
3.03698e-05
2.93071e-05
2.82555e-05
2.72156e-05
2.61878e-05
2.51726e-05
2.41706e-05
2.31823e-05
2.22082e-05
2.12489e-05
2.03048e-05
1.93767e-05
1.8465e-05
1.75702e-05
1.6693e-05
1.58339e-05
1.49936e-05
1.41728e-05
1.33722e-05
1.25924e-05
1.18341e-05
1.10979e-05
1.03843e-05
9.69399e-06
9.02732e-06
8.38479e-06
7.76679e-06
7.17367e-06
6.60573e-06
6.06322e-06
5.54632e-06
5.05515e-06
4.58977e-06
4.15015e-06
3.73621e-06
3.34777e-06
2.98458e-06
2.64631e-06
2.33256e-06
2.04282e-06
1.77652e-06
1.53303e-06
1.31162e-06
1.11152e-06
9.31861e-07
7.71767e-07
6.30305e-07
5.06515e-07
3.99422e-07
3.08033e-07
2.31348e-07
1.68346e-07
1.17965e-07
7.90581e-08
5.0344e-08
3.03617e-08
1.74605e-08
9.86899e-09
5.63754e-09
3.05316e-09
1.57701e-09
8.11551e-10
4.68276e-10
9.75077e-05
9.63694e-05
9.5115e-05
9.3807e-05
9.24674e-05
9.1108e-05
8.97356e-05
8.8354e-05
8.69656e-05
8.55718e-05
8.41735e-05
8.27713e-05
8.13656e-05
7.99567e-05
7.85448e-05
7.71303e-05
7.57132e-05
7.42939e-05
7.28725e-05
7.14492e-05
7.00243e-05
6.8598e-05
6.71705e-05
6.57422e-05
6.43132e-05
6.28839e-05
6.14546e-05
6.00256e-05
5.85974e-05
5.71706e-05
5.57454e-05
5.43224e-05
5.2902e-05
5.14847e-05
5.00709e-05
4.86613e-05
4.72562e-05
4.58563e-05
4.44622e-05
4.30745e-05
4.16938e-05
4.03209e-05
3.89564e-05
3.76011e-05
3.62556e-05
3.49209e-05
3.35977e-05
3.22869e-05
3.09894e-05
2.97061e-05
2.8438e-05
2.71861e-05
2.59515e-05
2.47352e-05
2.35383e-05
2.23618e-05
2.12071e-05
2.00752e-05
1.89674e-05
1.78847e-05
1.68282e-05
1.57992e-05
1.47986e-05
1.38275e-05
1.28869e-05
1.19776e-05
1.11005e-05
1.02565e-05
9.44616e-06
8.67024e-06
7.92923e-06
7.22357e-06
6.55356e-06
5.9194e-06
5.32118e-06
4.75882e-06
4.23213e-06
3.74079e-06
3.28433e-06
2.86221e-06
2.47372e-06
2.11808e-06
1.79441e-06
1.50182e-06
1.23936e-06
1.00609e-06
8.01061e-07
6.23367e-07
4.72084e-07
3.46234e-07
2.44655e-07
1.65843e-07
1.0775e-07
6.7717e-08
4.24102e-08
2.66634e-08
1.62434e-08
9.72873e-09
5.99291e-09
4.21282e-09
0.000131488
0.000130263
0.000128901
0.000127467
0.000125988
0.000124477
0.000122945
0.000121395
0.000119832
0.000118256
0.000116669
0.000115072
0.000113464
0.000111847
0.000110221
0.000108585
0.000106939
0.000105284
0.000103621
0.000101948
0.000100266
9.85758e-05
9.68769e-05
9.51699e-05
9.34549e-05
9.17323e-05
9.00023e-05
8.82649e-05
8.65205e-05
8.47696e-05
8.30123e-05
8.12492e-05
7.94807e-05
7.77071e-05
7.59288e-05
7.41465e-05
7.23605e-05
7.05715e-05
6.878e-05
6.69868e-05
6.51925e-05
6.33979e-05
6.16038e-05
5.9811e-05
5.80203e-05
5.62328e-05
5.44494e-05
5.26712e-05
5.08992e-05
4.91346e-05
4.73786e-05
4.56326e-05
4.38977e-05
4.21752e-05
4.04667e-05
3.87735e-05
3.70975e-05
3.54402e-05
3.38034e-05
3.21889e-05
3.05985e-05
2.90339e-05
2.74968e-05
2.5989e-05
2.45123e-05
2.30683e-05
2.16586e-05
2.02849e-05
1.89487e-05
1.76515e-05
1.63947e-05
1.51796e-05
1.40073e-05
1.28789e-05
1.17955e-05
1.07577e-05
9.7663e-06
8.82177e-06
7.9245e-06
7.07482e-06
6.27292e-06
5.51886e-06
4.81268e-06
4.15446e-06
3.54436e-06
2.98268e-06
2.46994e-06
2.00692e-06
1.59468e-06
1.23448e-06
9.27521e-07
6.74411e-07
4.74556e-07
3.25607e-07
2.22917e-07
1.52546e-07
1.02337e-07
6.84169e-08
4.75206e-08
3.74802e-08
0.00017676
0.000175477
0.000174048
0.000172537
0.00017097
0.000169364
0.000167729
0.000166069
0.000164389
0.000162691
0.000160975
0.000159243
0.000157494
0.000155729
0.000153948
0.00015215
0.000150337
0.000148507
0.000146661
0.000144799
0.000142921
0.000141026
0.000139115
0.000137188
0.000135246
0.000133287
0.000131313
0.000129323
0.000127317
0.000125296
0.000123259
0.000121207
0.00011914
0.000117058
0.000114961
0.00011285
0.000110725
0.000108586
0.000106433
0.000104267
0.000102089
9.98986e-05
9.76966e-05
9.54836e-05
9.32601e-05
9.10268e-05
8.87845e-05
8.65338e-05
8.42756e-05
8.20107e-05
7.974e-05
7.74644e-05
7.5185e-05
7.29028e-05
7.0619e-05
6.8335e-05
6.60523e-05
6.37726e-05
6.14977e-05
5.92295e-05
5.69697e-05
5.47204e-05
5.24835e-05
5.02609e-05
4.80548e-05
4.58673e-05
4.37006e-05
4.15569e-05
3.94383e-05
3.73473e-05
3.5286e-05
3.32569e-05
3.1262e-05
2.93037e-05
2.73841e-05
2.55053e-05
2.36694e-05
2.18783e-05
2.01338e-05
1.84378e-05
1.67921e-05
1.51987e-05
1.36596e-05
1.21771e-05
1.0754e-05
9.39409e-06
8.10181e-06
6.88318e-06
5.74592e-06
4.69978e-06
3.75612e-06
2.92714e-06
2.22422e-06
1.65571e-06
1.22612e-06
9.06581e-07
6.61589e-07
4.83767e-07
3.67363e-07
3.11436e-07
0.000234381
0.000233124
0.000231731
0.000230259
0.000228731
0.00022716
0.000225557
0.000223927
0.000222273
0.000220598
0.000218901
0.000217185
0.000215448
0.000213692
0.000211916
0.000210119
0.000208302
0.000206465
0.000204608
0.000202729
0.000200829
0.000198908
0.000196965
0.000195001
0.000193014
0.000191006
0.000188976
0.000186924
0.000184849
0.000182751
0.000180631
0.000178487
0.000176321
0.00017413
0.000171916
0.000169678
0.000167416
0.000165129
0.000162818
0.000160481
0.000158119
0.000155732
0.000153319
0.00015088
0.000148415
0.000145923
0.000143405
0.000140859
0.000138287
0.000135687
0.00013306
0.000130404
0.000127721
0.000125009
0.000122269
0.000119502
0.000116706
0.000113884
0.000111036
0.000108162
0.000105264
0.000102343
9.93985e-05
9.6433e-05
9.34473e-05
9.04427e-05
8.74208e-05
8.4383e-05
8.13311e-05
7.82669e-05
7.51922e-05
7.2109e-05
6.90192e-05
6.5925e-05
6.28282e-05
5.97308e-05
5.66348e-05
5.35418e-05
5.04536e-05
4.73716e-05
4.42973e-05
4.12319e-05
3.8177e-05
3.51354e-05
3.21105e-05
2.91079e-05
2.61361e-05
2.32073e-05
2.03398e-05
1.75598e-05
1.49027e-05
1.24126e-05
1.01417e-05
8.14417e-06
6.4812e-06
5.15072e-06
4.0566e-06
3.2047e-06
2.61317e-06
2.32513e-06
0.000304734
0.00030365
0.000302463
0.000301213
0.000299915
0.000298581
0.000297219
0.000295832
0.000294424
0.000292996
0.000291549
0.000290082
0.000288597
0.000287093
0.000285569
0.000284027
0.000282465
0.000280884
0.000279282
0.00027766
0.000276017
0.000274354
0.000272668
0.000270962
0.000269233
0.000267482
0.000265708
0.000263911
0.00026209
0.000260245
0.000258375
0.00025648
0.000254558
0.00025261
0.000250634
0.000248629
0.000246595
0.000244531
0.000242436
0.000240309
0.000238149
0.000235954
0.000233725
0.000231459
0.000229156
0.000226813
0.000224431
0.000222007
0.000219539
0.000217028
0.000214469
0.000211863
0.000209207
0.000206499
0.000203738
0.000200922
0.00019805
0.00019512
0.000192131
0.000189083
0.000185973
0.000182802
0.000179566
0.000176266
0.000172899
0.000169465
0.000165962
0.000162389
0.000158745
0.000155028
0.000151236
0.000147369
0.000143425
0.000139401
0.000135295
0.000131104
0.000126824
0.000122452
0.000117984
0.000113414
0.000108735
0.000103937
9.9008e-05
9.39386e-05
8.87179e-05
8.33363e-05
7.77875e-05
7.207e-05
6.61916e-05
6.01785e-05
5.40792e-05
4.79697e-05
4.19582e-05
3.61841e-05
3.08373e-05
2.6232e-05
2.21824e-05
1.8791e-05
1.62793e-05
1.50049e-05
0.000386565
0.000385838
0.000385051
0.000384228
0.000383376
0.000382502
0.00038161
0.000380702
0.000379781
0.000378846
0.000377898
0.000376938
0.000375964
0.000374979
0.00037398
0.000372969
0.000371944
0.000370905
0.000369854
0.000368788
0.000367707
0.000366613
0.000365503
0.000364379
0.000363239
0.000362083
0.00036091
0.000359721
0.000358513
0.000357288
0.000356043
0.000354779
0.000353495
0.000352189
0.000350862
0.000349511
0.000348137
0.000346738
0.000345314
0.000343862
0.000342383
0.000340875
0.000339337
0.000337767
0.000336164
0.000334528
0.000332855
0.000331145
0.000329397
0.000327607
0.000325775
0.000323897
0.000321972
0.000319998
0.000317971
0.000315889
0.00031375
0.000311551
0.000309291
0.000306968
0.000304578
0.000302119
0.000299588
0.000296981
0.000294295
0.000291526
0.00028867
0.000285724
0.000282683
0.000279542
0.000276296
0.00027294
0.000269467
0.000265872
0.000262145
0.00025827
0.000254229
0.00025001
0.000245601
0.00024099
0.000236164
0.000231109
0.000225773
0.00022012
0.000214108
0.000207687
0.000200801
0.000193389
0.00018538
0.000176724
0.000167391
0.000157376
0.000146708
0.000135459
0.000123769
0.00011207
0.000101442
9.17757e-05
8.40239e-05
7.97463e-05
0.000476284
0.000476062
0.000475828
0.000475587
0.000475341
0.00047509
0.000474836
0.000474578
0.000474317
0.000474052
0.000473784
0.000473513
0.000473239
0.000472962
0.000472681
0.000472397
0.000472109
0.000471818
0.000471524
0.000471226
0.000470924
0.000470618
0.000470308
0.000469994
0.000469676
0.000469354
0.000469027
0.000468695
0.000468359
0.000468017
0.00046767
0.000467318
0.000466961
0.000466597
0.000466228
0.000465851
0.000465468
0.000465078
0.00046468
0.000464274
0.000463861
0.000463439
0.000463008
0.000462569
0.000462121
0.000461663
0.000461196
0.000460719
0.000460232
0.000459735
0.000459228
0.00045871
0.00045818
0.00045764
0.000457089
0.000456526
0.000455951
0.000455364
0.000454764
0.000454152
0.000453525
0.000452885
0.000452229
0.000451558
0.000450868
0.00045016
0.000449431
0.000448678
0.0004479
0.000447092
0.00044625
0.00044537
0.000444447
0.000443472
0.000442438
0.000441345
0.000440189
0.000438957
0.000437634
0.000436198
0.000434623
0.000432884
0.000430977
0.000428885
0.000426587
0.000424063
0.000421295
0.000418264
0.000414796
0.00041076
0.000406054
0.000400562
0.000394149
0.000386641
0.000377804
0.000367339
0.000355281
0.000342959
0.000331831
0.000324571
0.000568115
0.000568499
0.000568896
0.0005693
0.000569712
0.000570131
0.000570556
0.000570988
0.000571426
0.00057187
0.000572321
0.000572778
0.000573242
0.000573712
0.00057419
0.000574674
0.000575166
0.000575665
0.000576171
0.000576686
0.000577208
0.000577739
0.000578278
0.000578826
0.000579383
0.000579949
0.000580525
0.00058111
0.000581705
0.000582311
0.000582927
0.000583554
0.000584192
0.000584843
0.000585505
0.000586181
0.00058687
0.000587574
0.000588292
0.000589026
0.000589775
0.000590542
0.000591326
0.000592129
0.000592951
0.000593793
0.000594657
0.000595543
0.000596452
0.000597385
0.000598343
0.000599329
0.000600341
0.000601382
0.000602454
0.000603559
0.000604698
0.000605875
0.000607095
0.000608359
0.000609672
0.000611037
0.000612458
0.00061394
0.000615486
0.000617104
0.000618797
0.000620573
0.000622439
0.000624401
0.000626468
0.00062865
0.000630956
0.000633395
0.00063598
0.000638723
0.000641635
0.000644727
0.000648012
0.000651501
0.000655204
0.000659133
0.000663296
0.000667702
0.000672353
0.000677253
0.000682398
0.000687788
0.000693563
0.000699842
0.000706721
0.00071428
0.000722424
0.000731189
0.000740581
0.000750556
0.000760933
0.000771203
0.000780142
0.000785458
0.000654379
0.000655221
0.000656118
0.000657052
0.000658015
0.000659
0.000660005
0.000661027
0.000662064
0.000663116
0.000664183
0.000665265
0.000666361
0.000667471
0.000668597
0.000669737
0.000670893
0.000672065
0.000673252
0.000674456
0.000675676
0.000676913
0.000678167
0.000679439
0.000680728
0.000682037
0.000683364
0.00068471
0.000686076
0.000687463
0.000688871
0.0006903
0.000691752
0.000693226
0.000694725
0.000696248
0.000697796
0.00069937
0.000700971
0.000702601
0.00070426
0.000705949
0.00070767
0.000709424
0.000711212
0.000713036
0.000714897
0.000716797
0.000718737
0.00072072
0.000722748
0.000724821
0.000726943
0.000729115
0.000731341
0.000733622
0.000735963
0.000738367
0.000740839
0.000743383
0.000746004
0.000748706
0.000751494
0.000754375
0.000757353
0.000760435
0.000763627
0.000766937
0.000770372
0.00077394
0.000777649
0.000781508
0.000785525
0.00078971
0.000794072
0.000798619
0.000803361
0.000808304
0.000813456
0.000818822
0.000824407
0.000830211
0.000836235
0.000842477
0.000848929
0.000855584
0.00086243
0.000869451
0.000876624
0.000883919
0.000891289
0.000898715
0.000906361
0.000914089
0.000921761
0.000929243
0.000936319
0.000942625
0.000947539
0.000950045
0.000730479
0.000731599
0.000732819
0.000734099
0.000735423
0.000736782
0.000738168
0.000739578
0.000741009
0.000742459
0.000743929
0.000745417
0.000746924
0.00074845
0.000749994
0.000751558
0.00075314
0.000754742
0.000756363
0.000758004
0.000759665
0.000761346
0.000763048
0.000764771
0.000766515
0.00076828
0.000770067
0.000771876
0.000773708
0.000775562
0.00077744
0.000779341
0.000781266
0.000783216
0.00078519
0.00078719
0.000789216
0.000791269
0.000793349
0.000795457
0.000797593
0.000799759
0.000801955
0.000804182
0.000806442
0.000808734
0.00081106
0.000813422
0.00081582
0.000818255
0.00082073
0.000823244
0.000825799
0.000828398
0.00083104
0.000833729
0.000836466
0.000839254
0.000842095
0.000844992
0.000847947
0.000850963
0.000854041
0.000857186
0.000860398
0.000863681
0.000867038
0.00087047
0.000873981
0.000877573
0.000881247
0.000885005
0.000888849
0.000892779
0.000896796
0.000900899
0.000905084
0.00090935
0.000913692
0.000918102
0.000922572
0.000927091
0.000931647
0.000936224
0.000940805
0.000945369
0.000949893
0.000954352
0.000958716
0.000962953
0.000967022
0.000970883
0.000974488
0.000977897
0.000981058
0.000983926
0.000986441
0.000988516
0.000990019
0.000990726
0.000794221
0.000795448
0.000796801
0.000798228
0.000799706
0.000801222
0.000802768
0.000804338
0.00080593
0.000807541
0.00080917
0.000810818
0.000812484
0.000814168
0.00081587
0.000817589
0.000819327
0.000821083
0.000822857
0.000824649
0.00082646
0.000828289
0.000830138
0.000832004
0.00083389
0.000835795
0.000837718
0.00083966
0.000841622
0.000843602
0.000845601
0.00084762
0.000849658
0.000851715
0.000853792
0.000855887
0.000858002
0.000860136
0.000862289
0.000864461
0.000866653
0.000868864
0.000871094
0.000873344
0.000875613
0.000877902
0.00088021
0.000882537
0.000884884
0.000887251
0.000889638
0.000892044
0.00089447
0.000896915
0.00089938
0.000901865
0.00090437
0.000906895
0.000909441
0.000912009
0.000914597
0.000917206
0.000919836
0.000922486
0.000925156
0.000927846
0.000930555
0.000933282
0.000936025
0.000938782
0.000941553
0.000944335
0.000947125
0.000949919
0.000952715
0.000955506
0.000958288
0.000961054
0.000963797
0.000966509
0.000969182
0.000971804
0.000974366
0.000976857
0.000979263
0.000981574
0.000983777
0.000985859
0.000987807
0.000989608
0.000991248
0.000992715
0.000993995
0.000995093
0.000996051
0.000996864
0.000997528
0.00099804
0.000998389
0.000998547
0.000845459
0.000846669
0.000848014
0.000849432
0.000850899
0.0008524
0.000853927
0.000855475
0.00085704
0.00085862
0.000860215
0.000861823
0.000863445
0.000865081
0.00086673
0.000868392
0.000870067
0.000871756
0.000873458
0.000875173
0.000876901
0.000878642
0.000880396
0.000882163
0.000883943
0.000885735
0.00088754
0.000889357
0.000891186
0.000893027
0.000894879
0.000896743
0.000898619
0.000900505
0.000902401
0.000904308
0.000906224
0.00090815
0.000910084
0.000912027
0.000913979
0.000915937
0.000917903
0.000919875
0.000921853
0.000923836
0.000925824
0.000927816
0.000929811
0.000931808
0.000933806
0.000935806
0.000937805
0.000939802
0.000941798
0.00094379
0.000945778
0.000947762
0.000949739
0.00095171
0.000953672
0.000955625
0.000957568
0.000959498
0.000961415
0.000963317
0.000965201
0.000967066
0.000968911
0.000970732
0.000972527
0.000974295
0.000976031
0.000977734
0.0009794
0.000981025
0.000982606
0.000984138
0.000985618
0.000987042
0.000988405
0.000989702
0.000990929
0.000992083
0.000993159
0.000994155
0.000995067
0.000995892
0.000996631
0.00099728
0.000997841
0.000998313
0.000998699
0.000999002
0.000999247
0.000999442
0.000999591
0.000999699
0.000999768
0.0009998
0.000885185
0.000886319
0.000887577
0.000888898
0.000890259
0.000891646
0.000893051
0.00089447
0.0008959
0.000897339
0.000898787
0.000900242
0.000901706
0.000903176
0.000904654
0.000906138
0.000907629
0.000909127
0.000910632
0.000912143
0.000913661
0.000915184
0.000916714
0.000918249
0.00091979
0.000921337
0.000922888
0.000924443
0.000926003
0.000927567
0.000929134
0.000930705
0.000932278
0.000933854
0.000935431
0.00093701
0.00093859
0.00094017
0.00094175
0.000943328
0.000944906
0.000946481
0.000948054
0.000949623
0.000951188
0.000952748
0.000954302
0.00095585
0.00095739
0.000958921
0.000960443
0.000961955
0.000963454
0.000964941
0.000966414
0.000967871
0.000969313
0.000970737
0.000972143
0.00097353
0.000974895
0.000976238
0.000977558
0.000978853
0.000980121
0.000981362
0.000982573
0.000983754
0.000984902
0.000986017
0.000987096
0.000988139
0.000989144
0.000990109
0.000991033
0.000991915
0.000992753
0.000993545
0.000994291
0.00099499
0.000995639
0.00099624
0.000996791
0.000997292
0.000997743
0.000998145
0.0009985
0.000998807
0.00099907
0.00099929
0.00099947
0.000999613
0.000999722
0.000999801
0.00099986
0.000999904
0.000999935
0.000999956
0.000999969
0.000999975
0.000914713
0.000915758
0.000916907
0.000918103
0.000919325
0.000920563
0.000921811
0.000923066
0.000924325
0.000925588
0.000926853
0.00092812
0.000929388
0.000930658
0.00093193
0.000933202
0.000934475
0.000935749
0.000937023
0.000938298
0.000939572
0.000940847
0.000942121
0.000943394
0.000944666
0.000945937
0.000947207
0.000948475
0.00094974
0.000951003
0.000952263
0.00095352
0.000954773
0.000956021
0.000957265
0.000958503
0.000959736
0.000960962
0.000962182
0.000963394
0.000964598
0.000965795
0.000966982
0.00096816
0.000969327
0.000970484
0.000971629
0.000972762
0.000973883
0.000974989
0.000976082
0.000977159
0.000978221
0.000979265
0.000980292
0.000981301
0.00098229
0.00098326
0.000984208
0.000985135
0.000986039
0.00098692
0.000987776
0.000988608
0.000989413
0.000990192
0.000990944
0.000991667
0.000992361
0.000993025
0.000993659
0.000994262
0.000994834
0.000995374
0.000995882
0.000996358
0.0009968
0.000997211
0.000997588
0.000997933
0.000998247
0.000998529
0.00099878
0.000999003
0.000999196
0.000999364
0.000999505
0.000999624
0.000999721
0.000999798
0.000999859
0.000999904
0.000999936
0.000999958
0.000999972
0.000999983
0.000999989
0.000999994
0.000999996
0.000999997
0.00093529
0.000936264
0.000937316
0.000938397
0.000939491
0.000940591
0.000941695
0.000942799
0.000943902
0.000945003
0.000946102
0.000947198
0.000948292
0.000949382
0.000950469
0.000951552
0.000952632
0.000953707
0.000954779
0.000955846
0.000956908
0.000957966
0.000959018
0.000960065
0.000961107
0.000962143
0.000963172
0.000964195
0.000965212
0.000966221
0.000967223
0.000968217
0.000969203
0.000970181
0.000971149
0.000972108
0.000973058
0.000973997
0.000974926
0.000975844
0.000976751
0.000977646
0.000978529
0.0009794
0.000980258
0.000981102
0.000981933
0.00098275
0.000983551
0.000984338
0.00098511
0.000985865
0.000986604
0.000987326
0.000988031
0.000988718
0.000989387
0.000990037
0.000990669
0.000991281
0.000991873
0.000992445
0.000992996
0.000993526
0.000994035
0.000994522
0.000994988
0.000995431
0.000995853
0.000996252
0.000996628
0.000996982
0.000997314
0.000997624
0.000997911
0.000998176
0.00099842
0.000998643
0.000998845
0.000999026
0.000999189
0.000999332
0.000999458
0.000999566
0.000999659
0.000999737
0.000999802
0.000999854
0.000999896
0.000999928
0.000999952
0.000999969
0.000999981
0.000999989
0.000999993
0.000999996
0.000999998
0.000999999
0.000999999
0.001
0.000947978
0.000948911
0.000949899
0.000950898
0.000951901
0.000952903
0.000953903
0.000954899
0.00095589
0.000956876
0.000957857
0.000958831
0.0009598
0.000960763
0.000961719
0.000962669
0.000963612
0.000964548
0.000965477
0.000966399
0.000967314
0.00096822
0.000969119
0.000970009
0.000970891
0.000971765
0.000972629
0.000973485
0.00097433
0.000975167
0.000975993
0.000976809
0.000977614
0.000978408
0.000979192
0.000979964
0.000980724
0.000981473
0.000982209
0.000982933
0.000983644
0.000984342
0.000985027
0.000985698
0.000986356
0.000986999
0.000987629
0.000988243
0.000988843
0.000989428
0.000989998
0.000990553
0.000991091
0.000991614
0.000992122
0.000992613
0.000993087
0.000993545
0.000993987
0.000994412
0.00099482
0.000995211
0.000995585
0.000995943
0.000996283
0.000996606
0.000996913
0.000997202
0.000997475
0.000997731
0.000997971
0.000998194
0.000998402
0.000998594
0.000998771
0.000998933
0.00099908
0.000999214
0.000999334
0.000999441
0.000999537
0.00099962
0.000999693
0.000999755
0.000999808
0.000999852
0.000999889
0.000999918
0.000999942
0.00099996
0.000999973
0.000999983
0.00099999
0.000999994
0.000999997
0.000999998
0.000999999
0.001
0.001
0.001
0.00095369
0.000954611
0.000955571
0.000956534
0.000957494
0.00095845
0.000959399
0.000960343
0.000961281
0.000962211
0.000963134
0.00096405
0.000964959
0.00096586
0.000966753
0.000967639
0.000968516
0.000969385
0.000970245
0.000971097
0.00097194
0.000972774
0.000973598
0.000974413
0.000975219
0.000976014
0.0009768
0.000977575
0.000978339
0.000979092
0.000979835
0.000980566
0.000981286
0.000981993
0.000982689
0.000983373
0.000984044
0.000984703
0.000985349
0.000985982
0.000986602
0.000987208
0.000987801
0.00098838
0.000988945
0.000989496
0.000990033
0.000990555
0.000991063
0.000991557
0.000992035
0.000992499
0.000992948
0.000993381
0.0009938
0.000994204
0.000994592
0.000994965
0.000995323
0.000995666
0.000995994
0.000996306
0.000996604
0.000996887
0.000997155
0.000997409
0.000997648
0.000997872
0.000998083
0.00099828
0.000998464
0.000998634
0.000998792
0.000998937
0.000999071
0.000999192
0.000999303
0.000999402
0.000999492
0.000999572
0.000999643
0.000999705
0.000999759
0.000999806
0.000999846
0.000999879
0.000999907
0.00099993
0.000999949
0.000999963
0.000999975
0.000999983
0.00099999
0.000999994
0.000999997
0.000999998
0.000999999
0.001
0.001
0.001
3.07267e-12
6.35798e-12
1.30743e-11
2.48555e-11
4.46924e-11
7.73884e-11
1.30742e-10
2.17686e-10
3.60188e-10
5.96553e-10
9.95453e-10
1.68366e-09
2.90254e-09
5.12645e-09
9.31788e-09
1.74862e-08
3.39108e-08
6.76348e-08
1.35735e-07
2.51586e-07
3.47217e-11
5.9025e-11
1.04222e-10
1.79026e-10
2.9805e-10
4.83856e-10
7.72079e-10
1.22045e-09
1.92512e-09
3.05096e-09
4.88894e-09
7.96819e-09
1.32803e-08
2.27419e-08
4.01673e-08
7.3339e-08
1.38373e-07
2.67998e-07
5.20051e-07
9.24365e-07
3.96959e-10
5.95699e-10
9.20124e-10
1.41575e-09
2.15316e-09
3.2346e-09
4.81553e-09
7.14087e-09
1.06086e-08
1.58845e-08
2.41155e-08
3.7334e-08
5.92464e-08
9.68114e-08
1.63458e-07
2.85721e-07
5.16639e-07
9.59201e-07
1.78161e-06
3.00741e-06
4.14198e-09
5.65181e-09
7.88734e-09
1.10303e-08
1.53864e-08
2.13738e-08
2.96028e-08
4.10084e-08
5.70755e-08
8.02318e-08
1.14551e-07
1.67057e-07
2.50157e-07
3.86374e-07
6.17706e-07
1.02414e-06
1.75872e-06
3.10229e-06
5.46393e-06
8.64608e-06
3.89842e-08
4.92192e-08
6.32629e-08
8.1623e-08
1.05393e-07
1.36029e-07
1.75602e-07
2.27229e-07
2.95789e-07
3.89109e-07
5.20061e-07
7.10211e-07
9.96365e-07
1.4431e-06
2.16636e-06
3.37725e-06
5.45822e-06
9.05839e-06
1.4958e-05
2.19514e-05
3.28303e-07
3.88643e-07
4.6657e-07
5.62307e-07
6.78811e-07
8.20069e-07
9.91824e-07
1.20283e-06
1.4668e-06
1.80559e-06
2.25504e-06
2.87305e-06
3.75539e-06
5.06456e-06
7.07952e-06
1.02813e-05
1.54813e-05
2.38997e-05
3.64596e-05
4.9306e-05
2.4339e-06
2.73232e-06
3.09988e-06
3.52819e-06
4.02134e-06
4.58628e-06
5.23462e-06
5.98566e-06
6.87099e-06
7.94347e-06
9.28858e-06
1.10393e-05
1.34102e-05
1.67537e-05
2.16439e-05
2.90057e-05
4.02375e-05
5.70164e-05
7.90628e-05
9.8409e-05
1.54634e-05
1.66274e-05
1.80106e-05
1.95507e-05
2.12364e-05
2.30659e-05
2.50507e-05
2.72197e-05
2.96366e-05
3.24116e-05
3.57033e-05
3.9759e-05
4.49782e-05
5.19972e-05
6.17967e-05
7.5792e-05
9.57502e-05
0.000122629
0.000152654
0.000175439
8.07876e-05
8.39315e-05
8.75739e-05
9.14596e-05
9.55018e-05
9.96381e-05
0.000103868
0.000108234
0.000112865
0.000117891
0.000123496
0.000130004
0.000137981
0.000148266
0.000162164
0.000181177
0.000206372
0.000235963
0.000263143
0.000281172
0.000324582
0.000328306
0.000332577
0.000336893
0.000341061
0.000344916
0.000348505
0.000351881
0.000355044
0.000357945
0.000360706
0.000363402
0.000366479
0.000370216
0.000375551
0.000383047
0.000392675
0.000401974
0.000407227
0.000409333
0.000784506
0.000780995
0.000776903
0.000772543
0.000767994
0.000763304
0.00075834
0.000752945
0.000747
0.000740346
0.000732771
0.000723874
0.000713046
0.000699366
0.000681412
0.000658007
0.000629406
0.000598035
0.000568125
0.000546189
0.000948918
0.000946528
0.000943721
0.000940635
0.000937292
0.000933693
0.000929796
0.000925522
0.000920704
0.000915141
0.000908571
0.000900563
0.000890412
0.000877074
0.000858946
0.000833964
0.000800026
0.000757314
0.000712052
0.000676086
0.000990306
0.000989465
0.00098845
0.000987291
0.000985978
0.000984497
0.000982815
0.000980885
0.000978624
0.000975905
0.000972533
0.000968214
0.000962475
0.000954568
0.000943302
0.000926869
0.000902709
0.000868337
0.000825932
0.000788335
0.000998449
0.000998235
0.000997966
0.000997644
0.000997261
0.000996805
0.00099626
0.0009956
0.000994785
0.000993754
0.000992406
0.000990586
0.000988041
0.00098435
0.000978812
0.000970253
0.000956775
0.000935736
0.000905979
0.000876336
0.000999784
0.000999739
0.000999681
0.000999607
0.000999514
0.000999397
0.000999249
0.000999059
0.000998811
0.000998479
0.00099802
0.000997367
0.000996405
0.000994935
0.00099261
0.000988816
0.000982473
0.000971843
0.000955183
0.000936734
0.000999973
0.000999965
0.000999954
0.00099994
0.00099992
0.000999893
0.000999858
0.000999809
0.000999743
0.000999648
0.00099951
0.000999303
0.000998982
0.000998466
0.000997609
0.000996138
0.000993545
0.000988936
0.000981133
0.00097135
0.000999997
0.000999996
0.000999994
0.000999991
0.000999987
0.000999982
0.000999974
0.000999963
0.000999947
0.000999922
0.000999885
0.000999826
0.00099973
0.000999568
0.000999287
0.000998782
0.00099785
0.000996108
0.000992978
0.000988593
0.001
0.001
0.000999999
0.000999999
0.000999998
0.000999997
0.000999996
0.000999993
0.000999989
0.000999984
0.000999974
0.000999959
0.000999933
0.000999888
0.000999805
0.00099965
0.000999353
0.000998775
0.000997682
0.000996014
0.001
0.001
0.001
0.001
0.001
0.001
0.000999999
0.000999999
0.000999998
0.000999997
0.000999995
0.000999991
0.000999984
0.000999973
0.000999951
0.000999908
0.000999824
0.000999654
0.000999319
0.000998775
0.001
0.001
0.001
0.001
0.001
0.001
0.001
0.001
0.001
0.000999999
0.000999999
0.000999998
0.000999996
0.000999994
0.000999988
0.000999978
0.000999956
0.000999912
0.000999822
0.000999668
2.73297e-139
3.48893e-139
5.78387e-139
1.12799e-138
2.33841e-138
4.89594e-138
1.01522e-137
2.06975e-137
4.13442e-137
8.07212e-137
1.53664e-136
2.84151e-136
5.09076e-136
8.80616e-136
1.4644e-135
2.32768e-135
3.50923e-135
4.96321e-135
6.47753e-135
7.59289e-135
6.38106e-138
7.92984e-138
1.29028e-137
2.50272e-137
5.1963e-137
1.09226e-136
2.27581e-136
4.66413e-136
9.36936e-136
1.84031e-135
3.52604e-135
6.56425e-135
1.18439e-134
2.06425e-134
3.4605e-134
5.5491e-134
8.44732e-134
1.20768e-133
1.59538e-133
1.89665e-133
1.37116e-136
1.65114e-136
2.62563e-136
5.05685e-136
1.05148e-135
2.22004e-135
4.65051e-135
9.58671e-135
1.93784e-134
3.8317e-134
7.39396e-134
1.38689e-133
2.52246e-133
4.434e-133
7.50135e-133
1.21481e-132
1.86942e-132
2.70549e-132
3.62495e-132
4.38034e-132
2.93939e-135
3.42606e-135
5.31219e-135
1.01452e-134
2.11189e-134
4.47882e-134
9.43366e-134
1.95622e-133
3.9792e-133
7.92093e-133
1.53944e-132
2.9096e-132
5.33517e-132
9.46021e-132
1.61546e-131
2.64249e-131
4.11134e-131
6.02369e-131
8.18719e-131
1.00574e-130
6.30631e-134
7.11432e-134
1.07343e-133
2.02984e-133
4.22791e-133
9.00522e-133
1.90717e-132
3.9784e-132
8.14373e-132
1.63197e-131
3.19449e-131
6.08381e-131
1.12466e-130
2.01163e-130
3.46729e-130
5.729e-130
9.01242e-130
1.33707e-129
1.84395e-129
2.30119e-129
1.35442e-132
1.47837e-132
2.16711e-132
4.05205e-132
8.43976e-132
1.80502e-131
3.84352e-131
8.06541e-131
1.66142e-130
3.35175e-130
6.60779e-130
1.268e-129
2.36307e-129
4.26345e-129
7.41725e-129
1.23801e-128
1.96948e-128
2.95908e-128
4.14004e-128
5.24817e-128
2.91146e-131
3.0744e-131
4.37134e-131
8.07098e-131
1.68008e-130
3.60719e-130
7.72199e-130
1.63e-129
3.37883e-129
6.86204e-129
1.36245e-128
2.63425e-128
4.94886e-128
9.00604e-128
1.58146e-127
2.6666e-127
4.29024e-127
6.52808e-127
9.26544e-127
1.19292e-126
6.26251e-130
6.39793e-130
8.81058e-130
1.60412e-129
3.33539e-129
7.18758e-129
1.54672e-128
3.28402e-128
6.85005e-128
1.40042e-127
2.80023e-127
5.45485e-127
1.03301e-126
1.89613e-126
3.36075e-126
5.72489e-126
9.31534e-126
1.43549e-125
2.06674e-125
2.70217e-125
1.34756e-128
1.33227e-128
1.77452e-128
3.18146e-128
6.60388e-128
1.42805e-127
3.08883e-127
6.5962e-127
1.38443e-126
2.84901e-126
5.73687e-126
1.1259e-125
2.14922e-125
3.97892e-125
7.11828e-125
1.22501e-124
2.01593e-124
3.14601e-124
4.59434e-124
6.09904e-124
2.89993e-127
2.77568e-127
3.57166e-127
6.29677e-127
1.30407e-126
2.82921e-126
6.15024e-126
1.32089e-125
2.78936e-125
5.77783e-125
1.17158e-124
2.31638e-124
4.45688e-124
8.32195e-124
1.50269e-123
2.61249e-123
4.34796e-123
6.87121e-123
1.01774e-122
1.37154e-122
6.23921e-126
5.78513e-126
7.1845e-126
1.24374e-125
2.56841e-125
5.58937e-125
1.22101e-124
2.63714e-124
5.60282e-124
1.1681e-123
2.38499e-123
4.75026e-123
9.21214e-123
1.73479e-122
3.16163e-122
5.55272e-122
9.34562e-122
1.49551e-121
2.24641e-121
3.07259e-121
1.34166e-124
1.20602e-124
1.44437e-124
2.45182e-124
5.04548e-124
1.10115e-123
2.41709e-123
5.24941e-123
1.12199e-122
2.35421e-122
4.83982e-122
9.7102e-122
1.89789e-121
3.6044e-121
6.62974e-121
1.17619e-120
2.00181e-120
3.24343e-120
4.94023e-120
6.85658e-120
2.88265e-123
2.51427e-123
2.90222e-123
4.82405e-123
9.88621e-123
2.16338e-122
4.77111e-122
1.04186e-121
2.24005e-121
4.73009e-121
9.79047e-121
1.97855e-120
3.89733e-120
7.46415e-120
1.38554e-119
2.48288e-119
4.27282e-119
7.00894e-119
1.08238e-118
1.52398e-118
6.18646e-122
5.24078e-122
5.82851e-122
9.47376e-122
1.93223e-121
4.23866e-121
9.39106e-121
2.06175e-120
4.45889e-120
9.47465e-120
1.97432e-119
4.01863e-119
7.97717e-119
1.54059e-118
2.88584e-118
5.22316e-118
9.08791e-118
1.50908e-117
2.36242e-117
3.37348e-117
1.32577e-120
1.09198e-120
1.16993e-120
1.85713e-120
3.76707e-120
8.28223e-120
1.84327e-119
4.06827e-119
8.84923e-119
1.89206e-118
3.96897e-118
8.13629e-118
1.6275e-117
3.16923e-117
5.99035e-117
1.09496e-116
1.92601e-116
3.23715e-116
5.13634e-116
7.43662e-116
2.83625e-119
2.27387e-119
2.34708e-119
3.63407e-119
7.3262e-119
1.61399e-118
3.60789e-118
8.00456e-118
1.75108e-117
3.76699e-117
7.95413e-117
1.6421e-116
3.30967e-116
6.498e-116
1.23924e-115
2.28743e-115
4.06713e-115
6.91814e-115
1.11236e-114
1.63245e-114
6.0556e-118
4.73096e-118
4.70595e-118
7.09896e-118
1.42134e-117
3.1369e-117
7.04238e-117
1.57048e-116
3.45491e-116
7.4774e-116
1.58917e-115
3.30371e-115
6.70879e-115
1.3279e-114
2.55493e-114
4.76181e-114
8.55735e-114
1.47291e-113
2.39945e-113
3.56816e-113
1.29002e-116
9.83249e-117
9.42969e-117
1.38441e-116
2.75089e-116
6.08078e-116
1.37088e-115
3.07258e-115
6.7969e-115
1.47984e-114
3.16535e-114
6.62584e-114
1.35552e-113
2.70467e-113
5.24954e-113
9.87794e-113
1.79393e-112
3.12398e-112
5.15508e-112
7.76545e-112
2.74134e-115
2.04084e-115
1.8882e-115
2.69539e-115
5.31158e-115
1.17568e-114
2.66138e-114
5.99467e-114
1.33333e-113
2.92009e-113
6.28568e-113
1.32472e-112
2.73006e-112
5.49069e-112
1.07494e-111
2.04187e-111
3.74697e-111
6.60052e-111
1.10306e-110
1.68262e-110
5.80984e-114
4.22949e-114
3.77805e-114
5.23939e-114
1.0232e-113
2.26728e-113
5.15291e-113
1.16635e-112
2.60815e-112
5.74524e-112
1.24444e-111
2.64034e-111
5.48088e-111
1.11098e-110
2.19363e-110
4.20586e-110
7.79753e-110
1.38923e-109
2.35066e-109
3.62987e-109
1.22778e-112
8.74999e-113
7.55293e-113
1.01685e-112
1.96654e-112
4.36132e-112
9.9506e-112
2.26312e-111
5.08751e-111
1.12709e-110
2.45639e-110
5.24635e-110
1.09685e-109
2.24059e-109
4.46136e-109
8.63271e-109
1.61671e-108
2.91267e-108
4.98881e-108
7.79586e-108
2.58674e-111
1.80667e-111
1.50851e-111
1.97044e-111
3.77108e-111
8.36841e-111
1.91651e-110
4.37938e-110
9.89617e-110
2.20476e-109
4.83428e-109
1.03926e-108
2.18812e-108
4.50396e-108
9.04268e-108
1.76565e-107
3.3397e-107
6.08308e-107
1.05442e-106
1.66686e-106
5.43249e-110
3.7224e-110
3.00969e-110
3.81251e-110
7.21546e-110
1.60175e-109
3.68172e-109
8.45197e-109
1.91969e-108
4.3006e-108
9.48615e-108
2.05245e-107
4.35142e-107
9.02429e-107
1.82666e-106
3.5986e-106
6.87354e-106
1.26552e-105
2.21938e-105
3.54802e-105
1.1371e-108
7.65177e-109
5.99772e-109
7.36563e-109
1.37757e-108
3.05835e-108
7.05478e-108
1.62689e-107
3.71374e-107
8.36511e-107
1.85602e-106
4.04121e-106
8.62649e-106
1.80229e-105
3.67752e-105
7.30861e-105
1.40946e-104
2.62257e-104
4.65211e-104
7.51837e-104
2.37196e-107
1.56902e-107
1.19369e-107
1.42092e-107
2.62444e-107
5.82556e-107
1.34841e-106
3.12337e-106
7.16508e-106
1.62257e-105
3.62095e-105
7.9333e-105
1.70488e-104
3.5879e-104
7.37899e-104
1.47916e-103
2.87959e-103
5.41376e-103
9.7111e-103
1.58603e-102
4.93035e-106
3.20891e-106
2.37243e-106
2.73712e-106
4.98936e-106
1.10704e-105
2.5709e-105
5.98099e-105
1.37871e-104
3.13863e-104
7.04406e-104
1.55279e-103
3.35907e-103
7.1198e-103
1.47568e-102
2.9832e-102
5.8616e-102
1.11324e-101
2.01877e-101
3.33081e-101
1.02111e-104
6.54479e-105
4.70799e-105
5.2649e-105
9.46586e-105
2.09883e-104
4.88973e-104
1.1424e-103
2.64597e-103
6.0547e-103
1.36646e-102
3.03038e-102
6.59816e-102
1.40838e-101
2.94138e-101
5.99576e-101
1.18883e-100
2.28034e-100
4.17936e-100
6.96377e-100
2.10702e-103
1.33105e-103
9.32772e-104
1.01126e-103
1.79226e-103
3.97009e-103
9.27768e-103
2.1766e-102
5.06485e-102
1.16487e-101
2.64337e-101
5.89691e-101
1.29217e-100
2.77721e-100
5.84367e-100
1.20091e-99
2.40241e-99
4.6531e-99
8.61676e-99
1.44945e-98
4.33147e-102
2.69906e-102
1.84487e-102
1.93962e-102
3.38679e-102
7.49294e-102
1.75617e-101
4.13681e-101
9.67024e-101
2.23515e-100
5.09945e-100
1.14422e-99
2.52302e-99
5.45943e-99
1.1572e-98
2.39716e-98
4.83738e-98
9.45852e-98
1.76928e-97
3.00353e-97
8.8707e-101
5.45649e-101
3.6422e-101
3.71497e-101
6.38766e-101
1.41108e-100
3.31652e-100
7.8433e-100
1.84167e-99
4.27757e-99
9.8108e-99
2.21392e-98
4.91181e-98
1.06992e-97
2.28418e-97
4.76882e-97
9.70557e-97
1.91537e-96
3.61808e-96
6.19648e-96
1.80977e-99
1.09968e-99
7.1768e-100
7.10524e-100
1.2025e-99
2.65169e-99
6.24898e-99
1.48352e-98
3.49868e-98
8.16518e-98
1.88243e-97
4.27172e-97
9.53452e-97
2.09041e-96
4.49438e-96
9.45517e-96
1.94041e-95
3.86409e-95
7.36887e-95
1.27279e-94
3.67808e-98
2.20928e-98
1.41133e-98
1.35704e-98
2.25965e-98
4.97262e-98
1.1748e-97
2.79944e-97
6.63033e-97
1.55463e-96
3.60232e-96
8.21949e-96
1.84547e-95
4.07201e-95
8.81538e-95
1.86848e-94
3.86582e-94
7.76638e-94
1.49479e-93
2.60303e-93
7.44645e-97
4.42429e-97
2.76968e-97
2.5882e-97
4.23874e-97
9.30606e-97
2.2038e-96
5.27046e-96
1.25349e-95
2.95257e-95
6.87561e-95
1.57727e-94
3.56191e-94
7.90856e-94
1.7237e-93
3.6803e-93
7.6751e-93
1.55519e-92
3.02016e-92
5.30069e-92
1.50178e-95
8.83149e-96
5.42378e-96
4.92946e-96
7.93776e-96
1.73816e-95
4.12526e-95
9.90022e-95
2.36416e-94
5.5937e-94
1.30895e-93
3.01857e-93
6.85557e-93
1.53149e-92
3.36006e-92
7.2256e-92
1.51858e-91
3.10285e-91
6.07813e-91
1.07482e-90
3.01715e-94
1.75717e-94
1.0598e-94
9.37569e-95
1.48407e-94
3.2403e-94
7.706e-94
1.85559e-93
4.44863e-93
1.05717e-92
2.48561e-92
5.76169e-92
1.31585e-91
2.9572e-91
6.53009e-91
1.41409e-90
2.99448e-90
6.16836e-90
1.21848e-89
2.17026e-89
6.03847e-93
3.48479e-93
2.0662e-93
1.7808e-93
2.77039e-93
6.02954e-93
1.43658e-92
3.47043e-92
8.35191e-92
1.99321e-91
4.70826e-91
1.0969e-90
2.51878e-90
5.69392e-90
1.2653e-89
2.75878e-89
5.88514e-89
1.22189e-88
2.43333e-88
4.36395e-88
1.20395e-91
6.88851e-92
4.01917e-92
3.37785e-92
5.16402e-92
1.12001e-91
2.67291e-91
6.47696e-91
1.56451e-90
3.74925e-90
8.89658e-90
2.08293e-89
4.80852e-89
1.09327e-88
2.44453e-88
5.36549e-88
1.15283e-87
2.41195e-87
4.84103e-87
8.73913e-87
2.3914e-90
1.35726e-90
7.80018e-91
6.3987e-91
9.61248e-91
2.07697e-90
4.96386e-90
1.20634e-89
2.92432e-89
7.03619e-89
1.67703e-88
3.94537e-88
9.15566e-88
2.09336e-87
4.70911e-87
1.04035e-86
2.25098e-86
4.74467e-86
9.59521e-86
1.74302e-85
4.73235e-89
2.66561e-89
1.51032e-89
1.21055e-89
1.78701e-89
3.8455e-89
9.20174e-89
2.24238e-88
5.45441e-88
1.31751e-87
3.15378e-87
7.45463e-87
1.73878e-86
3.99747e-86
9.0458e-86
2.01115e-85
4.38124e-85
9.30182e-85
1.89486e-84
3.46266e-84
9.33038e-88
5.21839e-88
2.91761e-88
2.28729e-88
3.31821e-88
7.10943e-88
1.70283e-87
4.16022e-87
1.01525e-86
2.46159e-86
5.91718e-86
1.4051e-85
3.29376e-85
7.61322e-85
1.73277e-84
3.87644e-84
8.50092e-84
1.81753e-83
3.72851e-83
6.85207e-83
1.83292e-86
1.01835e-86
5.62318e-87
4.31651e-87
6.15488e-87
1.31258e-86
3.14605e-86
7.70414e-86
1.88593e-85
4.58929e-85
1.10768e-84
2.64213e-84
6.22377e-84
1.44615e-83
3.31008e-83
7.45009e-83
1.64438e-82
3.53975e-82
7.31066e-82
1.35073e-81
3.58781e-85
1.98106e-85
1.08127e-85
8.1364e-86
1.14059e-85
2.42034e-85
5.80353e-85
1.42418e-84
3.4965e-84
8.53821e-84
2.06893e-83
4.95659e-83
1.17314e-82
2.73993e-82
6.30612e-82
1.42776e-81
3.17126e-81
6.87178e-81
1.42847e-80
2.65268e-80
6.99819e-84
3.84197e-84
2.07441e-84
1.53195e-84
2.11199e-84
4.45812e-84
1.06906e-83
2.62833e-83
6.47036e-83
1.58528e-82
3.85601e-82
9.2772e-82
2.20595e-81
5.17804e-81
1.1982e-80
2.72855e-80
6.09786e-80
1.32984e-79
2.78172e-79
5.19045e-79
1.36031e-82
7.42824e-83
3.97074e-83
2.88136e-83
3.90819e-83
8.20382e-83
1.96675e-82
4.84294e-82
1.19521e-81
2.93756e-81
7.17152e-81
1.73251e-80
4.13825e-80
9.76139e-80
2.27073e-79
5.20013e-79
1.16913e-78
2.56559e-78
5.39899e-78
1.01196e-77
2.63524e-81
1.43191e-81
7.58358e-82
5.41401e-82
7.22859e-82
1.5085e-81
3.61405e-81
8.91041e-81
2.20401e-80
5.43305e-80
1.33104e-79
3.22838e-79
7.74518e-79
1.83569e-78
4.29224e-78
9.88377e-78
2.23514e-77
4.93468e-77
1.04448e-76
1.96607e-76
5.08813e-80
2.75207e-80
1.44516e-80
1.01635e-80
1.33662e-80
2.77219e-80
6.63438e-80
1.63719e-79
4.0577e-79
1.00301e-78
2.4655e-78
6.00295e-78
1.44631e-77
3.44388e-77
8.093e-77
1.8736e-76
4.26116e-76
9.46313e-76
2.01419e-75
3.80671e-75
9.7923e-79
5.27393e-79
2.74794e-79
1.90639e-79
2.4713e-79
5.09262e-79
1.21687e-78
3.00447e-78
7.45909e-78
1.84845e-77
4.55806e-77
1.11389e-76
2.69484e-76
6.44584e-76
1.52217e-75
3.54242e-75
8.10126e-75
1.80941e-74
3.87203e-74
7.34604e-74
1.87856e-77
1.00776e-77
5.21397e-78
3.57328e-78
4.5699e-78
9.35408e-78
2.23053e-77
5.50768e-77
1.36924e-76
3.40087e-76
8.41102e-76
2.06273e-75
5.01031e-75
1.2037e-74
2.85605e-74
6.68058e-74
1.53605e-73
3.44978e-73
7.4206e-73
1.413e-72
3.59255e-76
1.9202e-76
9.87241e-77
6.69364e-77
8.45386e-77
1.71836e-76
4.0868e-76
1.00872e-75
2.51024e-75
6.24729e-75
1.54933e-74
3.81236e-74
9.29575e-74
2.24278e-73
5.34615e-73
1.25673e-72
2.90474e-72
6.55873e-72
1.41785e-71
2.70924e-71
6.8492e-75
3.64861e-75
1.8655e-75
1.2533e-75
1.56489e-75
3.15794e-75
7.48637e-75
1.8461e-74
4.59675e-74
1.14593e-73
2.84906e-73
7.03276e-73
1.72115e-72
4.16972e-72
9.98419e-72
2.35834e-71
5.47875e-71
1.24351e-70
2.70108e-70
5.17844e-70
1.30185e-73
6.9139e-74
3.51817e-74
2.34589e-74
2.89947e-74
5.80768e-74
1.37147e-73
3.37682e-73
8.4092e-73
2.09914e-72
5.2307e-72
1.295e-71
3.18047e-71
7.73581e-71
1.86038e-70
4.41501e-70
1.03075e-69
2.35127e-69
5.13086e-69
9.86792e-69
2.46709e-72
1.30664e-72
6.62246e-73
4.39027e-73
5.37884e-73
1.06919e-72
2.51332e-72
6.17484e-72
1.5371e-71
3.84058e-71
9.58878e-71
2.38047e-70
5.86588e-70
1.43221e-69
3.45888e-69
8.24593e-69
1.93439e-68
4.43414e-68
9.7189e-68
1.87481e-67
4.66159e-71
2.46291e-71
1.24434e-71
8.21643e-72
9.99378e-72
1.97114e-71
4.6089e-71
1.12907e-70
2.80784e-70
7.01921e-70
1.75533e-69
4.36857e-69
1.07988e-68
2.64629e-68
6.41704e-68
1.53658e-67
3.62144e-67
8.34049e-67
1.83589e-66
3.55159e-66
8.78276e-70
4.63048e-70
2.33407e-70
1.53804e-70
1.86031e-70
3.64041e-70
8.4602e-70
2.06494e-69
5.12699e-69
1.28169e-68
3.20922e-68
8.00461e-68
1.98449e-67
4.88007e-67
1.18803e-66
2.85694e-66
6.76376e-66
1.56487e-65
3.45862e-65
6.70891e-65
1.65004e-68
8.68387e-69
4.3711e-69
2.88027e-69
3.47058e-69
6.73794e-69
1.55509e-68
3.77854e-68
9.35996e-68
2.33865e-67
5.86063e-67
1.46457e-66
3.64075e-66
8.98258e-66
2.19502e-65
5.30033e-65
1.26034e-64
2.92881e-64
6.49855e-64
1.26379e-63
3.09133e-67
1.62456e-67
8.17363e-68
5.39731e-68
6.49122e-68
1.25032e-67
2.86349e-67
6.92011e-67
1.70893e-66
4.26498e-66
1.0692e-65
2.67609e-65
6.66866e-65
1.65042e-64
4.04757e-64
9.81266e-64
2.34319e-63
5.46837e-63
1.21791e-62
2.37419e-62
5.77565e-66
3.03191e-66
1.5263e-66
1.01228e-66
1.21759e-66
2.32708e-66
5.28417e-66
1.26892e-65
3.12132e-65
7.7757e-65
1.94902e-64
4.88387e-64
1.21965e-63
3.02718e-63
7.44945e-63
1.81291e-62
4.34681e-62
1.0186e-61
2.27678e-61
4.44845e-61
1.07617e-64
5.64523e-65
2.84657e-65
1.9007e-65
2.29123e-65
4.34581e-65
9.77655e-65
2.33052e-64
5.70504e-64
1.41756e-63
3.55059e-63
8.90355e-63
2.22753e-62
5.54332e-62
1.36854e-61
3.34273e-61
8.04642e-61
1.89302e-60
4.24587e-60
8.31341e-60
1.99984e-63
1.04871e-63
5.303e-64
3.57371e-64
4.32671e-64
8.14642e-64
1.8143e-63
4.289e-63
1.04386e-62
2.58493e-62
6.46551e-62
1.62168e-61
4.0631e-61
1.01351e-60
2.50973e-60
6.15155e-60
1.48637e-59
3.51022e-59
7.89906e-59
1.54973e-58
3.70648e-62
1.94387e-62
9.86969e-63
6.73024e-63
8.20129e-63
1.53339e-62
3.3786e-62
7.91278e-62
1.91273e-61
4.71622e-61
1.17714e-60
2.95155e-60
7.40275e-60
1.85035e-59
4.59477e-59
1.12994e-58
2.74014e-58
6.49484e-58
1.46613e-57
2.88181e-57
6.85162e-61
3.59533e-61
1.83543e-61
1.26987e-61
1.56079e-61
2.89912e-61
6.31609e-61
1.46409e-60
3.51135e-60
8.61252e-60
2.14335e-59
5.3691e-59
1.34739e-58
3.37362e-58
8.39856e-58
2.07179e-57
5.04155e-57
1.19918e-56
2.7151e-56
5.34608e-56
1.26328e-59
6.63584e-60
3.41117e-60
2.4011e-60
2.98276e-60
5.50706e-60
1.18581e-59
2.71812e-59
6.46092e-59
1.57478e-58
3.90416e-58
9.76382e-58
2.45036e-57
6.14337e-57
1.53281e-56
3.79215e-56
9.25821e-56
2.20954e-55
5.01695e-55
9.89448e-55
2.32319e-58
1.22226e-58
6.33689e-59
4.55082e-59
5.72485e-59
1.05124e-58
2.2366e-58
5.06555e-58
1.19211e-57
2.88433e-57
7.11668e-57
1.77547e-56
4.45334e-56
1.11749e-55
2.79358e-55
6.92957e-55
1.69703e-54
4.06302e-54
9.25033e-54
1.8271e-53
4.26144e-57
2.24684e-57
1.17691e-57
8.64747e-58
1.10359e-57
2.01683e-57
4.23933e-57
9.48036e-57
2.20667e-56
5.2941e-56
1.29867e-55
3.22929e-55
8.09e-55
2.03082e-54
5.08469e-54
1.26428e-53
3.10514e-53
7.45679e-53
1.70202e-52
3.36643e-52
7.79677e-56
4.12231e-56
2.18571e-56
1.64776e-56
2.13677e-56
3.88908e-56
8.07687e-56
1.78252e-55
4.09985e-55
9.74237e-55
2.3734e-54
5.87676e-54
1.46934e-53
3.68777e-53
9.2439e-53
2.30323e-52
5.67192e-52
1.36595e-51
3.12524e-51
6.18927e-51
1.42284e-54
7.54918e-55
4.05993e-55
3.14904e-55
4.15512e-55
7.53741e-55
1.54702e-54
3.36823e-54
7.64895e-54
1.79834e-53
4.34588e-53
1.07043e-52
2.66885e-52
6.69278e-52
1.67877e-51
4.19014e-51
1.03435e-50
2.49759e-50
5.72715e-50
1.13552e-49
2.58985e-53
1.37998e-53
7.54425e-54
6.03662e-54
8.11414e-54
1.4681e-53
2.97913e-53
6.3981e-53
1.43359e-52
3.33137e-52
7.97662e-52
1.95225e-51
4.84932e-51
1.2142e-50
3.04604e-50
7.61309e-50
1.88333e-49
4.55867e-49
1.0475e-48
2.07901e-48
4.70174e-52
2.51817e-52
1.40276e-52
1.16087e-52
1.59097e-52
2.87327e-52
5.76793e-52
1.222e-51
2.70026e-51
6.19621e-51
1.46827e-50
3.56661e-50
8.81735e-50
2.20255e-49
5.52288e-49
1.38162e-48
3.42406e-48
8.30638e-48
1.91226e-47
3.79882e-47
8.51313e-51
4.58737e-51
2.61047e-51
2.23955e-51
3.13147e-51
5.64918e-51
1.12267e-50
2.34701e-50
5.11309e-50
1.15765e-49
2.71175e-49
6.52997e-49
1.60493e-48
3.99601e-48
1.00084e-47
2.50475e-47
6.21656e-47
1.51101e-46
3.4845e-46
6.9277e-46
1.53725e-49
8.34319e-50
4.86315e-50
4.33442e-50
6.18581e-50
1.11549e-49
2.19642e-49
4.53315e-49
9.7358e-49
2.17351e-48
5.02766e-48
1.1987e-47
2.92555e-47
7.25321e-47
1.81311e-46
4.53683e-46
1.12718e-45
2.74431e-45
6.33804e-45
1.26094e-44
2.76819e-48
1.51501e-48
9.07145e-49
8.4153e-49
1.22598e-48
2.21146e-48
4.31826e-48
8.80451e-48
1.86443e-47
4.1023e-47
9.36183e-47
2.20734e-46
5.34299e-46
1.3176e-45
3.28439e-45
8.21154e-45
2.04136e-44
4.97664e-44
1.15083e-43
2.29078e-43
4.97051e-47
2.74688e-47
1.69466e-47
1.63884e-47
2.43712e-47
4.40027e-47
8.52924e-47
1.71938e-46
3.59128e-46
7.78562e-46
1.75157e-45
4.07944e-45
9.78103e-45
2.39634e-44
5.95074e-44
1.48545e-43
3.69293e-43
9.01165e-43
2.08603e-42
4.15399e-42
8.89849e-46
4.97309e-46
3.17114e-46
3.2009e-46
4.85784e-46
8.78438e-46
1.6919e-45
3.37523e-45
6.95792e-45
1.48606e-44
3.29407e-44
7.57037e-44
1.79564e-43
4.36518e-43
1.07871e-42
2.68623e-42
6.67428e-42
1.62955e-41
3.77487e-41
7.51885e-41
1.58812e-44
8.99083e-45
5.94491e-45
6.26902e-45
9.706e-45
1.7588e-44
3.36937e-44
6.65853e-44
1.35561e-43
2.85311e-43
6.22901e-43
1.4113e-42
3.30748e-42
7.96769e-42
1.95706e-41
4.85709e-41
1.20525e-40
2.94275e-40
6.81974e-40
1.35846e-39
2.8251e-43
1.62324e-43
1.11668e-43
1.23091e-43
1.94326e-43
3.53054e-43
6.73394e-43
1.31967e-42
2.65522e-42
5.50978e-42
1.18463e-41
2.6441e-41
6.11547e-41
1.45792e-40
3.55486e-40
8.78346e-40
2.17497e-39
5.30757e-39
1.23006e-38
2.44992e-38
5.00825e-42
2.92681e-42
2.10189e-42
2.4224e-42
3.8974e-42
7.10282e-42
1.3501e-41
2.6263e-41
5.22707e-41
1.07013e-40
2.2661e-40
4.98015e-40
1.13556e-39
2.67552e-39
6.46734e-39
1.58902e-38
3.92286e-38
9.56141e-38
2.21505e-37
4.41019e-37
8.84592e-41
5.27057e-41
3.9647e-41
4.77687e-41
7.82781e-41
1.43165e-40
2.71436e-40
5.24535e-40
1.03385e-39
2.0899e-39
4.36021e-39
9.43217e-39
2.11842e-38
4.9266e-38
1.17892e-37
2.87667e-37
7.0729e-37
1.72053e-36
3.98235e-36
7.92412e-36
1.5563e-39
9.47965e-40
7.49442e-40
9.43615e-40
1.57397e-39
2.89018e-39
5.46848e-39
1.05098e-38
2.05356e-38
4.10264e-38
8.43749e-38
1.79655e-37
3.97167e-37
9.10606e-37
2.15415e-36
5.2129e-36
1.27501e-35
3.09275e-35
7.148e-35
1.42104e-34
2.72648e-38
1.70304e-38
1.41965e-38
1.86669e-38
3.16741e-38
5.83936e-38
1.10362e-37
2.11154e-37
4.09443e-37
8.09211e-37
1.64167e-36
3.44124e-36
7.48488e-36
1.6901e-35
3.94692e-35
9.45866e-35
2.29842e-34
5.5538e-34
1.28086e-33
2.54321e-33
4.75469e-37
3.05633e-37
2.69477e-37
3.69648e-37
6.37464e-37
1.18045e-36
2.23016e-36
4.25166e-36
8.18982e-36
1.60287e-35
3.2104e-35
6.62779e-35
1.41802e-34
3.15071e-34
7.25402e-34
1.71895e-33
4.144e-33
9.96364e-33
2.29119e-32
4.54174e-32
8.2511e-36
5.47994e-36
5.12448e-36
7.32269e-36
1.28272e-35
2.38678e-35
4.51042e-35
8.57516e-35
1.64245e-34
3.18649e-34
6.30683e-34
1.2831e-33
2.70043e-33
5.90038e-33
1.33768e-32
3.12963e-32
7.4739e-32
1.78579e-31
4.09086e-31
8.09186e-31
1.42451e-34
9.81629e-35
9.75821e-35
1.45057e-34
2.5797e-34
4.82471e-34
9.12543e-34
1.73141e-33
3.30042e-33
6.35345e-33
1.24384e-32
2.49561e-32
5.168e-32
1.10999e-31
2.47537e-31
5.70951e-31
1.34853e-30
3.19756e-30
7.2894e-30
1.43798e-29
2.44571e-33
1.75671e-33
1.86e-33
2.872e-33
5.18303e-33
9.74606e-33
1.84591e-32
3.49754e-32
6.64034e-32
1.26956e-31
2.46085e-31
4.87332e-31
9.93455e-31
2.09719e-30
4.59668e-30
1.0438e-29
2.43434e-29
5.71928e-29
1.29596e-28
2.54797e-28
4.17394e-32
3.14058e-32
3.54699e-32
5.68027e-32
1.03982e-31
1.96631e-31
3.73095e-31
7.06347e-31
1.33662e-30
2.54013e-30
4.87949e-30
9.54627e-30
1.91695e-29
3.97773e-29
8.56395e-29
1.91216e-28
4.39622e-28
1.0217e-27
2.29814e-27
4.49967e-27
7.07773e-31
5.60827e-31
6.76323e-31
1.12157e-30
2.08182e-30
3.9597e-30
7.52952e-30
1.42497e-29
2.68913e-29
5.0836e-29
9.68635e-29
1.87387e-28
3.70934e-28
7.56837e-28
1.60003e-27
3.50914e-27
7.94077e-27
1.82238e-26
4.06301e-26
7.91527e-26
1.1919e-29
1.00019e-29
1.28853e-29
2.20929e-29
4.15655e-29
7.95289e-29
1.51589e-28
2.86874e-28
5.40154e-28
1.0164e-27
1.92255e-27
3.68105e-27
7.18914e-27
1.44307e-26
2.99553e-26
6.44785e-26
1.434e-25
3.244e-25
7.1572e-25
1.38588e-24
1.99238e-28
1.78099e-28
2.45092e-28
4.33804e-28
8.26921e-28
1.59157e-27
3.04121e-27
5.75622e-27
1.08175e-26
2.02719e-26
3.80929e-26
7.22497e-26
1.39341e-25
2.75352e-25
5.61318e-25
1.18517e-24
2.58716e-24
5.75893e-24
1.25517e-23
2.41289e-23
3.30416e-27
3.16523e-27
4.65013e-27
8.48298e-27
1.63757e-26
3.17003e-26
6.072e-26
1.14948e-25
2.15639e-25
4.02594e-25
7.51993e-25
1.41401e-24
2.69542e-24
5.24789e-24
1.05104e-23
2.17626e-23
4.658e-23
1.01852e-22
2.18896e-22
4.1721e-22
5.43346e-26
5.61186e-26
8.79125e-26
1.65026e-25
3.2243e-25
6.2758e-25
1.2047e-24
2.28064e-24
4.27077e-24
7.94447e-24
1.47549e-23
2.7522e-23
5.18987e-23
9.96455e-23
1.96195e-22
3.98408e-22
8.35495e-22
1.79186e-21
3.79045e-21
7.15264e-21
8.85457e-25
9.91937e-25
1.65412e-24
3.1898e-24
6.30344e-24
1.23307e-23
2.3712e-23
4.48714e-23
8.3844e-23
1.55367e-22
2.86936e-22
5.31097e-22
9.9132e-22
1.87854e-21
3.63914e-21
7.25059e-21
1.48928e-20
3.12905e-20
6.50378e-20
1.21323e-19
1.42911e-23
1.74648e-23
3.09296e-23
6.11605e-23
1.22127e-22
2.39935e-22
4.61889e-22
8.73038e-22
1.62667e-21
3.0015e-21
5.51139e-21
1.01238e-20
1.87115e-20
3.5019e-20
6.68024e-20
1.30674e-19
2.6292e-19
5.40748e-19
1.10272e-18
2.03039e-18
2.28279e-22
3.05931e-22
5.73632e-22
1.16056e-21
2.33865e-21
4.60887e-21
8.87007e-21
1.67284e-20
3.10585e-20
5.70356e-20
1.04092e-19
1.89753e-19
3.47391e-19
6.42474e-19
1.20777e-18
2.32132e-18
4.57686e-18
9.2113e-18
1.8408e-17
3.34042e-17
3.60591e-21
5.32294e-21
1.05247e-20
2.17263e-20
4.40874e-20
8.6973e-20
1.67069e-19
3.14011e-19
5.80375e-19
1.05992e-18
1.92179e-18
3.47626e-18
6.30528e-18
1.15301e-17
2.13782e-17
4.04092e-17
7.81286e-17
1.53874e-16
3.01106e-16
5.3777e-16
5.62702e-20
9.17776e-20
1.9035e-19
3.99373e-19
8.13476e-19
1.60239e-18
3.0665e-18
5.7345e-18
1.05362e-17
1.91158e-17
3.44106e-17
6.17475e-17
1.1098e-16
2.00783e-16
3.67534e-16
6.84044e-16
1.29835e-15
2.50389e-15
4.79647e-15
8.42156e-15
8.66276e-19
1.56271e-18
3.37566e-18
7.16003e-18
1.45799e-17
2.85883e-17
5.43573e-17
1.00902e-16
1.83951e-16
3.31091e-16
5.91183e-16
1.05196e-15
1.87381e-15
3.35627e-15
6.07267e-15
1.11463e-14
2.08042e-14
3.93399e-14
7.38088e-14
1.27317e-13
1.31274e-17
2.61354e-17
5.82288e-17
1.23978e-16
2.51083e-16
4.88e-16
9.18566e-16
1.68752e-15
3.04537e-15
5.42831e-15
9.60336e-15
1.69372e-14
2.9905e-14
5.30776e-14
9.5074e-14
1.72463e-13
3.17323e-13
5.89781e-13
1.08558e-12
1.84005e-12
1.94928e-16
4.25202e-16
9.64245e-16
2.04229e-15
4.08577e-15
7.82781e-15
1.45204e-14
2.63043e-14
4.68559e-14
8.25392e-14
1.44488e-13
2.52445e-13
4.4197e-13
7.78252e-13
1.38299e-12
2.48678e-12
4.52723e-12
8.30347e-12
1.50461e-11
2.51019e-11
2.80338e-15
6.60387e-15
1.49883e-14
3.12203e-14
6.11715e-14
1.14745e-13
2.08628e-13
3.71078e-13
6.50307e-13
1.12944e-12
1.95359e-12
3.37988e-12
5.87127e-12
1.02757e-11
1.81715e-11
3.25296e-11
5.89233e-11
1.07345e-10
1.92747e-10
3.1795e-10
3.78494e-14
9.40922e-14
2.09582e-13
4.2361e-13
8.04968e-13
1.46739e-12
2.59989e-12
4.51971e-12
7.76568e-12
1.32659e-11
2.2644e-11
3.87905e-11
6.69449e-11
1.1678e-10
2.06454e-10
3.70405e-10
6.73539e-10
1.23234e-09
2.22002e-09
3.6596e-09
4.36803e-13
1.10877e-12
2.39141e-12
4.6468e-12
8.50483e-12
1.49872e-11
2.577e-11
4.36459e-11
7.33507e-11
1.23067e-10
2.07224e-10
3.51829e-10
6.04833e-10
1.05669e-09
1.88162e-09
3.42012e-09
6.33692e-09
1.18806e-08
2.20175e-08
3.72217e-08
0.001
0.001
0.001
0.001
0.001
0.001
0.001
0.001
0.001
0.001
0.001
0.001
0.000999999
0.000999999
0.000999998
0.000999996
0.000999992
0.000999984
0.000999971
0.000999951
0.001
0.001
0.001
0.001
0.001
0.001
0.001
0.001
0.001
0.001
0.001
0.001
0.001
0.001
0.001
0.000999999
0.000999999
0.000999998
0.000999997
0.000999995
0.001
0.001
0.001
0.001
0.001
0.001
0.001
0.001
0.001
0.001
0.001
0.001
0.001
0.001
0.001
0.001
0.001
0.001
0.001
0.001
0.001
0.001
0.001
0.001
0.001
0.001
0.001
0.001
0.001
0.001
0.001
0.001
0.001
0.001
0.001
0.001
0.001
0.001
0.001
0.001
0.001
0.001
0.001
0.001
0.001
0.001
0.001
0.001
0.001
0.001
0.001
0.001
0.001
0.001
0.001
0.001
0.001
0.001
0.001
0.001
0.001
0.001
0.001
0.001
0.001
0.001
0.001
0.001
0.001
0.001
0.001
0.001
0.001
0.001
0.001
0.001
0.001
0.001
0.001
0.001
0.001
0.001
0.001
0.001
0.001
0.001
0.001
0.001
0.001
0.001
0.001
0.001
0.001
0.001
0.001
0.001
0.001
0.001
0.001
0.001
0.001
0.001
0.001
0.001
0.001
0.001
0.001
0.001
0.001
0.001
0.001
0.001
0.001
0.001
0.001
0.001
0.001
0.001
0.001
0.001
0.001
0.001
0.001
0.001
0.001
0.001
0.001
0.001
0.001
0.001
0.001
0.001
0.001
0.001
0.001
0.001
0.001
0.001
0.001
0.001
0.001
0.001
0.001
0.001
0.001
0.001
0.001
0.001
0.001
0.001
0.001
0.001
0.001
0.001
0.001
0.001
0.001
0.001
0.001
0.001
0.001
0.001
0.001
0.001
0.001
0.001
0.001
0.001
0.001
0.001
0.001
0.001
0.001
0.001
0.001
0.001
0.001
0.001
0.001
0.001
0.001
0.001
0.001
0.001
0.001
0.001
0.001
0.001
0.001
0.001
0.001
0.001
0.001
0.001
0.001
0.001
0.001
0.001
0.001
0.001
0.001
0.001
0.001
0.001
0.001
0.001
0.001
0.001
0.001
0.001
0.001
0.001
0.001
0.001
0.001
0.001
0.001
0.001
0.001
0.001
0.001
0.001
0.001
0.001
0.001
0.001
0.001
0.001
0.001
0.001
0.001
0.001
0.001
0.001
0.001
0.001
0.001
0.001
0.001
0.001
0.001
0.001
0.001
0.001
0.001
0.001
0.001
0.001
0.001
0.001
0.001
0.001
0.001
0.001
0.001
0.001
0.001
0.001
0.001
0.001
0.001
0.001
0.001
0.001
0.001
0.001
0.001
0.001
0.001
0.001
0.001
0.001
0.001
0.001
0.001
0.001
0.001
0.001
0.001
0.001
0.001
0.001
0.001
0.001
0.001
0.001
0.001
0.001
0.001
0.001
0.001
0.001
0.001
0.001
0.001
0.001
0.001
0.001
0.001
0.001
0.001
0.001
0.001
0.001
0.001
0.001
0.001
0.001
0.001
0.001
0.001
0.001
0.001
0.001
0.001
0.001
0.001
0.001
0.001
0.001
0.001
0.001
0.001
0.001
0.001
0.001
0.001
0.001
0.001
0.001
0.001
0.001
0.001
0.001
0.001
0.001
0.001
0.001
0.001
0.001
0.001
0.001
0.001
0.001
0.001
0.001
0.001
0.001
0.001
0.001
0.001
0.001
0.001
0.001
0.001
0.001
0.001
0.001
0.001
0.001
0.001
0.001
0.001
0.001
0.001
0.001
0.001
0.001
0.001
0.001
0.001
0.001
0.001
0.001
0.001
0.001
0.001
0.001
0.001
0.001
0.001
0.001
0.001
0.001
0.001
0.001
0.001
0.001
0.001
0.001
0.001
0.001
0.001
0.001
0.001
0.001
0.001
0.001
0.001
0.001
0.001
0.001
0.001
0.001
0.001
0.001
0.001
0.001
0.001
0.001
0.001
0.001
0.001
0.001
0.001
0.001
0.001
0.001
0.001
0.001
0.001
0.001
0.001
0.001
0.001
0.001
0.001
0.001
0.001
0.001
0.001
0.001
0.001
0.001
0.001
0.001
0.001
0.001
0.001
0.001
0.001
0.001
0.001
0.001
0.001
0.001
0.001
0.001
0.001
0.001
0.001
0.001
0.001
0.001
0.001
0.001
0.001
0.001
0.001
0.001
0.001
0.001
0.001
0.001
0.001
0.001
0.001
0.001
0.001
0.001
0.001
0.001
0.001
0.001
0.001
0.001
0.001
0.001
0.001
0.001
0.001
0.001
0.001
0.001
0.001
0.001
0.001
0.001
0.001
0.001
0.001
0.001
0.001
0.001
0.001
0.001
0.001
0.001
0.001
0.001
0.001
0.001
0.001
0.001
0.001
0.001
0.001
0.001
0.001
0.001
0.001
0.001
0.001
0.001
0.001
0.001
0.001
0.001
0.001
0.001
0.001
0.001
0.001
0.001
0.001
0.001
0.001
0.001
0.001
0.001
0.001
0.001
0.001
0.001
0.001
0.001
0.001
0.001
0.001
0.001
0.001
0.001
0.001
0.001
0.001
0.001
0.001
0.001
0.001
0.001
0.001
0.001
0.001
0.001
0.001
0.001
0.001
0.001
0.001
0.001
0.001
0.001
0.001
0.001
0.001
0.001
0.001
0.001
0.001
0.001
0.001
0.001
0.001
0.001
0.001
0.001
0.001
0.001
0.001
0.001
0.001
0.001
0.001
0.001
0.001
0.001
0.001
0.001
0.001
0.001
0.001
0.001
0.001
0.001
0.001
0.001
0.001
0.001
0.001
0.001
0.001
0.001
0.001
0.001
0.001
0.001
0.001
0.001
0.001
0.001
0.001
0.001
0.001
0.001
0.001
0.001
0.001
0.001
0.001
0.001
0.001
0.001
0.001
0.001
0.001
0.001
0.001
0.001
0.001
0.001
0.001
0.001
0.001
0.001
0.001
0.001
0.001
0.001
0.001
0.001
0.001
0.001
0.001
0.001
0.001
0.001
0.001
0.001
0.001
0.001
0.001
0.001
0.001
0.001
0.001
0.001
0.001
0.001
0.001
0.001
0.001
0.001
0.001
0.001
0.001
0.001
0.001
0.001
0.001
0.001
0.001
0.001
0.001
0.001
0.001
0.001
0.001
0.001
0.001
0.001
0.001
0.001
0.001
0.001
0.001
0.001
0.001
0.001
0.001
0.001
0.001
0.001
0.001
0.001
0.001
0.001
0.001
0.001
0.001
0.001
0.001
0.001
0.001
0.001
0.001
0.001
0.001
0.001
0.001
0.001
0.001
0.001
0.001
0.001
0.001
0.001
0.001
0.001
0.001
0.001
0.001
0.001
0.001
0.001
0.001
0.001
0.001
0.001
0.001
0.001
0.001
0.001
0.001
0.001
0.001
0.001
0.001
0.001
0.001
0.001
0.001
0.001
0.001
0.001
0.001
0.001
0.001
0.001
0.001
0.001
0.001
0.001
0.001
0.001
0.001
0.001
0.001
0.001
0.001
0.001
0.001
0.001
0.001
0.001
0.001
0.001
0.001
0.001
0.001
0.001
0.001
0.001
0.001
0.001
0.001
0.001
0.001
0.001
0.001
0.001
0.001
0.001
0.001
0.001
0.001
0.001
0.001
0.001
0.001
0.001
0.001
0.001
0.001
0.001
0.001
0.001
0.001
0.001
0.001
0.001
0.001
0.001
0.001
0.001
0.001
0.001
0.001
0.001
0.001
0.001
0.001
0.001
0.001
0.001
0.001
0.001
0.001
0.001
0.001
0.001
0.001
0.001
0.001
0.001
0.001
0.001
0.001
0.001
0.001
0.001
0.001
0.001
0.001
0.001
0.001
0.001
0.001
0.001
0.001
0.001
0.001
0.001
0.001
0.001
0.001
0.001
0.001
0.001
0.001
0.001
0.001
0.001
0.001
0.001
0.001
0.001
0.001
0.001
0.001
0.001
0.001
0.001
0.001
0.001
0.001
0.001
0.001
0.001
0.001
0.001
0.001
0.001
0.001
0.001
0.001
0.001
0.001
0.001
0.001
0.001
0.001
0.001
0.001
0.001
0.001
0.001
0.001
0.001
0.001
0.001
0.001
0.001
0.001
0.001
0.001
0.001
0.001
0.001
0.001
0.001
0.001
0.001
0.001
0.001
0.001
0.001
0.001
0.001
0.001
0.001
0.001
0.001
0.001
0.001
0.001
0.001
0.001
0.001
0.001
0.001
0.001
0.001
0.001
0.001
0.001
0.001
0.001
0.001
0.001
0.001
0.001
0.001
0.001
0.001
0.001
0.001
0.001
0.001
0.001
0.001
0.001
0.001
0.001
0.001
0.001
0.001
0.001
0.001
0.001
0.001
0.001
0.001
0.001
0.001
0.001
0.001
0.001
0.001
0.001
0.001
0.001
0.001
0.001
0.001
0.001
0.001
0.001
0.001
0.001
0.001
0.001
0.001
0.001
0.001
0.001
0.001
0.001
0.001
0.001
0.001
0.001
0.001
0.001
0.001
0.001
0.001
0.001
0.001
0.001
0.001
0.001
0.001
0.001
0.001
0.001
0.001
0.001
0.001
0.001
0.001
0.001
0.001
0.001
0.001
0.001
0.001
0.001
0.001
0.001
0.001
0.001
0.001
0.001
0.001
0.001
0.001
0.001
0.001
0.001
0.001
0.001
0.001
0.001
0.001
0.001
0.001
0.001
0.001
0.001
0.001
0.001
0.001
0.001
0.001
0.001
0.001
0.001
0.001
0.001
0.001
0.001
0.001
0.001
0.001
0.001
0.001
0.001
0.001
0.001
0.001
0.001
0.001
0.001
0.001
0.001
0.001
0.001
0.001
0.001
0.001
0.001
0.001
0.001
0.001
0.001
0.001
0.001
0.001
0.001
0.001
0.001
0.001
0.001
0.001
0.001
0.001
0.001
0.001
0.001
0.001
0.001
0.001
0.001
0.001
0.001
0.001
0.001
0.001
0.001
0.001
0.001
0.001
0.001
0.001
0.001
0.001
0.001
0.001
0.001
0.001
0.001
0.001
0.001
0.001
0.001
0.001
0.001
0.001
0.001
0.001
0.001
0.001
0.001
0.001
0.001
0.001
0.001
0.001
0.001
0.001
0.001
0.001
0.001
0.001
0.001
0.001
0.001
0.001
0.001
0.001
0.001
0.001
0.001
0.001
0.001
0.001
0.001
0.001
0.001
0.001
0.001
0.001
0.001
0.001
0.001
0.001
0.001
0.001
0.001
0.001
0.001
0.001
0.001
0.001
0.001
0.001
0.001
0.001
0.001
0.001
0.001
0.001
0.001
0.001
0.001
0.001
0.001
0.001
0.001
0.001
0.001
0.001
0.001
0.001
0.001
0.001
0.001
0.001
0.001
0.001
0.001
0.001
0.001
0.001
0.001
0.001
0.001
0.001
0.001
0.001
0.001
0.001
0.001
0.001
0.001
0.001
0.001
0.001
0.001
0.001
0.001
0.001
0.001
0.001
0.001
0.001
0.001
0.001
0.001
0.001
0.001
0.001
0.001
0.001
0.001
0.001
0.001
0.001
0.001
0.001
0.001
0.001
0.001
0.001
0.001
0.001
0.001
0.001
0.001
0.001
0.001
0.001
0.001
0.001
0.001
0.001
0.001
0.001
0.001
0.001
0.001
0.001
0.001
0.001
0.001
0.001
0.001
0.001
0.001
0.001
0.001
0.001
0.001
0.001
0.001
0.001
0.001
0.001
0.001
0.001
0.001
0.001
0.001
0.001
0.001
0.001
0.001
0.001
0.001
0.001
0.001
0.001
0.001
0.001
0.001
0.001
0.001
0.001
0.001
0.001
0.001
0.001
0.001
0.001
0.001
0.001
0.001
0.001
0.001
0.001
0.001
0.001
0.001
0.001
0.001
0.001
0.001
0.001
0.001
0.001
0.001
0.001
0.001
0.001
0.001
0.001
0.001
0.001
0.001
0.001
0.001
0.001
0.001
0.001
0.001
0.001
0.001
0.001
0.001
0.001
0.001
0.001
0.001
0.001
0.001
0.001
0.001
0.001
0.001
0.001
0.001
0.001
0.001
0.001
0.001
0.001
0.001
0.001
0.001
0.001
0.001
0.001
0.001
0.001
0.001
0.001
0.001
0.001
0.001
0.001
0.001
0.001
0.001
0.001
0.001
0.001
0.001
0.001
0.001
0.001
0.001
0.001
0.001
0.001
0.001
0.001
0.001
0.001
0.001
0.001
0.001
0.001
0.001
0.001
0.001
0.001
0.001
0.001
0.001
0.001
0.001
0.001
0.001
0.001
0.001
0.001
0.001
0.001
0.001
0.001
0.001
0.001
0.001
0.001
0.001
0.001
0.001
0.001
0.001
0.001
0.001
0.001
0.001
0.001
0.001
0.001
0.001
0.001
0.001
0.001
0.001
0.001
0.001
0.001
0.001
0.001
0.001
0.001
0.001
0.001
0.001
0.001
0.001
0.001
0.001
0.001
0.001
0.001
0.001
0.001
0.001
0.001
0.001
0.001
0.001
0.001
0.001
0.001
0.001
0.001
0.001
0.001
0.001
0.001
0.001
0.001
0.001
0.001
0.001
0.001
0.001
0.001
0.001
0.001
0.001
0.001
0.001
0.001
0.001
0.001
0.001
0.001
0.001
0.001
0.001
0.001
0.001
0.001
0.001
0.001
0.001
0.001
0.001
0.001
0.001
0.001
0.001
0.001
0.001
0.001
0.001
0.001
0.001
0.001
0.001
0.001
0.001
0.001
0.001
0.001
0.001
0.001
0.001
0.001
0.001
0.001
0.001
0.001
0.001
0.001
0.001
0.001
0.001
0.001
0.001
0.001
0.001
0.001
0.001
0.001
0.001
0.001
0.001
0.001
0.001
0.001
0.001
0.001
0.001
0.001
0.001
0.001
0.001
0.001
0.001
0.001
0.001
0.001
0.001
0.001
0.001
0.001
0.001
0.001
0.001
0.001
0.001
0.001
0.001
0.001
0.001
0.001
0.001
0.001
0.001
0.001
0.001
0.001
0.001
0.001
0.001
0.001
0.001
0.001
0.001
0.001
0.001
0.001
0.001
0.001
0.001
0.001
0.001
0.001
0.001
0.001
0.001
0.001
0.001
0.001
0.001
0.001
0.001
0.001
0.001
0.001
0.001
0.001
0.001
0.001
0.001
0.001
0.001
0.001
0.001
0.001
0.001
0.001
0.001
0.001
0.001
0.001
0.001
0.001
0.001
0.001
0.001
0.001
0.001
0.001
0.001
0.001
0.001
0.001
0.001
0.001
0.001
0.001
0.001
0.001
0.001
0.001
0.001
0.001
0.001
0.001
0.001
0.001
0.001
0.001
0.001
0.001
0.001
0.001
0.001
0.001
0.001
0.001
0.001
0.001
0.001
0.001
0.001
0.001
0.001
0.001
0.001
0.001
0.001
0.001
0.001
0.001
0.001
0.001
0.001
0.001
0.001
0.001
0.001
0.001
0.001
0.001
0.001
0.001
0.001
0.001
0.001
0.001
0.001
0.001
0.001
0.001
0.001
0.001
0.001
0.001
0.001
0.001
0.001
0.001
0.001
0.001
0.001
0.001
0.001
0.001
0.001
0.001
0.001
0.001
0.001
0.001
0.001
0.001
0.001
0.001
0.001
0.001
0.001
0.001
0.001
0.001
0.001
0.001
0.001
0.001
0.001
0.001
0.001
0.001
0.001
0.001
0.001
0.001
0.001
0.001
0.001
0.001
0.001
0.001
0.001
0.001
0.001
0.001
0.001
0.001
0.001
0.001
0.001
0.001
0.001
0.001
0.001
0.001
0.001
0.001
0.001
0.001
0.001
0.001
0.001
0.001
0.001
0.001
0.001
0.001
0.001
0.001
0.001
0.001
0.001
0.001
0.001
0.001
0.001
0.001
0.001
0.001
0.001
0.001
0.001
0.001
0.001
0.001
0.001
0.001
0.001
0.001
0.001
0.001
0.001
0.001
0.001
0.001
0.001
0.001
0.001
0.001
0.001
0.001
0.001
0.001
0.001
0.001
0.001
0.001
0.001
0.001
0.001
0.001
0.001
0.001
0.001
0.001
0.001
0.001
0.001
0.001
0.001
0.001
0.001
0.001
0.001
0.001
0.001
0.001
0.001
0.001
0.001
0.001
0.001
0.001
0.001
0.001
0.001
0.001
0.001
0.001
0.001
0.001
0.001
0.001
0.001
0.001
0.001
0.001
0.001
0.001
0.001
0.001
0.001
0.001
0.001
0.001
0.001
0.001
0.001
0.001
0.001
0.001
0.001
0.001
0.001
0.001
0.001
0.001
0.001
0.001
0.001
0.001
0.001
0.001
0.001
0.001
0.001
0.001
0.001
0.001
0.001
0.001
0.001
0.001
0.001
0.001
0.001
0.001
0.001
0.001
0.001
0.001
0.001
0.001
0.001
0.001
0.001
0.001
0.001
0.001
0.001
0.001
0.001
0.001
0.001
0.001
0.001
0.001
0.001
0.001
0.001
0.001
0.001
0.001
0.001
0.001
0.001
0.001
0.001
0.001
0.001
0.001
0.001
0.001
0.001
0.001
0.001
0.001
0.001
0.001
0.001
0.001
0.001
0.001
0.001
0.001
0.001
0.001
0.001
0.001
0.001
0.001
0.001
0.001
0.001
0.001
0.001
0.001
0.001
0.001
0.001
0.001
0.001
0.001
0.001
0.001
0.001
0.001
0.001
0.001
0.001
0.001
0.001
0.001
0.001
0.001
0.001
0.001
0.001
0.001
0.001
0.001
0.001
0.001
0.001
0.001
0.001
0.001
0.001
0.001
0.001
0.001
0.001
0.001
0.001
0.001
0.001
0.001
0.001
0.001
0.001
0.001
)
;

boundaryField
{
    outlet
    {
        type            zeroGradient;
    }
    inlet1
    {
        type            fixedValue;
        value           uniform 0;
    }
    inlet2
    {
        type            fixedValue;
        value           uniform 0.001;
    }
    frontAndBack
    {
        type            empty;
    }
    defaultFaces
    {
        type            zeroGradient;
    }
}


// ************************************************************************* //
