/*--------------------------------*- C++ -*----------------------------------*\
| =========                 |                                                 |
| \\      /  F ield         | OpenFOAM: The Open Source CFD Toolbox           |
|  \\    /   O peration     | Version:  2.1.0                                 |
|   \\  /    A nd           | Web:      www.OpenFOAM.org                      |
|    \\/     M anipulation  |                                                 |
\*---------------------------------------------------------------------------*/
FoamFile
{
    version     2.0;
    format      ascii;
    class       volScalarField;
    location    "0.51";
    object      k;
}
// * * * * * * * * * * * * * * * * * * * * * * * * * * * * * * * * * * * * * //

dimensions      [0 2 -2 0 0 0 0];

internalField   nonuniform List<scalar> 
6400
(
0.0327579
0.0327973
0.0328007
0.0327949
0.0327728
0.0327621
0.0327323
0.032718
0.0326849
0.0326683
0.0326333
0.0326136
0.0325776
0.0325541
0.0325173
0.0324896
0.0324518
0.0324199
0.0323808
0.0323448
0.032304
0.0322644
0.0322219
0.0321793
0.0321352
0.03209
0.0320442
0.0319967
0.0319488
0.0318988
0.0318486
0.0317959
0.031743
0.0316876
0.0316316
0.031573
0.0315136
0.0314515
0.0313882
0.0313218
0.0312533
0.0311806
0.031105
0.0310243
0.0309393
0.0308483
0.0307514
0.0306474
0.0305361
0.0304164
0.030288
0.0301501
0.0300021
0.0298413
0.0296646
0.0294707
0.0292554
0.029038
0.0288024
0.0285631
0.0283073
0.0280467
0.0277728
0.0274917
0.027197
0.0268937
0.0265765
0.026249
0.0259045
0.0255444
0.0251681
0.0247724
0.0243587
0.0239239
0.0234695
0.0229939
0.0224988
0.0219848
0.0214543
0.0209098
0.0203537
0.0197876
0.0192077
0.0185966
0.0179207
0.0172237
0.0164721
0.0156467
0.0147139
0.0136207
0.0122953
0.0106266
0.00853332
0.0060519
0.00339381
0.00235663
0.00274575
0.00552271
0.00876166
0.00991655
0.0518757
0.052214
0.052369
0.0526528
0.0528283
0.0531098
0.0533043
0.0535796
0.0537919
0.0540617
0.0542892
0.0545553
0.054795
0.055059
0.0553082
0.0555713
0.0558274
0.0560902
0.0563511
0.0566139
0.0568778
0.0571408
0.0574069
0.0576712
0.0579404
0.0582084
0.0584827
0.0587562
0.0590366
0.0593167
0.0596036
0.0598907
0.0601843
0.0604787
0.0607792
0.0610813
0.0613892
0.0616995
0.0620161
0.0623359
0.0626622
0.0629898
0.0633215
0.0636539
0.0639878
0.0643208
0.064652
0.0649794
0.065301
0.0656151
0.0659194
0.0662131
0.0664986
0.0667783
0.0670386
0.0672823
0.0674894
0.0677033
0.0678902
0.0680712
0.0682244
0.0683639
0.0684805
0.0685852
0.0686622
0.068721
0.0687487
0.0687583
0.0687349
0.0686643
0.0685537
0.0683867
0.0681616
0.0678659
0.0674927
0.0670319
0.0664743
0.0658119
0.0650361
0.0641419
0.0631238
0.0619827
0.0607209
0.0593366
0.0577959
0.0560196
0.0539989
0.051659
0.0489488
0.0457896
0.0421307
0.0379279
0.0332456
0.0283529
0.0233618
0.0186229
0.0149774
0.0123958
0.0107891
0.00922045
0.0576682
0.0581703
0.058399
0.0588142
0.0590965
0.0594963
0.0598118
0.0602017
0.0605407
0.0609254
0.061282
0.0616651
0.0620352
0.062419
0.0627994
0.0631853
0.0635735
0.063962
0.0643557
0.0647461
0.0651428
0.0655339
0.0659308
0.0663204
0.0667163
0.0671068
0.0675057
0.0679004
0.0683027
0.0687018
0.0691071
0.0695098
0.0699177
0.0703234
0.0707331
0.0711406
0.0715507
0.071958
0.0723657
0.0727698
0.0731725
0.073572
0.0739679
0.0743593
0.0747438
0.0751208
0.0754864
0.0758394
0.0761738
0.0764863
0.0767698
0.0770155
0.0772192
0.0774177
0.0775797
0.0777272
0.0778423
0.0779401
0.0780048
0.0780435
0.0780589
0.0780597
0.0779964
0.0779115
0.0777675
0.0775892
0.0773508
0.0770676
0.0767204
0.0763171
0.0758412
0.0752941
0.0746602
0.0739362
0.0731063
0.072164
0.0710934
0.0698871
0.0685304
0.0670174
0.0653363
0.0634844
0.0614539
0.0592445
0.0568549
0.0543163
0.0516057
0.0487426
0.0456934
0.0424578
0.0389852
0.0352536
0.0312324
0.0269271
0.0224493
0.018099
0.0144251
0.0114661
0.00928377
0.00710571
0.0619801
0.0625429
0.062799
0.0632801
0.0636141
0.0640748
0.0644511
0.0648982
0.0653007
0.0657403
0.06616
0.0665966
0.0670279
0.0674642
0.0679035
0.0683407
0.0687853
0.0692237
0.0696711
0.0701099
0.0705576
0.0709949
0.0714393
0.0718713
0.0723041
0.072718
0.0731381
0.0735488
0.0739622
0.0743661
0.07477
0.075164
0.0755553
0.0759356
0.0763106
0.0766732
0.0770276
0.0773677
0.0776983
0.078012
0.0783089
0.0785906
0.0788502
0.0790919
0.0793075
0.0795011
0.0796645
0.0798012
0.0799036
0.0799677
0.0799961
0.0800025
0.0799572
0.0798783
0.0797483
0.0795776
0.0793503
0.0790734
0.0787321
0.0783302
0.0778546
0.0773082
0.0766815
0.0759778
0.0751838
0.0743051
0.0733282
0.07226
0.0710894
0.0698235
0.068454
0.0669886
0.0654225
0.0637641
0.0620103
0.0601708
0.0582431
0.0562378
0.0541527
0.0519978
0.0497707
0.0474806
0.045125
0.042712
0.0402409
0.0377189
0.0351462
0.0325476
0.0299201
0.0272816
0.0246343
0.0219948
0.019369
0.0167783
0.0142552
0.0118798
0.0096999
0.00786248
0.00658651
0.00598986
0.0632334
0.063771
0.0640108
0.0644767
0.0647874
0.065231
0.065579
0.0660022
0.0663702
0.0667771
0.0671545
0.067548
0.0679279
0.0683097
0.0686868
0.0690568
0.0694267
0.0697839
0.0701425
0.0704848
0.0708281
0.0711531
0.0714773
0.0717822
0.072082
0.0723652
0.0726416
0.0729013
0.073151
0.0733816
0.0735989
0.0737945
0.0739732
0.0741271
0.0742602
0.0743652
0.0744451
0.0744853
0.0745012
0.0744976
0.0744335
0.0743493
0.0742088
0.0740364
0.0738079
0.0735387
0.0732117
0.0728371
0.0724023
0.0719145
0.0713654
0.0707593
0.0700882
0.0693588
0.0685626
0.0677057
0.066785
0.0658036
0.0647574
0.0636507
0.0624798
0.0612502
0.0599587
0.0586115
0.057206
0.0557495
0.0542395
0.0526841
0.0510814
0.0494397
0.0477578
0.0460436
0.0442973
0.0425269
0.0407354
0.0389327
0.0371184
0.0353019
0.0334846
0.0316754
0.0298769
0.0280989
0.0263455
0.024626
0.0229451
0.0213108
0.0197284
0.0181898
0.0167057
0.0152707
0.0138933
0.0125679
0.0113044
0.0101012
0.00897531
0.00794348
0.00703097
0.00639862
0.00612446
0.00612121
0.0598738
0.0602098
0.0603599
0.060663
0.06086
0.0611429
0.0613562
0.0616129
0.0618261
0.0620553
0.0622585
0.0624597
0.0626455
0.0628177
0.0629802
0.0631213
0.0632551
0.0633623
0.0634624
0.0635321
0.0635905
0.0636183
0.0636295
0.0636254
0.0635823
0.0635227
0.0634295
0.0633114
0.0631667
0.062994
0.062793
0.0625597
0.0622957
0.0619961
0.0616632
0.0612919
0.0608851
0.0604375
0.0599537
0.0594271
0.05886
0.0582529
0.0576025
0.0569128
0.0561795
0.0554077
0.0545931
0.0537412
0.0528487
0.0519206
0.0509547
0.0499558
0.0489224
0.0478592
0.0467656
0.0456464
0.0445007
0.0433333
0.0421446
0.040942
0.0397247
0.0384989
0.0372643
0.0360268
0.0347865
0.0335492
0.0323154
0.0310903
0.0298748
0.0286739
0.0274887
0.0263239
0.0251804
0.0240624
0.0229684
0.0219009
0.0208622
0.0198541
0.0188795
0.0179396
0.0170351
0.0161614
0.0153234
0.0145163
0.0137436
0.0129999
0.0122876
0.0116011
0.0109418
0.0103031
0.00968623
0.00908475
0.00850167
0.00793485
0.00739729
0.00689988
0.00653549
0.00637717
0.00635059
0.00656763
0.0508953
0.0508687
0.0508604
0.0508566
0.0508512
0.0508325
0.05081
0.0507638
0.0507147
0.0506351
0.0505537
0.0504377
0.0503202
0.0501656
0.0500091
0.0498143
0.0496166
0.0493802
0.0491398
0.0488611
0.0485771
0.0482563
0.0479292
0.0475679
0.0471913
0.046783
0.0463569
0.0459007
0.0454255
0.0449212
0.0443973
0.0438451
0.0432732
0.0426744
0.0420565
0.0414132
0.0407521
0.0400676
0.0393672
0.0386456
0.0379102
0.0371572
0.0363946
0.0356184
0.0348352
0.0340427
0.0332463
0.0324447
0.0316427
0.0308397
0.0300399
0.0292432
0.0284534
0.0276705
0.0268979
0.0261356
0.0253835
0.0246446
0.0239195
0.0232077
0.0225108
0.0218295
0.0211646
0.0205166
0.0198858
0.019272
0.0186773
0.0180987
0.017537
0.0169909
0.0164605
0.0159445
0.0154426
0.0149533
0.014476
0.0140092
0.0135521
0.013103
0.0126603
0.0122219
0.0118012
0.0113917
0.0109982
0.0106144
0.0102446
0.00988291
0.00953353
0.00919128
0.008861
0.00853912
0.00823218
0.00793926
0.00766976
0.00742689
0.00723019
0.00709966
0.00704615
0.00709
0.00743065
0.00762287
0.0380505
0.0377007
0.037553
0.0372754
0.0370992
0.0368152
0.0366048
0.0363036
0.0360575
0.0357337
0.0354519
0.0351028
0.0347861
0.0344109
0.0340609
0.0336591
0.0332771
0.0328487
0.0324359
0.0319814
0.0315391
0.031059
0.0305882
0.0300831
0.0295946
0.029079
0.0285785
0.0280566
0.0275444
0.0270134
0.0264939
0.02596
0.0254394
0.0249083
0.0243923
0.0238694
0.0233633
0.0228535
0.0223622
0.02187
0.0213977
0.0209268
0.0204752
0.020027
0.0195989
0.019176
0.0187735
0.0183777
0.0180023
0.0176347
0.0172871
0.0169478
0.0166278
0.0163181
0.0160264
0.0157458
0.0154818
0.0152293
0.0149915
0.0147648
0.0145517
0.0143492
0.0141591
0.013979
0.0138104
0.0136514
0.0135011
0.0133607
0.0132296
0.0131073
0.012993
0.0128861
0.0127859
0.0126917
0.0126026
0.0125182
0.0124373
0.0123594
0.0122833
0.0122081
0.012133
0.0120541
0.0119716
0.0118816
0.0117839
0.0116745
0.011553
0.0114159
0.0112636
0.0110949
0.0109133
0.0107221
0.0105308
0.0103504
0.0102234
0.0101685
0.0101629
0.0104109
0.0107735
0.0109521
0.0250947
0.0245637
0.0243426
0.0239228
0.0236801
0.0232695
0.0230051
0.0225998
0.0223166
0.0219154
0.021618
0.0212205
0.020913
0.0205193
0.020205
0.0198165
0.0194989
0.0191172
0.0187996
0.0184268
0.0181126
0.0177508
0.0174432
0.0170949
0.0168009
0.0164723
0.016194
0.0158863
0.0156256
0.0153405
0.0150994
0.0148381
0.014618
0.0143818
0.0141835
0.0139731
0.0137972
0.0136129
0.0134594
0.0133013
0.0131705
0.0130379
0.0129299
0.0128222
0.012737
0.0126538
0.0125914
0.0125321
0.0124924
0.0124576
0.0124406
0.0124328
0.0124315
0.0124477
0.0124706
0.0125082
0.0125535
0.0126124
0.0126805
0.0127618
0.0128529
0.0129567
0.0130709
0.0131976
0.0133351
0.0134851
0.0136463
0.0138199
0.0140048
0.0142023
0.0144115
0.0146336
0.0148681
0.0151158
0.0153764
0.0156504
0.0159374
0.0162381
0.0165517
0.0168785
0.0172178
0.017569
0.01793
0.0182999
0.0186756
0.0190543
0.0194319
0.0198037
0.0201641
0.0205079
0.0208305
0.0211289
0.0214031
0.0216578
0.0219084
0.0222045
0.0226499
0.0232664
0.0240921
0.0249994
0.0177458
0.0172127
0.0169966
0.0165846
0.0163678
0.0159751
0.0157596
0.0153878
0.015176
0.0148264
0.0146212
0.0142947
0.0140985
0.0137958
0.0136108
0.0133324
0.0131605
0.0129068
0.0127496
0.0125208
0.0123796
0.0121758
0.0120516
0.0118726
0.0117662
0.0116116
0.0115231
0.0113923
0.0113216
0.0112143
0.0111608
0.0110786
0.0110386
0.0109825
0.0109559
0.0109255
0.0109123
0.0109062
0.0109056
0.0109196
0.01094
0.0109711
0.0110103
0.0110592
0.0111172
0.0111837
0.0112604
0.011345
0.0114403
0.0115433
0.0116575
0.0117794
0.0119126
0.0120543
0.0122069
0.0123688
0.0125418
0.0127249
0.0129193
0.0131244
0.0133414
0.0135701
0.0138114
0.0140655
0.0143332
0.0146148
0.0149112
0.0152228
0.0155506
0.0158953
0.0162579
0.0166395
0.017041
0.0174638
0.0179091
0.0183788
0.0188742
0.0193975
0.0199504
0.0205352
0.0211543
0.0218104
0.0225072
0.0232478
0.0240367
0.0248783
0.0257781
0.0267423
0.0277789
0.0288963
0.0301054
0.0314183
0.0328498
0.0344167
0.0361375
0.0380232
0.0400807
0.0422682
0.0437961
0.044419
0.0203502
0.0198001
0.0195747
0.0191444
0.018912
0.0184984
0.0182611
0.0178646
0.0176252
0.0172465
0.0170079
0.0166486
0.016414
0.0160756
0.015848
0.0155312
0.0153135
0.015019
0.0148136
0.0145418
0.0143506
0.014102
0.0139264
0.0137011
0.0135423
0.0133404
0.0131991
0.0130205
0.0128974
0.0127419
0.0126371
0.0125045
0.0124182
0.0123085
0.0122405
0.0121536
0.0121039
0.01204
0.0120083
0.0119703
0.0119527
0.0119425
0.0119396
0.0119474
0.0119676
0.0119952
0.0120354
0.0120829
0.012143
0.0122105
0.0122907
0.0123784
0.0124789
0.0125874
0.0127088
0.0128382
0.0129806
0.0131315
0.0132956
0.0134687
0.0136549
0.0138514
0.014061
0.0142821
0.0145168
0.0147641
0.0150257
0.015301
0.0155915
0.0158972
0.0162193
0.0165579
0.0169145
0.0172895
0.0176843
0.0180997
0.0185375
0.0189985
0.0194847
0.0199975
0.0205392
0.0211117
0.0217176
0.0223594
0.0230403
0.0237635
0.0245331
0.025353
0.026228
0.0271629
0.0281639
0.0292395
0.0304081
0.0316805
0.0330838
0.0346423
0.0363955
0.0383143
0.0398629
0.0405434
0.0306397
0.0301074
0.0298833
0.0294572
0.0292062
0.0287863
0.0285082
0.0280897
0.0277877
0.0273659
0.0270374
0.0266103
0.0262599
0.0258289
0.0254623
0.0250285
0.0246509
0.0242166
0.0238326
0.0234006
0.0230145
0.0225877
0.0222035
0.0217849
0.0214063
0.0209988
0.0206292
0.0202357
0.0198781
0.0195012
0.0191585
0.0188005
0.0184753
0.0181379
0.0178316
0.0175158
0.0172298
0.0169374
0.0166734
0.0164052
0.016164
0.015922
0.015705
0.0154899
0.015298
0.0151098
0.0149433
0.0147817
0.0146404
0.014505
0.0143888
0.0142793
0.014188
0.0141041
0.0140376
0.0139784
0.0139353
0.0138998
0.0138807
0.0138716
0.0138694
0.0138817
0.0139037
0.0139375
0.0139812
0.0140359
0.0141003
0.0141746
0.0142584
0.01435
0.0144496
0.014556
0.0146691
0.0147877
0.0149113
0.0150386
0.0151691
0.0153013
0.0154344
0.0155668
0.0156978
0.0158254
0.015949
0.0160665
0.0161772
0.0162795
0.0163728
0.0164562
0.0165304
0.0165951
0.0166535
0.0167059
0.016751
0.0168135
0.0169086
0.0170847
0.0173958
0.0179214
0.0186495
0.0196935
0.0435964
0.0432682
0.0431299
0.0428667
0.0426997
0.0424277
0.0422241
0.0419323
0.041691
0.0413739
0.0410955
0.0407501
0.040435
0.0400598
0.0397084
0.0393032
0.0389162
0.0384811
0.03806
0.0375958
0.0371423
0.0366502
0.0361666
0.0356486
0.0351372
0.0345958
0.0340598
0.033498
0.0329414
0.0323627
0.0317898
0.0311984
0.0306138
0.0300145
0.0294238
0.0288217
0.0282243
0.0276194
0.0270223
0.0264214
0.0258313
0.0252408
0.0246636
0.0240892
0.0235302
0.0229766
0.0224403
0.0219117
0.0214015
0.0208993
0.0204158
0.0199415
0.0194857
0.0190394
0.0186107
0.0181925
0.0177912
0.0173997
0.0170271
0.0166644
0.0163192
0.015984
0.0156646
0.0153537
0.0150563
0.0147663
0.0144876
0.0142136
0.013948
0.0136908
0.013441
0.0131977
0.0129607
0.0127281
0.0125006
0.0122759
0.0120551
0.0118357
0.0116191
0.011403
0.0111892
0.0109755
0.0107642
0.0105537
0.0103462
0.0101411
0.00993765
0.00973815
0.00954307
0.0093559
0.00917891
0.00901734
0.00887589
0.00876022
0.00870271
0.00868365
0.00879165
0.00905126
0.00945306
0.00963119
0.0552277
0.0552254
0.0552333
0.0552451
0.0552509
0.0552515
0.0552386
0.0552061
0.0551659
0.055099
0.0550314
0.0549298
0.0548293
0.0546906
0.0545527
0.0543744
0.054195
0.0539744
0.0537503
0.0534849
0.0532131
0.0529003
0.0525785
0.0522177
0.0518436
0.0514308
0.0510039
0.0505385
0.0500575
0.0495386
0.049003
0.0484308
0.0478409
0.0472161
0.0465734
0.0458979
0.0452046
0.0444804
0.0437392
0.0429697
0.0421842
0.0413735
0.0405489
0.0397021
0.0388445
0.0379682
0.0370842
0.0361857
0.0352833
0.0343725
0.0334621
0.0325478
0.0316383
0.0307296
0.0298302
0.0289365
0.0280565
0.0271869
0.0263343
0.025496
0.024674
0.0238657
0.0230772
0.0223052
0.0215556
0.0208242
0.0201172
0.0194309
0.01877
0.0181264
0.0175065
0.0169035
0.0163223
0.0157567
0.0152106
0.014678
0.014162
0.0136573
0.0131662
0.0126838
0.0122117
0.0117452
0.0112857
0.010829
0.010376
0.00994483
0.0095261
0.00912985
0.00874665
0.00838682
0.00804245
0.00772487
0.00742689
0.00716693
0.0069288
0.00677102
0.00670145
0.00670042
0.00703228
0.00722048
0.0619649
0.0622823
0.0624246
0.0627085
0.0628981
0.0631628
0.0633684
0.0636096
0.0638166
0.0640345
0.0642339
0.0644281
0.0646132
0.0647826
0.0649477
0.0650906
0.0652308
0.0653445
0.065455
0.0655363
0.0656126
0.0656577
0.0656862
0.0656958
0.0656926
0.0656492
0.0655962
0.0655045
0.0653976
0.0652522
0.0650867
0.0648815
0.0646514
0.0643798
0.0640788
0.0637351
0.0633642
0.0629497
0.062503
0.0620124
0.0614853
0.0609108
0.0602997
0.059639
0.0589408
0.0581925
0.0574061
0.0565705
0.0556969
0.0547763
0.0538187
0.052817
0.0517805
0.0507037
0.049595
0.0484504
0.0472783
0.0460753
0.0448499
0.0435995
0.0423369
0.0410563
0.0397699
0.0384725
0.0371756
0.035875
0.0345811
0.0332903
0.0320124
0.0307438
0.0294941
0.02826
0.0270501
0.0258612
0.0247012
0.0235665
0.0224598
0.021377
0.0203239
0.0192973
0.018302
0.0173356
0.0164013
0.0154977
0.014627
0.0137863
0.0129701
0.0121814
0.0114151
0.0106749
0.00995629
0.00926289
0.00859308
0.00795416
0.00736078
0.00681238
0.0064006
0.00621296
0.00617448
0.00636119
0.0635519
0.0640332
0.064249
0.0646659
0.0649484
0.0653447
0.0656619
0.0660404
0.0663758
0.0667408
0.0670849
0.0674391
0.0677856
0.0681304
0.0684747
0.0688101
0.0691485
0.0694739
0.0698031
0.0701166
0.0704334
0.0707328
0.0710337
0.071318
0.0715995
0.0718627
0.0721227
0.0723631
0.0725991
0.0728165
0.0730255
0.0732144
0.0733914
0.0735462
0.073685
0.0738005
0.0738976
0.0739677
0.0740077
0.0740235
0.0740244
0.0739715
0.0739009
0.07378
0.0736311
0.073431
0.0731946
0.0729043
0.0725704
0.072179
0.0717379
0.0712358
0.0706788
0.0700593
0.0693805
0.0686345
0.0678303
0.0669556
0.0660222
0.0650173
0.0639547
0.0628248
0.0616389
0.0603875
0.0590833
0.0577174
0.0563024
0.0548314
0.0533161
0.0517516
0.0501485
0.0485035
0.046826
0.0451139
0.0433751
0.0416088
0.0398266
0.0380293
0.0362218
0.034406
0.0325855
0.0307637
0.0289435
0.0271303
0.0253272
0.0235411
0.0217771
0.0200428
0.0183458
0.0166734
0.0150534
0.0134803
0.0119831
0.0105637
0.00927207
0.00807882
0.00708163
0.00635309
0.00603105
0.00600412
0.0611934
0.0616925
0.0619205
0.0623432
0.0626406
0.0630442
0.0633789
0.0637702
0.0641275
0.0645125
0.0648843
0.0652669
0.0656483
0.0660308
0.0664188
0.0668023
0.0671945
0.0675794
0.067974
0.0683598
0.0687551
0.0691408
0.0695345
0.0699179
0.0703063
0.070683
0.0710603
0.0714217
0.0717784
0.0721339
0.0724875
0.0728372
0.0731861
0.0735308
0.0738759
0.0742119
0.0745446
0.0748676
0.0751849
0.0754929
0.0757921
0.076077
0.0763537
0.0766122
0.0768597
0.0770859
0.0772975
0.0774847
0.0776531
0.077794
0.0779108
0.0779959
0.0780419
0.0780598
0.0780597
0.0779942
0.0779123
0.0777652
0.0775871
0.0773407
0.0770498
0.0766844
0.0762602
0.0757512
0.0751719
0.074505
0.0737543
0.0729104
0.0719716
0.0709333
0.0697928
0.0685495
0.0672013
0.065751
0.0641975
0.0625464
0.0607978
0.0589569
0.0570253
0.0550065
0.052902
0.0507132
0.0484395
0.0460798
0.0436317
0.0410923
0.0384612
0.0357344
0.0329196
0.0300374
0.0270892
0.0240939
0.0210781
0.0180858
0.015224
0.0125095
0.0101197
0.00808731
0.00662559
0.00592618
0.0561882
0.0566205
0.0568188
0.0571759
0.0574221
0.0577658
0.0580407
0.0583755
0.0586704
0.0590007
0.0593104
0.0596395
0.0599606
0.0602908
0.0606208
0.0609535
0.0612906
0.0616263
0.0619689
0.0623078
0.0626542
0.0629958
0.0633445
0.0636877
0.0640373
0.0643811
0.0647305
0.0650749
0.0654262
0.0657769
0.066133
0.0664897
0.0668506
0.0672116
0.067575
0.0679405
0.0683096
0.06868
0.069053
0.0694271
0.0698028
0.0701789
0.0705562
0.0709323
0.0713087
0.0716821
0.0720558
0.0724257
0.0727926
0.0731515
0.0735027
0.0738395
0.0741597
0.0744566
0.0747198
0.0749378
0.0751611
0.0753434
0.0755187
0.0756547
0.0757768
0.0758636
0.0759373
0.0759764
0.0759925
0.0759806
0.0759044
0.0757969
0.0756258
0.0754083
0.075124
0.0747798
0.0743522
0.0738477
0.0732412
0.0725332
0.0716984
0.070732
0.0696096
0.068323
0.0668505
0.0651837
0.0633057
0.0612104
0.0588889
0.0563387
0.0535561
0.0505407
0.0473098
0.0438414
0.0401198
0.0361046
0.0318016
0.0272172
0.0225264
0.0182179
0.0144579
0.011623
0.00943576
0.00727204
0.0498845
0.0501712
0.050303
0.0505412
0.0506898
0.0509263
0.0510907
0.0513219
0.0515014
0.051728
0.0519207
0.0521445
0.0523481
0.0525707
0.0527829
0.0530056
0.0532245
0.053448
0.0536718
0.0538964
0.0541236
0.0543492
0.0545787
0.0548056
0.0550368
0.0552655
0.0554991
0.0557313
0.0559699
0.0562081
0.0564527
0.0566982
0.0569493
0.0572022
0.0574604
0.0577216
0.0579878
0.0582575
0.0585328
0.058812
0.0590969
0.0593866
0.0596823
0.0599835
0.0602916
0.060606
0.0609244
0.061246
0.0615698
0.061894
0.0622179
0.0625389
0.0628566
0.0631681
0.0634741
0.063778
0.0640877
0.0643881
0.0646907
0.0649749
0.0652472
0.0654819
0.0656984
0.0658955
0.0660744
0.0662394
0.0663799
0.0665053
0.0665993
0.0666623
0.066689
0.066693
0.0666232
0.0665062
0.0663072
0.0660324
0.0656539
0.0651692
0.0645537
0.0638007
0.0628884
0.0618087
0.0605439
0.0590877
0.0574311
0.0555642
0.0534528
0.0510824
0.0482789
0.0450484
0.0412786
0.0369513
0.0322319
0.0273621
0.0224862
0.0180668
0.0146157
0.0122389
0.0107425
0.00922535
0.0311354
0.0311617
0.0311578
0.0311387
0.0311117
0.0310901
0.0310537
0.0310309
0.0309908
0.0309659
0.0309246
0.0308968
0.030855
0.0308239
0.0307818
0.0307471
0.0307043
0.030666
0.0306221
0.0305803
0.0305348
0.0304898
0.0304426
0.0303946
0.0303456
0.0302953
0.0302448
0.0301926
0.0301407
0.030087
0.0300335
0.029978
0.0299227
0.0298656
0.0298084
0.0297494
0.0296902
0.0296295
0.0295683
0.0295055
0.0294422
0.0293772
0.0293112
0.0292433
0.0291738
0.0291016
0.0290264
0.0289476
0.0288647
0.0287773
0.028685
0.0285873
0.0284843
0.0283754
0.0282612
0.0281418
0.0280155
0.0278788
0.0277319
0.027568
0.0273875
0.0271822
0.0269633
0.0267339
0.0264934
0.0262434
0.0259818
0.0257098
0.0254233
0.0251243
0.0248102
0.0244808
0.0241263
0.0237558
0.0233563
0.0229351
0.0224822
0.0220021
0.0214878
0.0209423
0.0203615
0.0197478
0.019099
0.0184173
0.0177
0.0169396
0.0161102
0.0151528
0.0140576
0.012782
0.0112248
0.0093122
0.00711286
0.00498601
0.00301673
0.0023222
0.0026082
0.00528049
0.00862453
0.00984826
0.00947217
0.00467549
0.00403045
0.00390139
0.00387306
0.00389708
0.00381777
0.00378069
0.00376598
0.00376304
0.00378542
0.00385677
0.0041339
0.00471699
0.00547404
0.00655185
0.00692005
0.0069016
0.00576391
0.00340267
0.00777607
0.00468056
0.00428948
0.00419011
0.0041662
0.00404598
0.00396685
0.0039322
0.00392035
0.0039228
0.00397618
0.00416385
0.00455801
0.00514213
0.00622047
0.00686871
0.00700455
0.00675933
0.005193
0.00278241
0.00621357
0.00478475
0.00460504
0.00454119
0.00436897
0.00426776
0.00420001
0.0041729
0.00416487
0.00417783
0.00430544
0.00456703
0.00505167
0.00599249
0.00679677
0.00704972
0.00703854
0.00647801
0.00456228
0.00215001
0.00579521
0.00511608
0.00503431
0.00479457
0.00463719
0.00452194
0.00446458
0.00444045
0.00443824
0.00454014
0.00476587
0.00519811
0.00606669
0.00686982
0.00719502
0.00725491
0.00697755
0.00602571
0.00378241
0.00154379
0.00591782
0.00548165
0.00534357
0.00505436
0.00493982
0.00486748
0.00484961
0.00488371
0.00500288
0.0052868
0.00568718
0.00651201
0.00718471
0.00748899
0.0075753
0.00739523
0.00678039
0.00540263
0.00293202
0.00101428
0.0062847
0.00593523
0.00580176
0.00561765
0.00558573
0.00559507
0.00572209
0.00595467
0.00637552
0.00689965
0.00752056
0.00800182
0.008207
0.00825016
0.00796276
0.00732482
0.0063693
0.00458324
0.00189137
0.000560601
0.00721708
0.00709142
0.00707601
0.00710559
0.00738103
0.007705
0.00825413
0.00895581
0.00963022
0.0098307
0.00989543
0.00975184
0.00942409
0.00883792
0.00801626
0.00707526
0.00563711
0.00346916
0.00114752
0.000251125
0.0108595
0.0112997
0.0118047
0.0124644
0.0134237
0.0144099
0.0148901
0.0150404
0.0140085
0.0134125
0.0123196
0.0115301
0.010307
0.00917402
0.00784049
0.00644248
0.00445018
0.0022483
0.000646804
9.16347e-05
0.0252555
0.0257365
0.0259396
0.0259399
0.0252442
0.0238833
0.022225
0.0199567
0.0182146
0.0162719
0.0144699
0.0126638
0.0107279
0.00894234
0.00708406
0.00504107
0.0029689
0.00131618
0.000391075
3.94157e-05
0.0411633
0.0393819
0.0374103
0.0346163
0.0320753
0.0284845
0.0258629
0.0226905
0.0203103
0.0174285
0.0151768
0.0124442
0.0101177
0.00732465
0.00513206
0.0030978
0.00185122
0.000853676
0.000330044
6.01765e-05
0.0379911
0.0364554
0.0348545
0.0323772
0.030208
0.0269022
0.0244867
0.0215803
0.0194193
0.0167622
0.0147737
0.0121801
0.0102294
0.00743298
0.00538291
0.00308205
0.00177537
0.000723073
0.000238098
4.68609e-05
0.0200821
0.0210046
0.0215154
0.0217682
0.0218505
0.0211291
0.0199263
0.0180574
0.0167581
0.0149651
0.0137672
0.0119412
0.010606
0.00878842
0.00721042
0.00517305
0.00295892
0.00116281
0.000284926
3.34825e-05
0.00947177
0.00967051
0.0100776
0.0105441
0.0113363
0.0122517
0.0130394
0.0133497
0.0131656
0.0122426
0.0117942
0.0108632
0.0100314
0.00897632
0.00781797
0.00648677
0.00455441
0.00224015
0.000565994
4.53324e-05
0.00684809
0.00666658
0.00661173
0.00658533
0.00675663
0.00699692
0.0074244
0.0080177
0.00879695
0.00916693
0.00934331
0.00941041
0.00914942
0.00870828
0.00794716
0.00707058
0.00567222
0.00352612
0.00107104
0.000126777
0.00610551
0.00576947
0.00563782
0.00543552
0.00538549
0.00537164
0.00545303
0.00562693
0.00598754
0.00644204
0.00713136
0.0077289
0.0080161
0.00809453
0.00792661
0.00731023
0.00638971
0.00465186
0.00191284
0.000434739
0.00578608
0.00538295
0.00525324
0.00496876
0.00485197
0.00476955
0.00474364
0.00475542
0.00485467
0.00509699
0.00547603
0.0062471
0.00702906
0.00738849
0.00749153
0.0073872
0.00679443
0.00545402
0.00300626
0.000934624
0.00568125
0.00502094
0.00494902
0.00474295
0.00458545
0.00447329
0.00440759
0.00437799
0.00436943
0.00445265
0.00466683
0.00506629
0.0058858
0.00677885
0.00715373
0.00722428
0.00698916
0.00607119
0.00385822
0.00151196
0.00618022
0.00473057
0.00453202
0.00446455
0.0043239
0.0042189
0.00415397
0.00412729
0.0041194
0.00412847
0.00424298
0.00449708
0.00495701
0.00585839
0.00674328
0.00703808
0.00704405
0.00651444
0.00463916
0.00215714
0.00780325
0.00465329
0.00425642
0.00414818
0.00411566
0.00402179
0.00393538
0.00389769
0.0038855
0.00388773
0.00393734
0.00410982
0.00449907
0.00507914
0.00613722
0.00684624
0.00700252
0.00678686
0.00525728
0.00281658
0.00947296
0.00465259
0.00399485
0.00386835
0.00383864
0.00385261
0.00379722
0.00375423
0.00373926
0.00373612
0.00375857
0.00382647
0.00407908
0.00464071
0.00542008
0.00652217
0.00691894
0.00692009
0.00582727
0.00344946
0.00397118
0.00375019
0.00374679
0.0037468
0.00374652
0.00374628
0.00374612
0.00374604
0.003746
0.00374598
0.00374598
0.003746
0.00374604
0.00374612
0.00374628
0.00374652
0.0037468
0.00374679
0.00375019
0.00397117
0.00441489
0.00375346
0.00374141
0.00374096
0.00374056
0.00374012
0.00373987
0.00373975
0.00373969
0.00373966
0.00373966
0.00373969
0.00373975
0.00373987
0.00374012
0.00374056
0.00374096
0.00374141
0.00375346
0.00441489
0.0048594
0.00376059
0.00373287
0.00373264
0.00373284
0.00373273
0.00373256
0.00373242
0.00373235
0.00373231
0.00373231
0.00373235
0.00373242
0.00373256
0.00373273
0.00373284
0.00373264
0.00373287
0.00376059
0.00485939
0.00530178
0.00377206
0.0037243
0.00372396
0.00372492
0.00372524
0.00372525
0.00372519
0.00372514
0.00372512
0.00372512
0.00372514
0.00372519
0.00372525
0.00372524
0.00372492
0.00372396
0.0037243
0.00377206
0.00530179
0.00573924
0.00378544
0.0037155
0.00371483
0.00371665
0.00371758
0.00371789
0.00371795
0.00371795
0.00371795
0.00371795
0.00371795
0.00371795
0.00371789
0.00371758
0.00371665
0.00371483
0.00371551
0.00378544
0.00573924
0.00617058
0.00379767
0.00370577
0.0037051
0.003708
0.00370969
0.00371043
0.0037107
0.00371078
0.0037108
0.0037108
0.00371078
0.0037107
0.00371043
0.00370969
0.003708
0.0037051
0.00370577
0.00379767
0.00617059
0.00659185
0.00380847
0.00369498
0.00369474
0.00369894
0.00370155
0.00370284
0.0037034
0.00370361
0.00370368
0.00370368
0.00370361
0.0037034
0.00370284
0.00370155
0.00369894
0.00369474
0.00369498
0.00380847
0.00659185
0.00700084
0.00381671
0.00368272
0.00368362
0.00368941
0.00369311
0.00369508
0.00369602
0.00369642
0.00369656
0.00369656
0.00369642
0.00369602
0.00369508
0.00369311
0.00368941
0.00368362
0.00368272
0.00381671
0.00700085
0.00739336
0.00382333
0.00366915
0.00367174
0.00367942
0.00368437
0.00368714
0.00368854
0.00368919
0.00368943
0.00368943
0.00368919
0.00368854
0.00368714
0.00368437
0.00367942
0.00367174
0.00366915
0.00382334
0.00739335
0.00776768
0.00382735
0.00365405
0.00365903
0.00366893
0.00367532
0.00367898
0.00368095
0.0036819
0.00368228
0.00368228
0.0036819
0.00368095
0.00367898
0.00367532
0.00366893
0.00365903
0.00365404
0.00382735
0.00776768
0.00812024
0.00383021
0.00363764
0.00364552
0.00365794
0.00366592
0.00367061
0.00367321
0.00367453
0.00367507
0.00367507
0.00367453
0.00367321
0.00367061
0.00366592
0.00365794
0.00364552
0.00363765
0.00383021
0.00812023
0.00845034
0.00383068
0.00361989
0.00363122
0.00364645
0.0036562
0.00366201
0.00366531
0.00366705
0.00366779
0.00366779
0.00366705
0.00366531
0.00366201
0.0036562
0.00364645
0.00363121
0.00361988
0.00383069
0.00845034
0.00875525
0.00383018
0.0036009
0.00361613
0.00363446
0.00364613
0.00365316
0.00365725
0.00365946
0.00366041
0.00366041
0.00365946
0.00365725
0.00365316
0.00364613
0.00363446
0.00361613
0.00360091
0.00383019
0.00875524
0.00903545
0.00382886
0.00358085
0.00360032
0.00362199
0.00363573
0.00364408
0.00364901
0.00365173
0.00365292
0.00365292
0.00365173
0.00364901
0.00364408
0.00363573
0.00362199
0.00360032
0.00358084
0.00382886
0.00903544
0.00928895
0.00382647
0.00355981
0.00358379
0.00360904
0.003625
0.00363475
0.00364059
0.00364385
0.00364531
0.00364531
0.00364385
0.00364059
0.00363475
0.003625
0.00360904
0.0035838
0.00355982
0.00382648
0.00928894
0.00951739
0.0038234
0.00353794
0.00356664
0.00359565
0.00361394
0.00362518
0.00363197
0.00363582
0.00363755
0.00363755
0.00363582
0.00363197
0.00362518
0.00361394
0.00359565
0.00356663
0.00353793
0.00382339
0.00951738
0.00971929
0.00382011
0.00351531
0.00354885
0.00358181
0.00360255
0.00361535
0.00362316
0.00362762
0.00362964
0.00362964
0.00362762
0.00362316
0.00361535
0.00360255
0.00358181
0.00354886
0.00351532
0.00382012
0.00971928
0.00989731
0.00381663
0.00349216
0.00353055
0.00356758
0.00359087
0.00360529
0.00361414
0.00361924
0.00362157
0.00362157
0.00361924
0.00361414
0.00360529
0.00359087
0.00356757
0.00353054
0.00349215
0.00381662
0.0098973
0.0100502
0.00381347
0.00346849
0.0035117
0.00355293
0.00357887
0.00359499
0.00360492
0.00361068
0.00361332
0.00361332
0.00361068
0.00360492
0.00359499
0.00357888
0.00355293
0.00351171
0.00346851
0.00381348
0.0100502
0.0101815
0.00381057
0.00344463
0.00349248
0.00353795
0.0035666
0.00358445
0.0035955
0.00360193
0.0036049
0.0036049
0.00360193
0.00359549
0.00358445
0.0035666
0.00353795
0.00349247
0.00344461
0.00381057
0.0101815
0.0102898
0.00380853
0.00342045
0.00347279
0.0035226
0.00355404
0.00357367
0.00358587
0.003593
0.0035963
0.0035963
0.003593
0.00358587
0.00357367
0.00355404
0.00352261
0.0034728
0.00342048
0.00380854
0.0102897
0.0103794
0.00380714
0.00339644
0.00345288
0.00350698
0.00354123
0.00356267
0.00357603
0.00358387
0.00358751
0.00358751
0.00358387
0.00357603
0.00356267
0.00354123
0.00350697
0.00345286
0.00339641
0.00380714
0.0103794
0.0104486
0.00380736
0.00337228
0.00343258
0.00349103
0.00352816
0.00355145
0.003566
0.00357455
0.00357853
0.00357853
0.00357455
0.003566
0.00355145
0.00352816
0.00349104
0.0034326
0.00337232
0.00380737
0.0104486
0.0105025
0.00380842
0.0033487
0.00341222
0.00347487
0.00351486
0.00354002
0.00355576
0.00356504
0.00356936
0.00356936
0.00356504
0.00355576
0.00354002
0.00351486
0.00347487
0.0034122
0.00334865
0.00380842
0.0105025
0.0105384
0.00381069
0.00332503
0.00339156
0.00345844
0.00350133
0.00352837
0.00354533
0.00355534
0.00356001
0.00356001
0.00355535
0.00354533
0.00352837
0.00350133
0.00345845
0.00339158
0.00332509
0.0038107
0.0105383
0.0105625
0.00381554
0.00330233
0.00337097
0.00344186
0.00348761
0.00351653
0.00353471
0.00354546
0.00355047
0.00355047
0.00354546
0.00353471
0.00351653
0.0034876
0.00344185
0.00337095
0.00330226
0.00381535
0.0105624
0.0105707
0.00382094
0.00327968
0.00335018
0.00342506
0.00347367
0.0035045
0.0035239
0.00353539
0.00354075
0.00354075
0.00353539
0.0035239
0.0035045
0.00347368
0.00342506
0.0033502
0.00327974
0.00382117
0.0105706
0.0105673
0.00383
0.00325829
0.00332958
0.00340816
0.00345958
0.00349229
0.00351291
0.00352513
0.00353084
0.00353084
0.00352513
0.00351291
0.00349229
0.00345958
0.00340816
0.00332956
0.00325823
0.00382978
0.0105673
0.0105573
0.00383954
0.00323712
0.00330888
0.0033911
0.00344531
0.0034799
0.00350174
0.0035147
0.00352075
0.00352075
0.0035147
0.00350174
0.0034799
0.00344531
0.00339111
0.00330891
0.00323719
0.00383979
0.0105573
0.0105367
0.00385341
0.00321749
0.00328849
0.00337401
0.00343091
0.00346735
0.00349041
0.00350409
0.00351049
0.00351049
0.00350409
0.00349041
0.00346735
0.00343091
0.003374
0.00328847
0.00321742
0.00385316
0.0105366
0.0105074
0.00386774
0.00319821
0.00326811
0.00335681
0.00341636
0.00345464
0.0034789
0.00349332
0.00350006
0.00350006
0.00349332
0.0034789
0.00345465
0.00341637
0.00335681
0.00326814
0.00319828
0.00386802
0.0105074
0.0104711
0.00388695
0.00318072
0.00324814
0.00333962
0.00340172
0.0034418
0.00346724
0.00348238
0.00348946
0.00348946
0.00348238
0.00346724
0.0034418
0.00340171
0.00333961
0.00324812
0.00318065
0.00388667
0.0104711
0.0104289
0.00390665
0.00316371
0.00322828
0.00332238
0.00338696
0.00342881
0.00345543
0.00347128
0.0034787
0.0034787
0.00347128
0.00345543
0.00342881
0.00338696
0.00332239
0.00322831
0.00316379
0.00390696
0.0104289
0.0103815
0.00393184
0.00314874
0.00320893
0.00330521
0.00337213
0.0034157
0.00344348
0.00346003
0.00346778
0.00346778
0.00346003
0.00344348
0.0034157
0.00337213
0.0033052
0.00320891
0.00314867
0.00393153
0.0103815
0.0103298
0.00395749
0.00313438
0.0031898
0.00328805
0.00335722
0.00340248
0.00343139
0.00344863
0.00345671
0.00345671
0.00344863
0.00343139
0.00340248
0.00335723
0.00328806
0.00318982
0.00313445
0.00395784
0.0103298
0.0102746
0.00398934
0.00312227
0.00317125
0.003271
0.00334227
0.00338915
0.00341917
0.00343709
0.00344549
0.00344549
0.00343709
0.00341917
0.00338915
0.00334226
0.00327099
0.00317122
0.00312221
0.00398899
0.0102746
0.0102165
0.00402149
0.0031109
0.00315305
0.003254
0.00332727
0.00337573
0.00340683
0.00342542
0.00343414
0.00343414
0.00342542
0.00340683
0.00337573
0.00332728
0.00325402
0.00315308
0.00311097
0.00402188
0.0102165
0.0101561
0.00406073
0.00310201
0.00313554
0.00323713
0.00331226
0.00336222
0.00339438
0.00341362
0.00342265
0.00342265
0.00341362
0.00339438
0.00336222
0.00331225
0.00323711
0.0031355
0.00310195
0.00406034
0.0101561
0.0100941
0.00409989
0.00309401
0.00311851
0.00322038
0.00329722
0.00334864
0.00338182
0.0034017
0.00341103
0.00341103
0.0034017
0.00338182
0.00334864
0.00329723
0.0032204
0.00311855
0.00309406
0.00410033
0.0100941
0.0100307
0.00414736
0.00308865
0.0031022
0.00320381
0.0032822
0.00333499
0.00336916
0.00338966
0.00339929
0.00339929
0.00338966
0.00336916
0.00333499
0.00328219
0.00320378
0.00310215
0.00308861
0.0041469
0.0100306
0.00996679
0.00419424
0.00308442
0.00308653
0.0031874
0.00326719
0.00332129
0.00335641
0.00337751
0.00338743
0.00338743
0.00337752
0.00335642
0.0033213
0.0032672
0.00318743
0.00308659
0.00308445
0.00419474
0.00996682
0.00990222
0.00425025
0.00308293
0.00307159
0.00317125
0.00325222
0.00330755
0.00334358
0.00336527
0.00337547
0.00337547
0.00336527
0.00334358
0.00330754
0.0032522
0.00317122
0.00307152
0.00308293
0.00424972
0.00990218
0.00983806
0.00430552
0.00308359
0.00305735
0.00315536
0.0032373
0.00329377
0.00333068
0.00335293
0.0033634
0.0033634
0.00335293
0.00333068
0.00329378
0.00323731
0.00315541
0.00305744
0.00308359
0.00430608
0.0098381
0.00977375
0.00437081
0.00308577
0.00304396
0.0031398
0.00322246
0.00327997
0.00331771
0.0033405
0.00335123
0.00335123
0.0033405
0.00331771
0.00327996
0.00322244
0.00313976
0.00304385
0.00308578
0.00437024
0.0097737
0.00971063
0.00443497
0.00309018
0.00303126
0.00312452
0.0032077
0.00326616
0.00330468
0.00332799
0.00333898
0.00333898
0.00332799
0.00330468
0.00326617
0.00320772
0.00312457
0.00303139
0.0030905
0.00443558
0.00971068
0.00964762
0.00451005
0.00309788
0.00301957
0.0031096
0.00319306
0.00325235
0.0032916
0.0033154
0.00332664
0.00332663
0.0033154
0.0032916
0.00325235
0.00319304
0.00310955
0.00301944
0.00309752
0.00450944
0.00964756
0.00958648
0.00458348
0.00310737
0.00300872
0.00309502
0.00317853
0.00323856
0.00327849
0.00330275
0.00331422
0.00331422
0.00330275
0.00327849
0.00323857
0.00317856
0.00309508
0.00300887
0.00310775
0.00458414
0.00958655
0.0095274
0.00465829
0.00311955
0.00299895
0.00308085
0.00316415
0.00322478
0.00326534
0.00329004
0.00330173
0.00330173
0.00329004
0.00326533
0.00322478
0.00316413
0.0030808
0.00299881
0.00311914
0.00465763
0.00952733
0.00946998
0.00473143
0.00313319
0.00299006
0.00306707
0.00314991
0.00321105
0.00325216
0.00327728
0.00328917
0.00328917
0.00327728
0.00325217
0.00321106
0.00314994
0.00306713
0.00299022
0.00313362
0.00473215
0.00947005
0.00941444
0.00480621
0.00314927
0.00298224
0.00305372
0.00313584
0.00319735
0.00323897
0.00326447
0.00327656
0.00327656
0.00326447
0.00323897
0.00319734
0.00313582
0.00305367
0.00298208
0.0031488
0.00480549
0.00941436
0.00936038
0.00487929
0.00316642
0.0029753
0.00304081
0.00312195
0.00318371
0.00322578
0.00325162
0.0032639
0.0032639
0.00325162
0.00322578
0.00318373
0.00312198
0.00304088
0.00297547
0.00316693
0.00488009
0.00936046
0.00930812
0.00495408
0.00318576
0.00296938
0.00302835
0.00310826
0.00317014
0.00321258
0.00323874
0.00325119
0.00325119
0.00323874
0.00321257
0.00317013
0.00310823
0.00302829
0.00296922
0.00318523
0.00495329
0.00930802
0.00925722
0.00502702
0.00320574
0.00296434
0.00301635
0.00309477
0.00315664
0.00319939
0.00322584
0.00323844
0.00323844
0.00322584
0.0031994
0.00315666
0.0030948
0.00301642
0.0029645
0.00320634
0.0050279
0.0092573
0.00920809
0.00510155
0.00322772
0.0029602
0.0030048
0.00308148
0.00314323
0.00318622
0.00321292
0.00322566
0.00322566
0.00321292
0.00318622
0.00314321
0.00308145
0.00300473
0.00296005
0.0032271
0.0051007
0.00920796
0.00916025
0.00517395
0.0032499
0.00295693
0.00299371
0.00306842
0.00312991
0.00317308
0.00319999
0.00321285
0.00321286
0.00319999
0.00317309
0.00312993
0.00306847
0.00299379
0.00295708
0.0032506
0.00517492
0.00916033
0.0091142
0.00524801
0.00327396
0.0029544
0.00298308
0.00305559
0.00311669
0.00315997
0.00318705
0.00320003
0.00320002
0.00318705
0.00315995
0.00311667
0.00305554
0.002983
0.0029543
0.00327326
0.00524709
0.00911404
0.00906939
0.00531948
0.00329784
0.00295281
0.00297293
0.00304295
0.00310357
0.00314689
0.00317412
0.00318719
0.00318719
0.00317412
0.0031469
0.0031036
0.00304301
0.00297303
0.00295291
0.00329867
0.00532055
0.00906947
0.00902639
0.00539261
0.00332358
0.00295171
0.00296322
0.00303057
0.00309057
0.00313386
0.00316119
0.00317434
0.00317434
0.00316118
0.00313384
0.00309054
0.0030305
0.00296312
0.0029517
0.00332277
0.00539163
0.00902617
0.00898457
0.00546274
0.00334874
0.00295174
0.00295393
0.00301838
0.00307767
0.00312087
0.00314828
0.00316149
0.00316149
0.00314829
0.00312089
0.00307771
0.00301847
0.00295408
0.00295177
0.00334975
0.00546394
0.00898461
0.00894456
0.0055346
0.00337586
0.00295214
0.00294516
0.00300649
0.00306492
0.00310795
0.00313539
0.00314864
0.00314864
0.00313538
0.00310793
0.00306487
0.00300639
0.00294499
0.00295217
0.00337493
0.00553358
0.00894426
0.00890566
0.00560304
0.00340201
0.00295306
0.00293661
0.00299479
0.00305226
0.00309508
0.00312252
0.00313581
0.00313581
0.00312253
0.0030951
0.00305231
0.0029949
0.00293687
0.00295336
0.00340323
0.0056044
0.00890563
0.00886857
0.00567331
0.00343021
0.002955
0.00292865
0.0029834
0.00303977
0.00308229
0.00310968
0.00312298
0.00312298
0.00310967
0.00308227
0.00303972
0.00298329
0.00292842
0.00295471
0.00342921
0.00567229
0.00886814
0.00883251
0.00573978
0.00345714
0.002957
0.00292085
0.00297218
0.00302739
0.00306956
0.00309688
0.00311018
0.00311018
0.00309689
0.00306958
0.00302745
0.00297233
0.0029212
0.00295765
0.00345863
0.00574135
0.00883234
0.00879824
0.00580821
0.00348625
0.00296026
0.00291366
0.00296127
0.00301517
0.00305691
0.00308412
0.0030974
0.0030974
0.00308411
0.00305689
0.00301512
0.00296115
0.0029134
0.0029598
0.00348524
0.00580723
0.00879759
0.00876491
0.00587243
0.00351379
0.00296335
0.00290661
0.00295053
0.00300306
0.00304434
0.0030714
0.00308465
0.00308466
0.00307142
0.00304437
0.00300314
0.00295071
0.00290706
0.00296427
0.00351562
0.00587431
0.0087645
0.00873337
0.00593883
0.00354365
0.0029677
0.00290016
0.00294009
0.00299112
0.00303185
0.00305874
0.00307193
0.00307193
0.00305873
0.00303183
0.00299108
0.00293998
0.0028999
0.00296716
0.00354273
0.00593799
0.00873234
0.00870267
0.00600061
0.00357165
0.0029718
0.00289383
0.00292981
0.0029793
0.00301945
0.00304612
0.00305926
0.00305927
0.00304614
0.00301949
0.0029794
0.00293004
0.0028944
0.00297305
0.00357398
0.00600293
0.00870181
0.00867373
0.00606481
0.00360214
0.00297717
0.00288809
0.00291983
0.00296765
0.00300714
0.00303357
0.00304662
0.00304662
0.00303356
0.00300713
0.00296762
0.00291974
0.00288789
0.00297668
0.00360152
0.00606428
0.00867207
0.00864556
0.00612396
0.00363046
0.0029822
0.00288245
0.00291
0.00295612
0.00299492
0.00302107
0.00303404
0.00303404
0.00302109
0.00299497
0.00295625
0.0029103
0.0028832
0.00298387
0.00363358
0.00612698
0.00864391
0.00861914
0.00618584
0.00366147
0.0029885
0.00287739
0.00290046
0.00294475
0.00298279
0.00300863
0.00302149
0.00302149
0.00300864
0.0029828
0.00294476
0.00290045
0.00287735
0.00298832
0.00366148
0.00618591
0.00861638
0.00859342
0.00624221
0.00368995
0.00299438
0.00287241
0.00289107
0.0029335
0.00297075
0.00299627
0.00300901
0.00300902
0.00299631
0.00297084
0.00293369
0.00289151
0.00287345
0.00299674
0.00369437
0.00624632
0.00859038
0.00856945
0.00630166
0.00372136
0.00300153
0.00286797
0.00288196
0.00292241
0.00295881
0.00298397
0.00299657
0.00299658
0.00298399
0.00295887
0.00292251
0.00288213
0.00286827
0.00300199
0.00372263
0.00630282
0.00856482
0.00854616
0.00635511
0.00374984
0.00300819
0.00286361
0.002873
0.00291144
0.00294697
0.00297175
0.00298421
0.00298423
0.00297181
0.00294712
0.00291174
0.00287368
0.00286516
0.00301172
0.00375641
0.00636099
0.0085407
0.00852463
0.00641202
0.00378145
0.00301605
0.00285975
0.00286429
0.00290062
0.00293522
0.00295958
0.00297189
0.00297191
0.00295965
0.00293537
0.00290088
0.00286482
0.00286072
0.00301778
0.00378512
0.00641511
0.00851679
0.00850385
0.00646239
0.00380968
0.00302337
0.00285595
0.00285572
0.00288993
0.00292358
0.00294751
0.00295965
0.00295969
0.00294763
0.00292384
0.00289043
0.00285687
0.0028584
0.00302894
0.00381995
0.00647115
0.00849418
0.00848487
0.00651663
0.00384122
0.00303177
0.00285258
0.00284736
0.00287937
0.00291201
0.0029355
0.00294746
0.00294752
0.00293566
0.00291233
0.00287994
0.00284859
0.00285485
0.00303588
0.00384928
0.00652304
0.00847148
0.00846682
0.00656368
0.00386884
0.00303958
0.00284926
0.00283912
0.00286894
0.00290057
0.00292359
0.00293538
0.00293545
0.00292382
0.00290105
0.00286986
0.00284113
0.00285332
0.00304875
0.00388549
0.0065772
0.00844987
0.0084507
0.00661497
0.0038998
0.00304818
0.00284624
0.00283102
0.0028586
0.00288917
0.00291173
0.00292334
0.00292346
0.00291207
0.00288985
0.0028598
0.00283352
0.00285096
0.00305673
0.0039158
0.00662712
0.00842774
0.00843592
0.00665813
0.00392603
0.00305609
0.00284314
0.002823
0.00284838
0.00287793
0.00290001
0.00291143
0.00291158
0.00290045
0.00287886
0.00285014
0.00282667
0.00285021
0.00307179
0.00395394
0.00667981
0.00840639
0.00842352
0.00670544
0.00395508
0.00306411
0.00284017
0.0028151
0.00283821
0.00286671
0.00288833
0.00289959
0.00289983
0.00288902
0.00286808
0.00284065
0.00281989
0.00284959
0.00308109
0.00398596
0.0067282
0.00838387
0.00841334
0.00674325
0.00397839
0.00307155
0.00283719
0.00280725
0.00282821
0.0028557
0.00287686
0.00288794
0.00288822
0.00287769
0.00285747
0.00283155
0.00281394
0.00285007
0.00309917
0.00402703
0.00678004
0.00836156
0.00840574
0.00678538
0.00400479
0.0030785
0.00283407
0.00279944
0.00281818
0.00284469
0.00286544
0.00287642
0.00287688
0.00286679
0.00284735
0.00282288
0.00280828
0.00285112
0.00311041
0.00406203
0.00682759
0.00833714
0.00840195
0.00681538
0.00402405
0.00308476
0.00283072
0.00279158
0.0028084
0.00283402
0.0028544
0.00286524
0.00286577
0.00285599
0.00283737
0.00281468
0.00280363
0.00285397
0.00313282
0.00410775
0.00687959
0.00831199
0.00840345
0.00684868
0.00404537
0.00308926
0.00282692
0.00278378
0.00279856
0.00282343
0.00284355
0.00285439
0.00285527
0.00284614
0.00282845
0.0028074
0.00279987
0.00285715
0.00314731
0.00414797
0.00692738
0.00828322
0.00840883
0.00686647
0.00405773
0.00309294
0.00282255
0.00277577
0.00278927
0.00281352
0.00283353
0.00284438
0.0028453
0.00283636
0.00281956
0.00280091
0.0027972
0.00286431
0.00317644
0.00420188
0.00698056
0.00825212
0.00842228
0.00688542
0.00407037
0.00309275
0.00281743
0.00276808
0.00277993
0.00280408
0.00282416
0.00283515
0.00283675
0.00282895
0.00281327
0.00279624
0.00279736
0.00287117
0.00319655
0.00425264
0.00702863
0.00821498
0.00844065
0.00688439
0.00406988
0.0030907
0.00281144
0.00276019
0.00277234
0.00279636
0.00281688
0.00282847
0.00282996
0.00282165
0.00280664
0.00279366
0.00279942
0.0028861
0.0032373
0.00432151
0.00708365
0.00817273
0.00847964
0.00687634
0.00406476
0.00308565
0.00280454
0.00275388
0.00276506
0.00279091
0.00281276
0.00282429
0.00282634
0.00281952
0.00280633
0.00279476
0.00280439
0.0028998
0.00326776
0.00439134
0.00713271
0.00812047
0.00851692
0.00685277
0.00404993
0.00307509
0.00279744
0.00274738
0.00276344
0.00279129
0.00281373
0.00282573
0.0028278
0.00282059
0.00280785
0.00279888
0.00281597
0.00293021
0.00333089
0.00448692
0.00719041
0.0080583
0.00859491
0.00681715
0.00402664
0.00306124
0.00278943
0.00274775
0.00276593
0.00279406
0.00281669
0.00282887
0.00283159
0.00282485
0.00281297
0.00280807
0.00283179
0.00295485
0.00337965
0.00459165
0.00723936
0.00797945
0.00866057
0.00673813
0.00397873
0.00303988
0.00278598
0.00275205
0.00277157
0.00280074
0.00282448
0.0028368
0.00283942
0.00283363
0.00282255
0.00281901
0.00285267
0.00300658
0.00347912
0.00473909
0.00729719
0.00788228
0.00879747
0.00666172
0.00392614
0.00301695
0.00278985
0.00276125
0.00278306
0.00281663
0.00284162
0.00285293
0.00285389
0.00284512
0.00283685
0.00284181
0.00288538
0.00304865
0.00355712
0.00489888
0.00734078
0.0077574
0.00890417
0.00649746
0.00383887
0.00299579
0.0028012
0.00278116
0.00280701
0.00283614
0.00286068
0.00287123
0.00287388
0.00286856
0.0028619
0.00286442
0.00292187
0.00313768
0.00371703
0.00511976
0.00738741
0.0076004
0.00912741
0.00635369
0.00375464
0.00299088
0.00281938
0.00280492
0.00283505
0.0028775
0.0029012
0.00290886
0.00290607
0.00289513
0.00289143
0.00291232
0.00298885
0.00321583
0.00385095
0.0053703
0.00740004
0.00739795
0.00929007
0.00604686
0.00366201
0.00299504
0.00285957
0.00285597
0.00289225
0.00291995
0.0029383
0.00294442
0.00294545
0.00294175
0.00294288
0.00295775
0.00305762
0.00336898
0.00412502
0.00570769
0.00739496
0.00714061
0.00964928
0.00582136
0.00359389
0.0030112
0.00290678
0.00290878
0.00295077
0.00299535
0.00301514
0.0030181
0.00300861
0.00299898
0.00299882
0.00305568
0.00319576
0.00355097
0.0043716
0.00603669
0.00737248
0.00680872
0.00985436
0.00536933
0.00349231
0.00306038
0.00300899
0.00302586
0.00307342
0.00309015
0.00308484
0.0030819
0.00307772
0.003082
0.00310286
0.00315143
0.00334296
0.00382264
0.00483218
0.00647536
0.00731165
0.00638811
0.0102998
0.00505797
0.0034756
0.00314959
0.00311573
0.00313866
0.00318062
0.00319808
0.00321246
0.00321188
0.00320252
0.0031983
0.00321485
0.00335654
0.00364676
0.00423824
0.00530322
0.00682037
0.00718269
0.0058444
0.0103309
0.00465139
0.00353335
0.00333762
0.0033362
0.00337854
0.00339547
0.00340018
0.00335827
0.00333811
0.00332609
0.00334454
0.00344196
0.00360196
0.00399001
0.00476557
0.00625486
0.00697016
0.00691692
0.00515602
0.0104421
0.00470319
0.00375961
0.00363624
0.00360263
0.0035968
0.00361032
0.00355934
0.00354065
0.00353722
0.00356116
0.00361497
0.00371495
0.00403922
0.00476167
0.00586807
0.00678073
0.00696684
0.00644421
0.00425071
0.0104376
0.00469458
0.00374402
0.00361914
0.00358567
0.00357939
0.00358373
0.00353926
0.00352074
0.00351706
0.00353916
0.00359501
0.00369825
0.00400266
0.00469608
0.00580924
0.00677397
0.00697752
0.00649059
0.00429997
0.0103205
0.00465898
0.00352385
0.0033175
0.00331662
0.00336242
0.00338192
0.00338655
0.00334661
0.00332691
0.00331455
0.00332589
0.00342302
0.00358812
0.00396372
0.00472788
0.00622411
0.00696657
0.00694782
0.0051992
0.0102842
0.00508097
0.0034732
0.00314122
0.00310542
0.00312732
0.0031698
0.00318653
0.00320139
0.00320146
0.00319528
0.00319206
0.00320525
0.00333831
0.00363061
0.00421509
0.00527274
0.00680973
0.00719575
0.00587808
0.00983478
0.00539161
0.00349828
0.00305554
0.00300162
0.00301712
0.00306566
0.003084
0.00307942
0.00307473
0.00307001
0.00307149
0.00309755
0.0031431
0.00333144
0.00380326
0.00480785
0.00645015
0.00731891
0.00641547
0.00962878
0.0058419
0.00359935
0.00300957
0.00290226
0.0029035
0.00294473
0.00298832
0.00300902
0.00301273
0.00300647
0.00299529
0.00299293
0.00304975
0.00318774
0.00354063
0.004354
0.0060207
0.00737608
0.00682962
0.00927545
0.00606525
0.00366917
0.00299478
0.0028563
0.00285208
0.00288797
0.0029167
0.00293435
0.00294022
0.00293952
0.00293691
0.00294018
0.00295364
0.00305213
0.00335855
0.00411066
0.00568757
0.00739712
0.00715727
0.00911472
0.00636809
0.00376022
0.00299116
0.00281749
0.00280235
0.00283194
0.00287318
0.00289796
0.00290585
0.00290527
0.00289285
0.00288779
0.00290917
0.00298489
0.00321146
0.00384121
0.00535765
0.00740155
0.00741052
0.00889445
0.00650971
0.00384685
0.00299698
0.00279989
0.00277926
0.00280473
0.0028338
0.00285839
0.00286888
0.00287024
0.00286625
0.00286038
0.00286218
0.00291864
0.00313175
0.00370931
0.00510686
0.00738624
0.00761028
0.00878916
0.00667055
0.00393113
0.00301909
0.00278922
0.00276011
0.00278161
0.00281482
0.00283971
0.00285134
0.00285298
0.00284347
0.0028347
0.00284004
0.00288353
0.00304546
0.00355172
0.0048916
0.0073401
0.00776484
0.00865433
0.00674547
0.00398411
0.00304177
0.00278577
0.0027513
0.00277057
0.00279967
0.00282328
0.0028355
0.00283782
0.00283222
0.00282154
0.00281771
0.00285084
0.00300405
0.00347474
0.00473125
0.00729542
0.00788806
0.00858966
0.00682249
0.00403041
0.00306312
0.00278997
0.00274732
0.00276512
0.00279306
0.00281569
0.00282819
0.00283086
0.0028239
0.00281189
0.00280686
0.00283072
0.00295306
0.00337652
0.00458756
0.00723841
0.00798379
0.00851305
0.00685718
0.0040531
0.00307644
0.00279773
0.00274713
0.00276286
0.00279074
0.002813
0.00282476
0.00282665
0.00281978
0.00280725
0.00279822
0.00281488
0.0029287
0.00332831
0.00448266
0.00718884
0.00806163
0.00847642
0.0068795
0.00406714
0.00308678
0.00280505
0.002754
0.00276484
0.00279028
0.00281203
0.00282371
0.00282594
0.00281893
0.0028055
0.00279414
0.00280371
0.00289881
0.00326616
0.00438931
0.00713197
0.00812299
0.00843832
0.00688695
0.00407185
0.00309162
0.0028117
0.00276016
0.00277222
0.00279622
0.00281663
0.0028281
0.00282953
0.00282139
0.00280653
0.00279325
0.00279895
0.00288534
0.00323608
0.00431909
0.00708249
0.00817464
0.00842037
0.00688762
0.0040721
0.00309352
0.00281783
0.00276826
0.00277993
0.00280396
0.00282402
0.002835
0.00283656
0.00282864
0.0028129
0.00279597
0.00279703
0.00287068
0.00319571
0.00425168
0.00702818
0.00821644
0.00840747
0.00686763
0.00405873
0.00309361
0.00282274
0.0027758
0.00278925
0.00281346
0.00283341
0.00284425
0.0028452
0.00283632
0.00281952
0.00280076
0.00279694
0.00286394
0.0031758
0.00420048
0.00697974
0.00825321
0.00840236
0.00685
0.00404644
0.00308969
0.00282718
0.00278392
0.0027986
0.00282341
0.00284352
0.00285434
0.00285517
0.00284601
0.0028283
0.00280728
0.00279974
0.0028569
0.00314686
0.00414753
0.00692714
0.00828407
0.00840101
0.00681591
0.00402461
0.00308514
0.00283083
0.00279161
0.0028084
0.002834
0.00285437
0.00286521
0.00286575
0.00285598
0.00283735
0.00281461
0.00280351
0.00285379
0.00313248
0.00410691
0.00687903
0.0083126
0.00840523
0.00678616
0.00400549
0.0030788
0.00283424
0.00279954
0.00281823
0.00284471
0.00286544
0.00287639
0.00287683
0.00286673
0.00284728
0.00282282
0.00280822
0.00285099
0.00311016
0.00406184
0.00682751
0.00833763
0.00841277
0.00674345
0.00397868
0.00307176
0.00283725
0.00280725
0.00282821
0.00285569
0.00287685
0.00288793
0.00288822
0.0028777
0.00285747
0.00283153
0.00281388
0.00284997
0.003099
0.0040265
0.00677965
0.0083619
0.00842326
0.00670594
0.00395556
0.00306431
0.00284028
0.00281516
0.00283824
0.00286672
0.00288833
0.00289958
0.00289981
0.00288899
0.00286805
0.00284062
0.00281986
0.00284951
0.00308094
0.00398591
0.00672821
0.00838415
0.00843557
0.00665819
0.00392617
0.00305621
0.00284317
0.00282301
0.00284839
0.00287793
0.00290001
0.00291144
0.00291158
0.00290045
0.00287886
0.00285013
0.00282664
0.00285017
0.00307171
0.00395361
0.00667953
0.00840656
0.00845059
0.00661529
0.00390008
0.0030483
0.00284631
0.00283106
0.00285861
0.00288918
0.00291173
0.00292334
0.00292345
0.00291206
0.00288984
0.00285979
0.0028335
0.00285091
0.00305663
0.00391581
0.00662718
0.00842791
0.00846661
0.00656361
0.00386886
0.00303961
0.00284926
0.00283912
0.00286895
0.00290057
0.00292359
0.00293538
0.00293546
0.00292382
0.00290105
0.00286985
0.00284112
0.00285331
0.00304873
0.00388527
0.006577
0.00844997
0.00848483
0.00651687
0.00384141
0.00303184
0.00285262
0.00284738
0.00287938
0.00291201
0.0029355
0.00294746
0.00294752
0.00293565
0.00291233
0.00287993
0.00284857
0.00285482
0.00303582
0.00384931
0.00652311
0.00847158
0.00850371
0.00646228
0.00380965
0.00302337
0.00285594
0.00285572
0.00288993
0.00292358
0.00294751
0.00295965
0.00295969
0.00294763
0.00292384
0.00289043
0.00285687
0.0028584
0.00302894
0.00381981
0.006471
0.00849423
0.00852463
0.00641223
0.0037816
0.00301611
0.00285978
0.00286431
0.00290063
0.00293522
0.00295958
0.00297189
0.00297191
0.00295965
0.00293536
0.00290087
0.00286481
0.00286069
0.00301773
0.00378515
0.00641518
0.00851686
0.00854607
0.00635499
0.00374978
0.00300817
0.0028636
0.00287299
0.00291144
0.00294697
0.00297175
0.00298421
0.00298423
0.00297181
0.00294712
0.00291174
0.00287368
0.00286517
0.00301172
0.00375632
0.00636087
0.00854072
0.00856947
0.00630184
0.00372148
0.00300158
0.002868
0.00288198
0.00292241
0.00295882
0.00298397
0.00299657
0.00299658
0.00298399
0.00295887
0.0029225
0.00288212
0.00286825
0.00300195
0.00372267
0.00630289
0.00856487
0.00859336
0.00624208
0.00368988
0.00299435
0.00287239
0.00289106
0.0029335
0.00297075
0.00299627
0.00300901
0.00300902
0.00299631
0.00297084
0.0029337
0.00289151
0.00287346
0.00299675
0.0036943
0.00624622
0.00859039
0.00861917
0.006186
0.00366158
0.00298855
0.00287741
0.00290047
0.00294475
0.00298279
0.00300863
0.00302149
0.00302149
0.00300864
0.0029828
0.00294476
0.00290044
0.00287733
0.00298829
0.00366151
0.00618597
0.00861642
0.00864552
0.00612383
0.00363038
0.00298216
0.00288244
0.00290999
0.00295611
0.00299491
0.00302107
0.00303404
0.00303404
0.00302109
0.00299497
0.00295625
0.00291031
0.00288321
0.00298388
0.00363353
0.00612689
0.00864391
0.00867376
0.00606495
0.00360224
0.00297721
0.00288811
0.00291984
0.00296765
0.00300714
0.00303357
0.00304662
0.00304662
0.00303356
0.00300713
0.00296762
0.00291974
0.00288788
0.00297666
0.00360154
0.00606434
0.0086721
0.00870263
0.00600048
0.00357157
0.00297176
0.00289382
0.0029298
0.0029793
0.00301945
0.00304612
0.00305926
0.00305927
0.00304614
0.00301949
0.0029794
0.00293004
0.00289441
0.00297306
0.00357395
0.00600286
0.00870181
0.0087334
0.00593896
0.00354373
0.00296774
0.00290018
0.0029401
0.00299113
0.00303185
0.00305874
0.00307193
0.00307193
0.00305873
0.00303183
0.00299108
0.00293997
0.00289989
0.00296716
0.00354275
0.00593805
0.00873236
0.00876489
0.00587231
0.00351371
0.00296332
0.0029066
0.00295052
0.00300306
0.00304434
0.0030714
0.00308465
0.00308466
0.00307142
0.00304437
0.00300314
0.00295072
0.00290706
0.00296427
0.00351559
0.00587425
0.0087645
0.00879827
0.00580833
0.00348632
0.00296029
0.00291367
0.00296128
0.00301517
0.00305691
0.00308412
0.0030974
0.0030974
0.00308411
0.00305689
0.00301511
0.00296115
0.00291339
0.0029598
0.00348525
0.00580727
0.00879761
0.00883248
0.00573966
0.00345708
0.00295697
0.00292084
0.00297218
0.00302738
0.00306956
0.00309688
0.00311018
0.00311018
0.00309689
0.00306959
0.00302745
0.00297233
0.0029212
0.00295765
0.00345861
0.0057413
0.00883234
0.00886859
0.00567342
0.00343028
0.00295503
0.00292866
0.0029834
0.00303977
0.00308229
0.00310968
0.00312298
0.00312298
0.00310967
0.00308227
0.00303972
0.00298328
0.00292841
0.00295471
0.00342922
0.00567233
0.00886815
0.00890564
0.00560294
0.00340195
0.00295306
0.0029366
0.00299478
0.00305226
0.00309508
0.00312252
0.00313581
0.00313581
0.00312253
0.00309511
0.00305232
0.00299491
0.00293687
0.00295336
0.00340322
0.00560436
0.00890563
0.00894458
0.0055347
0.00337592
0.00295215
0.00294517
0.00300649
0.00306492
0.00310795
0.00313539
0.00314864
0.00314864
0.00313538
0.00310793
0.00306487
0.00300639
0.00294499
0.00295216
0.00337494
0.00553362
0.00894427
0.00898455
0.00546265
0.00334869
0.00295174
0.00295392
0.00301837
0.00307767
0.00312087
0.00314828
0.00316149
0.00316149
0.00314829
0.00312089
0.00307771
0.00301847
0.00295409
0.00295177
0.00334974
0.00546391
0.0089846
0.0090264
0.00539271
0.00332364
0.00295171
0.00296323
0.00303058
0.00309058
0.00313386
0.00316119
0.00317434
0.00317434
0.00316118
0.00313384
0.00309054
0.0030305
0.00296311
0.0029517
0.00332278
0.00539167
0.00902618
0.00906938
0.00531939
0.00329779
0.00295281
0.00297292
0.00304295
0.00310357
0.00314689
0.00317412
0.00318719
0.00318719
0.00317412
0.0031469
0.0031036
0.00304301
0.00297303
0.00295291
0.00329866
0.00532052
0.00906946
0.00911421
0.0052481
0.00327401
0.00295441
0.00298309
0.00305559
0.0031167
0.00315997
0.00318705
0.00320003
0.00320002
0.00318705
0.00315995
0.00311667
0.00305554
0.002983
0.0029543
0.00327326
0.00524712
0.00911404
0.00916024
0.00517387
0.00324986
0.00295692
0.00299371
0.00306842
0.00312991
0.00317308
0.00319999
0.00321285
0.00321286
0.00319999
0.00317309
0.00312993
0.00306847
0.0029938
0.00295708
0.00325059
0.00517489
0.00916033
0.0092081
0.00510163
0.00322776
0.00296021
0.0030048
0.00308149
0.00314323
0.00318622
0.00321292
0.00322566
0.00322566
0.00321292
0.00318622
0.00314321
0.00308145
0.00300473
0.00296005
0.00322711
0.00510073
0.00920796
0.00925721
0.00502696
0.00320571
0.00296433
0.00301635
0.00309476
0.00315664
0.00319939
0.00322584
0.00323844
0.00323844
0.00322584
0.0031994
0.00315666
0.0030948
0.00301642
0.00296451
0.00320634
0.00502788
0.0092573
0.00930813
0.00495415
0.0031858
0.00296939
0.00302836
0.00310826
0.00317014
0.00321258
0.00323874
0.00325119
0.00325119
0.00323874
0.00321257
0.00317013
0.00310823
0.00302829
0.00296922
0.00318523
0.00495332
0.00930802
0.00936037
0.00487923
0.00316639
0.0029753
0.00304081
0.00312195
0.00318371
0.00322578
0.00325162
0.0032639
0.0032639
0.00325162
0.00322578
0.00318373
0.00312198
0.00304088
0.00297547
0.00316693
0.00488007
0.00936046
0.00941445
0.00480628
0.0031493
0.00298225
0.00305373
0.00313584
0.00319735
0.00323897
0.00326447
0.00327656
0.00327656
0.00326447
0.00323897
0.00319734
0.00313582
0.00305367
0.00298208
0.00314881
0.00480552
0.00941436
0.00946997
0.00473137
0.00313316
0.00299005
0.00306707
0.00314991
0.00321105
0.00325216
0.00327728
0.00328917
0.00328917
0.00327728
0.00325217
0.00321106
0.00314994
0.00306713
0.00299022
0.00313362
0.00473213
0.00947005
0.00952741
0.00465835
0.00311958
0.00299896
0.00308085
0.00316415
0.00322478
0.00326534
0.00329004
0.00330173
0.00330173
0.00329004
0.00326533
0.00322478
0.00316413
0.00308079
0.0029988
0.00311914
0.00465766
0.00952734
0.00958647
0.00458343
0.00310735
0.00300872
0.00309502
0.00317853
0.00323856
0.00327849
0.00330275
0.00331422
0.00331422
0.00330275
0.00327849
0.00323857
0.00317856
0.00309508
0.00300888
0.00310775
0.00458412
0.00958655
0.00964762
0.0045101
0.00309791
0.00301958
0.0031096
0.00319306
0.00325235
0.0032916
0.0033154
0.00332664
0.00332663
0.0033154
0.0032916
0.00325235
0.00319304
0.00310955
0.00301944
0.00309752
0.00450946
0.00964756
0.00971062
0.00443492
0.00309016
0.00303125
0.00312452
0.0032077
0.00326616
0.00330468
0.00332799
0.00333898
0.00333898
0.00332799
0.00330468
0.00326617
0.00320772
0.00312457
0.0030314
0.0030905
0.00443557
0.00971068
0.00977375
0.00437086
0.00308578
0.00304396
0.0031398
0.00322246
0.00327997
0.00331771
0.0033405
0.00335123
0.00335123
0.0033405
0.00331771
0.00327996
0.00322244
0.00313975
0.00304385
0.00308578
0.00437026
0.0097737
0.00983805
0.00430548
0.00308359
0.00305735
0.00315536
0.0032373
0.00329377
0.00333068
0.00335293
0.0033634
0.0033634
0.00335293
0.00333068
0.00329378
0.00323731
0.00315541
0.00305744
0.00308359
0.00430607
0.0098381
0.00990222
0.0042503
0.00308294
0.00307159
0.00317125
0.00325222
0.00330755
0.00334358
0.00336527
0.00337547
0.00337547
0.00336527
0.00334358
0.00330754
0.0032522
0.00317122
0.00307152
0.00308293
0.00424974
0.00990218
0.00996678
0.0041942
0.00308442
0.00308653
0.0031874
0.00326719
0.00332129
0.00335641
0.00337751
0.00338743
0.00338743
0.00337752
0.00335642
0.0033213
0.0032672
0.00318743
0.00308659
0.00308445
0.00419473
0.00996682
0.0100307
0.0041474
0.00308865
0.0031022
0.00320381
0.0032822
0.003335
0.00336916
0.00338966
0.00339929
0.00339929
0.00338966
0.00336916
0.00333499
0.00328219
0.00320378
0.00310215
0.00308861
0.00414692
0.0100307
0.0100941
0.00409986
0.00309401
0.00311851
0.00322037
0.00329722
0.00334864
0.00338182
0.0034017
0.00341103
0.00341103
0.0034017
0.00338182
0.00334864
0.00329723
0.0032204
0.00311855
0.00309406
0.00410032
0.0100941
0.0101561
0.00406077
0.00310201
0.00313554
0.00323713
0.00331226
0.00336222
0.00339438
0.00341362
0.00342265
0.00342265
0.00341362
0.00339438
0.00336222
0.00331225
0.00323711
0.0031355
0.00310195
0.00406035
0.0101561
0.0102165
0.00402146
0.0031109
0.00315305
0.003254
0.00332727
0.00337573
0.00340683
0.00342542
0.00343414
0.00343414
0.00342542
0.00340683
0.00337573
0.00332728
0.00325402
0.00315308
0.00311097
0.00402187
0.0102165
0.0102746
0.00398938
0.00312228
0.00317125
0.003271
0.00334227
0.00338915
0.00341917
0.00343709
0.00344549
0.00344549
0.00343709
0.00341917
0.00338915
0.00334226
0.00327099
0.00317122
0.00312221
0.003989
0.0102746
0.0103298
0.00395746
0.00313437
0.00318979
0.00328805
0.00335722
0.00340248
0.00343139
0.00344863
0.00345671
0.00345671
0.00344863
0.00343139
0.00340248
0.00335723
0.00328806
0.00318983
0.00313445
0.00395783
0.0103298
0.0103815
0.00393187
0.00314875
0.00320893
0.00330521
0.00337213
0.0034157
0.00344348
0.00346003
0.00346778
0.00346778
0.00346003
0.00344348
0.0034157
0.00337212
0.0033052
0.00320891
0.00314867
0.00393154
0.0103815
0.0104289
0.00390662
0.00316371
0.00322828
0.00332238
0.00338696
0.00342881
0.00345543
0.00347128
0.0034787
0.0034787
0.00347128
0.00345543
0.00342881
0.00338696
0.00332239
0.00322831
0.00316379
0.00390695
0.0104289
0.0104711
0.00388697
0.00318073
0.00324814
0.00333962
0.00340172
0.0034418
0.00346725
0.00348238
0.00348946
0.00348946
0.00348238
0.00346724
0.0034418
0.00340171
0.00333961
0.00324812
0.00318065
0.00388668
0.0104711
0.0105074
0.00386772
0.0031982
0.00326811
0.00335681
0.00341636
0.00345464
0.0034789
0.00349332
0.00350006
0.00350006
0.00349332
0.0034789
0.00345465
0.00341637
0.00335681
0.00326814
0.00319828
0.00386802
0.0105074
0.0105367
0.00385343
0.00321749
0.0032885
0.00337401
0.00343091
0.00346735
0.00349041
0.00350409
0.00351049
0.00351049
0.00350409
0.00349041
0.00346735
0.00343091
0.003374
0.00328847
0.00321742
0.00385317
0.0105366
0.0105573
0.00383952
0.00323711
0.00330888
0.0033911
0.00344531
0.0034799
0.00350174
0.0035147
0.00352075
0.00352075
0.0035147
0.00350174
0.0034799
0.00344531
0.00339111
0.00330891
0.00323719
0.00383979
0.0105573
0.0105673
0.00383002
0.0032583
0.00332958
0.00340816
0.00345958
0.00349229
0.00351291
0.00352513
0.00353084
0.00353084
0.00352513
0.00351291
0.00349229
0.00345958
0.00340816
0.00332956
0.00325823
0.00382979
0.0105673
0.0105707
0.00382092
0.00327967
0.00335018
0.00342506
0.00347367
0.0035045
0.0035239
0.00353539
0.00354075
0.00354075
0.00353539
0.0035239
0.0035045
0.00347368
0.00342506
0.0033502
0.00327974
0.00382116
0.0105706
0.0105625
0.00381555
0.00330233
0.00337097
0.00344186
0.00348761
0.00351653
0.00353471
0.00354546
0.00355047
0.00355047
0.00354546
0.00353471
0.00351653
0.0034876
0.00344185
0.00337095
0.00330227
0.00381535
0.0105624
0.0105384
0.00381069
0.00332503
0.00339156
0.00345844
0.00350133
0.00352837
0.00354533
0.00355534
0.00356001
0.00356001
0.00355535
0.00354533
0.00352837
0.00350133
0.00345845
0.00339158
0.00332509
0.0038107
0.0105383
0.0105025
0.00380842
0.0033487
0.00341222
0.00347487
0.00351486
0.00354002
0.00355576
0.00356504
0.00356936
0.00356936
0.00356504
0.00355576
0.00354002
0.00351486
0.00347487
0.0034122
0.00334865
0.00380842
0.0105025
0.0104486
0.00380736
0.00337228
0.00343258
0.00349103
0.00352816
0.00355145
0.003566
0.00357455
0.00357853
0.00357853
0.00357455
0.003566
0.00355145
0.00352816
0.00349104
0.0034326
0.00337232
0.00380737
0.0104486
0.0103794
0.00380714
0.00339645
0.00345288
0.00350698
0.00354123
0.00356267
0.00357603
0.00358387
0.00358751
0.00358751
0.00358387
0.00357603
0.00356267
0.00354123
0.00350697
0.00345287
0.00339641
0.00380714
0.0103794
0.0102898
0.00380853
0.00342045
0.00347279
0.0035226
0.00355404
0.00357367
0.00358587
0.003593
0.0035963
0.0035963
0.003593
0.00358587
0.00357367
0.00355404
0.00352261
0.0034728
0.00342048
0.00380854
0.0102897
0.0101815
0.00381057
0.00344463
0.00349248
0.00353795
0.0035666
0.00358445
0.0035955
0.00360193
0.0036049
0.0036049
0.00360193
0.0035955
0.00358445
0.0035666
0.00353795
0.00349247
0.00344461
0.00381057
0.0101815
0.0100502
0.00381347
0.00346849
0.0035117
0.00355293
0.00357887
0.00359499
0.00360492
0.00361068
0.00361332
0.00361332
0.00361068
0.00360492
0.00359499
0.00357888
0.00355293
0.00351171
0.00346851
0.00381348
0.0100502
0.0098973
0.00381663
0.00349216
0.00353055
0.00356758
0.00359087
0.00360529
0.00361414
0.00361924
0.00362157
0.00362157
0.00361924
0.00361414
0.00360529
0.00359087
0.00356757
0.00353054
0.00349215
0.00381662
0.0098973
0.00971929
0.00382011
0.00351531
0.00354885
0.00358181
0.00360255
0.00361535
0.00362316
0.00362762
0.00362964
0.00362964
0.00362762
0.00362316
0.00361535
0.00360255
0.00358181
0.00354886
0.00351532
0.00382012
0.00971928
0.00951738
0.0038234
0.00353794
0.00356664
0.00359565
0.00361394
0.00362518
0.00363197
0.00363582
0.00363755
0.00363755
0.00363582
0.00363197
0.00362518
0.00361394
0.00359565
0.00356663
0.00353793
0.00382339
0.00951738
0.00928895
0.00382647
0.00355981
0.00358379
0.00360904
0.003625
0.00363475
0.00364059
0.00364385
0.00364531
0.00364531
0.00364385
0.00364059
0.00363475
0.003625
0.00360904
0.0035838
0.00355982
0.00382649
0.00928894
0.00903544
0.00382886
0.00358085
0.00360032
0.00362199
0.00363573
0.00364408
0.00364901
0.00365173
0.00365292
0.00365292
0.00365173
0.00364901
0.00364408
0.00363573
0.00362199
0.00360032
0.00358084
0.00382886
0.00903544
0.00875525
0.00383018
0.0036009
0.00361613
0.00363446
0.00364613
0.00365316
0.00365725
0.00365946
0.00366041
0.00366041
0.00365946
0.00365725
0.00365316
0.00364613
0.00363446
0.00361613
0.00360091
0.00383019
0.00875524
0.00845034
0.00383068
0.00361989
0.00363122
0.00364645
0.0036562
0.00366201
0.00366531
0.00366705
0.00366779
0.00366779
0.00366705
0.00366531
0.00366201
0.0036562
0.00364645
0.00363121
0.00361989
0.00383069
0.00845034
0.00812024
0.00383021
0.00363764
0.00364552
0.00365794
0.00366592
0.00367061
0.00367321
0.00367453
0.00367507
0.00367507
0.00367453
0.00367321
0.00367061
0.00366592
0.00365794
0.00364552
0.00363765
0.00383022
0.00812023
0.00776768
0.00382735
0.00365405
0.00365903
0.00366893
0.00367532
0.00367898
0.00368095
0.0036819
0.00368228
0.00368228
0.0036819
0.00368095
0.00367898
0.00367532
0.00366893
0.00365903
0.00365405
0.00382735
0.00776768
0.00739336
0.00382333
0.00366915
0.00367174
0.00367942
0.00368437
0.00368714
0.00368854
0.00368919
0.00368943
0.00368943
0.00368919
0.00368854
0.00368714
0.00368437
0.00367942
0.00367174
0.00366915
0.00382334
0.00739335
0.00700084
0.00381671
0.00368272
0.00368362
0.00368941
0.00369311
0.00369508
0.00369602
0.00369642
0.00369656
0.00369656
0.00369642
0.00369602
0.00369508
0.00369311
0.00368941
0.00368362
0.00368272
0.00381671
0.00700084
0.00659185
0.00380847
0.00369498
0.00369474
0.00369894
0.00370155
0.00370284
0.0037034
0.00370361
0.00370368
0.00370368
0.00370361
0.0037034
0.00370284
0.00370155
0.00369894
0.00369474
0.00369498
0.00380847
0.00659185
0.00617058
0.00379767
0.00370577
0.0037051
0.003708
0.00370969
0.00371043
0.0037107
0.00371078
0.0037108
0.0037108
0.00371078
0.0037107
0.00371043
0.00370969
0.003708
0.0037051
0.00370577
0.00379767
0.00617059
0.00573925
0.00378544
0.0037155
0.00371483
0.00371665
0.00371758
0.00371789
0.00371795
0.00371795
0.00371795
0.00371795
0.00371795
0.00371795
0.00371789
0.00371758
0.00371665
0.00371483
0.00371551
0.00378544
0.00573924
0.00530178
0.00377206
0.0037243
0.00372396
0.00372492
0.00372524
0.00372525
0.00372519
0.00372514
0.00372512
0.00372512
0.00372514
0.00372519
0.00372525
0.00372524
0.00372492
0.00372396
0.0037243
0.00377206
0.00530179
0.0048594
0.00376059
0.00373287
0.00373264
0.00373284
0.00373273
0.00373256
0.00373242
0.00373235
0.00373231
0.00373231
0.00373235
0.00373242
0.00373256
0.00373273
0.00373284
0.00373264
0.00373287
0.00376059
0.00485939
0.00441489
0.00375346
0.00374141
0.00374096
0.00374056
0.00374012
0.00373987
0.00373975
0.00373969
0.00373966
0.00373966
0.00373969
0.00373975
0.00373987
0.00374012
0.00374056
0.00374096
0.00374141
0.00375346
0.00441489
0.00397118
0.00375019
0.00374679
0.0037468
0.00374652
0.00374628
0.00374612
0.00374604
0.003746
0.00374598
0.00374598
0.003746
0.00374604
0.00374612
0.00374628
0.00374652
0.0037468
0.00374679
0.00375019
0.00397117
)
;

boundaryField
{
    outlet
    {
        type            inletOutlet;
        inletValue      uniform 0.001;
        value           nonuniform List<scalar> 
20
(
0.0327579
0.0518757
0.0576682
0.0619801
0.0632334
0.0598738
0.0508953
0.0380505
0.0250947
0.0177458
0.0203502
0.0306397
0.0435964
0.0552277
0.0619649
0.0635519
0.0611934
0.0561882
0.0498845
0.0311354
)
;
    }
    inlet1
    {
        type            turbulentIntensityKineticEnergyInlet;
        intensity       0.05;
        U               U;
        phi             phi;
        value           uniform 0.00375;
    }
    inlet2
    {
        type            turbulentIntensityKineticEnergyInlet;
        intensity       0.05;
        U               U;
        phi             phi;
        value           uniform 0.00375;
    }
    frontAndBack
    {
        type            empty;
    }
    defaultFaces
    {
        type            kqRWallFunction;
        value           nonuniform List<scalar> 
620
(
0.0327579
0.0327973
0.0328007
0.0327949
0.0327728
0.0327621
0.0327323
0.032718
0.0326849
0.0326683
0.0326333
0.0326136
0.0325776
0.0325541
0.0325173
0.0324896
0.0324518
0.0324199
0.0323808
0.0323448
0.032304
0.0322644
0.0322219
0.0321793
0.0321352
0.03209
0.0320442
0.0319967
0.0319488
0.0318988
0.0318486
0.0317959
0.031743
0.0316876
0.0316316
0.031573
0.0315136
0.0314515
0.0313882
0.0313218
0.0312533
0.0311806
0.031105
0.0310243
0.0309393
0.0308483
0.0307514
0.0306474
0.0305361
0.0304164
0.030288
0.0301501
0.0300021
0.0298413
0.0296646
0.0294707
0.0292554
0.029038
0.0288024
0.0285631
0.0283073
0.0280467
0.0277728
0.0274917
0.027197
0.0268937
0.0265765
0.026249
0.0259045
0.0255444
0.0251681
0.0247724
0.0243587
0.0239239
0.0234695
0.0229939
0.0224988
0.0219848
0.0214543
0.0209098
0.0203537
0.0197876
0.0192077
0.0185966
0.0179207
0.0172237
0.0164721
0.0156467
0.0147139
0.0136207
0.0122953
0.0106266
0.00853332
0.0060519
0.00339381
0.00235663
0.00274575
0.00552271
0.00876166
0.00991655
0.0311354
0.0311617
0.0311578
0.0311387
0.0311117
0.0310901
0.0310537
0.0310309
0.0309908
0.0309659
0.0309246
0.0308968
0.030855
0.0308239
0.0307818
0.0307471
0.0307043
0.030666
0.0306221
0.0305803
0.0305348
0.0304898
0.0304426
0.0303946
0.0303456
0.0302953
0.0302448
0.0301926
0.0301407
0.030087
0.0300335
0.029978
0.0299227
0.0298656
0.0298084
0.0297494
0.0296902
0.0296295
0.0295683
0.0295055
0.0294422
0.0293772
0.0293112
0.0292433
0.0291738
0.0291016
0.0290264
0.0289476
0.0288647
0.0287773
0.028685
0.0285873
0.0284843
0.0283754
0.0282612
0.0281418
0.0280155
0.0278788
0.0277319
0.027568
0.0273875
0.0271822
0.0269633
0.0267339
0.0264934
0.0262434
0.0259818
0.0257098
0.0254233
0.0251243
0.0248102
0.0244808
0.0241263
0.0237558
0.0233563
0.0229351
0.0224822
0.0220021
0.0214878
0.0209423
0.0203615
0.0197478
0.019099
0.0184173
0.0177
0.0169396
0.0161102
0.0151528
0.0140576
0.012782
0.0112248
0.0093122
0.00711286
0.00498601
0.00301673
0.0023222
0.0026082
0.00528049
0.00862453
0.00984826
0.00340267
0.00278241
0.00215001
0.00154379
0.00101428
0.000560601
0.000251125
9.16347e-05
3.94157e-05
6.01765e-05
4.68609e-05
3.34825e-05
4.53324e-05
0.000126777
0.000434739
0.000934624
0.00151196
0.00215714
0.00281658
0.00344946
0.00397118
0.00441489
0.0048594
0.00530178
0.00573924
0.00617058
0.00659185
0.00700084
0.00739336
0.00776768
0.00812024
0.00845034
0.00875525
0.00903545
0.00928895
0.00951739
0.00971929
0.00989731
0.0100502
0.0101815
0.0102898
0.0103794
0.0104486
0.0105025
0.0105384
0.0105625
0.0105707
0.0105673
0.0105573
0.0105367
0.0105074
0.0104711
0.0104289
0.0103815
0.0103298
0.0102746
0.0102165
0.0101561
0.0100941
0.0100307
0.00996679
0.00990222
0.00983806
0.00977375
0.00971063
0.00964762
0.00958648
0.0095274
0.00946998
0.00941444
0.00936038
0.00930812
0.00925722
0.00920809
0.00916025
0.0091142
0.00906939
0.00902639
0.00898457
0.00894456
0.00890566
0.00886857
0.00883251
0.00879824
0.00876491
0.00873337
0.00870267
0.00867373
0.00864556
0.00861914
0.00859342
0.00856945
0.00854616
0.00852463
0.00850385
0.00848487
0.00846682
0.0084507
0.00843592
0.00842352
0.00841334
0.00840574
0.00840195
0.00840345
0.00840883
0.00842228
0.00844065
0.00847964
0.00851692
0.00859491
0.00866057
0.00879747
0.00890417
0.00912741
0.00929007
0.00964928
0.00985436
0.0102998
0.0103309
0.0104421
0.00397117
0.00441489
0.00485939
0.00530179
0.00573924
0.00617059
0.00659185
0.00700085
0.00739335
0.00776768
0.00812023
0.00845034
0.00875524
0.00903544
0.00928894
0.00951738
0.00971928
0.0098973
0.0100502
0.0101815
0.0102897
0.0103794
0.0104486
0.0105025
0.0105383
0.0105624
0.0105706
0.0105673
0.0105573
0.0105366
0.0105074
0.0104711
0.0104289
0.0103815
0.0103298
0.0102746
0.0102165
0.0101561
0.0100941
0.0100306
0.00996682
0.00990218
0.0098381
0.0097737
0.00971068
0.00964756
0.00958655
0.00952733
0.00947005
0.00941436
0.00936046
0.00930802
0.0092573
0.00920796
0.00916033
0.00911404
0.00906947
0.00902617
0.00898461
0.00894426
0.00890563
0.00886814
0.00883234
0.00879759
0.0087645
0.00873234
0.00870181
0.00867207
0.00864391
0.00861638
0.00859038
0.00856482
0.0085407
0.00851679
0.00849418
0.00847148
0.00844987
0.00842774
0.00840639
0.00838387
0.00836156
0.00833714
0.00831199
0.00828322
0.00825212
0.00821498
0.00817273
0.00812047
0.0080583
0.00797945
0.00788228
0.0077574
0.0076004
0.00739795
0.00714061
0.00680872
0.00638811
0.0058444
0.00515602
0.00425071
0.0104376
0.0103205
0.0102842
0.00983478
0.00962878
0.00927545
0.00911472
0.00889445
0.00878916
0.00865433
0.00858966
0.00851305
0.00847642
0.00843832
0.00842037
0.00840747
0.00840236
0.00840101
0.00840523
0.00841277
0.00842326
0.00843557
0.00845059
0.00846661
0.00848483
0.00850371
0.00852463
0.00854607
0.00856947
0.00859336
0.00861917
0.00864552
0.00867376
0.00870263
0.0087334
0.00876489
0.00879827
0.00883248
0.00886859
0.00890564
0.00894458
0.00898455
0.0090264
0.00906938
0.00911421
0.00916024
0.0092081
0.00925721
0.00930813
0.00936037
0.00941445
0.00946997
0.00952741
0.00958647
0.00964762
0.00971062
0.00977375
0.00983805
0.00990222
0.00996678
0.0100307
0.0100941
0.0101561
0.0102165
0.0102746
0.0103298
0.0103815
0.0104289
0.0104711
0.0105074
0.0105367
0.0105573
0.0105673
0.0105707
0.0105625
0.0105384
0.0105025
0.0104486
0.0103794
0.0102898
0.0101815
0.0100502
0.0098973
0.00971929
0.00951738
0.00928895
0.00903544
0.00875525
0.00845034
0.00812024
0.00776768
0.00739336
0.00700084
0.00659185
0.00617058
0.00573925
0.00530178
0.0048594
0.00441489
0.00397118
0.00429997
0.0051992
0.00587808
0.00641547
0.00682962
0.00715727
0.00741052
0.00761028
0.00776484
0.00788806
0.00798379
0.00806163
0.00812299
0.00817464
0.00821644
0.00825321
0.00828407
0.0083126
0.00833763
0.0083619
0.00838415
0.00840656
0.00842791
0.00844997
0.00847158
0.00849423
0.00851686
0.00854072
0.00856487
0.00859039
0.00861642
0.00864391
0.0086721
0.00870181
0.00873236
0.0087645
0.00879761
0.00883234
0.00886815
0.00890563
0.00894427
0.0089846
0.00902618
0.00906946
0.00911404
0.00916033
0.00920796
0.0092573
0.00930802
0.00936046
0.00941436
0.00947005
0.00952734
0.00958655
0.00964756
0.00971068
0.0097737
0.0098381
0.00990218
0.00996682
0.0100307
0.0100941
0.0101561
0.0102165
0.0102746
0.0103298
0.0103815
0.0104289
0.0104711
0.0105074
0.0105366
0.0105573
0.0105673
0.0105706
0.0105624
0.0105383
0.0105025
0.0104486
0.0103794
0.0102897
0.0101815
0.0100502
0.0098973
0.00971928
0.00951738
0.00928894
0.00903544
0.00875524
0.00845034
0.00812023
0.00776768
0.00739335
0.00700084
0.00659185
0.00617059
0.00573924
0.00530179
0.00485939
0.00441489
0.00397117
)
;
    }
}


// ************************************************************************* //
