/*--------------------------------*- C++ -*----------------------------------*\
| =========                 |                                                 |
| \\      /  F ield         | OpenFOAM: The Open Source CFD Toolbox           |
|  \\    /   O peration     | Version:  2.1.0                                 |
|   \\  /    A nd           | Web:      www.OpenFOAM.org                      |
|    \\/     M anipulation  |                                                 |
\*---------------------------------------------------------------------------*/
FoamFile
{
    version     2.0;
    format      ascii;
    class       volScalarField;
    location    "0.43";
    object      C1;
}
// * * * * * * * * * * * * * * * * * * * * * * * * * * * * * * * * * * * * * //

dimensions      [0 0 0 0 0 0 0];

internalField   nonuniform List<scalar> 
6400
(
5.16793e-05
5.07044e-05
4.96843e-05
4.86583e-05
4.76319e-05
4.66075e-05
4.55862e-05
4.45689e-05
4.35562e-05
4.25485e-05
4.15461e-05
4.05495e-05
3.95588e-05
3.85745e-05
3.75967e-05
3.66258e-05
3.5662e-05
3.47057e-05
3.3757e-05
3.28164e-05
3.1884e-05
3.09603e-05
3.00455e-05
2.91399e-05
2.82438e-05
2.73575e-05
2.64814e-05
2.56158e-05
2.47609e-05
2.39171e-05
2.30846e-05
2.22638e-05
2.14549e-05
2.06583e-05
1.98742e-05
1.91029e-05
1.83448e-05
1.76e-05
1.6869e-05
1.61518e-05
1.54489e-05
1.47605e-05
1.40868e-05
1.3428e-05
1.27845e-05
1.21563e-05
1.15438e-05
1.09471e-05
1.03664e-05
9.80194e-06
9.25386e-06
8.72233e-06
8.20756e-06
7.70968e-06
7.22877e-06
6.76491e-06
6.31818e-06
5.88863e-06
5.47635e-06
5.08136e-06
4.70364e-06
4.34315e-06
3.9998e-06
3.67347e-06
3.36401e-06
3.07125e-06
2.79496e-06
2.53489e-06
2.29075e-06
2.06224e-06
1.84899e-06
1.65063e-06
1.46674e-06
1.29688e-06
1.14059e-06
9.9738e-07
8.66731e-07
7.48108e-07
6.4096e-07
5.44719e-07
4.58801e-07
3.82611e-07
3.15547e-07
2.57e-07
2.06356e-07
1.63003e-07
1.26336e-07
9.57593e-08
7.06887e-08
5.05505e-08
3.4779e-08
2.28155e-08
1.41173e-08
8.1545e-09
4.37154e-09
2.17531e-09
9.08279e-10
2.85235e-10
6.38936e-11
1.15281e-11
5.84653e-05
5.74718e-05
5.64167e-05
5.53447e-05
5.42657e-05
5.31843e-05
5.21028e-05
5.1023e-05
4.99456e-05
4.88715e-05
4.7801e-05
4.67347e-05
4.56728e-05
4.46157e-05
4.35637e-05
4.2517e-05
4.14759e-05
4.04407e-05
3.94118e-05
3.83892e-05
3.73735e-05
3.63648e-05
3.53634e-05
3.43698e-05
3.33841e-05
3.24068e-05
3.14383e-05
3.04788e-05
2.95287e-05
2.85883e-05
2.76579e-05
2.6738e-05
2.58288e-05
2.49308e-05
2.40441e-05
2.31693e-05
2.23066e-05
2.14564e-05
2.06191e-05
1.97949e-05
1.89843e-05
1.81876e-05
1.74051e-05
1.66372e-05
1.58842e-05
1.51464e-05
1.44242e-05
1.37179e-05
1.30278e-05
1.23542e-05
1.16973e-05
1.10576e-05
1.04352e-05
9.83058e-06
9.24397e-06
8.67567e-06
8.12596e-06
7.59507e-06
7.08324e-06
6.5907e-06
6.1176e-06
5.66407e-06
5.23017e-06
4.81595e-06
4.4214e-06
4.04649e-06
3.69112e-06
3.35516e-06
3.03843e-06
2.74072e-06
2.46176e-06
2.20122e-06
1.95875e-06
1.73393e-06
1.52632e-06
1.33542e-06
1.16068e-06
1.00155e-06
8.5739e-07
7.27567e-07
6.11399e-07
5.08179e-07
4.17183e-07
3.37669e-07
2.68885e-07
2.10075e-07
1.60487e-07
1.19375e-07
8.59968e-08
5.96075e-08
3.94432e-08
2.47041e-08
1.45347e-08
8.01304e-09
4.16614e-09
2.13007e-09
9.77999e-10
3.93685e-10
1.44055e-10
5.55193e-11
7.33864e-05
7.23429e-05
7.12106e-05
7.00437e-05
6.88583e-05
6.76627e-05
6.64612e-05
6.52564e-05
6.40501e-05
6.28433e-05
6.16367e-05
6.04308e-05
5.9226e-05
5.80227e-05
5.68212e-05
5.56216e-05
5.44244e-05
5.32298e-05
5.20381e-05
5.08495e-05
4.96643e-05
4.84828e-05
4.73053e-05
4.61321e-05
4.49635e-05
4.37998e-05
4.26414e-05
4.14887e-05
4.03422e-05
3.92022e-05
3.80693e-05
3.69437e-05
3.58259e-05
3.47164e-05
3.36155e-05
3.25237e-05
3.14415e-05
3.03693e-05
2.93077e-05
2.8257e-05
2.72178e-05
2.61906e-05
2.51759e-05
2.41743e-05
2.31862e-05
2.22123e-05
2.1253e-05
2.0309e-05
1.93808e-05
1.84689e-05
1.7574e-05
1.66967e-05
1.58376e-05
1.49972e-05
1.41764e-05
1.33759e-05
1.25962e-05
1.18379e-05
1.11017e-05
1.03881e-05
9.69767e-06
9.03088e-06
8.3882e-06
7.77002e-06
7.17671e-06
6.60856e-06
6.06583e-06
5.54869e-06
5.05727e-06
4.59162e-06
4.15174e-06
3.73752e-06
3.3488e-06
2.98533e-06
2.64678e-06
2.33276e-06
2.04276e-06
1.77623e-06
1.53252e-06
1.31092e-06
1.11066e-06
9.30875e-07
7.70689e-07
6.29169e-07
5.05357e-07
3.98272e-07
3.06922e-07
2.30303e-07
1.67394e-07
1.1713e-07
7.83554e-08
4.97805e-08
2.99324e-08
1.71487e-08
9.65033e-09
5.49699e-09
2.96652e-09
1.52506e-09
7.79756e-10
4.46224e-10
9.7382e-05
9.62591e-05
9.50195e-05
9.37249e-05
9.23976e-05
9.10496e-05
8.96876e-05
8.83156e-05
8.6936e-05
8.55504e-05
8.41596e-05
8.27643e-05
8.1365e-05
7.9962e-05
7.85556e-05
7.7146e-05
7.57335e-05
7.43183e-05
7.29006e-05
7.14808e-05
7.00589e-05
6.86354e-05
6.72104e-05
6.57843e-05
6.43572e-05
6.29296e-05
6.15016e-05
6.00739e-05
5.86467e-05
5.72207e-05
5.57962e-05
5.43737e-05
5.29537e-05
5.15365e-05
5.01228e-05
4.8713e-05
4.73077e-05
4.59074e-05
4.45128e-05
4.31245e-05
4.17431e-05
4.03693e-05
3.90038e-05
3.76474e-05
3.63008e-05
3.49647e-05
3.36402e-05
3.2328e-05
3.1029e-05
2.97442e-05
2.84747e-05
2.72215e-05
2.59856e-05
2.47682e-05
2.35702e-05
2.23928e-05
2.12372e-05
2.01045e-05
1.89956e-05
1.79119e-05
1.68544e-05
1.58242e-05
1.48225e-05
1.38502e-05
1.29084e-05
1.19979e-05
1.11196e-05
1.02743e-05
9.4628e-06
8.68563e-06
7.94336e-06
7.23642e-06
6.56514e-06
5.92972e-06
5.33023e-06
4.76664e-06
4.23876e-06
3.74626e-06
3.28872e-06
2.86557e-06
2.47614e-06
2.11964e-06
1.79521e-06
1.50195e-06
1.23893e-06
1.0052e-06
7.9982e-07
6.21879e-07
4.70461e-07
3.44587e-07
2.43088e-07
1.64433e-07
1.0655e-07
6.6739e-08
4.16378e-08
2.6111e-08
1.58576e-08
9.45968e-09
5.79719e-09
4.0504e-09
0.000131516
0.000130305
0.000128955
0.000127532
0.000126063
0.000124561
0.000123037
0.000121494
0.000119937
0.000118367
0.000116785
0.000115193
0.000113589
0.000111976
0.000110352
0.000108719
0.000107075
0.000105423
0.00010376
0.000102089
0.000100408
9.87186e-05
9.70203e-05
9.53136e-05
9.35988e-05
9.1876e-05
9.01455e-05
8.84075e-05
8.66624e-05
8.49104e-05
8.31521e-05
8.13877e-05
7.96176e-05
7.78424e-05
7.60625e-05
7.42783e-05
7.24904e-05
7.06994e-05
6.89059e-05
6.71104e-05
6.53138e-05
6.35167e-05
6.172e-05
5.99245e-05
5.8131e-05
5.63405e-05
5.45541e-05
5.27727e-05
5.09976e-05
4.92299e-05
4.74709e-05
4.57219e-05
4.39843e-05
4.22592e-05
4.05483e-05
3.88529e-05
3.71748e-05
3.55154e-05
3.38765e-05
3.22597e-05
3.06668e-05
2.90997e-05
2.75601e-05
2.60497e-05
2.45703e-05
2.31236e-05
2.17112e-05
2.03348e-05
1.89958e-05
1.76957e-05
1.6436e-05
1.52179e-05
1.40426e-05
1.29112e-05
1.18246e-05
1.07838e-05
9.7893e-06
8.84175e-06
7.94155e-06
7.08903e-06
6.2844e-06
5.52775e-06
4.81914e-06
4.15869e-06
3.54655e-06
2.98307e-06
2.46877e-06
2.00445e-06
1.5912e-06
1.23034e-06
9.23051e-07
6.69933e-07
4.70332e-07
3.21806e-07
2.19612e-07
1.49972e-07
1.0036e-07
6.68879e-08
4.62806e-08
3.63416e-08
0.000176955
0.000175685
0.000174267
0.000172766
0.000171208
0.00016961
0.000167981
0.000166327
0.000164651
0.000162957
0.000161245
0.000159515
0.000157768
0.000156005
0.000154225
0.000152428
0.000150615
0.000148786
0.000146939
0.000145077
0.000143198
0.000141302
0.00013939
0.000137462
0.000135518
0.000133558
0.000131582
0.00012959
0.000127581
0.000125557
0.000123518
0.000121463
0.000119393
0.000117307
0.000115207
0.000113093
0.000110964
0.000108821
0.000106665
0.000104496
0.000102313
0.000100119
9.79125e-05
9.5695e-05
9.34669e-05
9.12289e-05
8.89817e-05
8.67261e-05
8.44628e-05
8.21928e-05
7.99171e-05
7.76367e-05
7.53527e-05
7.30662e-05
7.07785e-05
6.84908e-05
6.62048e-05
6.39218e-05
6.16435e-05
5.93715e-05
5.71078e-05
5.48544e-05
5.26132e-05
5.03864e-05
4.8176e-05
4.59841e-05
4.38129e-05
4.16645e-05
3.95413e-05
3.74455e-05
3.53792e-05
3.33449e-05
3.13446e-05
2.93808e-05
2.74555e-05
2.55708e-05
2.37289e-05
2.19317e-05
2.01811e-05
1.84788e-05
1.6827e-05
1.52274e-05
1.36823e-05
1.21939e-05
1.07653e-05
9.39999e-06
8.10276e-06
6.87956e-06
5.73828e-06
4.68886e-06
3.74282e-06
2.91239e-06
2.20894e-06
1.64069e-06
1.21191e-06
8.94616e-07
6.51633e-07
4.75405e-07
3.60029e-07
3.04277e-07
0.00023474
0.000233497
0.000232116
0.000230655
0.000229135
0.000227572
0.000225975
0.00022435
0.000222701
0.000221029
0.000219335
0.000217621
0.000215886
0.00021413
0.000212354
0.000210557
0.00020874
0.000206902
0.000205043
0.000203162
0.00020126
0.000199337
0.000197391
0.000195424
0.000193435
0.000191424
0.00018939
0.000187334
0.000185255
0.000183154
0.000181029
0.000178881
0.00017671
0.000174515
0.000172296
0.000170053
0.000167786
0.000165494
0.000163177
0.000160835
0.000158467
0.000156074
0.000153655
0.00015121
0.000148738
0.000146239
0.000143714
0.000141161
0.000138581
0.000135974
0.000133339
0.000130677
0.000127987
0.000125269
0.000122524
0.000119751
0.000116952
0.000114125
0.000111273
0.000108394
0.000105491
0.000102564
9.96143e-05
9.66433e-05
9.36521e-05
9.06419e-05
8.76143e-05
8.45708e-05
8.1513e-05
7.84428e-05
7.53618e-05
7.2272e-05
6.91754e-05
6.60739e-05
6.29695e-05
5.98641e-05
5.67595e-05
5.36573e-05
5.05593e-05
4.7467e-05
4.43816e-05
4.13045e-05
3.82377e-05
3.51837e-05
3.21463e-05
2.9131e-05
2.61465e-05
2.32051e-05
2.03249e-05
1.75334e-05
1.48662e-05
1.23679e-05
1.00911e-05
8.09004e-06
6.42563e-06
5.10026e-06
4.01139e-06
3.16393e-06
2.57511e-06
2.28645e-06
0.000305216
0.00030415
0.000302978
0.00030174
0.000300453
0.000299128
0.000297773
0.000296393
0.00029499
0.000293566
0.000292121
0.000290657
0.000289173
0.00028767
0.000286147
0.000284604
0.000283041
0.000281458
0.000279854
0.00027823
0.000276585
0.000274918
0.00027323
0.000271519
0.000269786
0.000268031
0.000266253
0.00026445
0.000262624
0.000260773
0.000258898
0.000256996
0.000255068
0.000253113
0.00025113
0.000249119
0.000247078
0.000245006
0.000242904
0.000240769
0.000238601
0.000236398
0.00023416
0.000231885
0.000229573
0.000227221
0.000224829
0.000222394
0.000219917
0.000217395
0.000214827
0.000212211
0.000209546
0.00020683
0.000204062
0.00020124
0.000198362
0.000195428
0.000192435
0.000189381
0.000186266
0.000183088
0.000179846
0.00017654
0.000173167
0.000169727
0.000166218
0.000162638
0.000158988
0.000155264
0.000151467
0.000147594
0.000143643
0.000139612
0.0001355
0.000131303
0.000127017
0.000122638
0.000118161
0.000113581
0.000108889
0.000104075
9.91289e-05
9.40405e-05
8.87988e-05
8.33944e-05
7.78214e-05
7.20772e-05
6.61687e-05
6.01254e-05
5.39965e-05
4.78587e-05
4.18212e-05
3.60246e-05
3.0659e-05
2.60549e-05
2.20117e-05
1.86262e-05
1.61166e-05
1.48344e-05
0.000387064
0.00038636
0.000385594
0.000384787
0.000383949
0.000383088
0.000382206
0.000381308
0.000380393
0.000379465
0.000378522
0.000377565
0.000376595
0.000375611
0.000374613
0.000373602
0.000372577
0.000371537
0.000370484
0.000369415
0.000368332
0.000367235
0.000366122
0.000364994
0.000363849
0.000362688
0.000361509
0.000360313
0.000359099
0.000357867
0.000356615
0.000355343
0.00035405
0.000352737
0.000351401
0.000350041
0.000348658
0.00034725
0.000345816
0.000344355
0.000342866
0.000341348
0.000339798
0.000338217
0.000336603
0.000334953
0.000333268
0.000331545
0.000329783
0.000327979
0.000326133
0.000324242
0.000322304
0.000320318
0.000318281
0.000316191
0.000314045
0.000311842
0.000309577
0.000307248
0.000304851
0.000302384
0.000299846
0.000297231
0.000294538
0.000291761
0.000288898
0.000285943
0.000282893
0.000279743
0.000276487
0.000273119
0.000269634
0.000266024
0.000262281
0.000258395
0.000254356
0.000250141
0.000245739
0.000241139
0.000236322
0.000231254
0.000225904
0.000220235
0.000214202
0.000207756
0.000200842
0.000193396
0.000185338
0.00017663
0.000167243
0.000157171
0.000146444
0.000135138
0.00012339
0.000111611
0.000100962
9.12782e-05
8.35027e-05
7.91819e-05
0.000476614
0.000476425
0.00047622
0.000476004
0.000475779
0.000475547
0.000475309
0.000475065
0.000474816
0.000474562
0.000474304
0.00047404
0.000473772
0.0004735
0.000473223
0.000472942
0.000472656
0.000472366
0.000472072
0.000471773
0.00047147
0.000471162
0.00047085
0.000470534
0.000470212
0.000469886
0.000469555
0.000469218
0.000468876
0.000468528
0.000468175
0.000467815
0.00046745
0.000467078
0.0004667
0.000466315
0.000465923
0.000465524
0.000465117
0.000464701
0.000464278
0.000463846
0.000463404
0.000462954
0.000462493
0.000462023
0.000461542
0.000461051
0.000460549
0.000460035
0.000459511
0.000458975
0.000458427
0.000457868
0.000457298
0.000456718
0.000456127
0.000455529
0.000454921
0.0004543
0.000453665
0.000453016
0.000452352
0.000451672
0.000450975
0.000450258
0.000449521
0.000448761
0.000447974
0.000447159
0.00044631
0.000445424
0.000444494
0.000443515
0.000442478
0.000441375
0.000440197
0.00043894
0.000437588
0.00043612
0.000434515
0.000432763
0.000430847
0.000428746
0.000426443
0.000423919
0.000421155
0.000418136
0.000414613
0.000410521
0.000405753
0.000400193
0.000393707
0.000386126
0.000377215
0.000366676
0.000354499
0.00034206
0.000330806
0.000323397
0.000568088
0.00056851
0.000568944
0.000569382
0.000569825
0.000570273
0.000570724
0.000571179
0.000571639
0.000572102
0.00057257
0.000573043
0.000573521
0.000574003
0.000574491
0.000574985
0.000575485
0.00057599
0.000576503
0.000577021
0.000577547
0.00057808
0.00057862
0.000579168
0.000579724
0.000580289
0.000580862
0.000581444
0.000582036
0.000582637
0.000583249
0.000583872
0.000584505
0.00058515
0.000585808
0.000586477
0.000587161
0.000587858
0.000588569
0.000589296
0.000590038
0.000590798
0.000591574
0.00059237
0.000593184
0.000594019
0.000594876
0.000595755
0.000596658
0.000597586
0.00059854
0.000599522
0.000600533
0.000601574
0.000602647
0.000603753
0.000604893
0.000606069
0.000607283
0.000608539
0.000609842
0.000611198
0.000612609
0.000614081
0.000615618
0.000617226
0.00061891
0.000620676
0.00062253
0.000624481
0.000626537
0.000628706
0.000630997
0.000633421
0.000635989
0.000638712
0.000641602
0.000644672
0.000647932
0.000651395
0.000655069
0.000658967
0.000663095
0.000667459
0.000672062
0.000676906
0.000681987
0.000687309
0.000693058
0.000699316
0.000706177
0.000713675
0.000721755
0.000730452
0.000739777
0.000749683
0.000759991
0.000770188
0.000779043
0.000784246
0.000653807
0.000654725
0.000655694
0.000656693
0.000657716
0.000658757
0.000659813
0.000660882
0.000661963
0.000663055
0.000664159
0.000665274
0.000666401
0.00066754
0.000668692
0.000669856
0.000671033
0.000672224
0.000673429
0.000674648
0.000675882
0.000677132
0.000678397
0.000679678
0.000680976
0.000682292
0.000683625
0.000684976
0.000686346
0.000687735
0.000689145
0.000690576
0.000692028
0.000693503
0.000695001
0.000696523
0.00069807
0.000699642
0.000701242
0.000702869
0.000704525
0.00070621
0.000707927
0.000709677
0.00071146
0.000713279
0.000715134
0.000717028
0.000718961
0.000720937
0.000722957
0.000725023
0.000727138
0.000729303
0.000731522
0.000733797
0.000736133
0.000738532
0.000740998
0.000743534
0.000746146
0.000748839
0.000751619
0.00075449
0.000757459
0.000760532
0.000763715
0.000767015
0.00077044
0.000773997
0.000777695
0.000781542
0.000785547
0.000789718
0.000794066
0.000798598
0.000803323
0.000808249
0.000813383
0.00081873
0.000824294
0.000830076
0.000836076
0.000842291
0.000848715
0.00085534
0.000862154
0.000869141
0.000876275
0.000883526
0.000890847
0.000898269
0.000905917
0.000913631
0.000921294
0.00092877
0.000935841
0.000942141
0.00094704
0.000949508
0.000728961
0.000730206
0.000731546
0.000732937
0.000734366
0.000735821
0.000737298
0.000738792
0.000740301
0.000741825
0.000743363
0.000744915
0.000746481
0.000748062
0.000749657
0.000751268
0.000752894
0.000754536
0.000756195
0.00075787
0.000759563
0.000761274
0.000763003
0.000764751
0.000766518
0.000768304
0.000770109
0.000771936
0.000773782
0.00077565
0.00077754
0.000779452
0.000781387
0.000783345
0.000785327
0.000787333
0.000789365
0.000791422
0.000793506
0.000795617
0.000797755
0.000799922
0.000802118
0.000804345
0.000806603
0.000808893
0.000811216
0.000813574
0.000815967
0.000818397
0.000820866
0.000823375
0.000825924
0.000828517
0.000831155
0.000833839
0.000836573
0.000839357
0.000842194
0.000845085
0.000848034
0.000851044
0.000854116
0.000857254
0.00086046
0.000863736
0.000867086
0.000870512
0.000874016
0.0008776
0.000881267
0.000885018
0.000888854
0.000892776
0.000896784
0.000900878
0.000905055
0.000909311
0.000913643
0.000918043
0.000922503
0.000927012
0.000931557
0.000936123
0.000940692
0.000945244
0.000949758
0.000954205
0.000958557
0.000962782
0.000966842
0.000970696
0.000974294
0.00097771
0.000980879
0.000983757
0.00098628
0.000988362
0.000989868
0.000990566
0.000791181
0.000792611
0.000794159
0.000795769
0.000797418
0.000799096
0.000800793
0.000802505
0.00080423
0.000805967
0.000807715
0.000809474
0.000811245
0.000813026
0.000814819
0.000816625
0.000818443
0.000820274
0.000822118
0.000823976
0.000825848
0.000827735
0.000829636
0.000831553
0.000833484
0.000835431
0.000837394
0.000839373
0.000841368
0.000843379
0.000845407
0.000847453
0.000849515
0.000851594
0.00085369
0.000855804
0.000857936
0.000860085
0.000862251
0.000864436
0.000866639
0.000868859
0.000871097
0.000873354
0.000875629
0.000877922
0.000880233
0.000882564
0.000884913
0.000887281
0.000889668
0.000892074
0.000894499
0.000896944
0.000899409
0.000901894
0.000904399
0.000906924
0.00090947
0.000912036
0.000914622
0.000917229
0.000919857
0.000922505
0.000925173
0.00092786
0.000930566
0.00093329
0.00093603
0.000938784
0.000941552
0.000944331
0.000947117
0.000949908
0.000952699
0.000955486
0.000958264
0.000961026
0.000963766
0.000966474
0.000969143
0.000971761
0.00097432
0.000976807
0.00097921
0.000981518
0.000983718
0.000985797
0.000987743
0.000989542
0.000991181
0.000992648
0.000993929
0.000995034
0.000995998
0.000996816
0.000997486
0.000998002
0.000998353
0.000998511
0.000840147
0.000841673
0.000843322
0.000845025
0.000846762
0.000848518
0.000850286
0.000852062
0.000853842
0.000855626
0.000857413
0.000859204
0.000860998
0.000862796
0.000864598
0.000866404
0.000868216
0.000870032
0.000871854
0.000873683
0.000875517
0.000877359
0.000879207
0.000881062
0.000882924
0.000884794
0.000886671
0.000888555
0.000890448
0.000892347
0.000894255
0.00089617
0.000898092
0.000900022
0.00090196
0.000903905
0.000905856
0.000907815
0.000909779
0.00091175
0.000913727
0.000915709
0.000917696
0.000919687
0.000921683
0.000923682
0.000925684
0.000927689
0.000929695
0.000931703
0.000933711
0.000935719
0.000937726
0.000939731
0.000941733
0.000943732
0.000945726
0.000947715
0.000949697
0.000951672
0.000953638
0.000955594
0.000957539
0.000959471
0.00096139
0.000963293
0.000965179
0.000967045
0.00096889
0.000970712
0.000972508
0.000974276
0.000976012
0.000977715
0.00097938
0.000981005
0.000982585
0.000984117
0.000985597
0.00098702
0.000988382
0.000989678
0.000990906
0.000992059
0.000993135
0.000994131
0.000995043
0.000995869
0.000996607
0.000997258
0.00099782
0.000998293
0.000998681
0.000998986
0.000999234
0.000999431
0.000999582
0.000999691
0.000999761
0.000999793
0.00087673
0.000878327
0.000880032
0.000881776
0.000883537
0.000885303
0.000887069
0.00088883
0.000890586
0.000892335
0.000894076
0.000895811
0.000897539
0.00089926
0.000900976
0.000902686
0.000904391
0.000906091
0.000907787
0.000909479
0.000911167
0.000912852
0.000914534
0.000916213
0.000917889
0.000919563
0.000921234
0.000922903
0.000924569
0.000926232
0.000927893
0.000929552
0.000931207
0.00093286
0.00093451
0.000936157
0.000937799
0.000939439
0.000941073
0.000942704
0.000944329
0.000945949
0.000947563
0.00094917
0.000950771
0.000952364
0.000953949
0.000955524
0.00095709
0.000958646
0.00096019
0.000961722
0.000963241
0.000964746
0.000966235
0.000967708
0.000969164
0.000970602
0.00097202
0.000973418
0.000974793
0.000976146
0.000977474
0.000978776
0.000980051
0.000981298
0.000982516
0.000983702
0.000984855
0.000985974
0.000987058
0.000988104
0.000989112
0.00099008
0.000991007
0.00099189
0.00099273
0.000993524
0.000994272
0.000994971
0.000995623
0.000996224
0.000996776
0.000997278
0.000997731
0.000998134
0.000998489
0.000998798
0.000999062
0.000999283
0.000999463
0.000999607
0.000999717
0.000999797
0.000999857
0.000999901
0.000999933
0.000999955
0.000999968
0.000999974
0.000902288
0.000903969
0.000905736
0.000907517
0.000909295
0.000911064
0.000912817
0.000914554
0.000916273
0.000917974
0.000919657
0.000921323
0.000922971
0.000924603
0.000926218
0.000927817
0.000929401
0.000930971
0.000932526
0.000934067
0.000935594
0.000937108
0.000938609
0.000940098
0.000941574
0.000943038
0.000944489
0.00094593
0.000947358
0.000948775
0.00095018
0.000951573
0.000952955
0.000954325
0.000955682
0.000957028
0.000958362
0.000959683
0.000960992
0.000962288
0.000963571
0.000964841
0.000966097
0.00096734
0.000968567
0.00096978
0.000970978
0.000972161
0.000973327
0.000974476
0.000975608
0.000976723
0.000977819
0.000978896
0.000979953
0.00098099
0.000982005
0.000982999
0.00098397
0.000984917
0.000985841
0.000986739
0.000987612
0.000988459
0.000989278
0.00099007
0.000990833
0.000991567
0.000992271
0.000992945
0.000993587
0.000994198
0.000994777
0.000995323
0.000995837
0.000996318
0.000996765
0.000997179
0.000997561
0.000997909
0.000998226
0.000998511
0.000998765
0.000998989
0.000999185
0.000999354
0.000999498
0.000999617
0.000999716
0.000999794
0.000999855
0.000999901
0.000999934
0.000999957
0.000999972
0.000999982
0.000999989
0.000999993
0.000999996
0.000999997
0.000918391
0.000920181
0.000922031
0.00092387
0.000925689
0.000927482
0.000929248
0.000930985
0.000932694
0.000934375
0.000936028
0.000937654
0.000939254
0.000940827
0.000942375
0.000943898
0.000945397
0.000946872
0.000948324
0.000949753
0.000951161
0.000952546
0.000953911
0.000955254
0.000956577
0.00095788
0.000959164
0.000960427
0.000961672
0.000962897
0.000964104
0.000965292
0.000966461
0.000967611
0.000968743
0.000969857
0.000970952
0.00097203
0.000973088
0.000974129
0.000975151
0.000976155
0.00097714
0.000978106
0.000979054
0.000979983
0.000980893
0.000981784
0.000982656
0.000983508
0.000984341
0.000985154
0.000985946
0.000986719
0.00098747
0.000988201
0.000988911
0.0009896
0.000990267
0.000990912
0.000991535
0.000992135
0.000992713
0.000993268
0.0009938
0.000994308
0.000994794
0.000995255
0.000995693
0.000996108
0.000996498
0.000996866
0.00099721
0.00099753
0.000997827
0.000998102
0.000998354
0.000998585
0.000998794
0.000998982
0.00099915
0.000999298
0.000999428
0.000999541
0.000999638
0.000999719
0.000999787
0.000999842
0.000999887
0.000999921
0.000999947
0.000999965
0.000999978
0.000999987
0.000999992
0.000999996
0.000999998
0.000999999
0.000999999
0.001
0.000926792
0.0009287
0.000930648
0.000932565
0.000934447
0.000936291
0.000938099
0.000939868
0.000941602
0.000943299
0.000944961
0.000946588
0.000948181
0.000949741
0.000951268
0.000952764
0.000954229
0.000955663
0.000957068
0.000958444
0.000959791
0.00096111
0.000962402
0.000963667
0.000964905
0.000966118
0.000967305
0.000968467
0.000969604
0.000970717
0.000971806
0.000972871
0.000973913
0.000974931
0.000975927
0.0009769
0.000977851
0.000978779
0.000979686
0.00098057
0.000981433
0.000982275
0.000983095
0.000983894
0.000984671
0.000985428
0.000986164
0.000986879
0.000987573
0.000988246
0.000988899
0.000989532
0.000990144
0.000990736
0.000991307
0.000991859
0.00099239
0.000992901
0.000993392
0.000993863
0.000994314
0.000994746
0.000995157
0.00099555
0.000995922
0.000996276
0.000996611
0.000996926
0.000997223
0.000997502
0.000997762
0.000998005
0.00099823
0.000998439
0.000998631
0.000998807
0.000998967
0.000999112
0.000999244
0.000999361
0.000999465
0.000999557
0.000999637
0.000999706
0.000999766
0.000999816
0.000999857
0.000999892
0.000999919
0.000999941
0.000999959
0.000999972
0.000999981
0.000999989
0.000999994
0.000999997
0.000999999
0.001
0.001
0.001
0.000929474
0.00093147
0.000933501
0.000935491
0.000937436
0.000939338
0.000941196
0.000943011
0.000944785
0.000946518
0.000948211
0.000949865
0.00095148
0.000953059
0.0009546
0.000956106
0.000957577
0.000959014
0.000960416
0.000961786
0.000963124
0.00096443
0.000965706
0.000966951
0.000968166
0.000969351
0.000970508
0.000971637
0.000972738
0.000973812
0.000974858
0.000975878
0.000976872
0.000977841
0.000978784
0.000979702
0.000980595
0.000981465
0.00098231
0.000983131
0.000983929
0.000984704
0.000985456
0.000986186
0.000986893
0.000987578
0.000988241
0.000988882
0.000989502
0.000990101
0.000990678
0.000991235
0.000991772
0.000992288
0.000992784
0.000993261
0.000993717
0.000994154
0.000994572
0.00099497
0.00099535
0.000995712
0.000996055
0.000996381
0.000996689
0.00099698
0.000997253
0.00099751
0.000997751
0.000997976
0.000998186
0.00099838
0.00099856
0.000998726
0.000998878
0.000999018
0.000999145
0.000999259
0.000999363
0.000999456
0.000999538
0.000999611
0.000999676
0.000999732
0.00099978
0.000999821
0.000999857
0.000999886
0.000999911
0.000999931
0.000999947
0.000999961
0.000999972
0.000999981
0.000999989
0.000999995
0.000999998
0.001
0.001
0.001
2.81418e-12
5.78496e-12
1.18539e-11
2.2466e-11
4.02798e-11
6.95589e-11
1.1722e-10
1.9473e-10
3.21567e-10
5.31716e-10
8.86134e-10
1.49744e-09
2.5802e-09
4.55653e-09
8.28366e-09
1.55531e-08
3.01839e-08
6.02555e-08
1.21043e-07
2.24551e-07
3.24073e-11
5.48445e-11
9.64654e-11
1.65087e-10
2.73854e-10
4.43022e-10
7.04545e-10
1.11016e-09
1.74605e-09
2.75995e-09
4.41271e-09
7.17881e-09
1.19478e-08
2.04399e-08
3.60808e-08
6.58647e-08
1.24288e-07
2.40819e-07
4.67599e-07
8.31687e-07
3.75267e-10
5.612e-10
8.63887e-10
1.3246e-09
2.00744e-09
3.00495e-09
4.45775e-09
6.58728e-09
9.75333e-09
1.45581e-08
2.20388e-08
3.40344e-08
5.38993e-08
8.79333e-08
1.48301e-07
2.59055e-07
4.68319e-07
8.69642e-07
1.61607e-06
2.72962e-06
3.95897e-09
5.38703e-09
7.49633e-09
1.04519e-08
1.45334e-08
2.01223e-08
2.77745e-08
3.83419e-08
5.31786e-08
7.44997e-08
1.06024e-07
1.54164e-07
2.30253e-07
3.5487e-07
5.66409e-07
9.38049e-07
1.60994e-06
2.83967e-06
5.00325e-06
7.92157e-06
3.76355e-08
4.74125e-08
6.08007e-08
7.82526e-08
1.00773e-07
1.29697e-07
1.66922e-07
2.15309e-07
2.79342e-07
3.66229e-07
4.87831e-07
6.64031e-07
9.28774e-07
1.34163e-06
2.00964e-06
3.12779e-06
5.04976e-06
8.3769e-06
1.38347e-05
2.03138e-05
3.19748e-07
3.77896e-07
4.52879e-07
5.44774e-07
6.56287e-07
7.91069e-07
9.54396e-07
1.15434e-06
1.40362e-06
1.72252e-06
2.1444e-06
2.72318e-06
3.54809e-06
4.77052e-06
6.65053e-06
9.63673e-06
1.44865e-05
2.23413e-05
3.40718e-05
4.60954e-05
2.38817e-06
2.67787e-06
3.03434e-06
3.44892e-06
3.92511e-06
4.46913e-06
5.09154e-06
5.81016e-06
6.65445e-06
7.67396e-06
8.94904e-06
1.06047e-05
1.28429e-05
1.59951e-05
2.06016e-05
2.75319e-05
3.81011e-05
5.38867e-05
7.46306e-05
9.28503e-05
1.52651e-05
1.64014e-05
1.7751e-05
1.92513e-05
2.089e-05
2.2664e-05
2.45831e-05
2.66736e-05
2.89953e-05
3.16526e-05
3.47955e-05
3.86584e-05
4.36202e-05
5.02849e-05
5.95816e-05
7.28474e-05
9.1741e-05
0.000117137
0.000145423
0.000166756
8.01388e-05
8.32151e-05
8.67795e-05
9.05766e-05
9.45182e-05
9.85404e-05
0.00010264
0.000106855
0.00011131
0.000116125
0.000121474
0.000127663
0.000135233
0.00014498
0.000158143
0.00017613
0.000199887
0.000227613
0.000252806
0.000269253
0.00032321
0.000326812
0.000330949
0.000335119
0.000339127
0.000342804
0.000346195
0.000349347
0.000352252
0.000354853
0.000357258
0.000359524
0.000362065
0.000365117
0.000369543
0.000375829
0.000383796
0.00039104
0.000394269
0.000395064
0.000783126
0.000779502
0.000775283
0.000770781
0.000766074
0.000761207
0.000756041
0.000750414
0.000744199
0.000737225
0.000729268
0.000719903
0.000708488
0.000694052
0.000675096
0.000650342
0.000619935
0.000586356
0.000554298
0.000531146
0.000948301
0.000945843
0.000942958
0.00093978
0.000936332
0.000932611
0.000928573
0.000924131
0.000919114
0.000913308
0.000906437
0.000898048
0.000887404
0.000873406
0.000854374
0.00082813
0.000792437
0.000747444
0.000699754
0.000662171
0.000990119
0.000989249
0.000988201
0.000986999
0.000985637
0.000984095
0.000982341
0.000980322
0.000977951
0.000975092
0.00097154
0.000966984
0.000960922
0.000952564
0.000940654
0.000923276
0.000897725
0.000861379
0.000816579
0.00077705
0.000998406
0.000998182
0.000997901
0.000997565
0.000997163
0.000996685
0.00099611
0.000995413
0.000994549
0.000993454
0.00099202
0.00099008
0.000987364
0.000983424
0.000977511
0.000968371
0.000953989
0.000931556
0.000899876
0.00086843
0.000999775
0.000999728
0.000999667
0.000999589
0.00099949
0.000999366
0.000999208
0.000999005
0.000998739
0.000998382
0.000997889
0.000997186
0.000996147
0.000994561
0.000992053
0.00098796
0.000981124
0.000969679
0.000951772
0.000931986
0.000999972
0.000999963
0.000999952
0.000999936
0.000999915
0.000999886
0.000999848
0.000999796
0.000999723
0.00099962
0.00099947
0.000999245
0.000998894
0.000998332
0.000997398
0.000995795
0.000992973
0.000987962
0.000979491
0.000968889
0.000999997
0.000999995
0.000999994
0.000999991
0.000999987
0.000999981
0.000999972
0.00099996
0.000999942
0.000999915
0.000999874
0.000999809
0.000999703
0.000999525
0.000999216
0.000998661
0.000997636
0.000995724
0.000992293
0.000987493
0.001
0.000999999
0.000999999
0.000999999
0.000999998
0.000999997
0.000999995
0.000999992
0.000999988
0.000999982
0.000999972
0.000999955
0.000999926
0.000999875
0.000999783
0.000999612
0.000999283
0.000998642
0.000997433
0.00099559
0.001
0.001
0.001
0.001
0.001
0.000999999
0.000999999
0.000999999
0.000999998
0.000999996
0.000999994
0.00099999
0.000999983
0.00099997
0.000999945
0.000999897
0.000999803
0.000999613
0.000999239
0.000998634
0.001
0.001
0.001
0.001
0.001
0.001
0.001
0.001
0.001
0.000999999
0.000999999
0.000999998
0.000999996
0.000999993
0.000999987
0.000999975
0.000999951
0.000999901
0.0009998
0.000999626
3.25992e-141
3.71249e-141
5.41084e-141
9.90548e-141
2.0342e-140
4.31674e-140
9.14006e-140
1.90666e-139
3.89875e-139
7.79142e-139
1.51772e-138
2.87044e-138
5.25664e-138
9.28785e-138
1.57611e-137
2.55351e-137
3.91789e-137
5.62793e-137
7.43852e-137
8.79063e-137
8.31037e-140
9.2187e-140
1.31329e-139
2.38124e-139
4.88868e-139
1.04074e-138
2.21317e-138
4.63915e-138
9.5358e-138
1.9164e-137
3.75584e-137
7.14877e-137
1.31802e-136
2.34561e-136
4.01147e-136
6.55479e-136
1.01527e-135
1.47394e-135
1.97166e-135
2.36307e-135
1.96686e-138
2.11795e-138
2.93762e-138
5.26486e-138
1.0802e-137
2.30772e-137
4.93086e-137
1.03906e-136
2.148e-136
4.34334e-136
8.56856e-136
1.6424e-135
3.05089e-135
5.47343e-135
9.44233e-135
1.55752e-134
2.43774e-134
3.58121e-134
4.85721e-134
5.91578e-134
4.63847e-137
4.84721e-137
6.53566e-137
1.15628e-136
2.36986e-136
5.08067e-136
1.09083e-135
2.31097e-135
4.80481e-135
9.77536e-135
1.94125e-134
3.74735e-134
7.01418e-134
1.26873e-133
2.20816e-133
3.67735e-133
5.81664e-133
8.64736e-133
1.18932e-132
1.47215e-132
1.09234e-135
1.10847e-135
1.45111e-135
2.53085e-135
5.1787e-135
1.11397e-134
2.40331e-134
5.11892e-134
1.07042e-133
2.19118e-133
4.38015e-133
8.51536e-133
1.60604e-132
2.92891e-132
5.14282e-132
8.64722e-132
1.38234e-131
2.08009e-131
2.90176e-131
3.64801e-131
2.56916e-134
2.53231e-134
3.21603e-134
5.52257e-134
1.12751e-133
2.43297e-133
5.27411e-133
1.12939e-132
2.37527e-132
4.89218e-132
9.84404e-132
1.92728e-131
3.66256e-131
6.73395e-131
1.19287e-130
2.02516e-130
3.27242e-130
4.98479e-130
7.05216e-130
9.00352e-130
6.03392e-133
5.77892e-133
7.11438e-133
1.20146e-132
2.44607e-132
5.29363e-132
1.15293e-131
2.48205e-131
5.25006e-131
1.08795e-130
2.20357e-130
4.34452e-130
8.31856e-130
1.54191e-129
2.75557e-129
4.7238e-129
7.71622e-129
1.18987e-128
1.70708e-128
2.21301e-128
1.4148e-131
1.31723e-131
1.57095e-131
2.60605e-131
5.28791e-131
1.14749e-130
2.51068e-130
5.43363e-130
1.15588e-129
2.4099e-129
4.91306e-129
9.75419e-129
1.8817e-128
3.51621e-128
6.33959e-128
1.09741e-127
1.81215e-127
2.82884e-127
4.11542e-127
5.41657e-127
3.31121e-130
2.99857e-130
3.46257e-130
5.63617e-130
1.13915e-129
2.47822e-129
5.44673e-129
1.18494e-128
2.53496e-128
5.31718e-128
1.09106e-127
2.18121e-127
4.23928e-127
7.98587e-127
1.45258e-126
2.53907e-126
4.23852e-126
6.69784e-126
9.88021e-126
1.32005e-125
7.73358e-129
6.81622e-129
7.61822e-129
1.21542e-128
2.44557e-128
5.3327e-128
1.17721e-127
2.57423e-127
5.53793e-127
1.16859e-126
2.4134e-126
4.85808e-126
9.51218e-126
1.80636e-125
3.31472e-125
5.85065e-125
9.87289e-125
1.57926e-124
2.36197e-124
3.20282e-124
1.80213e-127
1.54699e-127
1.67312e-127
2.61355e-127
5.23225e-127
1.14336e-126
2.53487e-126
5.57126e-126
1.20519e-125
2.55831e-125
5.31734e-125
1.07771e-124
2.12579e-124
4.06935e-124
7.53319e-124
1.34259e-123
2.29016e-123
3.70796e-123
5.6222e-123
7.73595e-123
4.189e-126
3.50497e-126
3.66792e-126
5.60417e-126
1.11564e-125
2.44263e-125
5.43827e-125
1.20124e-124
2.61279e-124
5.57905e-124
1.16696e-123
2.38129e-123
4.73167e-123
9.13026e-123
1.70503e-122
3.06819e-122
5.29009e-122
8.66884e-122
1.33239e-121
1.85991e-121
9.71111e-125
7.92617e-125
8.02647e-125
1.19836e-124
2.3708e-124
5.19982e-124
1.16246e-123
2.58039e-123
5.64297e-123
1.21198e-122
2.55105e-122
5.24086e-122
1.04898e-121
2.04024e-121
3.84327e-121
6.98255e-121
1.21681e-120
2.01794e-120
3.14357e-120
4.45073e-120
2.24479e-123
1.78878e-123
1.7532e-123
2.55547e-123
5.02134e-123
1.10302e-122
2.47584e-122
5.5225e-122
1.21416e-121
2.62281e-121
5.55512e-121
1.14889e-120
2.31626e-120
4.54065e-120
8.62748e-120
1.58245e-119
2.78694e-119
4.67691e-119
7.38336e-119
1.05998e-118
5.17313e-122
4.02807e-122
3.8223e-122
5.43479e-122
1.06001e-121
2.33163e-121
5.25417e-121
1.17759e-120
2.60267e-120
5.6544e-120
1.205e-119
2.50871e-119
5.09417e-119
1.00646e-118
1.92876e-118
3.57125e-118
6.35578e-118
1.07918e-117
1.72624e-117
2.51224e-117
1.1883e-120
9.04923e-121
8.31739e-121
1.15275e-120
2.23038e-120
4.91163e-120
1.11106e-119
2.50189e-119
5.5584e-119
1.2144e-118
2.6038e-118
5.45659e-118
1.11592e-117
2.22186e-117
4.2942e-117
8.0257e-117
1.44323e-116
2.47915e-116
4.0174e-116
5.92507e-116
2.72033e-119
2.02784e-119
1.80633e-119
2.43864e-119
4.6778e-119
1.03109e-118
2.34117e-118
5.2963e-118
1.18271e-117
2.5984e-117
5.60487e-117
1.18222e-116
2.43481e-116
4.88518e-116
9.52121e-116
1.79602e-115
3.26303e-115
5.6698e-115
9.30601e-115
1.3905e-114
6.20553e-118
4.53207e-118
3.91495e-118
5.14551e-118
9.77939e-118
2.15714e-117
4.91588e-117
1.11717e-116
2.50736e-116
5.53895e-116
1.2019e-115
2.55147e-115
5.29153e-115
1.06977e-114
2.10237e-114
4.00222e-114
7.3454e-114
1.29086e-113
2.14556e-113
3.24691e-113
1.41038e-116
1.01004e-116
8.46738e-117
1.08291e-116
2.038e-116
4.49772e-116
1.02863e-115
2.34811e-115
5.29634e-115
1.17635e-114
2.5676e-114
5.48534e-114
1.14547e-113
2.33319e-113
4.6231e-113
8.88075e-113
1.64632e-112
2.92567e-112
4.92337e-112
7.54356e-112
3.1933e-115
2.24436e-115
1.82739e-115
2.27325e-115
4.23381e-115
9.34645e-115
2.14492e-114
4.91792e-114
1.11472e-113
2.48911e-113
5.46447e-113
1.17475e-112
2.46989e-112
5.06828e-112
1.01243e-111
1.96226e-111
3.67375e-111
6.60083e-111
1.12438e-110
1.74369e-110
7.20179e-114
4.97172e-114
3.93497e-114
4.75998e-114
8.7682e-114
1.93578e-113
4.45735e-113
1.02641e-112
2.33776e-112
5.24758e-112
1.15862e-111
2.50625e-111
5.30483e-111
1.09655e-110
2.20805e-110
4.31737e-110
8.1621e-110
1.48249e-109
2.55557e-109
4.00997e-109
1.61768e-112
1.09781e-112
8.45365e-113
9.942e-113
1.81032e-112
3.99607e-112
9.23135e-112
2.13476e-111
4.88524e-111
1.10229e-110
2.44748e-110
5.32658e-110
1.13493e-109
2.36298e-109
4.79582e-109
9.45889e-109
1.80546e-108
3.31437e-108
5.78059e-108
9.17439e-108
3.61876e-111
2.416e-111
1.81177e-111
2.07138e-111
3.72634e-111
8.22228e-111
1.90542e-110
4.42463e-110
1.01728e-109
2.30706e-109
5.15099e-109
1.12779e-108
2.4187e-108
5.07174e-108
1.03737e-107
2.06358e-107
3.97617e-107
7.37601e-107
1.30125e-106
2.0882e-106
8.0613e-110
5.2988e-110
3.87332e-110
4.30498e-110
7.64726e-110
1.68635e-109
3.91981e-109
9.13941e-109
2.1109e-108
4.81133e-108
1.0801e-107
2.37886e-107
5.1347e-107
1.08425e-106
2.23475e-106
4.48294e-106
8.71837e-106
1.63399e-105
2.91508e-105
4.72847e-105
1.78813e-108
1.15804e-108
8.25941e-109
8.92504e-109
1.56474e-108
3.44759e-108
8.03715e-108
1.88141e-107
4.36502e-107
9.99824e-107
2.25658e-106
4.99902e-106
1.08587e-105
2.30878e-105
4.79458e-105
9.69776e-105
1.90327e-104
3.6032e-104
6.49888e-104
1.06517e-103
3.94923e-107
2.52173e-107
1.75657e-107
1.84579e-107
3.19234e-107
7.02603e-107
1.64254e-106
3.86e-106
8.99509e-106
2.07036e-105
4.69745e-105
1.04661e-104
2.28759e-104
4.89694e-104
1.02449e-103
2.08906e-103
4.1368e-103
7.90929e-103
1.44186e-102
2.38709e-102
8.68415e-106
5.47099e-106
3.72561e-106
3.80795e-106
6.49416e-106
1.42741e-105
3.34596e-105
7.89298e-105
1.8473e-104
4.2721e-104
9.74337e-104
2.18311e-103
4.80096e-103
1.03458e-102
2.18023e-102
4.48135e-102
8.95223e-102
1.72822e-101
3.1835e-101
5.32194e-101
1.90118e-104
1.18249e-104
7.87976e-105
7.83681e-105
1.31735e-104
2.89098e-104
6.79411e-104
1.60864e-103
3.78089e-103
8.78465e-103
2.01373e-102
4.53704e-102
1.00377e-101
2.17727e-101
4.62115e-101
9.57306e-101
1.92889e-100
3.75905e-100
6.99503e-100
1.18039e-99
4.14366e-103
2.54606e-103
1.66181e-103
1.6089e-103
2.6648e-103
5.83743e-103
1.3752e-102
3.26779e-102
7.71239e-102
1.80014e-101
4.14718e-101
9.39472e-101
2.0908e-100
4.56434e-100
9.75565e-100
2.03651e-99
4.13807e-99
8.13916e-99
1.52961e-98
2.60462e-98
8.99082e-102
5.46078e-102
3.49443e-102
3.29506e-102
5.37566e-102
1.17515e-101
2.77483e-101
6.61672e-101
1.56796e-100
3.67619e-100
8.51086e-100
1.9383e-99
4.33878e-99
9.53173e-99
2.05132e-98
4.31443e-98
8.8392e-98
1.75433e-97
3.32876e-97
5.71784e-97
1.94205e-100
1.16664e-100
7.32606e-101
6.73199e-101
1.08149e-100
2.35877e-100
5.58164e-100
1.33548e-99
3.1772e-99
7.48192e-99
1.74051e-98
3.98472e-98
8.97047e-98
1.98292e-97
4.29624e-97
9.10278e-97
1.88002e-96
3.76429e-96
7.20952e-96
1.24882e-95
4.17602e-99
2.48258e-99
1.53123e-99
1.37206e-99
2.17002e-99
4.7208e-99
1.11934e-98
2.68692e-98
6.417e-98
1.51763e-97
3.54708e-97
8.16253e-97
1.84785e-96
4.10949e-96
8.96268e-96
1.91271e-95
3.9816e-95
8.0409e-95
1.55404e-94
2.71365e-94
8.93924e-98
5.26187e-98
3.19055e-98
2.7897e-98
4.34286e-98
9.42123e-98
2.23796e-97
5.38904e-97
1.29185e-96
3.06807e-96
7.20401e-96
1.66615e-95
3.79256e-95
8.48469e-95
1.86248e-94
4.00278e-94
8.39671e-94
1.70997e-93
3.33394e-93
5.86695e-93
1.90492e-96
1.11081e-96
6.6272e-97
5.65849e-97
8.66936e-97
1.87494e-96
4.46126e-96
1.07752e-95
2.59239e-95
6.182e-95
1.45813e-94
3.38905e-94
7.75581e-94
1.74526e-93
3.85535e-93
8.34305e-93
1.76333e-92
3.62032e-92
7.11887e-92
1.26208e-91
4.04103e-95
2.33559e-95
1.3722e-95
1.145e-95
1.72634e-95
3.72121e-95
8.86746e-95
2.14788e-94
5.18575e-94
1.24156e-93
2.94138e-93
6.8696e-93
1.58038e-92
3.57663e-92
7.95e-92
1.73202e-91
3.68758e-91
7.63123e-91
1.51299e-90
2.70146e-90
8.53399e-94
4.89113e-94
2.83218e-94
2.31146e-94
3.42943e-94
7.3659e-94
1.75752e-93
4.26867e-93
1.0341e-92
2.48543e-92
5.9136e-92
1.38767e-91
3.20888e-91
7.30283e-91
1.63312e-90
3.58145e-90
7.67982e-90
1.60158e-89
3.20071e-89
5.75386e-89
1.79417e-92
1.02018e-92
5.82676e-93
4.65528e-93
6.79689e-93
1.45427e-92
3.47368e-92
8.45843e-92
2.05575e-91
4.95954e-91
1.18499e-90
2.79354e-90
6.4925e-90
1.48568e-89
3.34216e-89
7.3767e-89
1.59286e-88
3.34678e-88
6.74004e-88
1.21953e-87
3.75524e-91
2.11937e-91
1.19491e-91
9.35401e-92
1.34409e-91
2.86406e-91
6.84689e-91
1.67119e-90
4.07432e-90
9.86516e-90
2.36674e-89
5.60471e-89
1.30904e-88
3.01157e-88
6.81418e-88
1.51348e-87
3.29035e-87
6.96381e-87
1.41288e-86
2.57227e-86
7.825e-90
4.38533e-90
2.44253e-90
1.87524e-90
2.65227e-90
5.62694e-90
1.346e-89
3.29249e-89
8.05076e-89
1.95617e-88
4.71171e-88
1.12071e-87
2.6302e-87
6.08282e-87
1.38417e-86
3.09327e-86
6.76953e-86
1.44288e-85
2.94844e-85
5.39953e-85
1.62338e-88
9.03802e-89
4.97674e-89
3.75091e-89
5.22302e-89
1.10296e-88
2.63925e-88
6.46866e-88
1.58612e-87
3.86696e-87
9.35003e-87
2.23355e-86
5.26667e-86
1.22427e-85
2.8014e-85
6.29804e-85
1.38723e-84
2.9771e-84
6.12561e-84
1.12807e-83
3.35318e-87
1.85537e-87
1.01077e-87
7.48614e-88
1.02658e-87
2.15725e-87
5.16221e-87
1.26743e-86
3.11586e-86
7.62097e-86
1.84957e-85
4.4368e-85
1.05101e-84
2.45543e-84
5.64911e-84
1.27748e-83
2.83157e-83
6.11735e-83
1.26706e-82
2.34574e-82
6.89631e-86
3.79392e-86
2.04631e-86
1.49088e-86
2.01409e-86
4.21056e-86
1.00729e-85
2.47679e-85
6.1036e-85
1.49744e-84
3.64729e-84
8.78483e-84
2.09036e-83
4.90757e-83
1.13507e-82
2.58156e-82
5.75729e-82
1.25187e-81
2.60955e-81
4.85533e-81
1.41227e-84
7.72789e-85
4.12962e-85
2.96287e-85
3.94498e-85
8.20245e-85
1.96105e-84
4.82773e-84
1.19232e-83
2.93367e-83
7.1702e-83
1.73382e-82
4.14373e-82
9.7749e-82
2.27258e-81
5.19762e-81
1.1661e-80
2.55154e-80
5.35151e-80
1.00041e-79
2.87995e-83
1.56806e-83
8.30761e-84
5.87622e-84
7.71535e-84
1.59506e-83
3.80968e-83
9.38704e-83
2.32286e-82
5.73085e-82
1.40531e-81
3.41114e-81
8.18716e-81
1.94035e-80
4.53403e-80
1.04265e-79
2.35289e-79
5.17983e-79
1.09284e-78
2.05208e-78
5.84844e-82
3.16967e-82
1.66602e-82
1.16313e-82
1.50689e-82
3.09682e-82
7.38606e-82
1.82092e-81
4.51355e-81
1.11635e-80
2.7461e-80
6.6902e-80
1.61237e-79
3.8387e-79
9.01432e-79
2.084e-78
4.72967e-78
1.04741e-77
2.22245e-77
4.19078e-77
1.18279e-80
6.38301e-81
3.33072e-81
2.29795e-81
2.93968e-81
6.00399e-81
1.42932e-80
3.52436e-80
8.7481e-80
2.16864e-79
5.35044e-79
1.30811e-78
3.16523e-78
7.56909e-78
1.78601e-77
4.15052e-77
9.47193e-77
2.10972e-76
4.50117e-76
8.52146e-76
2.38239e-79
1.28059e-79
6.63833e-80
4.53182e-80
5.72927e-80
1.16263e-79
2.76129e-79
6.80697e-79
1.69143e-78
4.20156e-78
1.03948e-77
2.54996e-77
6.19404e-77
1.48757e-76
3.52657e-76
8.23699e-76
1.88992e-75
4.23309e-75
9.07936e-75
1.72538e-74
4.77943e-78
2.55964e-78
1.31905e-78
8.92219e-79
1.11576e-78
2.24916e-78
5.32653e-78
1.31212e-77
3.26275e-77
8.11908e-77
2.01384e-76
4.95603e-76
1.20835e-75
2.91409e-75
6.94001e-75
1.62898e-74
3.75724e-74
8.46123e-74
1.82407e-73
3.47887e-73
9.5503e-77
5.09742e-77
2.61319e-77
1.75383e-77
2.17176e-77
4.34792e-77
1.02616e-76
2.52472e-76
6.28001e-76
1.56501e-75
3.89089e-75
9.60441e-75
2.35007e-74
5.69041e-74
1.36121e-73
3.21044e-73
7.44271e-73
1.6849e-72
3.65013e-72
6.98553e-72
1.90087e-75
1.01145e-75
5.16189e-76
3.44252e-76
4.22602e-76
8.40128e-76
1.97481e-75
4.85008e-75
1.20626e-74
3.00946e-74
7.4976e-74
1.85598e-73
4.55685e-73
1.10769e-72
2.66115e-72
6.30569e-72
1.4691e-71
3.34274e-71
7.27581e-71
1.397e-70
3.76879e-74
1.99976e-74
1.01673e-74
6.74842e-75
8.22323e-75
1.62307e-74
3.79738e-74
9.30397e-74
2.31257e-73
5.77391e-73
1.44107e-72
3.57658e-72
8.80985e-72
2.14956e-71
5.18576e-71
1.23436e-70
2.8897e-70
6.60757e-70
1.44473e-69
2.78261e-69
7.44358e-73
3.93979e-73
1.99707e-73
1.32139e-73
1.60053e-73
3.13611e-73
7.29818e-73
1.78267e-72
4.42583e-72
1.1054e-71
2.76298e-71
6.87374e-71
1.69832e-70
4.15875e-70
1.00734e-69
2.40832e-69
5.6644e-69
1.30141e-68
2.85789e-68
5.52073e-68
1.46457e-71
7.73483e-72
3.91206e-72
2.58488e-72
3.11685e-72
6.06249e-72
1.40232e-71
3.41241e-71
8.45719e-71
2.11202e-70
5.28505e-70
1.3176e-69
3.26475e-69
8.02197e-69
1.95066e-68
4.68351e-68
1.10657e-67
2.55412e-67
5.63233e-67
1.09108e-66
2.87083e-70
1.51332e-70
7.64334e-71
5.05252e-71
6.07476e-71
1.17291e-70
2.69475e-70
6.52769e-70
1.61392e-69
4.02789e-69
1.00868e-68
2.51929e-68
6.25877e-68
1.54288e-67
3.7658e-67
9.07894e-67
2.15452e-66
4.99518e-66
1.10596e-65
2.14812e-65
5.60645e-69
2.95079e-69
1.48959e-69
9.87009e-70
1.1853e-69
2.27187e-69
5.18065e-69
1.24823e-68
3.07656e-68
7.66902e-68
1.92111e-67
4.80537e-67
1.19667e-66
2.95901e-66
7.24813e-66
1.75441e-65
4.18112e-65
9.73565e-65
2.16383e-64
4.2134e-64
1.09086e-67
5.73447e-68
2.89606e-68
1.92739e-68
2.31603e-68
4.40723e-68
9.96778e-68
2.38677e-67
5.85994e-67
1.45805e-66
3.65183e-66
9.14486e-66
2.28214e-65
5.6592e-65
1.39096e-64
3.37973e-64
8.08777e-64
1.89108e-63
4.2186e-63
8.23389e-63
2.11481e-66
1.11076e-66
5.61763e-67
3.76314e-67
4.53313e-67
8.56568e-67
1.92011e-66
4.56515e-66
1.11556e-65
2.7687e-65
6.92952e-65
1.73655e-64
4.3415e-64
1.07942e-63
2.66166e-63
6.49105e-63
1.55949e-62
3.66108e-62
8.19599e-62
1.60326e-61
4.08512e-65
2.14459e-65
1.08733e-65
7.34788e-66
8.8901e-66
1.66848e-65
3.70456e-65
8.73758e-65
2.12324e-64
5.25245e-64
1.31286e-63
3.29092e-63
8.23969e-63
2.05349e-62
5.07891e-62
1.24296e-61
2.99767e-61
7.06462e-61
1.5869e-60
3.11071e-60
7.86299e-64
4.12752e-64
2.10033e-64
1.43518e-64
1.74734e-64
3.25825e-64
7.16138e-64
1.67413e-63
4.04172e-63
9.95754e-63
2.48397e-62
6.22504e-62
1.56031e-61
3.89671e-61
9.66496e-61
2.37321e-60
5.74452e-60
1.35886e-59
3.06222e-59
6.01447e-59
1.50811e-62
7.91917e-63
4.0495e-63
2.80468e-63
3.44278e-63
6.38084e-63
1.38762e-62
3.21236e-62
7.69765e-62
1.88705e-61
4.69457e-61
1.17555e-60
2.94848e-60
7.37658e-60
1.83433e-59
4.51836e-59
1.09754e-58
2.60553e-58
5.8897e-58
1.15891e-57
2.88239e-61
1.51475e-61
7.79419e-62
5.48527e-62
6.8011e-62
1.25347e-61
2.69598e-61
6.17555e-61
1.46739e-60
3.57607e-60
8.86516e-60
2.21667e-59
5.56083e-59
1.3932e-58
3.47249e-58
8.57876e-58
2.09081e-57
4.98052e-57
1.12913e-56
2.22557e-56
5.4898e-60
2.8887e-60
1.49786e-60
1.07386e-60
1.34726e-60
2.47048e-60
5.25389e-60
1.18994e-59
2.801e-59
6.77924e-59
1.6732e-58
4.17471e-58
1.04691e-57
2.62558e-57
6.5574e-57
1.62443e-56
3.97158e-56
9.49164e-56
2.15784e-55
4.25993e-55
1.04197e-58
5.49273e-59
2.87463e-59
2.10489e-59
2.67654e-59
4.88595e-59
1.02728e-58
2.29901e-58
5.35605e-58
1.28612e-57
3.15739e-57
7.8547e-57
1.96787e-56
4.93806e-56
1.23537e-55
3.06791e-55
7.52308e-55
1.80352e-54
4.11097e-54
8.1276e-54
1.97083e-57
1.04142e-57
5.51045e-58
4.1317e-58
5.33292e-58
9.6975e-58
2.01583e-57
4.45545e-57
1.02644e-56
2.44285e-56
5.95914e-56
1.47685e-55
3.69394e-55
9.26989e-55
2.32214e-54
5.77953e-54
1.42117e-53
3.41701e-53
7.80811e-53
1.54578e-52
3.71491e-56
1.96899e-56
1.0553e-56
8.12315e-57
1.06569e-56
1.93166e-56
3.97058e-56
8.66414e-56
1.97227e-55
4.64749e-55
1.12535e-54
2.77578e-54
6.92627e-54
1.73723e-53
4.35574e-53
1.08615e-52
2.6776e-52
6.45566e-52
1.4786e-51
2.93081e-51
6.97829e-55
3.71252e-55
2.01946e-55
1.59987e-55
2.13575e-55
3.86143e-55
7.85141e-55
1.69111e-54
3.80123e-54
8.8602e-54
2.12729e-53
5.21715e-53
1.29761e-52
3.25084e-52
8.15419e-52
2.03651e-51
5.03187e-51
1.21629e-50
2.79184e-50
5.54e-50
1.30632e-53
6.98121e-54
3.86249e-54
3.15694e-54
4.2923e-54
7.74605e-54
1.55869e-53
3.31389e-53
7.35153e-53
1.69346e-52
4.02712e-52
9.80954e-52
2.42972e-51
6.07555e-51
1.52376e-50
3.81e-50
9.43273e-50
2.2854e-49
5.25637e-49
1.04409e-48
2.4369e-52
1.30936e-52
7.38526e-53
6.24175e-53
8.64952e-53
1.55908e-52
3.10662e-52
6.52079e-52
1.42718e-51
3.24642e-51
7.63829e-51
1.84592e-50
4.54865e-50
1.13433e-49
2.84281e-49
7.11323e-49
1.76404e-48
4.28303e-48
9.86888e-48
1.96202e-47
4.53006e-51
2.44951e-51
1.41198e-51
1.2366e-51
1.74737e-51
3.14798e-51
6.21588e-51
1.28856e-50
2.78196e-50
6.24484e-50
1.45223e-49
3.47793e-49
8.51704e-49
2.1163e-48
5.29619e-48
1.32548e-47
3.29143e-47
8.00631e-47
1.84782e-46
3.67642e-46
8.39131e-50
4.57112e-50
2.69992e-50
2.45493e-50
3.53823e-50
6.37498e-50
1.24838e-49
2.55721e-49
5.44625e-49
1.20584e-48
2.76899e-48
6.56415e-48
1.59569e-47
3.94678e-47
9.85519e-47
2.46553e-46
6.12793e-46
1.49293e-45
3.45056e-45
6.86956e-45
1.54878e-48
8.50981e-49
5.16452e-49
4.88345e-49
7.17959e-49
1.29449e-48
2.51614e-48
5.09648e-48
1.071e-47
2.33804e-47
5.29724e-47
1.24164e-46
2.99263e-46
7.36014e-46
1.83216e-45
4.57887e-45
1.13854e-44
2.7772e-44
6.4266e-44
1.28008e-43
2.84806e-47
1.58051e-47
9.88442e-48
9.73342e-48
1.45956e-47
2.63498e-47
5.08829e-47
1.01992e-46
2.11576e-46
4.55321e-46
1.01719e-45
2.35494e-45
5.62087e-45
1.37301e-44
3.40394e-44
8.49181e-44
2.11125e-43
5.1543e-43
1.19387e-42
2.37885e-42
5.21759e-46
2.92877e-46
1.89321e-46
1.94361e-46
2.97199e-46
5.37511e-46
1.03214e-45
2.04919e-45
4.19884e-45
8.90757e-45
1.96129e-44
4.48065e-44
1.05781e-43
2.5632e-43
6.32207e-43
1.57301e-42
3.90796e-42
9.54472e-42
2.21227e-41
4.40897e-41
9.52137e-45
5.41517e-45
3.62948e-45
3.88776e-45
6.05986e-45
1.09852e-44
2.09948e-44
4.13247e-44
8.3693e-44
1.75079e-43
3.79841e-43
8.55599e-43
1.99559e-42
4.79076e-42
1.17421e-41
2.91111e-41
7.2218e-41
1.7637e-40
4.08929e-40
8.15e-40
1.73052e-43
9.9909e-44
6.96543e-44
7.78866e-44
1.23697e-43
2.24858e-43
4.28115e-43
8.36269e-43
1.67512e-42
3.45736e-42
7.3905e-42
1.64035e-41
3.77577e-41
8.96887e-41
2.18171e-40
5.38385e-40
1.33259e-39
3.25229e-39
7.54048e-39
1.50258e-38
3.13205e-42
1.83946e-42
1.33831e-42
1.56248e-42
2.5271e-42
4.60863e-42
8.74869e-42
1.69746e-41
3.3659e-41
6.85883e-41
1.44482e-40
3.15851e-40
7.16803e-40
1.6826e-39
4.05685e-39
9.95312e-39
2.45571e-38
5.98546e-38
1.38709e-37
2.76296e-37
5.64372e-41
3.37983e-41
2.57457e-41
3.13805e-41
5.16591e-41
9.45534e-41
1.79111e-40
3.45431e-40
6.78777e-40
1.36668e-39
2.83807e-39
6.10948e-39
1.36592e-38
3.16466e-38
7.55257e-38
1.83987e-37
4.52035e-37
1.09948e-36
2.54552e-36
5.06716e-36
1.01224e-39
6.19795e-40
4.95912e-40
6.30807e-40
1.05639e-39
1.94138e-39
3.6713e-39
7.04532e-39
1.37328e-38
2.73446e-38
5.60091e-38
1.18729e-37
2.61345e-37
5.96977e-37
1.40828e-36
3.40186e-36
8.31307e-36
2.016e-35
4.66026e-35
9.26807e-35
1.80658e-38
1.13444e-38
9.56436e-39
1.26887e-38
2.16044e-38
3.98636e-38
7.53213e-38
1.43958e-37
2.7862e-37
5.49163e-37
1.11025e-36
2.31812e-36
5.02185e-36
1.12986e-35
2.63111e-35
6.29333e-35
1.52768e-34
3.69013e-34
8.51134e-34
1.69051e-33
3.20735e-37
2.07274e-37
1.84693e-37
2.55304e-37
4.41581e-37
8.18433e-37
1.54616e-36
2.94557e-36
5.66594e-36
1.10651e-35
2.20984e-35
4.54651e-35
9.6919e-35
2.14608e-34
4.9271e-34
1.16522e-33
2.80584e-33
6.74317e-33
1.55067e-32
3.07468e-32
5.66266e-36
3.78094e-36
3.57018e-36
5.13528e-36
9.0184e-36
1.67953e-35
3.17434e-35
6.0325e-35
1.15427e-34
2.23563e-34
4.41445e-34
8.95479e-34
1.87854e-33
4.09151e-33
9.25045e-33
2.15983e-32
5.15144e-32
1.23019e-31
2.81795e-31
5.57529e-31
9.93987e-35
6.8858e-35
6.90559e-35
1.03223e-34
1.83973e-34
3.4437e-34
6.51516e-34
1.23593e-33
2.35433e-33
4.52654e-33
8.8453e-33
1.77039e-32
3.65589e-32
7.82953e-32
1.74149e-31
4.00863e-31
9.45549e-31
2.24058e-30
5.10717e-30
1.00768e-29
1.73405e-33
1.25198e-33
1.33606e-33
2.07256e-33
3.74727e-33
7.05205e-33
1.33615e-32
2.53169e-32
4.80468e-32
9.17792e-32
1.77647e-31
3.51114e-31
7.14066e-31
1.50354e-30
3.28753e-30
7.45043e-30
1.73522e-29
4.07382e-29
9.22932e-29
1.81482e-28
3.00529e-32
2.27256e-32
2.58445e-32
4.15465e-32
7.61747e-32
1.44158e-31
2.7365e-31
5.18153e-31
9.80331e-31
1.86197e-30
3.57307e-30
6.97974e-30
1.39884e-29
2.89625e-29
6.22191e-29
1.38661e-28
3.1836e-28
7.39313e-28
1.66253e-27
3.25551e-27
5.17213e-31
4.11784e-31
4.9956e-31
8.31013e-31
1.54455e-30
2.93992e-30
5.593e-30
1.05876e-29
1.99806e-29
3.77599e-29
7.18976e-29
1.38932e-28
2.74593e-28
5.59239e-28
1.18002e-27
2.58349e-27
5.83838e-27
1.33882e-26
2.984e-26
5.81358e-26
8.83519e-30
7.44727e-30
9.64273e-30
1.65744e-29
3.12177e-29
5.97698e-29
1.13982e-28
2.15779e-28
4.06352e-28
7.64556e-28
1.44557e-27
2.76561e-27
5.395e-27
1.08134e-26
2.24101e-26
4.81627e-26
1.06979e-25
2.41815e-25
5.33334e-25
1.03275e-24
1.49734e-28
1.34399e-28
1.85728e-28
3.29374e-28
6.28425e-28
1.21025e-27
2.31372e-27
4.38101e-27
8.23536e-27
1.54342e-26
2.89972e-26
5.49712e-26
1.05931e-25
2.09097e-25
4.25693e-25
8.97616e-25
1.95722e-24
4.35331e-24
9.48473e-24
1.82331e-23
2.51637e-27
2.4195e-27
3.56649e-27
6.51584e-27
1.25874e-26
2.43798e-26
4.67204e-26
8.84834e-26
1.66052e-25
3.10087e-25
5.79222e-25
1.08889e-24
2.0746e-24
4.036e-24
8.07514e-24
1.67021e-23
3.57134e-23
7.80346e-23
1.67649e-22
3.19528e-22
4.19133e-26
4.34301e-26
6.8212e-26
1.28184e-25
2.50586e-25
4.87964e-25
9.37121e-25
1.77488e-24
3.32505e-24
6.18732e-24
1.14941e-23
2.14399e-23
4.04197e-23
7.7568e-23
1.52619e-22
3.09663e-22
6.48865e-22
1.39073e-21
2.94091e-21
5.54937e-21
6.91547e-25
7.76834e-25
1.29788e-24
2.50466e-24
4.95147e-24
9.6896e-24
1.86409e-23
3.52919e-23
6.59758e-23
1.22308e-22
2.25961e-22
4.18328e-22
7.80838e-22
1.47937e-21
2.86468e-21
5.70433e-21
1.17097e-20
2.45901e-20
5.10959e-20
9.53129e-20
1.12962e-23
1.38351e-23
2.45327e-23
4.85317e-23
9.69332e-23
1.90493e-22
3.66848e-22
6.93723e-22
1.29324e-21
2.38747e-21
4.38587e-21
8.05936e-21
1.48994e-20
2.78859e-20
5.31879e-20
1.04011e-19
2.09192e-19
4.30091e-19
8.7687e-19
1.61451e-18
1.82555e-22
2.45052e-22
4.59808e-22
9.30408e-22
1.87504e-21
3.69597e-21
7.11552e-21
1.34255e-20
2.49393e-20
4.58244e-20
8.36792e-20
1.5262e-19
2.79526e-19
5.17109e-19
9.72217e-19
1.86852e-18
3.68351e-18
7.41193e-18
1.48102e-17
2.68759e-17
2.9166e-21
4.3099e-21
8.52347e-21
1.75931e-20
3.56984e-20
7.04317e-20
1.35333e-19
2.5447e-19
4.70581e-19
8.5994e-19
1.56021e-18
2.82402e-18
5.12523e-18
9.37679e-18
1.73919e-17
3.28813e-17
6.3579e-17
1.25219e-16
2.45031e-16
4.37651e-16
4.60237e-20
7.50989e-20
1.5572e-19
3.26601e-19
6.65119e-19
1.31018e-18
2.50785e-18
4.69167e-18
8.62482e-18
1.56582e-17
2.82067e-17
5.06528e-17
9.11057e-17
1.64937e-16
3.02093e-16
5.62501e-16
1.068e-15
2.06009e-15
3.9469e-15
6.93088e-15
7.16382e-19
1.29212e-18
2.78934e-18
5.91301e-18
1.20366e-17
2.35994e-17
4.48783e-17
8.33361e-17
1.52007e-16
2.73777e-16
4.89219e-16
8.71245e-16
1.55322e-15
2.78438e-15
5.04183e-15
9.2605e-15
1.72943e-14
3.27171e-14
6.14035e-14
1.05944e-13
1.09763e-17
2.18367e-17
4.86029e-17
1.03402e-16
2.09311e-16
4.06733e-16
7.65646e-16
1.407e-15
2.54036e-15
4.53111e-15
8.02241e-15
1.41614e-14
2.50277e-14
4.44642e-14
7.97217e-14
1.44744e-13
2.66537e-13
4.95729e-13
9.12957e-13
1.54804e-12
1.6483e-16
3.59085e-16
8.13248e-16
1.72079e-15
3.44037e-15
6.58913e-15
1.22221e-14
2.2145e-14
3.94634e-14
6.95593e-14
1.21861e-13
2.13104e-13
3.73472e-13
6.58345e-13
1.17121e-12
2.10828e-12
3.84217e-12
7.05362e-12
1.27914e-11
2.13523e-11
2.39889e-15
5.64074e-15
1.27825e-14
2.65943e-14
5.20647e-14
9.76128e-14
1.7744e-13
3.15618e-13
5.53273e-13
9.61395e-13
1.6641e-12
2.88156e-12
5.01075e-12
8.77962e-12
1.55447e-11
2.78624e-11
5.05327e-11
9.21699e-11
1.65674e-10
2.73509e-10
3.28301e-14
8.14159e-14
1.81027e-13
3.65393e-13
6.93611e-13
1.26343e-12
2.23743e-12
3.88873e-12
6.68181e-12
1.14176e-11
1.94992e-11
3.3428e-11
5.7744e-11
1.00841e-10
1.78496e-10
3.20677e-10
5.83939e-10
1.06993e-09
1.93001e-09
3.18493e-09
3.86041e-13
9.76036e-13
2.10069e-12
4.07507e-12
7.44777e-12
1.31085e-11
2.25173e-11
3.81086e-11
6.40138e-11
1.07379e-10
1.80821e-10
3.07106e-10
5.28268e-10
9.23706e-10
1.64656e-09
2.99657e-09
5.55985e-09
1.04392e-08
1.93748e-08
3.2796e-08
0.001
0.001
0.001
0.001
0.001
0.001
0.001
0.001
0.001
0.001
0.001
0.000999999
0.000999999
0.000999998
0.000999997
0.000999995
0.000999991
0.000999982
0.000999967
0.000999944
0.001
0.001
0.001
0.001
0.001
0.001
0.001
0.001
0.001
0.001
0.001
0.001
0.001
0.001
0.001
0.000999999
0.000999999
0.000999998
0.000999997
0.000999994
0.001
0.001
0.001
0.001
0.001
0.001
0.001
0.001
0.001
0.001
0.001
0.001
0.001
0.001
0.001
0.001
0.001
0.001
0.001
0.000999999
0.001
0.001
0.001
0.001
0.001
0.001
0.001
0.001
0.001
0.001
0.001
0.001
0.001
0.001
0.001
0.001
0.001
0.001
0.001
0.001
0.001
0.001
0.001
0.001
0.001
0.001
0.001
0.001
0.001
0.001
0.001
0.001
0.001
0.001
0.001
0.001
0.001
0.001
0.001
0.001
0.001
0.001
0.001
0.001
0.001
0.001
0.001
0.001
0.001
0.001
0.001
0.001
0.001
0.001
0.001
0.001
0.001
0.001
0.001
0.001
0.001
0.001
0.001
0.001
0.001
0.001
0.001
0.001
0.001
0.001
0.001
0.001
0.001
0.001
0.001
0.001
0.001
0.001
0.001
0.001
0.001
0.001
0.001
0.001
0.001
0.001
0.001
0.001
0.001
0.001
0.001
0.001
0.001
0.001
0.001
0.001
0.001
0.001
0.001
0.001
0.001
0.001
0.001
0.001
0.001
0.001
0.001
0.001
0.001
0.001
0.001
0.001
0.001
0.001
0.001
0.001
0.001
0.001
0.001
0.001
0.001
0.001
0.001
0.001
0.001
0.001
0.001
0.001
0.001
0.001
0.001
0.001
0.001
0.001
0.001
0.001
0.001
0.001
0.001
0.001
0.001
0.001
0.001
0.001
0.001
0.001
0.001
0.001
0.001
0.001
0.001
0.001
0.001
0.001
0.001
0.001
0.001
0.001
0.001
0.001
0.001
0.001
0.001
0.001
0.001
0.001
0.001
0.001
0.001
0.001
0.001
0.001
0.001
0.001
0.001
0.001
0.001
0.001
0.001
0.001
0.001
0.001
0.001
0.001
0.001
0.001
0.001
0.001
0.001
0.001
0.001
0.001
0.001
0.001
0.001
0.001
0.001
0.001
0.001
0.001
0.001
0.001
0.001
0.001
0.001
0.001
0.001
0.001
0.001
0.001
0.001
0.001
0.001
0.001
0.001
0.001
0.001
0.001
0.001
0.001
0.001
0.001
0.001
0.001
0.001
0.001
0.001
0.001
0.001
0.001
0.001
0.001
0.001
0.001
0.001
0.001
0.001
0.001
0.001
0.001
0.001
0.001
0.001
0.001
0.001
0.001
0.001
0.001
0.001
0.001
0.001
0.001
0.001
0.001
0.001
0.001
0.001
0.001
0.001
0.001
0.001
0.001
0.001
0.001
0.001
0.001
0.001
0.001
0.001
0.001
0.001
0.001
0.001
0.001
0.001
0.001
0.001
0.001
0.001
0.001
0.001
0.001
0.001
0.001
0.001
0.001
0.001
0.001
0.001
0.001
0.001
0.001
0.001
0.001
0.001
0.001
0.001
0.001
0.001
0.001
0.001
0.001
0.001
0.001
0.001
0.001
0.001
0.001
0.001
0.001
0.001
0.001
0.001
0.001
0.001
0.001
0.001
0.001
0.001
0.001
0.001
0.001
0.001
0.001
0.001
0.001
0.001
0.001
0.001
0.001
0.001
0.001
0.001
0.001
0.001
0.001
0.001
0.001
0.001
0.001
0.001
0.001
0.001
0.001
0.001
0.001
0.001
0.001
0.001
0.001
0.001
0.001
0.001
0.001
0.001
0.001
0.001
0.001
0.001
0.001
0.001
0.001
0.001
0.001
0.001
0.001
0.001
0.001
0.001
0.001
0.001
0.001
0.001
0.001
0.001
0.001
0.001
0.001
0.001
0.001
0.001
0.001
0.001
0.001
0.001
0.001
0.001
0.001
0.001
0.001
0.001
0.001
0.001
0.001
0.001
0.001
0.001
0.001
0.001
0.001
0.001
0.001
0.001
0.001
0.001
0.001
0.001
0.001
0.001
0.001
0.001
0.001
0.001
0.001
0.001
0.001
0.001
0.001
0.001
0.001
0.001
0.001
0.001
0.001
0.001
0.001
0.001
0.001
0.001
0.001
0.001
0.001
0.001
0.001
0.001
0.001
0.001
0.001
0.001
0.001
0.001
0.001
0.001
0.001
0.001
0.001
0.001
0.001
0.001
0.001
0.001
0.001
0.001
0.001
0.001
0.001
0.001
0.001
0.001
0.001
0.001
0.001
0.001
0.001
0.001
0.001
0.001
0.001
0.001
0.001
0.001
0.001
0.001
0.001
0.001
0.001
0.001
0.001
0.001
0.001
0.001
0.001
0.001
0.001
0.001
0.001
0.001
0.001
0.001
0.001
0.001
0.001
0.001
0.001
0.001
0.001
0.001
0.001
0.001
0.001
0.001
0.001
0.001
0.001
0.001
0.001
0.001
0.001
0.001
0.001
0.001
0.001
0.001
0.001
0.001
0.001
0.001
0.001
0.001
0.001
0.001
0.001
0.001
0.001
0.001
0.001
0.001
0.001
0.001
0.001
0.001
0.001
0.001
0.001
0.001
0.001
0.001
0.001
0.001
0.001
0.001
0.001
0.001
0.001
0.001
0.001
0.001
0.001
0.001
0.001
0.001
0.001
0.001
0.001
0.001
0.001
0.001
0.001
0.001
0.001
0.001
0.001
0.001
0.001
0.001
0.001
0.001
0.001
0.001
0.001
0.001
0.001
0.001
0.001
0.001
0.001
0.001
0.001
0.001
0.001
0.001
0.001
0.001
0.001
0.001
0.001
0.001
0.001
0.001
0.001
0.001
0.001
0.001
0.001
0.001
0.001
0.001
0.001
0.001
0.001
0.001
0.001
0.001
0.001
0.001
0.001
0.001
0.001
0.001
0.001
0.001
0.001
0.001
0.001
0.001
0.001
0.001
0.001
0.001
0.001
0.001
0.001
0.001
0.001
0.001
0.001
0.001
0.001
0.001
0.001
0.001
0.001
0.001
0.001
0.001
0.001
0.001
0.001
0.001
0.001
0.001
0.001
0.001
0.001
0.001
0.001
0.001
0.001
0.001
0.001
0.001
0.001
0.001
0.001
0.001
0.001
0.001
0.001
0.001
0.001
0.001
0.001
0.001
0.001
0.001
0.001
0.001
0.001
0.001
0.001
0.001
0.001
0.001
0.001
0.001
0.001
0.001
0.001
0.001
0.001
0.001
0.001
0.001
0.001
0.001
0.001
0.001
0.001
0.001
0.001
0.001
0.001
0.001
0.001
0.001
0.001
0.001
0.001
0.001
0.001
0.001
0.001
0.001
0.001
0.001
0.001
0.001
0.001
0.001
0.001
0.001
0.001
0.001
0.001
0.001
0.001
0.001
0.001
0.001
0.001
0.001
0.001
0.001
0.001
0.001
0.001
0.001
0.001
0.001
0.001
0.001
0.001
0.001
0.001
0.001
0.001
0.001
0.001
0.001
0.001
0.001
0.001
0.001
0.001
0.001
0.001
0.001
0.001
0.001
0.001
0.001
0.001
0.001
0.001
0.001
0.001
0.001
0.001
0.001
0.001
0.001
0.001
0.001
0.001
0.001
0.001
0.001
0.001
0.001
0.001
0.001
0.001
0.001
0.001
0.001
0.001
0.001
0.001
0.001
0.001
0.001
0.001
0.001
0.001
0.001
0.001
0.001
0.001
0.001
0.001
0.001
0.001
0.001
0.001
0.001
0.001
0.001
0.001
0.001
0.001
0.001
0.001
0.001
0.001
0.001
0.001
0.001
0.001
0.001
0.001
0.001
0.001
0.001
0.001
0.001
0.001
0.001
0.001
0.001
0.001
0.001
0.001
0.001
0.001
0.001
0.001
0.001
0.001
0.001
0.001
0.001
0.001
0.001
0.001
0.001
0.001
0.001
0.001
0.001
0.001
0.001
0.001
0.001
0.001
0.001
0.001
0.001
0.001
0.001
0.001
0.001
0.001
0.001
0.001
0.001
0.001
0.001
0.001
0.001
0.001
0.001
0.001
0.001
0.001
0.001
0.001
0.001
0.001
0.001
0.001
0.001
0.001
0.001
0.001
0.001
0.001
0.001
0.001
0.001
0.001
0.001
0.001
0.001
0.001
0.001
0.001
0.001
0.001
0.001
0.001
0.001
0.001
0.001
0.001
0.001
0.001
0.001
0.001
0.001
0.001
0.001
0.001
0.001
0.001
0.001
0.001
0.001
0.001
0.001
0.001
0.001
0.001
0.001
0.001
0.001
0.001
0.001
0.001
0.001
0.001
0.001
0.001
0.001
0.001
0.001
0.001
0.001
0.001
0.001
0.001
0.001
0.001
0.001
0.001
0.001
0.001
0.001
0.001
0.001
0.001
0.001
0.001
0.001
0.001
0.001
0.001
0.001
0.001
0.001
0.001
0.001
0.001
0.001
0.001
0.001
0.001
0.001
0.001
0.001
0.001
0.001
0.001
0.001
0.001
0.001
0.001
0.001
0.001
0.001
0.001
0.001
0.001
0.001
0.001
0.001
0.001
0.001
0.001
0.001
0.001
0.001
0.001
0.001
0.001
0.001
0.001
0.001
0.001
0.001
0.001
0.001
0.001
0.001
0.001
0.001
0.001
0.001
0.001
0.001
0.001
0.001
0.001
0.001
0.001
0.001
0.001
0.001
0.001
0.001
0.001
0.001
0.001
0.001
0.001
0.001
0.001
0.001
0.001
0.001
0.001
0.001
0.001
0.001
0.001
0.001
0.001
0.001
0.001
0.001
0.001
0.001
0.001
0.001
0.001
0.001
0.001
0.001
0.001
0.001
0.001
0.001
0.001
0.001
0.001
0.001
0.001
0.001
0.001
0.001
0.001
0.001
0.001
0.001
0.001
0.001
0.001
0.001
0.001
0.001
0.001
0.001
0.001
0.001
0.001
0.001
0.001
0.001
0.001
0.001
0.001
0.001
0.001
0.001
0.001
0.001
0.001
0.001
0.001
0.001
0.001
0.001
0.001
0.001
0.001
0.001
0.001
0.001
0.001
0.001
0.001
0.001
0.001
0.001
0.001
0.001
0.001
0.001
0.001
0.001
0.001
0.001
0.001
0.001
0.001
0.001
0.001
0.001
0.001
0.001
0.001
0.001
0.001
0.001
0.001
0.001
0.001
0.001
0.001
0.001
0.001
0.001
0.001
0.001
0.001
0.001
0.001
0.001
0.001
0.001
0.001
0.001
0.001
0.001
0.001
0.001
0.001
0.001
0.001
0.001
0.001
0.001
0.001
0.001
0.001
0.001
0.001
0.001
0.001
0.001
0.001
0.001
0.001
0.001
0.001
0.001
0.001
0.001
0.001
0.001
0.001
0.001
0.001
0.001
0.001
0.001
0.001
0.001
0.001
0.001
0.001
0.001
0.001
0.001
0.001
0.001
0.001
0.001
0.001
0.001
0.001
0.001
0.001
0.001
0.001
0.001
0.001
0.001
0.001
0.001
0.001
0.001
0.001
0.001
0.001
0.001
0.001
0.001
0.001
0.001
0.001
0.001
0.001
0.001
0.001
0.001
0.001
0.001
0.001
0.001
0.001
0.001
0.001
0.001
0.001
0.001
0.001
0.001
0.001
0.001
0.001
0.001
0.001
0.001
0.001
0.001
0.001
0.001
0.001
0.001
0.001
0.001
0.001
0.001
0.001
0.001
0.001
0.001
0.001
0.001
0.001
0.001
0.001
0.001
0.001
0.001
0.001
0.001
0.001
0.001
0.001
0.001
0.001
0.001
0.001
0.001
0.001
0.001
0.001
0.001
0.001
0.001
0.001
0.001
0.001
0.001
0.001
0.001
0.001
0.001
0.001
0.001
0.001
0.001
0.001
0.001
0.001
0.001
0.001
0.001
0.001
0.001
0.001
0.001
0.001
0.001
0.001
0.001
0.001
0.001
0.001
0.001
0.001
0.001
0.001
0.001
0.001
0.001
0.001
0.001
0.001
0.001
0.001
0.001
0.001
0.001
0.001
0.001
0.001
0.001
0.001
0.001
0.001
0.001
0.001
0.001
0.001
0.001
0.001
0.001
0.001
0.001
0.001
0.001
0.001
0.001
0.001
0.001
0.001
0.001
0.001
0.001
0.001
0.001
0.001
0.001
0.001
0.001
0.001
0.001
0.001
0.001
0.001
0.001
0.001
0.001
0.001
0.001
0.001
0.001
0.001
0.001
0.001
0.001
0.001
0.001
0.001
0.001
0.001
0.001
0.001
0.001
0.001
0.001
0.001
0.001
0.001
0.001
0.001
0.001
0.001
0.001
0.001
0.001
0.001
0.001
0.001
0.001
0.001
0.001
0.001
0.001
0.001
0.001
0.001
0.001
0.001
0.001
0.001
0.001
0.001
0.001
0.001
0.001
0.001
0.001
0.001
0.001
0.001
0.001
0.001
0.001
0.001
0.001
0.001
0.001
0.001
0.001
0.001
0.001
0.001
0.001
0.001
0.001
0.001
0.001
0.001
0.001
0.001
0.001
0.001
0.001
0.001
0.001
0.001
0.001
0.001
0.001
0.001
0.001
0.001
0.001
0.001
0.001
0.001
0.001
0.001
0.001
0.001
0.001
0.001
0.001
0.001
0.001
0.001
0.001
0.001
0.001
0.001
0.001
0.001
0.001
0.001
0.001
0.001
0.001
0.001
0.001
0.001
0.001
0.001
0.001
0.001
0.001
0.001
0.001
0.001
0.001
0.001
0.001
0.001
0.001
0.001
0.001
0.001
0.001
0.001
0.001
0.001
0.001
0.001
0.001
0.001
0.001
0.001
0.001
0.001
0.001
0.001
0.001
0.001
0.001
0.001
0.001
0.001
0.001
0.001
0.001
0.001
0.001
0.001
0.001
0.001
0.001
0.001
0.001
0.001
0.001
0.001
0.001
0.001
0.001
0.001
0.001
0.001
0.001
0.001
0.001
0.001
0.001
0.001
0.001
0.001
0.001
0.001
0.001
0.001
0.001
0.001
0.001
0.001
0.001
0.001
0.001
0.001
0.001
0.001
0.001
0.001
0.001
0.001
0.001
0.001
0.001
0.001
0.001
0.001
0.001
0.001
0.001
0.001
0.001
0.001
0.001
0.001
0.001
0.001
0.001
0.001
0.001
0.001
0.001
0.001
0.001
0.001
0.001
0.001
0.001
0.001
0.001
0.001
0.001
0.001
0.001
0.001
0.001
0.001
0.001
0.001
0.001
0.001
0.001
0.001
0.001
0.001
0.001
0.001
0.001
0.001
0.001
0.001
0.001
0.001
0.001
0.001
0.001
0.001
0.001
0.001
0.001
0.001
0.001
0.001
0.001
0.001
0.001
0.001
0.001
0.001
0.001
0.001
0.001
0.001
0.001
0.001
0.001
0.001
0.001
0.001
0.001
0.001
0.001
0.001
0.001
0.001
0.001
0.001
0.001
0.001
0.001
0.001
0.001
0.001
0.001
0.001
0.001
0.001
0.001
0.001
0.001
0.001
0.001
0.001
0.001
0.001
0.001
0.001
0.001
0.001
0.001
0.001
0.001
0.001
0.001
0.001
0.001
0.001
0.001
0.001
0.001
0.001
0.001
0.001
0.001
0.001
0.001
0.001
0.001
0.001
0.001
0.001
0.001
0.001
0.001
0.001
0.001
0.001
0.001
0.001
0.001
0.001
0.001
0.001
0.001
0.001
0.001
0.001
0.001
0.001
0.001
0.001
0.001
0.001
0.001
0.001
0.001
0.001
0.001
0.001
0.001
0.001
0.001
0.001
0.001
0.001
0.001
0.001
0.001
0.001
0.001
0.001
0.001
0.001
0.001
0.001
0.001
0.001
0.001
0.001
0.001
0.001
0.001
0.001
0.001
0.001
0.001
0.001
0.001
0.001
0.001
0.001
0.001
0.001
0.001
0.001
0.001
0.001
0.001
0.001
0.001
0.001
0.001
0.001
0.001
0.001
0.001
0.001
0.001
0.001
0.001
0.001
0.001
0.001
0.001
0.001
0.001
0.001
0.001
0.001
0.001
0.001
0.001
0.001
0.001
0.001
0.001
0.001
0.001
0.001
0.001
0.001
0.001
0.001
0.001
0.001
0.001
0.001
0.001
0.001
0.001
0.001
0.001
0.001
0.001
0.001
0.001
0.001
0.001
0.001
0.001
0.001
0.001
0.001
0.001
0.001
0.001
0.001
0.001
0.001
0.001
0.001
0.001
0.001
0.001
0.001
0.001
0.001
0.001
0.001
0.001
0.001
0.001
0.001
0.001
0.001
0.001
0.001
0.001
0.001
0.001
0.001
0.001
0.001
0.001
0.001
0.001
0.001
0.001
0.001
0.001
0.001
0.001
0.001
0.001
0.001
0.001
0.001
0.001
0.001
0.001
0.001
0.001
0.001
0.001
0.001
0.001
0.001
0.001
0.001
0.001
0.001
0.001
0.001
0.001
0.001
0.001
0.001
0.001
0.001
0.001
0.001
0.001
0.001
0.001
0.001
0.001
0.001
0.001
0.001
0.001
0.001
0.001
0.001
0.001
0.001
0.001
0.001
0.001
0.001
0.001
0.001
0.001
0.001
0.001
0.001
0.001
0.001
0.001
0.001
0.001
0.001
0.001
0.001
0.001
0.001
0.001
0.001
0.001
0.001
0.001
0.001
0.001
0.001
0.001
0.001
0.001
0.001
0.001
0.001
0.001
0.001
0.001
0.001
0.001
0.001
0.001
0.001
0.001
0.001
0.001
0.001
0.001
0.001
0.001
0.001
0.001
0.001
0.001
0.001
0.001
0.001
0.001
0.001
0.001
0.001
0.001
0.001
0.001
0.001
0.001
0.001
)
;

boundaryField
{
    outlet
    {
        type            zeroGradient;
    }
    inlet1
    {
        type            fixedValue;
        value           uniform 0;
    }
    inlet2
    {
        type            fixedValue;
        value           uniform 0.001;
    }
    frontAndBack
    {
        type            empty;
    }
    defaultFaces
    {
        type            zeroGradient;
    }
}


// ************************************************************************* //
