/*--------------------------------*- C++ -*----------------------------------*\
| =========                 |                                                 |
| \\      /  F ield         | OpenFOAM: The Open Source CFD Toolbox           |
|  \\    /   O peration     | Version:  2.1.0                                 |
|   \\  /    A nd           | Web:      www.OpenFOAM.org                      |
|    \\/     M anipulation  |                                                 |
\*---------------------------------------------------------------------------*/
FoamFile
{
    version     2.0;
    format      ascii;
    class       volScalarField;
    location    "0.43";
    object      omega;
}
// * * * * * * * * * * * * * * * * * * * * * * * * * * * * * * * * * * * * * //

dimensions      [0 0 -1 0 0 0 0];

internalField   nonuniform List<scalar> 
6400
(
1644.46
1645.41
1645.49
1645.34
1644.8
1644.53
1643.8
1643.44
1642.62
1642.21
1641.34
1640.84
1639.95
1639.36
1638.45
1637.76
1636.82
1636.02
1635.05
1634.16
1633.15
1632.17
1631.12
1630.07
1628.99
1627.88
1626.75
1625.58
1624.4
1623.17
1621.93
1620.63
1619.32
1617.95
1616.57
1615.12
1613.65
1612.11
1610.54
1608.88
1607.17
1605.35
1603.45
1601.42
1599.27
1596.97
1594.52
1591.88
1589.05
1586
1582.72
1579.19
1575.39
1571.24
1566.68
1561.65
1556.19
1550.58
1544.57
1538.36
1531.79
1525.01
1517.88
1510.52
1502.78
1494.75
1486.32
1477.57
1468.3
1458.55
1448.29
1437.43
1425.99
1413.87
1401.09
1387.6
1373.41
1358.54
1343.02
1326.91
1310.25
1293.07
1275.19
1255.99
1234.57
1212.03
1187.24
1159.41
1127.09
1088
1038.61
972.882
883.462
763.894
610.533
537.943
565.906
735.201
892.958
942.849
688.664
688.852
690.043
690.984
692.324
693.671
695.062
696.615
698.069
699.748
701.283
703.055
704.685
706.536
708.27
710.198
712.038
714.043
715.992
718.078
720.137
722.313
724.486
726.761
729.058
731.452
733.887
736.421
739.017
741.711
744.482
747.355
750.322
753.397
756.584
759.893
763.334
766.92
770.63
774.484
778.479
782.63
786.942
791.423
796.082
800.927
805.969
811.213
816.673
822.357
828.276
834.445
840.863
847.524
854.449
861.631
869.107
876.957
885.136
893.717
902.682
912.096
921.96
932.331
943.229
954.719
966.747
979.237
992.284
1006.06
1020.55
1035.83
1051.95
1068.98
1086.99
1106.06
1126.28
1147.76
1170.63
1195.02
1221.13
1249.22
1278.94
1309.38
1341.56
1374.37
1407.4
1439.4
1469.11
1494.88
1513.56
1522.13
1523.85
1509.53
1474.16
1394.88
1285.05
1150.78
1005.87
848.263
499.548
502.684
504.176
507.216
509.225
512.303
514.633
517.75
520.329
523.51
526.308
529.576
532.582
535.962
539.171
542.686
546.103
549.774
553.394
557.228
561.056
565.07
569.111
573.321
577.585
582.007
586.499
591.143
595.879
600.764
605.76
610.908
616.182
621.611
627.181
632.91
638.791
644.833
651.087
657.537
664.17
671.014
678.077
685.371
692.906
700.694
708.745
717.071
725.683
734.589
743.796
753.308
763.137
773.297
783.794
794.647
805.876
817.511
829.554
842.035
854.958
868.349
882.212
896.564
911.405
926.746
942.609
959.046
975.968
993.238
1010.88
1028.79
1046.95
1065.29
1083.77
1102.34
1120.98
1139.67
1158.41
1177.21
1196.09
1215.09
1234.21
1253.49
1272.92
1292.27
1311.39
1329.76
1346.69
1361.04
1368.89
1371.71
1365.18
1338.95
1290.29
1210.57
1102.11
960.916
797.32
628.081
450.26
455.224
457.42
461.801
464.579
468.934
472.127
476.484
480.017
484.422
488.252
492.747
496.854
501.475
505.847
510.627
515.26
520.227
525.126
530.309
535.482
540.902
546.357
552.033
557.775
563.716
569.749
575.967
582.296
588.806
595.444
602.261
609.221
616.362
623.66
631.142
638.794
646.636
654.639
662.829
671.226
679.807
688.573
697.521
706.647
715.947
725.415
735.044
744.825
754.75
764.808
774.99
785.284
795.683
806.171
816.746
827.395
838.114
848.887
859.709
870.563
881.439
892.319
903.191
914.026
924.807
935.529
946.208
956.792
967.279
977.629
987.834
997.835
1007.58
1017.04
1026.12
1034.77
1042.87
1050.34
1057.01
1062.76
1067.38
1070.4
1071.77
1072.07
1069.53
1064.65
1056.56
1045.08
1029.36
1008.87
982.582
949.277
907.171
854.258
788.807
712.165
629.18
552.928
496.636
439.019
445.079
447.709
452.963
456.26
461.466
465.235
470.418
474.563
479.766
484.229
489.494
494.24
499.599
504.602
510.08
515.322
520.939
526.412
532.185
537.878
543.817
549.722
555.828
561.935
568.209
574.511
580.956
587.44
594.043
600.691
607.441
614.235
621.115
628.036
635.027
642.053
649.132
656.236
663.376
670.525
677.697
684.87
692.049
699.211
706.362
713.477
720.56
727.589
734.566
741.472
748.306
755.049
761.704
768.241
774.663
780.985
787.159
793.167
798.972
804.557
809.875
814.905
819.599
823.928
827.846
831.317
834.293
836.728
838.578
839.627
840.068
840.119
838.919
837.192
834.311
830.674
825.867
820.127
813.174
805.142
795.848
785.368
773.667
760.79
746.639
731.442
715.023
697.556
678.833
658.851
637.231
613.842
587.958
558.941
527.666
495.203
465.347
444.212
432.567
429.771
435.747
438.309
443.445
446.598
451.652
455.2
460.164
464.001
468.9
472.96
477.818
482.054
486.892
491.27
496.1
500.59
505.42
509.998
514.829
519.471
524.301
528.988
533.81
538.521
543.326
548.039
552.838
557.598
562.414
567.186
571.986
576.732
581.48
586.161
590.819
595.393
599.918
604.341
608.686
612.91
617.027
620.988
624.822
628.466
631.953
635.22
638.294
641.117
643.71
646.018
648.057
649.776
651.184
652.235
652.953
653.311
653.437
653.24
652.51
651.476
649.921
647.992
645.55
642.69
639.328
635.528
631.242
626.516
621.327
615.712
609.698
603.327
596.58
589.552
582.192
574.614
566.76
558.791
550.651
542.427
534.134
525.849
517.578
509.38
501.235
493.054
484.853
476.693
468.457
460.147
451.614
442.816
433.586
424.045
414.68
406.896
403.176
402.135
402.114
400.794
405.608
407.649
411.739
414.163
418.162
420.818
424.693
427.496
431.244
434.139
437.766
440.712
444.223
447.187
450.584
453.536
456.816
459.73
462.886
465.735
468.761
471.525
474.381
477.012
479.678
482.138
484.617
486.922
489.196
491.276
493.284
495.077
496.761
498.21
499.518
500.575
501.461
502.081
502.438
502.582
502.595
502.179
501.64
500.72
499.636
498.196
496.57
494.611
492.457
489.995
487.341
484.409
481.299
477.97
474.496
470.778
466.949
462.932
458.834
454.621
450.362
446.051
441.73
437.399
433.084
428.885
424.759
420.803
416.977
413.367
409.92
406.686
403.644
400.839
398.238
395.875
393.693
391.77
390.013
388.518
387.183
386.077
385.104
384.315
383.612
383.028
382.478
381.976
381.455
380.95
380.447
380.134
380.015
380.504
381.774
384.29
388.884
392.581
393.643
354.527
357.944
359.35
362.113
363.612
366.223
367.731
370.138
371.603
373.78
375.157
377.099
378.351
380.049
381.144
382.588
383.499
384.678
385.377
386.277
386.74
387.306
387.569
387.729
387.769
387.659
387.333
386.885
386.144
385.285
384.131
382.863
381.308
379.644
377.713
375.69
373.423
371.078
368.519
365.898
363.109
360.274
357.298
354.32
351.235
348.184
345.068
342.021
338.949
335.978
333.026
330.18
327.432
324.84
322.38
320.089
317.971
316.052
314.341
312.858
311.611
310.612
309.871
309.451
309.27
309.241
309.608
310.121
310.976
311.989
313.319
314.808
316.586
318.522
320.72
323.069
325.653
328.377
331.293
334.353
337.591
340.942
344.432
347.999
351.661
355.356
359.098
362.826
366.558
370.252
373.939
377.615
381.35
385.192
389.374
394.153
399.761
406.744
412.302
414.568
294.955
296.051
296.452
297.124
297.432
297.854
298.031
298.155
298.173
298.098
297.798
297.521
296.942
296.437
295.594
294.847
293.75
292.758
291.421
290.188
288.625
287.165
285.402
283.751
281.852
280.04
278.028
276.098
274.011
272.019
269.91
267.912
265.84
263.892
261.91
260.059
258.215
256.513
254.859
253.354
251.937
250.677
249.537
248.564
247.737
247.089
246.606
246.364
246.267
246.274
246.657
247.122
247.886
248.745
249.876
251.128
252.632
254.275
256.155
258.188
260.446
262.866
265.503
268.31
271.33
274.533
277.932
281.512
285.292
289.256
293.426
297.786
302.362
307.134
312.129
317.332
322.768
328.423
334.321
340.445
346.82
353.43
360.294
367.397
374.749
382.331
390.145
398.16
406.37
414.742
423.264
431.911
440.69
449.614
458.762
468.358
479.082
490.72
502.396
508.164
237.799
236.575
236.033
234.9
234.179
232.981
232.113
230.848
229.866
228.544
227.471
226.117
224.982
223.618
222.45
221.102
219.931
218.625
217.485
216.248
215.17
214.03
213.046
212.031
211.169
210.302
209.588
208.891
208.349
207.843
207.492
207.208
207.072
207.019
207.035
207.254
207.518
207.968
208.484
209.175
209.952
210.887
211.919
213.1
214.387
215.816
217.359
219.039
220.834
222.766
224.825
227.012
229.325
231.758
234.321
237.001
239.817
242.751
245.824
249.02
252.357
255.824
259.437
263.187
267.09
271.139
275.348
279.716
284.254
288.965
293.859
298.943
304.226
309.717
315.427
321.367
327.55
333.988
340.698
347.695
354.997
362.624
370.598
378.943
387.685
396.856
406.489
416.622
427.304
438.585
450.531
463.212
476.719
491.156
506.64
523.255
541.006
559.497
574.2
580.76
260.956
260.398
260.094
259.451
258.928
258.163
257.436
256.529
255.614
254.558
253.474
252.271
251.049
249.715
248.376
246.948
245.516
244.026
242.534
241.016
239.499
237.986
236.483
235.01
233.558
232.161
230.8
229.514
228.28
227.139
226.066
225.102
224.223
223.466
222.81
222.29
221.885
221.652
221.547
221.527
221.739
222.044
222.531
223.129
223.899
224.792
225.85
227.037
228.385
229.866
231.503
233.276
235.203
237.267
239.491
241.847
244.347
246.987
249.766
252.69
255.754
258.967
262.322
265.832
269.487
273.304
277.272
281.409
285.707
290.185
294.835
299.676
304.702
309.935
315.374
321.038
326.925
333.059
339.44
346.093
353.021
360.251
367.79
375.668
383.896
392.505
401.512
410.953
420.852
431.244
442.166
453.678
465.866
478.805
492.637
507.499
523.493
540.264
554.022
560.25
320.349
322.012
322.659
323.837
324.413
325.396
325.869
326.619
326.972
327.453
327.658
327.773
327.786
327.641
327.302
326.913
326.262
325.607
324.662
323.737
322.515
321.323
319.843
318.398
316.68
315.003
313.088
311.2
309.106
307.054
304.82
302.643
300.314
298.056
295.679
293.386
291.006
288.733
286.409
284.21
282
279.939
277.933
276.089
274.338
272.763
271.315
270.059
268.959
268.066
267.353
266.866
266.627
266.541
266.642
267.054
267.579
268.392
269.342
270.566
271.938
273.57
275.359
277.394
279.593
282.028
284.63
287.44
290.415
293.585
296.92
300.444
304.124
307.994
312.019
316.231
320.595
325.141
329.835
334.705
339.698
344.845
350.105
355.499
360.989
366.594
372.276
378.053
383.898
389.819
395.811
401.881
408.031
414.444
421.244
428.851
437.577
447.853
458.737
464.458
370.939
374.373
375.799
378.595
380.156
382.819
384.425
386.912
388.512
390.81
392.388
394.499
396.02
397.923
399.335
401.019
402.276
403.724
404.789
405.979
406.818
407.731
408.315
408.927
409.232
409.446
409.512
409.469
409.142
408.752
408.089
407.346
406.341
405.249
403.908
402.478
400.753
398.896
396.771
394.519
392.027
389.422
386.611
383.712
380.643
377.512
374.269
370.989
367.649
364.307
360.955
357.638
354.355
351.137
347.983
344.964
342.073
339.352
336.776
334.406
332.214
330.253
328.503
327.005
325.736
324.724
323.932
323.396
323.13
323.032
323.086
323.502
323.989
324.777
325.628
326.728
327.879
329.226
330.605
332.129
333.727
335.461
337.252
339.158
341.11
343.177
345.285
347.505
349.777
352.18
354.683
357.384
360.286
363.477
366.927
371.021
376.149
382.762
387.62
389.408
408.163
412.948
414.98
419.025
421.45
425.384
428.041
431.836
434.633
438.287
441.202
444.774
447.779
451.273
454.328
457.746
460.815
464.15
467.202
470.444
473.449
476.583
479.512
482.522
485.346
488.208
490.903
493.59
496.114
498.6
500.916
503.165
505.235
507.207
508.987
510.642
512.157
513.54
514.733
515.752
516.542
517.104
517.375
517.47
517.335
516.819
516.104
515.034
513.725
512.081
510.177
507.956
505.469
502.689
499.653
496.352
492.817
489.065
485.138
481.039
476.791
472.373
467.838
463.204
458.495
453.74
448.961
444.251
439.585
435.042
430.613
426.365
422.279
418.408
414.671
411.165
407.812
404.695
401.727
398.975
396.307
393.838
391.429
389.171
386.934
384.822
382.696
380.645
378.556
376.523
374.464
372.504
370.608
369.159
368.134
367.752
368.587
372.345
375.474
376.366
424.56
430.357
432.847
437.816
440.895
445.78
449.258
454.065
457.839
462.599
466.61
471.353
475.556
480.304
484.665
489.433
493.923
498.719
503.317
508.143
512.828
517.683
522.435
527.314
532.116
537.009
541.844
546.742
551.593
556.486
561.337
566.209
571.034
575.856
580.621
585.359
590.074
594.765
599.406
603.998
608.512
612.948
617.282
621.508
625.599
629.546
633.332
636.934
640.343
643.533
646.493
649.196
651.63
653.77
655.6
657.096
658.243
658.95
659.27
659.345
658.851
658.132
656.915
655.366
653.312
650.862
647.906
644.522
640.642
636.324
631.527
626.298
620.614
614.538
608.127
601.365
594.28
586.932
579.277
571.411
563.275
554.992
546.472
537.827
528.963
519.912
510.617
501.088
491.141
480.734
469.926
458.548
446.617
434.05
421.562
408.843
398.127
391.527
388.697
387.429
426.088
431.762
434.231
439.139
442.241
447.1
450.653
455.496
459.412
464.283
468.501
473.437
477.922
482.959
487.697
492.863
497.838
503.151
508.354
513.828
519.25
524.895
530.529
536.35
542.189
548.187
554.221
560.395
566.614
572.959
579.356
585.862
592.424
599.082
605.799
612.603
619.465
626.4
633.386
640.434
647.524
654.66
661.83
669.031
676.253
683.491
690.733
697.965
705.174
712.363
719.519
726.632
733.692
740.688
747.611
754.446
761.194
767.827
774.345
780.709
786.9
792.954
798.787
804.41
809.752
814.807
819.509
823.841
827.741
831.185
834.114
836.492
838.262
839.181
839.539
839.475
838.029
836.122
832.905
828.914
823.575
817.185
809.327
800.151
789.336
776.976
762.89
746.92
729.107
709.167
687.034
662.265
634.569
603.422
569.639
532.737
495.622
460.595
435.416
418.769
434.422
438.972
440.997
445.027
447.598
451.599
454.551
458.546
461.8
465.831
469.353
473.461
477.227
481.446
485.449
489.809
494.045
498.572
503.043
507.76
512.474
517.403
522.37
527.531
532.762
538.176
543.683
549.363
555.152
561.11
567.191
573.441
579.829
586.392
593.11
600.011
607.084
614.352
621.792
629.426
637.244
645.257
653.457
661.85
670.426
679.221
688.236
697.487
706.984
716.672
726.562
736.635
746.89
757.312
767.894
778.618
789.481
800.454
811.538
822.707
833.964
845.29
856.683
868.135
879.635
891.169
902.715
914.257
925.755
937.177
948.592
959.922
971.187
982.329
993.347
1004.16
1014.72
1024.98
1034.8
1044.14
1052.79
1060.64
1067.42
1072.92
1076.27
1077.7
1077.85
1073.39
1066.09
1053.4
1035.53
1010.36
976.843
932.503
876.976
807.239
725.105
634.459
553.23
488.482
481.834
484.593
485.927
488.661
490.479
493.251
495.361
498.168
500.501
503.365
505.897
508.843
511.565
514.608
517.505
520.663
523.734
527.023
530.274
533.709
537.145
540.743
544.37
548.145
551.973
555.938
559.977
564.148
568.411
572.801
577.295
581.921
586.665
591.545
596.554
601.703
606.985
612.41
618.022
623.807
629.793
635.981
642.391
649.038
655.942
663.086
670.476
678.117
686.009
694.202
702.702
711.528
720.692
730.208
740.083
750.322
760.956
771.982
783.428
795.303
807.636
820.443
833.755
847.608
862.005
876.978
892.527
908.68
925.436
942.824
960.879
979.299
998.207
1017.5
1037.15
1057.07
1077.22
1097.53
1117.98
1138.53
1159.16
1179.86
1200.58
1221.39
1242.3
1263.27
1284.07
1304.18
1323.08
1339.44
1349.29
1353.04
1348.32
1320.97
1271.29
1196.06
1093.13
963.531
802.442
630.339
665.454
665.397
666.416
667.17
668.337
669.48
670.688
672.026
673.287
674.742
676.073
677.612
679.028
680.637
682.146
683.823
685.429
687.177
688.881
690.704
692.508
694.413
696.32
698.312
700.324
702.413
704.539
706.739
708.993
711.322
713.725
716.212
718.785
721.452
724.219
727.093
730.087
733.211
736.447
739.815
743.317
746.96
750.755
754.706
758.821
763.103
767.563
772.209
777.054
782.109
787.387
792.897
798.655
804.671
810.966
817.561
824.437
831.634
839.157
847.02
855.242
863.821
872.795
882.288
892.235
902.742
913.775
925.43
937.691
950.646
964.038
978.328
993.324
1009.26
1026.07
1043.92
1062.83
1082.92
1104.25
1126.95
1151.1
1176.84
1204.28
1233.61
1264.74
1296.51
1329.01
1360.63
1389.81
1414.24
1428.21
1433.35
1431.12
1414.82
1382.83
1321.75
1233.62
1122.38
997.861
848.985
1601.95
1602.63
1602.6
1602.14
1601.51
1601
1600.15
1599.61
1598.66
1598.07
1597.09
1596.43
1595.43
1594.7
1593.69
1592.86
1591.83
1590.91
1589.86
1588.85
1587.75
1586.65
1585.51
1584.34
1583.14
1581.9
1580.66
1579.38
1578.09
1576.76
1575.44
1574.06
1572.69
1571.26
1569.84
1568.37
1566.89
1565.36
1563.83
1562.25
1560.66
1559.02
1557.37
1555.65
1553.91
1552.09
1550.2
1548.21
1546.13
1543.92
1541.59
1539.11
1536.49
1533.71
1530.79
1527.73
1524.5
1521.01
1517.25
1513.07
1508.44
1503.16
1497.32
1491.32
1484.84
1478.22
1471.12
1463.81
1455.99
1447.84
1439.19
1430.08
1420.21
1409.81
1398.52
1386.51
1373.47
1359.51
1344.39
1328.16
1310.65
1291.88
1271.72
1250.18
1227.09
1202.15
1174.36
1141.64
1102.82
1055.85
995.594
916.204
815.6
704.985
584.555
535.354
556.105
721.937
886.823
939.964
865.884
324.727
176.603
119.703
95.265
82.3309
76.129
73.1615
72.1894
74.034
80.957
97.4661
118.893
156.232
207.117
271.562
348.993
444.057
560.315
610.194
693.162
329.17
219.142
154.333
121.759
104.137
92.9373
87.4675
85.542
87.5388
99.6632
115.597
144.577
184.762
237.97
299.979
372.41
459.582
544.764
568.47
544.581
318.732
242.269
180.157
147.626
125.461
111.882
105.981
104.314
108.676
120.222
144.144
174.74
218.787
269.553
326.183
390.266
462.67
514.402
522.524
444.622
305.168
256.287
198.163
171.199
146.159
134.089
128.453
126.903
131.265
154.171
177.731
213.978
256.454
302.089
352.281
406.633
455.352
474.186
474.318
388.187
300.421
266.292
214.678
191.996
168.734
159.191
155.463
155.22
175.087
195.479
222.875
257.394
292.849
330.839
370.805
410.051
432.644
426.392
427.805
360.081
300.366
273.832
232.026
214.53
201.048
197.45
197.437
211.709
227.896
247.917
272.677
299.47
326.814
355.885
383.514
398.907
396.782
367.91
383.467
352.317
312.843
296.052
273.012
265.951
263.434
263.074
269.92
279.158
291.195
306.016
322.371
339.252
355.557
369.815
376.621
374.916
343.661
300.679
349.865
386.886
375.231
371.414
361.633
356.874
351.357
349.155
348.626
350.788
355.095
359.394
364.164
366.783
367.785
366.308
357.917
331.079
277.608
232.692
331.163
499.047
483.815
476.428
457.521
448.628
434.284
427.245
417.567
412.374
404.318
397.847
388.68
378.153
365.463
349.183
316.731
268.472
204.073
161.714
324.897
563.302
541.905
532.247
509.184
498.137
479.49
469.206
452.369
440.804
423.889
409.726
390.498
370.423
341.783
302.274
251.936
198.142
143.377
116.615
327.85
544.459
524.302
515.242
493.48
483.09
465.687
456.36
441.385
431.185
416.517
404.004
387.442
369.694
345.117
309.417
259.708
203.618
143.383
113.694
326.307
457.692
446.495
440.864
424.905
417.606
406.645
401.379
395.701
392.898
389.456
385.975
381.293
374.261
364.768
353.386
326.926
279.383
212.13
170.798
324.356
358.952
343.845
338.856
330.9
327.499
324.388
323.545
326.176
331.044
338.572
346.586
354.821
362.484
366.298
367.645
363.233
339.595
286.976
239.376
325.716
336.683
296.803
279.27
254.071
245.677
242.71
242.519
250.893
261.606
275.602
292.932
311.752
331.979
352.106
370.575
379.762
380.958
352.324
307.689
335.475
346.787
288.183
262.286
221.041
203.627
189.124
184.781
184.299
198.094
215.361
236.83
263.147
291.962
321.683
353.79
385.64
403.673
404.795
374.38
370.127
374.512
289.316
256.032
206.263
184.312
161.479
151.824
147.746
147.149
165.191
186.565
214.628
250.46
287.67
327.729
370.162
413.994
438.69
433.729
420.268
429.59
294.002
246.218
190.008
163.832
140.061
128.552
123.203
121.749
125.963
147.118
171.314
207.653
251.229
298.655
350.868
407.701
460.331
480.512
471.592
531.591
308.228
233.692
173.717
141.924
120.378
107.418
101.736
100.157
104.694
116.028
139.016
169.939
213.857
265.778
324.08
390.663
467.067
518.64
523.027
686.655
318.114
211.258
148.258
116.992
99.8601
89.5195
84.4239
82.637
84.6792
96.1592
112.085
140.581
180.773
234.247
297.354
371.261
461.09
548.515
570.83
863.378
313.521
170.698
115.74
92.0786
79.5911
73.2015
70.4965
69.7136
72.0737
78.7617
94.3842
116.018
152.741
203.764
268.897
347.706
444.762
563.131
613.218
646.053
32.1745
12.7362
11.3229
11.19
11.171
11.1705
11.1708
11.1706
11.1705
11.1705
11.1706
11.1708
11.1705
11.171
11.19
11.3229
12.7362
32.1745
646.054
672.74
55.0628
17.0386
12.087
11.3039
11.1803
11.1547
11.1529
11.1534
11.1536
11.1536
11.1534
11.1529
11.1547
11.1803
11.3039
12.087
17.0386
55.0627
672.74
698.453
71.0937
21.1542
13.3033
11.5874
11.2261
11.1552
11.1382
11.1358
11.1355
11.1355
11.1358
11.1382
11.1552
11.2261
11.5874
13.3033
21.1542
71.0936
698.453
723.136
85.8503
25.1369
14.6461
12.0431
11.3371
11.1684
11.1265
11.1183
11.1171
11.1171
11.1183
11.1265
11.1684
11.3371
12.0431
14.6461
25.1369
85.8502
723.136
746.743
101.867
29.2065
16.0658
12.5885
11.5234
11.2064
11.1273
11.105
11.1003
11.1003
11.105
11.1273
11.2064
11.5234
12.5884
16.0658
29.2065
101.867
746.743
769.31
118.432
33.3669
17.5405
13.1971
11.7624
11.283
11.1366
11.0944
11.0843
11.0843
11.0944
11.1366
11.283
11.7624
13.1971
17.5406
33.3669
118.433
769.31
790.728
134.968
37.5676
19.0511
13.8502
12.0431
11.3872
11.16
11.0918
11.0718
11.0718
11.0918
11.16
11.3872
12.0431
13.8502
19.0511
37.5677
134.968
790.729
810.982
151.251
41.7801
20.5852
14.5352
12.3571
11.5178
11.2031
11.0955
11.0625
11.0625
11.0955
11.2031
11.5178
12.3571
14.5352
20.5852
41.7802
151.251
810.982
829.955
167.079
45.9691
22.1303
15.2422
12.6968
11.6708
11.2604
11.1065
11.0594
11.0594
11.1065
11.2604
11.6708
12.6968
15.2422
22.1303
45.9692
167.079
829.955
847.653
182.401
50.1208
23.6797
15.9648
13.0568
11.8431
11.3324
11.129
11.0619
11.0619
11.129
11.3324
11.8431
13.0568
15.9648
23.6797
50.121
182.402
847.653
863.991
197.096
54.2105
25.2247
16.6968
13.4321
12.0315
11.4179
11.1609
11.0697
11.0697
11.1609
11.4179
12.0315
13.4321
16.6968
25.2248
54.2106
197.096
863.991
879.013
211.155
58.2321
26.7619
17.4347
13.8193
12.2335
11.5156
11.2021
11.0862
11.0862
11.2021
11.5156
12.2335
13.8193
17.4347
26.7619
58.2323
211.156
879.013
892.663
224.491
62.1651
28.2844
18.1745
14.2149
12.4467
11.6242
11.2528
11.1113
11.1113
11.2528
11.6242
12.4467
14.2149
18.1745
28.2844
62.1653
224.492
892.663
905.026
237.118
66.009
29.7908
18.9141
14.6169
12.6691
11.7427
11.3126
11.1446
11.1446
11.3126
11.7427
12.6691
14.617
18.9141
29.7909
66.0093
237.119
905.026
916.068
248.971
69.7457
31.2753
19.6506
15.023
12.899
11.8698
11.381
11.1861
11.1861
11.381
11.8698
12.899
15.023
19.6506
31.2754
69.7458
248.971
916.067
925.904
260.089
73.3781
32.7379
20.383
15.4319
13.1352
12.0048
11.4576
11.2357
11.2357
11.4576
12.0048
13.1352
15.4319
20.383
32.738
73.3783
260.09
925.904
934.512
270.424
76.8906
34.1733
21.1088
15.8417
13.3762
12.1466
11.5418
11.293
11.293
11.5418
12.1466
13.3762
15.8418
21.1088
34.1734
76.8907
270.423
934.512
942.037
280.035
80.2892
35.5826
21.8276
16.2519
13.6211
12.2944
11.6331
11.3579
11.3579
11.6331
12.2944
13.6211
16.2519
21.8277
35.5826
80.2893
280.036
942.036
948.451
288.886
83.5603
36.9606
22.5374
16.6609
13.8691
12.4475
11.7309
11.4299
11.4299
11.7309
12.4475
13.8691
16.6609
22.5374
36.9607
83.5603
288.885
948.45
953.925
297.051
86.7123
38.3098
23.2383
17.0685
14.1194
12.6053
11.8348
11.5085
11.5085
11.8348
12.6053
14.1194
17.0685
23.2383
38.3098
86.7124
297.052
953.924
958.416
304.506
89.734
39.6248
23.9282
17.4734
14.3712
12.7671
11.9442
11.5934
11.5934
11.9442
12.7671
14.3712
17.4735
23.9283
39.625
89.7341
304.504
958.415
962.12
311.326
92.6356
40.9093
24.608
17.8757
14.6242
12.9325
12.0587
11.684
11.684
12.0587
12.9325
14.6242
17.8757
24.608
40.9093
92.6356
311.327
962.12
964.967
317.506
95.4074
42.1578
25.2754
18.2741
14.8776
13.1009
12.1777
11.78
11.78
12.1777
13.1009
14.8776
18.2742
25.2755
42.158
95.4076
317.504
964.966
967.18
323.102
98.0618
43.3751
25.9318
18.669
15.1313
13.2719
12.3009
11.8809
11.8809
12.3009
13.2719
15.1313
18.669
25.9318
43.3751
98.0618
323.105
967.179
968.649
328.148
100.59
44.5553
26.5748
19.0592
15.3846
13.445
12.4277
11.9862
11.9862
12.4277
13.445
15.3846
19.0593
26.5749
44.5555
100.59
328.144
968.648
969.635
332.653
103.005
45.7044
27.2064
19.4453
15.6374
13.62
12.5579
12.0955
12.0955
12.5579
13.62
15.6374
19.4453
27.2064
45.7043
103.005
332.656
969.634
969.97
336.705
105.299
46.8159
27.8239
19.826
15.8892
13.7964
12.691
12.2085
12.2085
12.691
13.7964
15.8892
19.826
27.8239
46.8162
105.3
336.701
969.969
969.834
340.242
107.488
47.8975
28.4297
20.2021
16.14
13.9741
12.8267
12.3248
12.3248
12.8267
13.9741
16.14
20.2021
28.4297
47.8974
107.488
340.245
969.833
969.425
343.403
109.561
48.9414
29.021
20.5725
16.3892
14.1525
12.9646
12.4441
12.4441
12.9646
14.1525
16.3892
20.5725
29.0211
48.9416
109.561
343.398
969.424
968.579
346.14
111.539
49.9569
29.6008
20.9379
16.637
14.3316
13.1045
12.5659
12.5659
13.1045
14.3316
16.637
20.9379
29.6007
49.9566
111.538
346.144
968.578
967.379
348.534
113.406
50.9352
30.1658
21.2973
16.8828
14.511
13.2461
12.69
12.69
13.2461
14.511
16.8828
21.2973
30.1659
50.9355
113.406
348.529
967.378
965.891
350.552
115.188
51.8872
30.7196
21.6515
17.1267
14.6907
13.389
12.8161
12.8161
13.389
14.6907
17.1268
21.6515
30.7195
51.8868
115.187
350.555
965.89
964.155
352.265
116.864
52.8028
31.2587
21.9995
17.3684
14.8702
13.5331
12.944
12.944
13.5331
14.8702
17.3684
21.9995
31.2587
52.8032
116.865
352.26
964.155
962.205
353.658
118.465
53.6944
31.7868
22.3423
17.608
15.0495
13.6782
13.0733
13.0733
13.6782
15.0495
17.608
22.3423
31.7867
53.6939
118.464
353.661
962.203
960.073
354.766
119.965
54.5507
32.3005
22.6787
17.8451
15.2283
13.8239
13.2039
13.2039
13.8239
15.2283
17.845
22.6786
32.3006
54.5511
119.966
354.761
960.073
957.789
355.615
121.399
55.3853
32.8038
23.0099
18.0798
15.4067
13.9702
13.3355
13.3355
13.9702
15.4067
18.0799
23.0099
32.8037
55.3847
121.397
355.618
957.788
955.381
356.175
122.736
56.186
33.293
23.3347
18.3118
15.5842
14.1168
13.468
13.468
14.1168
15.5842
18.3118
23.3346
33.293
56.1864
122.737
356.171
955.382
952.87
356.557
124.016
56.9676
33.7724
23.6544
18.5414
15.761
14.2636
13.6011
13.6011
14.2636
15.761
18.5415
23.6544
33.7723
56.9669
124.014
356.558
952.868
950.286
356.613
125.204
57.7167
34.238
23.9676
18.7681
15.9367
14.4103
13.7346
13.7346
14.4103
15.9366
18.768
23.9675
34.238
57.7172
125.206
356.611
950.287
947.635
356.52
126.342
58.4494
34.6947
24.2759
18.9922
16.1114
14.557
13.8684
13.8684
14.557
16.1114
18.9923
24.276
34.6946
58.4486
126.339
356.519
947.634
944.957
356.292
127.392
59.1511
35.1381
24.5779
19.2134
16.2848
14.7033
14.0024
14.0024
14.7033
16.2848
19.2133
24.5778
35.138
59.1517
127.395
356.29
944.959
942.244
355.82
128.406
59.8395
35.5733
24.8751
19.4319
16.4571
14.8493
14.1364
14.1364
14.8494
16.4572
19.432
24.8753
35.5734
59.8386
128.402
355.825
942.242
939.539
355.244
129.335
60.4986
35.9959
25.1662
19.6474
16.628
14.9948
14.2703
14.2703
14.9947
16.6279
19.6473
25.1659
35.9957
60.4994
129.339
355.236
939.541
936.821
354.505
130.251
61.149
36.4113
25.4527
19.8603
16.7975
15.1397
14.404
14.404
15.1398
16.7976
19.8605
25.453
36.4115
61.148
130.246
354.511
936.818
934.145
353.722
131.099
61.7743
36.8149
25.7334
20.0701
16.9655
15.2839
14.5373
14.5373
15.2838
16.9653
20.0699
25.7329
36.8144
61.7751
131.104
353.714
934.147
931.466
352.872
131.987
62.3994
37.2125
26.0097
20.2774
17.132
15.4273
14.6702
14.6703
15.4274
17.1322
20.2777
26.0102
37.2131
62.3986
131.981
352.877
931.463
928.859
352.024
132.869
63.0126
37.5999
26.2805
20.4816
17.2969
15.5699
14.8026
14.8025
15.5698
17.2967
20.4813
26.2799
37.5991
63.0132
132.875
352.019
928.862
926.333
351.164
133.826
63.6387
37.9833
26.5474
20.6833
17.4603
15.7116
14.9344
14.9344
15.7117
17.4605
20.6837
26.5482
37.9843
63.6384
133.819
351.166
926.33
923.871
350.422
134.84
64.2638
38.3588
26.8093
20.882
17.622
15.8522
15.0654
15.0654
15.8521
17.6217
20.8816
26.8085
38.3576
64.2639
134.846
350.42
923.875
921.484
349.753
135.976
64.912
38.7329
27.0679
21.0783
17.7821
15.9919
15.1958
15.1959
15.992
17.7824
21.0789
27.0689
38.7345
64.9124
135.97
349.755
921.481
919.155
349.293
137.189
65.565
39.1016
27.3221
21.2718
17.9404
16.1304
15.3253
15.3252
16.1303
17.9402
21.2712
27.321
39.0998
65.5645
137.196
349.292
919.158
916.897
348.942
138.533
66.246
39.4712
27.5738
21.4631
18.0973
16.2679
15.4541
15.4541
16.2681
18.0977
21.4638
27.5752
39.4735
66.2476
138.527
348.943
916.893
914.693
348.851
139.937
66.9331
39.8374
27.8218
21.6517
18.2523
16.4041
15.5817
15.5816
16.404
18.252
21.651
27.8203
39.8351
66.9318
139.944
348.853
914.696
912.56
348.916
141.463
67.6495
40.2064
28.0679
21.8384
18.4059
16.5394
15.7086
15.7087
16.5396
18.4064
21.8394
28.0699
40.2097
67.6526
141.459
348.918
912.554
910.479
349.098
143.022
68.3711
40.5735
28.3111
22.0226
18.5577
16.6731
15.8342
15.8342
16.6729
18.5573
22.0217
28.3093
40.5705
68.3688
143.029
349.101
910.482
908.471
349.471
144.676
69.1203
40.9447
28.5532
22.2052
18.7081
16.806
15.9592
15.9593
16.8063
18.7088
22.2066
28.5559
40.9493
69.1255
144.675
349.481
908.463
906.512
349.99
146.342
69.873
41.315
28.793
22.3855
18.8567
16.9373
16.0827
16.0826
16.937
18.8562
22.3844
28.7907
41.3113
69.8699
146.347
349.989
906.516
904.629
350.63
148.077
70.651
41.6902
29.0321
22.5644
19.0041
17.0677
16.2056
16.2058
17.0682
19.0051
22.5663
29.0357
41.6964
70.6591
148.081
350.645
904.62
902.794
351.376
149.806
71.4301
42.065
29.2695
22.7414
19.1497
17.1965
16.3268
16.3268
17.1962
19.1491
22.74
29.2669
42.0607
71.4264
149.811
351.379
902.796
901.035
352.209
151.58
72.2316
42.4452
29.5067
22.9171
19.2942
17.3245
16.4477
16.4479
17.3252
19.2956
22.9198
29.5117
42.4537
72.2436
151.592
352.231
901.021
899.321
353.116
153.335
73.0313
42.825
29.7426
23.0911
19.437
17.4508
16.5666
16.5665
17.4504
19.4362
23.0895
29.7397
42.8205
73.028
153.339
353.127
899.319
897.684
354.081
155.115
73.8509
43.2104
29.9786
23.264
19.5787
17.5764
16.6853
16.6856
17.5774
19.5808
23.2679
29.9856
43.2223
73.8686
155.138
354.116
897.665
896.089
355.096
156.864
74.6654
43.5954
30.2137
23.4356
19.7188
17.7001
16.8017
16.8017
17.6998
19.7181
23.434
30.2106
43.5912
74.6642
156.873
355.121
896.082
894.571
356.143
158.624
75.4974
43.9856
30.4488
23.6061
19.858
17.8234
16.9184
16.9188
17.8249
19.861
23.6117
30.4589
44.0027
75.5237
158.662
356.199
894.542
893.092
357.219
160.343
76.3209
44.3755
30.6836
23.7754
19.9955
17.9447
17.0324
17.0324
17.9445
19.995
23.7741
30.681
44.3729
76.3252
160.362
357.27
893.074
891.691
358.306
162.061
77.1596
44.7697
30.918
23.9437
20.1323
18.0658
17.147
17.1477
18.068
20.1368
23.952
30.9328
44.795
77.1998
162.122
358.397
891.645
890.324
359.406
163.73
77.9865
45.1636
31.1527
24.1111
20.2674
18.1845
17.2585
17.2586
18.1847
20.2674
24.1107
31.1518
45.1651
78.0022
163.771
359.501
890.286
889.034
360.496
165.388
78.8262
45.5607
31.3864
24.2773
20.4018
18.3034
17.3712
17.3723
18.3069
20.4087
24.2899
31.4086
45.5993
78.8891
165.485
360.649
888.96
887.777
361.588
166.991
79.6505
45.9575
31.6208
24.4429
20.5345
18.4196
17.4802
17.4805
18.4206
20.536
24.4448
31.624
45.968
79.6884
167.072
361.761
887.703
886.596
362.651
168.573
80.4852
46.3558
31.8533
24.6068
20.6666
18.5364
17.5911
17.5927
18.5419
20.6774
24.6262
31.8877
46.416
80.5862
168.732
362.908
886.472
885.444
363.707
170.096
81.3002
46.7537
32.0872
24.7704
20.7968
18.65
17.6973
17.6982
18.6525
20.8012
24.7772
32.0991
46.7823
81.3799
170.248
364.014
885.308
884.37
364.714
171.587
82.1232
47.1505
32.3175
24.9319
20.9265
18.7647
17.8065
17.8093
18.7735
20.9437
24.9625
32.3718
47.2469
82.2889
171.85
365.15
884.163
883.325
365.707
173.016
82.9209
47.5468
32.5499
25.0931
21.054
18.8755
17.9101
17.9118
18.881
21.0639
25.1095
32.579
47.6104
83.0767
173.293
366.245
883.08
882.358
366.628
174.398
83.7238
47.9385
32.7764
25.2512
21.1809
18.9879
18.0179
18.0222
19.0024
21.2088
25.3006
32.8639
48.0963
84.0008
174.839
367.37
882.005
881.423
367.526
175.718
84.4946
48.3292
33.0055
25.4091
21.305
19.0954
18.1186
18.1218
19.1068
21.3257
25.444
33.0674
48.458
84.7874
176.212
368.463
880.988
880.569
368.326
176.968
85.2679
48.7104
33.2251
25.5625
21.4285
19.2053
18.2251
18.232
19.2297
21.4746
25.6436
33.3692
48.9737
85.7378
177.711
369.591
879.965
879.756
369.087
178.155
86.0003
49.0899
33.448
25.7151
21.548
19.309
18.3227
18.3286
19.3311
21.5886
25.7843
33.5707
49.338
86.5371
179.024
370.71
878.991
879.029
369.708
179.235
86.7309
49.4522
33.6553
25.8611
21.6665
19.4157
18.4282
18.4396
19.4573
21.7443
25.9967
33.8965
49.8986
87.5387
180.493
371.874
877.992
878.362
370.244
180.244
87.4038
49.8077
33.8646
26.0046
21.7796
19.5145
18.5224
18.5332
19.5561
21.8564
26.1371
34.1007
50.2759
88.3788
181.77
373.072
877.027
877.802
370.509
181.061
88.0514
50.1331
34.0507
26.1387
21.8905
19.617
18.6271
18.6462
19.688
22.0231
26.3687
34.4617
50.9066
89.4764
183.242
374.337
876.008
877.341
370.647
181.801
88.6333
50.4534
34.2382
26.2675
21.9941
19.7093
18.7177
18.7372
19.7854
22.136
26.5139
34.6784
51.3158
90.4011
184.53
375.707
874.998
876.998
370.581
182.287
89.1763
50.7245
34.3904
26.3831
22.0936
19.806
18.8223
18.8546
19.9277
22.3206
26.7753
35.0926
52.0566
91.6637
186.066
377.185
873.89
876.826
370.345
182.685
89.6141
50.9803
34.5409
26.4878
22.1827
19.8895
18.9092
18.944
20.026
22.4393
26.9353
35.3412
52.5306
92.7394
187.459
378.885
872.748
876.894
369.756
182.664
89.9628
51.1529
34.6361
26.5737
22.2641
19.9778
19.0145
19.0694
20.1863
22.6536
27.2446
35.839
53.4451
94.2692
189.171
380.769
871.44
877.138
368.913
182.465
90.136
51.2888
34.7236
26.6385
22.3319
20.0507
19.1005
19.1626
20.2923
22.7897
27.4393
36.1557
54.0424
95.6005
190.829
383.063
870.023
877.745
367.137
181.904
90.0732
51.2711
34.7197
26.6785
22.3858
20.1294
19.2103
19.3031
20.4848
23.0545
27.8299
36.7954
55.2369
97.5596
192.911
385.676
868.329
878.575
365.401
181.031
89.8322
51.1757
34.6786
26.6723
22.4235
20.1897
19.2994
19.4092
20.612
23.2317
28.0962
37.2375
56.0685
99.3309
195.101
389.005
866.397
880.333
361.82
179.263
89.2721
50.9538
34.5706
26.6428
22.4382
20.2676
19.4322
19.589
20.8675
23.5955
28.6385
38.1305
57.7342
101.997
197.893
392.894
864.002
882.011
358.714
177.239
88.3267
50.4978
34.3831
26.5714
22.4578
20.3338
19.5319
19.7148
21.049
23.8615
29.0512
38.8278
59.0199
104.561
201.11
398
861.143
885.511
352.427
173.986
86.8017
49.8801
34.0488
26.4986
22.4537
20.3991
19.6818
19.9396
21.388
24.3833
29.8926
40.2694
61.6467
108.502
205.254
404.07
857.504
888.446
347.221
170.134
84.823
48.8864
33.7344
26.3847
22.4238
20.4572
19.8125
20.1306
21.6757
24.8169
30.5761
41.4339
63.78
112.692
210.617
412.069
852.999
894.536
336.99
164.754
81.9408
47.8466
33.3211
26.2403
22.3902
20.5814
20.0854
20.5302
22.2711
25.7137
31.998
43.864
68.1474
118.93
217.455
421.64
847.173
899.254
328.569
158.059
78.7013
46.6175
32.793
25.9253
22.4412
20.8312
20.4373
20.9892
22.8954
26.5931
33.3269
46.0511
71.9342
125.88
226.684
433.917
839.791
909.046
312.378
149.598
74.9264
45.0408
32.0406
25.9151
22.6757
21.3793
21.1787
21.9555
24.1843
28.4549
36.1363
50.66
79.7076
136.319
238.734
448.181
830.176
916.115
299.412
139.524
70.5664
43.1897
31.7161
26.1544
23.3065
22.2964
22.1909
23.1778
25.786
30.4819
39.0649
55.2294
87.0021
148.472
254.928
466.046
817.791
931.535
274.57
127.875
65.4634
41.9521
32.0865
27.0549
24.8159
24.2602
24.3056
25.621
28.7605
34.8401
45.2957
64.8559
101.524
166.847
275.941
485.841
801.535
940.226
258.996
113.737
61.5671
42.604
33.6643
29.3247
27.5259
27.0385
27.2044
29.1622
33.2472
39.8536
52.3191
75.159
117.093
188.536
303.226
509.684
780.448
958.829
227.42
103.748
62.8957
45.7986
37.8662
34.2273
33.0032
32.7003
33.4034
35.6228
40.4567
50.8458
66.9513
97.0384
145.079
221.914
337.919
532.626
752.313
960.114
227.379
108.764
70.6425
54.9808
47.962
44.8602
42.2283
41.2529
41.2159
45.1095
53.1335
63.9299
85.7511
120.173
177.644
260.503
377.653
556.953
715.109
964.699
290.989
136.804
93.4593
76.0252
66.0602
59.1467
56.2483
55.4344
57.0769
63.1543
71.3316
91.6674
119.27
166.847
231.118
314.964
422.468
567.12
663.01
964.514
285.069
133.576
90.8517
73.8161
64.7261
57.6016
54.6178
53.7425
55.2246
61.6607
69.7595
89.312
117.065
163.828
228.193
312.525
421.505
569.21
665.948
959.687
226.429
108.049
69.7132
53.915
46.8244
43.957
41.4912
40.5185
40.4371
44.0506
52.0605
62.7641
83.997
118.362
175.508
258.28
375.609
555.991
717.499
958.184
229.029
103.749
62.6671
45.4292
37.4325
33.7388
32.4673
32.1978
32.975
35.2626
39.9151
50.1709
66.1699
95.6658
143.434
220.02
336.147
531.759
754.088
939.399
260.188
114.687
61.5902
42.5022
33.4933
29.1068
27.2849
26.7898
26.9512
28.76
32.8955
39.4366
51.7534
74.3536
115.953
187.051
301.414
508.252
781.837
930.661
275.784
128.607
65.8454
41.9509
32.0379
26.9632
24.6836
24.1167
24.1744
25.5347
28.5378
34.5665
44.9154
64.2884
100.702
165.801
274.727
484.717
802.57
915.481
300.532
140.244
70.8683
43.337
31.7108
26.1268
23.2524
22.2211
22.1074
23.0776
25.6758
30.3215
38.8362
54.8756
86.4324
147.606
253.791
464.898
818.6
908.491
313.27
150.155
75.2109
45.1532
32.1048
25.9095
22.6574
21.3396
21.1295
21.8919
24.0936
28.3477
35.9784
50.4087
79.3036
135.768
238.039
447.31
830.777
898.824
329.342
158.59
78.9481
46.7172
32.8328
25.9578
22.4406
20.8157
20.4129
20.9553
22.8483
26.5276
33.2288
45.89
71.6543
125.382
226.025
433.123
840.258
894.167
337.562
165.126
82.1816
47.9362
33.3657
26.2611
22.3956
20.5769
20.0726
20.5095
22.2393
25.668
31.928
43.746
67.937
118.649
217.088
421.051
847.521
888.167
347.722
170.466
85.0046
48.9675
33.7663
26.4043
22.4362
20.4582
19.807
20.1197
21.6552
24.7863
30.5304
41.3559
63.634
112.393
210.241
411.559
853.267
885.275
352.798
174.225
86.9604
49.9584
34.0818
26.5092
22.4608
20.4013
19.6789
19.9343
21.3752
24.3608
29.8577
40.2092
61.5355
108.362
205.059
403.708
857.705
881.837
359.015
177.451
88.4451
50.5538
34.4138
26.5882
22.4629
20.3343
19.5294
19.7115
21.0401
23.8459
29.0278
38.7884
58.9441
104.382
200.898
397.687
861.297
880.188
362.071
179.416
89.3719
50.9981
34.5931
26.6545
22.4442
20.269
19.4311
19.5837
20.8606
23.5837
28.6166
38.0984
57.679
101.942
197.788
392.684
864.118
878.47
365.589
181.152
89.9056
51.2112
34.6966
26.6823
22.4293
20.1917
19.2984
19.4074
20.6076
23.2243
28.0838
37.216
56.0283
99.2203
194.975
388.817
866.485
877.659
367.293
182.005
90.1328
51.3002
34.7346
26.6874
22.39
20.1316
19.2106
19.3018
20.4814
23.0486
27.8201
36.7786
55.2066
97.5367
192.854
385.556
868.396
877.076
369.028
182.537
90.1879
51.3142
34.7366
26.6441
22.3351
20.0517
19.0996
19.1609
20.2898
22.7856
27.4325
36.1439
54.0204
95.5303
190.752
382.95
870.073
876.845
369.851
182.723
89.9933
51.1673
34.6438
26.579
22.267
19.9795
19.015
19.0689
20.1844
22.6503
27.2393
35.8297
53.4286
94.263
189.142
380.702
871.478
876.784
370.416
182.736
89.6454
50.996
34.5488
26.4914
22.1848
19.8905
18.9093
18.9436
20.0249
22.4372
26.9316
35.3347
52.5167
92.6937
187.411
378.816
872.776
876.975
370.64
182.318
89.1938
50.7324
34.3948
26.386
22.0951
19.8067
18.8223
18.8541
19.9266
22.3187
26.7723
35.0875
52.049
91.6655
186.053
377.149
873.912
877.316
370.699
181.831
88.6526
50.4632
34.243
26.2698
21.9954
19.71
18.7177
18.7368
19.7847
22.1348
26.5118
34.6746
51.3067
90.371
184.5
375.665
875.013
877.79
370.545
181.08
88.0615
50.1374
34.0531
26.1403
21.8914
19.6176
18.6273
18.6462
19.6876
22.0222
26.3671
34.4591
50.9038
89.4816
183.236
374.319
876.021
878.346
370.286
180.264
87.4166
49.814
33.8676
26.006
21.7803
19.5148
18.5223
18.5328
19.5556
21.8557
26.136
34.0984
50.2696
88.3583
181.75
373.046
877.035
879.024
369.719
179.241
86.7347
49.4542
33.6565
25.862
21.6671
19.4161
18.4284
18.4397
19.4571
21.7438
25.9958
33.8953
49.8983
87.5451
180.492
371.866
878
879.746
369.109
178.166
86.0072
49.093
33.4494
25.7158
21.5484
19.3091
18.3226
18.3284
19.3309
21.5882
25.7837
33.5693
49.3334
86.5227
179.011
370.694
878.996
880.567
368.33
176.97
85.2693
48.7114
33.2258
25.563
21.4288
19.2056
18.2252
18.2321
19.2296
21.4743
25.6432
33.3688
48.9746
85.7442
177.712
369.588
879.97
881.417
367.54
175.725
84.4991
48.3313
33.0065
25.4095
21.3052
19.0954
18.1185
18.1217
19.1067
21.3255
25.4436
33.0664
48.4545
84.777
176.202
368.453
880.99
882.358
366.63
174.399
83.7242
47.9388
32.7767
25.2515
21.1811
18.988
18.018
18.0222
19.0023
21.2086
25.3004
32.8639
48.0977
84.0066
174.842
367.37
882.008
883.321
365.716
173.021
82.9238
47.5482
32.5505
25.0933
21.0541
18.8755
17.9101
17.9118
18.881
21.0638
25.1093
32.5782
47.6077
83.0689
173.286
366.238
883.081
884.371
364.714
171.587
82.123
47.1505
32.3176
24.932
20.9266
18.7648
17.8066
17.8092
18.7734
20.9436
24.9624
32.372
47.2484
82.2939
171.853
365.151
884.165
885.442
363.713
170.099
81.3021
46.7546
32.0876
24.7706
20.7969
18.65
17.6974
17.6982
18.6525
20.8011
24.777
32.0984
46.7801
81.3739
170.243
364.009
885.309
886.597
362.65
168.573
80.4848
46.3556
31.8533
24.6069
20.6667
18.5364
17.5911
17.5927
18.5418
20.6774
24.6262
31.888
46.4174
80.5904
168.735
362.909
886.474
887.775
361.592
166.992
79.6517
45.9582
31.6211
24.443
20.5345
18.4196
17.4802
17.4805
18.4205
20.5359
24.4446
31.6234
45.9662
79.6838
167.067
361.757
887.703
889.036
360.495
165.388
78.8258
45.5605
31.3863
24.2773
20.4018
18.3034
17.3712
17.3723
18.3069
20.4087
24.2899
31.409
45.6006
78.8926
165.488
360.65
888.961
890.323
359.408
163.731
77.9873
45.164
31.1528
24.1112
20.2674
18.1845
17.2585
17.2586
18.1847
20.2674
24.1106
31.1513
45.1636
77.9985
163.767
359.498
890.286
891.692
358.304
162.061
77.1592
44.7694
30.9179
23.9437
20.1323
18.0658
17.147
17.1477
18.068
20.1368
23.9521
30.9332
44.7962
77.2027
162.124
358.398
891.646
893.091
357.221
160.343
76.3214
44.3757
30.6837
23.7755
19.9955
17.9447
17.0324
17.0324
17.9445
19.9949
23.7739
30.6806
44.3716
76.3223
160.359
357.268
893.074
894.572
356.142
158.624
75.497
43.9854
30.4487
23.606
19.858
17.8235
16.9184
16.9188
17.8249
19.861
23.6118
30.4592
44.0037
75.5261
158.664
356.2
894.543
896.088
355.097
156.864
74.6656
43.5956
30.2138
23.4356
19.7188
17.7001
16.8017
16.8017
17.6998
19.718
23.4338
30.2103
43.5902
74.6619
156.87
355.119
896.082
897.685
354.08
155.115
73.8507
43.2102
29.9785
23.264
19.5787
17.5764
16.6853
16.6856
17.5774
19.5808
23.268
29.9859
43.2232
73.8705
155.14
354.117
897.665
899.32
353.117
153.335
73.0314
42.8252
29.7427
23.0911
19.437
17.4508
16.5665
16.5665
17.4504
19.4362
23.0894
29.7394
42.8197
73.0261
153.337
353.125
899.319
901.035
352.208
151.58
72.2315
42.4451
29.5067
22.917
19.2942
17.3245
16.4477
16.4479
17.3252
19.2957
22.9199
29.5119
42.4544
72.2452
151.593
352.232
901.022
902.793
351.376
149.806
71.4301
42.0651
29.2695
22.7414
19.1497
17.1965
16.3268
16.3268
17.1962
19.149
22.7399
29.2666
42.06
71.4249
149.809
351.377
902.795
904.63
350.63
148.078
70.651
41.6901
29.0321
22.5644
19.0041
17.0677
16.2056
16.2058
17.0682
19.0051
22.5664
29.0359
41.697
70.6604
148.082
350.646
904.62
906.512
349.99
146.341
69.8729
41.3151
28.793
22.3855
18.8568
16.9373
16.0827
16.0826
16.937
18.8562
22.3843
28.7905
41.3107
69.8686
146.346
349.987
906.515
908.471
349.47
144.676
69.1204
40.9446
28.5532
22.2052
18.7081
16.806
15.9592
15.9593
16.8063
18.7089
22.2066
28.5561
40.9498
69.1266
144.676
349.481
908.464
910.478
349.098
143.022
68.371
40.5736
28.3112
22.0227
18.5577
16.6731
15.8342
15.8342
16.6729
18.5572
22.0216
28.3092
40.57
68.3678
143.027
349.101
910.482
912.56
348.916
141.464
67.6496
40.2064
28.0679
21.8384
18.4059
16.5394
15.7086
15.7087
16.5396
18.4065
21.8395
28.0701
40.2101
67.6535
141.46
348.918
912.555
914.692
348.851
139.936
66.9329
39.8374
27.8218
21.6517
18.2523
16.4041
15.5817
15.5816
16.404
18.252
21.6509
27.8202
39.8347
66.9309
139.943
348.852
914.696
916.897
348.942
138.533
66.2462
39.4712
27.5738
21.4631
18.0973
16.2679
15.4541
15.4541
16.2681
18.0977
21.4639
27.5754
39.4739
66.2483
138.528
348.943
916.893
919.154
349.293
137.188
65.5648
39.1015
27.3221
21.2718
17.9405
16.1304
15.3253
15.3252
16.1303
17.9401
21.2712
27.3209
39.0995
65.5639
137.195
349.292
919.158
921.485
349.753
135.977
64.9122
38.7329
27.0679
21.0783
17.7821
15.9919
15.1958
15.1959
15.992
17.7824
21.0789
27.0691
38.7348
64.9131
135.971
349.755
921.481
923.871
350.422
134.839
64.2636
38.3588
26.8093
20.882
17.622
15.8522
15.0654
15.0654
15.8521
17.6217
20.8815
26.8084
38.3574
64.2634
134.846
350.42
923.874
926.333
351.163
133.827
63.6389
37.9833
26.5474
20.6833
17.4603
15.7116
14.9344
14.9344
15.7117
17.4605
20.6837
26.5483
37.9846
63.639
133.82
351.167
926.33
928.859
352.024
132.868
63.0124
37.5998
26.2805
20.4816
17.2969
15.5699
14.8026
14.8025
15.5698
17.2967
20.4812
26.2798
37.5989
63.0128
132.874
352.019
928.862
931.466
352.872
131.987
62.3996
37.2125
26.0097
20.2774
17.132
15.4273
14.6702
14.6703
15.4274
17.1322
20.2777
26.0103
37.2133
62.399
131.981
352.877
931.463
934.144
353.722
131.098
61.774
36.8149
25.7333
20.0701
16.9655
15.2839
14.5373
14.5373
15.2838
16.9653
20.0699
25.7329
36.8143
61.7747
131.104
353.714
934.147
936.821
354.504
130.252
61.1492
36.4113
25.4527
19.8603
16.7975
15.1397
14.404
14.404
15.1398
16.7976
19.8605
25.4531
36.4117
61.1484
130.247
354.511
936.818
939.539
355.245
129.335
60.4984
35.9958
25.1662
19.6474
16.628
14.9948
14.2703
14.2703
14.9947
16.6279
19.6472
25.1659
35.9955
60.4991
129.338
355.236
939.541
942.244
355.819
128.407
59.8397
35.5734
24.8752
19.4319
16.4571
14.8493
14.1364
14.1364
14.8494
16.4572
19.4321
24.8754
35.5735
59.8389
128.403
355.826
942.242
944.957
356.291
127.392
59.1509
35.138
24.5779
19.2134
16.2848
14.7033
14.0024
14.0024
14.7033
16.2848
19.2132
24.5777
35.1379
59.1515
127.394
356.29
944.959
947.635
356.52
126.342
58.4496
34.6947
24.276
18.9922
16.1114
14.557
13.8684
13.8684
14.557
16.1114
18.9923
24.2761
34.6947
58.4488
126.339
356.519
947.634
950.286
356.613
125.203
57.7165
34.238
23.9676
18.7681
15.9367
14.4103
13.7346
13.7346
14.4103
15.9366
18.768
23.9675
34.2379
57.717
125.205
356.611
950.287
952.87
356.557
124.016
56.9677
33.7724
23.6544
18.5414
15.761
14.2636
13.6011
13.6011
14.2636
15.761
18.5415
23.6544
33.7724
56.967
124.014
356.558
952.868
955.381
356.175
122.736
56.1858
33.293
23.3347
18.3118
15.5842
14.1168
13.468
13.468
14.1168
15.5842
18.3118
23.3346
33.293
56.1863
122.737
356.171
955.382
957.789
355.614
121.399
55.3854
32.8039
23.0099
18.0798
15.4067
13.9702
13.3355
13.3355
13.9702
15.4067
18.0799
23.0099
32.8038
55.3848
121.397
355.618
957.788
960.073
354.766
119.964
54.5505
32.3005
22.6787
17.8451
15.2283
13.8239
13.2039
13.2039
13.8239
15.2283
17.845
22.6786
32.3006
54.551
119.966
354.761
960.074
962.205
353.657
118.465
53.6945
31.7869
22.3423
17.608
15.0495
13.6782
13.0733
13.0733
13.6782
15.0495
17.608
22.3423
31.7868
53.6939
118.464
353.662
962.204
964.155
352.266
116.864
52.8027
31.2586
21.9995
17.3684
14.8702
13.5331
12.944
12.944
13.5331
14.8702
17.3684
21.9995
31.2587
52.8032
116.865
352.26
964.155
965.891
350.551
115.188
51.8873
30.7196
21.6515
17.1267
14.6907
13.389
12.8161
12.8161
13.389
14.6907
17.1268
21.6515
30.7195
51.8868
115.187
350.556
965.89
967.379
348.534
113.406
50.9351
30.1658
21.2972
16.8828
14.511
13.2461
12.69
12.69
13.2461
14.511
16.8828
21.2973
30.1659
50.9356
113.406
348.528
967.378
968.579
346.14
111.539
49.957
29.6008
20.9379
16.637
14.3316
13.1045
12.5659
12.5659
13.1045
14.3316
16.637
20.9379
29.6007
49.9566
111.538
346.144
968.578
969.424
343.403
109.56
48.9413
29.021
20.5725
16.3892
14.1525
12.9646
12.4441
12.4441
12.9646
14.1525
16.3892
20.5725
29.0211
48.9417
109.561
343.398
969.424
969.833
340.241
107.488
47.8976
28.4297
20.2021
16.14
13.9741
12.8267
12.3248
12.3248
12.8267
13.9741
16.14
20.2021
28.4296
47.8973
107.488
340.246
969.833
969.97
336.705
105.299
46.8159
27.8238
19.826
15.8892
13.7964
12.691
12.2085
12.2085
12.691
13.7964
15.8892
19.826
27.824
46.8162
105.3
336.7
969.969
969.635
332.653
103.005
45.7045
27.2064
19.4453
15.6374
13.62
12.5579
12.0955
12.0955
12.5579
13.62
15.6374
19.4453
27.2063
45.7043
103.005
332.657
969.634
968.648
328.148
100.59
44.5552
26.5748
19.0592
15.3846
13.445
12.4277
11.9862
11.9862
12.4277
13.445
15.3846
19.0593
26.5749
44.5555
100.59
328.144
968.648
967.18
323.102
98.0618
43.3752
25.9319
18.669
15.1313
13.2719
12.3009
11.8809
11.8809
12.3009
13.2719
15.1313
18.669
25.9318
43.375
98.0617
323.105
967.179
964.967
317.506
95.4073
42.1578
25.2754
18.2741
14.8776
13.1009
12.1777
11.78
11.78
12.1777
13.1009
14.8776
18.2742
25.2755
42.158
95.4076
317.503
964.966
962.12
311.325
92.6356
40.9094
24.608
17.8757
14.6242
12.9325
12.0587
11.684
11.684
12.0587
12.9325
14.6242
17.8757
24.608
40.9092
92.6355
311.327
962.12
958.416
304.506
89.7339
39.6248
23.9282
17.4734
14.3712
12.7671
11.9442
11.5934
11.5934
11.9442
12.7671
14.3712
17.4735
23.9283
39.625
89.7341
304.504
958.415
953.925
297.051
86.7124
38.3098
23.2383
17.0685
14.1194
12.6053
11.8348
11.5085
11.5085
11.8348
12.6053
14.1194
17.0685
23.2383
38.3097
86.7124
297.052
953.924
948.451
288.886
83.5602
36.9606
22.5374
16.6609
13.8691
12.4475
11.7309
11.4299
11.4299
11.7309
12.4475
13.8691
16.661
22.5374
36.9608
83.5604
288.885
948.45
942.037
280.035
80.2892
35.5826
21.8277
16.2519
13.6211
12.2944
11.6331
11.3579
11.3579
11.6331
12.2944
13.6211
16.2519
21.8276
35.5825
80.2893
280.036
942.036
934.512
270.424
76.8907
34.1733
21.1088
15.8417
13.3762
12.1466
11.5418
11.293
11.293
11.5418
12.1466
13.3762
15.8418
21.1088
34.1734
76.8907
270.423
934.512
925.904
260.09
73.3782
32.738
20.383
15.4319
13.1352
12.0048
11.4576
11.2357
11.2357
11.4576
12.0048
13.1352
15.4319
20.383
32.7379
73.3782
260.09
925.904
916.067
248.971
69.7458
31.2754
19.6506
15.023
12.899
11.8698
11.381
11.1861
11.1861
11.381
11.8698
12.899
15.023
19.6506
31.2754
69.7458
248.97
916.067
905.026
237.119
66.0091
29.7908
18.9141
14.6169
12.6691
11.7427
11.3126
11.1446
11.1446
11.3126
11.7427
12.6691
14.6169
18.9141
29.7908
66.0091
237.119
905.026
892.663
224.492
62.1652
28.2844
18.1745
14.2149
12.4467
11.6242
11.2528
11.1113
11.1113
11.2528
11.6242
12.4467
14.2149
18.1745
28.2845
62.1652
224.491
892.663
879.013
211.155
58.2322
26.7619
17.4347
13.8193
12.2335
11.5156
11.2021
11.0862
11.0862
11.2021
11.5156
12.2335
13.8193
17.4347
26.7619
58.2322
211.156
879.013
863.991
197.096
54.2105
25.2247
16.6968
13.4321
12.0315
11.4179
11.1609
11.0697
11.0698
11.1609
11.4179
12.0315
13.4321
16.6968
25.2248
54.2106
197.096
863.99
847.653
182.401
50.1209
23.6797
15.9648
13.0568
11.8431
11.3324
11.129
11.0619
11.0619
11.129
11.3324
11.8431
13.0568
15.9648
23.6797
50.1209
182.402
847.653
829.955
167.079
45.9691
22.1303
15.2422
12.6968
11.6708
11.2604
11.1065
11.0594
11.0594
11.1065
11.2604
11.6708
12.6968
15.2422
22.1303
45.9691
167.079
829.955
810.982
151.251
41.7801
20.5852
14.5352
12.3571
11.5178
11.2031
11.0955
11.0625
11.0625
11.0955
11.2031
11.5178
12.3571
14.5352
20.5852
41.7802
151.251
810.982
790.729
134.968
37.5676
19.0511
13.8502
12.0431
11.3872
11.16
11.0918
11.0718
11.0718
11.0918
11.16
11.3872
12.0431
13.8502
19.0511
37.5677
134.968
790.728
769.31
118.432
33.3669
17.5406
13.1971
11.7624
11.283
11.1366
11.0944
11.0843
11.0843
11.0944
11.1366
11.283
11.7624
13.1971
17.5406
33.367
118.433
769.31
746.743
101.867
29.2065
16.0658
12.5885
11.5234
11.2064
11.1273
11.105
11.1003
11.1003
11.105
11.1273
11.2064
11.5234
12.5885
16.0658
29.2065
101.867
746.743
723.136
85.8503
25.1369
14.6461
12.0431
11.3371
11.1684
11.1265
11.1183
11.1171
11.1171
11.1183
11.1265
11.1684
11.3371
12.0431
14.6461
25.1369
85.8505
723.136
698.453
71.0937
21.1542
13.3033
11.5874
11.2261
11.1552
11.1382
11.1358
11.1355
11.1355
11.1358
11.1382
11.1552
11.2261
11.5874
13.3033
21.1542
71.0937
698.453
672.74
55.0628
17.0386
12.087
11.3039
11.1803
11.1547
11.1529
11.1534
11.1536
11.1536
11.1534
11.1529
11.1547
11.1803
11.3039
12.087
17.0386
55.0628
672.74
646.054
32.1745
12.7362
11.3229
11.19
11.171
11.1705
11.1708
11.1706
11.1705
11.1705
11.1706
11.1708
11.1705
11.171
11.19
11.3229
12.7362
32.1745
646.053
)
;

boundaryField
{
    outlet
    {
        type            inletOutlet;
        inletValue      uniform 1;
        value           nonuniform List<scalar> 
20
(
1644.46
688.664
499.548
450.26
439.019
429.771
400.794
354.527
294.955
237.799
260.956
320.349
370.939
408.163
424.56
426.088
434.422
481.834
665.454
1601.95
)
;
    }
    inlet1
    {
        type            turbulentMixingLengthFrequencyInlet;
        mixingLength    0.01;
        phi             phi;
        k               k;
        value           uniform 11.1803;
    }
    inlet2
    {
        type            turbulentMixingLengthFrequencyInlet;
        mixingLength    0.01;
        phi             phi;
        k               k;
        value           uniform 11.1803;
    }
    frontAndBack
    {
        type            empty;
    }
    defaultFaces
    {
        type            omegaWallFunction;
        Cmu             0.09;
        kappa           0.41;
        E               9.8;
        beta1           0.075;
        value           nonuniform List<scalar> 
620
(
1644.46
1645.41
1645.49
1645.34
1644.8
1644.53
1643.8
1643.44
1642.62
1642.21
1641.34
1640.84
1639.95
1639.36
1638.45
1637.76
1636.82
1636.02
1635.05
1634.16
1633.15
1632.17
1631.12
1630.07
1628.99
1627.88
1626.75
1625.58
1624.4
1623.17
1621.93
1620.63
1619.32
1617.95
1616.57
1615.12
1613.65
1612.11
1610.54
1608.88
1607.17
1605.35
1603.45
1601.42
1599.27
1596.97
1594.52
1591.88
1589.05
1586
1582.72
1579.19
1575.39
1571.24
1566.68
1561.65
1556.19
1550.58
1544.57
1538.36
1531.79
1525.01
1517.88
1510.52
1502.78
1494.75
1486.32
1477.57
1468.3
1458.55
1448.29
1437.43
1425.99
1413.87
1401.09
1387.6
1373.41
1358.54
1343.02
1326.91
1310.25
1293.07
1275.19
1255.99
1234.57
1212.03
1187.24
1159.41
1127.09
1088
1038.61
972.882
883.462
763.894
610.533
537.943
565.906
735.201
892.958
942.849
1601.95
1602.63
1602.6
1602.14
1601.51
1601
1600.15
1599.61
1598.66
1598.07
1597.09
1596.43
1595.43
1594.7
1593.69
1592.86
1591.83
1590.91
1589.86
1588.85
1587.75
1586.65
1585.51
1584.34
1583.14
1581.9
1580.66
1579.38
1578.09
1576.76
1575.44
1574.06
1572.69
1571.26
1569.84
1568.37
1566.89
1565.36
1563.83
1562.25
1560.66
1559.02
1557.37
1555.65
1553.91
1552.09
1550.2
1548.21
1546.13
1543.92
1541.59
1539.11
1536.49
1533.71
1530.79
1527.73
1524.5
1521.01
1517.25
1513.07
1508.44
1503.16
1497.32
1491.32
1484.84
1478.22
1471.12
1463.81
1455.99
1447.84
1439.19
1430.08
1420.21
1409.81
1398.52
1386.51
1373.47
1359.51
1344.39
1328.16
1310.65
1291.88
1271.72
1250.18
1227.09
1202.15
1174.36
1141.64
1102.82
1055.85
995.594
916.204
815.6
704.985
584.555
535.354
556.105
721.937
886.823
939.964
610.194
568.47
522.524
474.318
427.805
383.467
349.865
331.163
324.897
327.85
326.307
324.356
325.716
335.475
370.127
420.268
471.592
523.027
570.83
613.218
646.053
672.74
698.453
723.136
746.743
769.31
790.728
810.982
829.955
847.653
863.991
879.013
892.663
905.026
916.068
925.904
934.512
942.037
948.451
953.925
958.416
962.12
964.967
967.18
968.649
969.635
969.97
969.834
969.425
968.579
967.379
965.891
964.155
962.205
960.073
957.789
955.381
952.87
950.286
947.635
944.957
942.244
939.539
936.821
934.145
931.466
928.859
926.333
923.871
921.484
919.155
916.897
914.693
912.56
910.479
908.471
906.512
904.629
902.794
901.035
899.321
897.684
896.089
894.571
893.092
891.691
890.324
889.034
887.777
886.596
885.444
884.37
883.325
882.358
881.423
880.569
879.756
879.029
878.362
877.802
877.341
876.998
876.826
876.894
877.138
877.745
878.575
880.333
882.011
885.511
888.446
894.536
899.254
909.046
916.115
931.535
940.226
958.829
960.114
964.699
646.054
672.74
698.453
723.136
746.743
769.31
790.729
810.982
829.955
847.653
863.991
879.013
892.663
905.026
916.067
925.904
934.512
942.036
948.45
953.924
958.415
962.12
964.966
967.179
968.648
969.634
969.969
969.833
969.424
968.578
967.378
965.89
964.155
962.203
960.073
957.788
955.382
952.868
950.287
947.634
944.959
942.242
939.541
936.818
934.147
931.463
928.862
926.33
923.875
921.481
919.158
916.893
914.696
912.554
910.482
908.463
906.516
904.62
902.796
901.021
899.319
897.665
896.082
894.542
893.074
891.645
890.286
888.96
887.703
886.472
885.308
884.163
883.08
882.005
880.988
879.965
878.991
877.992
877.027
876.008
874.998
873.89
872.748
871.44
870.023
868.329
866.397
864.002
861.143
857.504
852.999
847.173
839.791
830.176
817.791
801.535
780.448
752.313
715.109
663.01
964.514
959.687
958.184
939.399
930.661
915.481
908.491
898.824
894.167
888.167
885.275
881.837
880.188
878.47
877.659
877.076
876.845
876.784
876.975
877.316
877.79
878.346
879.024
879.746
880.567
881.417
882.358
883.321
884.371
885.442
886.597
887.775
889.036
890.323
891.692
893.091
894.572
896.088
897.685
899.32
901.035
902.793
904.63
906.512
908.471
910.478
912.56
914.692
916.897
919.154
921.485
923.871
926.333
928.859
931.466
934.144
936.821
939.539
942.244
944.957
947.635
950.286
952.87
955.381
957.789
960.073
962.205
964.155
965.891
967.379
968.579
969.424
969.833
969.97
969.635
968.648
967.18
964.967
962.12
958.416
953.925
948.451
942.037
934.512
925.904
916.067
905.026
892.663
879.013
863.991
847.653
829.955
810.982
790.729
769.31
746.743
723.136
698.453
672.74
646.054
665.948
717.499
754.088
781.837
802.57
818.6
830.777
840.258
847.521
853.267
857.705
861.297
864.118
866.485
868.396
870.073
871.478
872.776
873.912
875.013
876.021
877.035
878
878.996
879.97
880.99
882.008
883.081
884.165
885.309
886.474
887.703
888.961
890.286
891.646
893.074
894.543
896.082
897.665
899.319
901.022
902.795
904.62
906.515
908.464
910.482
912.555
914.696
916.893
919.158
921.481
923.874
926.33
928.862
931.463
934.147
936.818
939.541
942.242
944.959
947.634
950.287
952.868
955.382
957.788
960.074
962.204
964.155
965.89
967.378
968.578
969.424
969.833
969.969
969.634
968.648
967.179
964.966
962.12
958.415
953.924
948.45
942.036
934.512
925.904
916.067
905.026
892.663
879.013
863.99
847.653
829.955
810.982
790.728
769.31
746.743
723.136
698.453
672.74
646.053
)
;
    }
}


// ************************************************************************* //
