/*--------------------------------*- C++ -*----------------------------------*\
| =========                 |                                                 |
| \\      /  F ield         | OpenFOAM: The Open Source CFD Toolbox           |
|  \\    /   O peration     | Version:  2.1.0                                 |
|   \\  /    A nd           | Web:      www.OpenFOAM.org                      |
|    \\/     M anipulation  |                                                 |
\*---------------------------------------------------------------------------*/
FoamFile
{
    version     2.0;
    format      ascii;
    class       volScalarField;
    location    "0.11";
    object      nut;
}
// * * * * * * * * * * * * * * * * * * * * * * * * * * * * * * * * * * * * * //

dimensions      [0 2 -1 0 0 0 0];

internalField   nonuniform List<scalar> 
6400
(
4.99859e-06
4.94577e-06
4.93651e-06
4.9046e-06
4.9001e-06
4.87638e-06
4.87431e-06
4.85829e-06
4.85933e-06
4.85203e-06
4.85823e-06
4.8613e-06
4.87545e-06
4.8892e-06
4.91055e-06
4.93276e-06
4.96141e-06
4.99378e-06
5.02998e-06
5.07067e-06
5.11588e-06
5.16617e-06
5.22143e-06
5.28211e-06
5.34796e-06
5.41908e-06
5.49508e-06
5.57569e-06
5.66028e-06
5.74826e-06
5.83887e-06
5.93137e-06
6.02501e-06
6.119e-06
6.21274e-06
6.30595e-06
6.39838e-06
6.48967e-06
6.57941e-06
6.66735e-06
6.75333e-06
6.83723e-06
6.91896e-06
6.99845e-06
7.07573e-06
7.15083e-06
7.22393e-06
7.29574e-06
7.36324e-06
7.4264e-06
7.48919e-06
7.55075e-06
7.6103e-06
7.6676e-06
7.72247e-06
7.77466e-06
7.82406e-06
7.87105e-06
7.91654e-06
7.96029e-06
8.00247e-06
8.04288e-06
8.08131e-06
8.11648e-06
8.14837e-06
8.17795e-06
8.2062e-06
8.23218e-06
8.25095e-06
8.26467e-06
8.2769e-06
8.28344e-06
8.28297e-06
8.27806e-06
8.26875e-06
8.25458e-06
8.23688e-06
8.21718e-06
8.19677e-06
8.17697e-06
8.15831e-06
8.13805e-06
8.10684e-06
8.08331e-06
8.06407e-06
8.04509e-06
8.02383e-06
7.98768e-06
7.91766e-06
7.78196e-06
7.51796e-06
7.01185e-06
6.08256e-06
4.54138e-06
2.51783e-06
1.62008e-06
1.84765e-06
2.96489e-06
2.87591e-06
3.07103e-06
1.73194e-05
1.80762e-05
1.85399e-05
1.93984e-05
2.01865e-05
2.11729e-05
2.21454e-05
2.32929e-05
2.44477e-05
2.57566e-05
2.70635e-05
2.8477e-05
2.98641e-05
3.13236e-05
3.2744e-05
3.42165e-05
3.56474e-05
3.71181e-05
3.85572e-05
4.00329e-05
4.14947e-05
4.29865e-05
4.44708e-05
4.59703e-05
4.74586e-05
4.89444e-05
5.04086e-05
5.18511e-05
5.32576e-05
5.46245e-05
5.59433e-05
5.72109e-05
5.8423e-05
5.95757e-05
6.06659e-05
6.16944e-05
6.26593e-05
6.35582e-05
6.43893e-05
6.51525e-05
6.58479e-05
6.64751e-05
6.7034e-05
6.75249e-05
6.79487e-05
6.83051e-05
6.85935e-05
6.88126e-05
6.89616e-05
6.90423e-05
6.90595e-05
6.90148e-05
6.89061e-05
6.87322e-05
6.84926e-05
6.81825e-05
6.77994e-05
6.73501e-05
6.68494e-05
6.62849e-05
6.56584e-05
6.49804e-05
6.42457e-05
6.34383e-05
6.25717e-05
6.16441e-05
6.06634e-05
5.96331e-05
5.85133e-05
5.73404e-05
5.61089e-05
5.47909e-05
5.34073e-05
5.19645e-05
5.04497e-05
4.88666e-05
4.72233e-05
4.55208e-05
4.37631e-05
4.19597e-05
4.01215e-05
3.82535e-05
3.63574e-05
3.43907e-05
3.23702e-05
3.02652e-05
2.80806e-05
2.58014e-05
2.3434e-05
2.09915e-05
1.85007e-05
1.60014e-05
1.35543e-05
1.12933e-05
9.21569e-06
7.31852e-06
5.80272e-06
4.70632e-06
4.08224e-06
4.87777e-06
2.20597e-05
2.49752e-05
2.60437e-05
2.85098e-05
2.9753e-05
3.22e-05
3.37283e-05
3.61666e-05
3.79605e-05
4.03534e-05
4.23273e-05
4.46623e-05
4.6728e-05
4.90191e-05
5.11203e-05
5.33651e-05
5.54467e-05
5.76136e-05
5.96534e-05
6.17562e-05
6.37725e-05
6.58216e-05
6.77981e-05
6.9772e-05
7.16733e-05
7.35399e-05
7.53266e-05
7.7049e-05
7.86794e-05
8.02236e-05
8.16679e-05
8.30132e-05
8.42529e-05
8.53869e-05
8.64132e-05
8.73292e-05
8.81342e-05
8.88271e-05
8.94066e-05
8.98739e-05
9.02294e-05
9.04721e-05
9.0602e-05
9.06229e-05
9.0538e-05
9.03487e-05
9.00562e-05
8.96587e-05
8.91544e-05
8.85537e-05
8.78693e-05
8.70976e-05
8.62328e-05
8.52897e-05
8.42808e-05
8.31931e-05
8.20186e-05
8.07955e-05
7.95184e-05
7.81566e-05
7.67276e-05
7.52595e-05
7.37559e-05
7.21611e-05
7.05241e-05
6.88647e-05
6.71413e-05
6.53741e-05
6.35799e-05
6.1747e-05
5.98668e-05
5.79499e-05
5.60036e-05
5.4018e-05
5.19909e-05
4.99322e-05
4.78406e-05
4.57153e-05
4.35637e-05
4.13935e-05
3.92099e-05
3.70214e-05
3.48386e-05
3.26867e-05
3.05683e-05
2.84995e-05
2.649e-05
2.45485e-05
2.26686e-05
2.0837e-05
1.90449e-05
1.7321e-05
1.55635e-05
1.37882e-05
1.19328e-05
1.00799e-05
8.30798e-06
6.74713e-06
5.93677e-06
7.02729e-06
2.6384e-05
3.06499e-05
3.21361e-05
3.54587e-05
3.68379e-05
3.97585e-05
4.1224e-05
4.3854e-05
4.54749e-05
4.78962e-05
4.96858e-05
5.1949e-05
5.38424e-05
5.59819e-05
5.79125e-05
5.99612e-05
6.18759e-05
6.38455e-05
6.57032e-05
6.75778e-05
6.93558e-05
7.11372e-05
7.28181e-05
7.44694e-05
7.60148e-05
7.75058e-05
7.88878e-05
8.01899e-05
8.13791e-05
8.24717e-05
8.34515e-05
8.43253e-05
8.50852e-05
8.57332e-05
8.62668e-05
8.66866e-05
8.69926e-05
8.71863e-05
8.72692e-05
8.72439e-05
8.71113e-05
8.68694e-05
8.65189e-05
8.60694e-05
8.55255e-05
8.48909e-05
8.41755e-05
8.33725e-05
8.24677e-05
8.14862e-05
8.0451e-05
7.93395e-05
7.81326e-05
7.68708e-05
7.5581e-05
7.42392e-05
7.27909e-05
7.13197e-05
6.98188e-05
6.82387e-05
6.66289e-05
6.50002e-05
6.33168e-05
6.15976e-05
5.98676e-05
5.81091e-05
5.63196e-05
5.45273e-05
5.27304e-05
5.09194e-05
4.91119e-05
4.73163e-05
4.55281e-05
4.37573e-05
4.20132e-05
4.02961e-05
3.86086e-05
3.69587e-05
3.53474e-05
3.37746e-05
3.22403e-05
3.07327e-05
2.92492e-05
2.78015e-05
2.63542e-05
2.49234e-05
2.34817e-05
2.20375e-05
2.05678e-05
1.90844e-05
1.75835e-05
1.60636e-05
1.4509e-05
1.29196e-05
1.12953e-05
9.71438e-06
8.33016e-06
7.50806e-06
6.75469e-06
6.30775e-06
3.01503e-05
3.45927e-05
3.61111e-05
3.94114e-05
4.06042e-05
4.3384e-05
4.45655e-05
4.7014e-05
4.83094e-05
5.05062e-05
5.19345e-05
5.39223e-05
5.54391e-05
5.72474e-05
5.87968e-05
6.04552e-05
6.19776e-05
6.35103e-05
6.49563e-05
6.6379e-05
6.77178e-05
6.90182e-05
7.02216e-05
7.13729e-05
7.24151e-05
7.33922e-05
7.42573e-05
7.50416e-05
7.57133e-05
7.62931e-05
7.67637e-05
7.71354e-05
7.73998e-05
7.75621e-05
7.76206e-05
7.75773e-05
7.74314e-05
7.71867e-05
7.68483e-05
7.64244e-05
7.5919e-05
7.53216e-05
7.46279e-05
7.38647e-05
7.30078e-05
7.20818e-05
7.11359e-05
7.01532e-05
6.90455e-05
6.78964e-05
6.67456e-05
6.5526e-05
6.42501e-05
6.29665e-05
6.16557e-05
6.02988e-05
5.89268e-05
5.75575e-05
5.61698e-05
5.47696e-05
5.33827e-05
5.19984e-05
5.06089e-05
4.92385e-05
4.7885e-05
4.65387e-05
4.52131e-05
4.39118e-05
4.26242e-05
4.13503e-05
4.00888e-05
3.8847e-05
3.76154e-05
3.63818e-05
3.51565e-05
3.39174e-05
3.26853e-05
3.14421e-05
3.0203e-05
2.89422e-05
2.76708e-05
2.63696e-05
2.50561e-05
2.37318e-05
2.24048e-05
2.0851e-05
1.93843e-05
1.78498e-05
1.6446e-05
1.51138e-05
1.39432e-05
1.271e-05
1.14724e-05
1.03988e-05
9.47973e-06
8.45379e-06
7.57706e-06
7.12912e-06
6.97452e-06
7.02877e-06
3.23681e-05
3.63294e-05
3.76215e-05
4.04255e-05
4.12785e-05
4.35919e-05
4.43676e-05
4.64066e-05
4.72443e-05
4.90598e-05
4.99994e-05
5.16088e-05
5.26373e-05
5.40634e-05
5.51364e-05
5.63996e-05
5.74612e-05
5.85831e-05
5.95826e-05
6.05754e-05
6.1472e-05
6.23306e-05
6.30939e-05
6.38038e-05
6.44135e-05
6.49602e-05
6.54047e-05
6.57761e-05
6.60482e-05
6.62422e-05
6.63408e-05
6.63561e-05
6.6281e-05
6.61252e-05
6.58916e-05
6.55824e-05
6.51881e-05
6.47153e-05
6.41482e-05
6.35397e-05
6.2925e-05
6.2244e-05
6.145e-05
6.06404e-05
5.98213e-05
5.89409e-05
5.80285e-05
5.71082e-05
5.61542e-05
5.51793e-05
5.42059e-05
5.32109e-05
5.21971e-05
5.11856e-05
5.01644e-05
4.91284e-05
4.8091e-05
4.7054e-05
4.60172e-05
4.49846e-05
4.39371e-05
4.28981e-05
4.18398e-05
4.07887e-05
3.9726e-05
3.86483e-05
3.75673e-05
3.64674e-05
3.53595e-05
3.3881e-05
3.23018e-05
3.07484e-05
2.92752e-05
2.78277e-05
2.64531e-05
2.51112e-05
2.38593e-05
2.26242e-05
2.14795e-05
2.03389e-05
1.92758e-05
1.82253e-05
1.72678e-05
1.63272e-05
1.54745e-05
1.46306e-05
1.38353e-05
1.30654e-05
1.23566e-05
1.16656e-05
1.10115e-05
1.03663e-05
9.7593e-06
9.2151e-06
8.70003e-06
8.27979e-06
7.96879e-06
7.83515e-06
7.81629e-06
8.01268e-06
3.36029e-05
3.68389e-05
3.78296e-05
4.00438e-05
4.05719e-05
4.23467e-05
4.2741e-05
4.42932e-05
4.46901e-05
4.60764e-05
4.65474e-05
4.77772e-05
4.83398e-05
4.94116e-05
5.00336e-05
5.0957e-05
5.15862e-05
5.23881e-05
5.29789e-05
5.36658e-05
5.41859e-05
5.47507e-05
5.5179e-05
5.56135e-05
5.59343e-05
5.62331e-05
5.64352e-05
5.65949e-05
5.66724e-05
5.6702e-05
5.66574e-05
5.65524e-05
5.63689e-05
5.61099e-05
5.58237e-05
5.55277e-05
5.51285e-05
5.46494e-05
5.41652e-05
5.36354e-05
5.30415e-05
5.24132e-05
5.17462e-05
5.10396e-05
5.02981e-05
4.95195e-05
4.87178e-05
4.78929e-05
4.70141e-05
4.61249e-05
4.51023e-05
4.37564e-05
4.24111e-05
4.10957e-05
3.9804e-05
3.8516e-05
3.72642e-05
3.60304e-05
3.48048e-05
3.36182e-05
3.24456e-05
3.13091e-05
3.01926e-05
2.91116e-05
2.80552e-05
2.70266e-05
2.60277e-05
2.50646e-05
2.41233e-05
2.32249e-05
2.23592e-05
2.15177e-05
2.07232e-05
1.99506e-05
1.92205e-05
1.85169e-05
1.78504e-05
1.72017e-05
1.65933e-05
1.59954e-05
1.54396e-05
1.4892e-05
1.43846e-05
1.38767e-05
1.34098e-05
1.29349e-05
1.24951e-05
1.20558e-05
1.16376e-05
1.12273e-05
1.08374e-05
1.0462e-05
1.01168e-05
9.80299e-06
9.53631e-06
9.34841e-06
9.23333e-06
9.18022e-06
9.54172e-06
9.76819e-06
3.58363e-05
3.83329e-05
3.90513e-05
4.07295e-05
4.09627e-05
4.22228e-05
4.2308e-05
4.33427e-05
4.33947e-05
4.4335e-05
4.44267e-05
4.52747e-05
4.54385e-05
4.60406e-05
4.62829e-05
4.65275e-05
4.67976e-05
4.69317e-05
4.71879e-05
4.72148e-05
4.74064e-05
4.73425e-05
4.74274e-05
4.72907e-05
4.72428e-05
4.70397e-05
4.68609e-05
4.654e-05
4.6207e-05
4.58515e-05
4.54955e-05
4.50034e-05
4.44746e-05
4.39636e-05
4.34168e-05
4.28094e-05
4.21638e-05
4.14982e-05
4.08475e-05
4.01599e-05
3.94458e-05
3.87492e-05
3.80368e-05
3.73084e-05
3.65986e-05
3.58935e-05
3.51805e-05
3.44898e-05
3.38155e-05
3.31452e-05
3.24953e-05
3.18692e-05
3.12554e-05
3.06679e-05
3.00985e-05
2.95448e-05
2.90134e-05
2.84964e-05
2.79927e-05
2.75106e-05
2.70341e-05
2.65778e-05
2.61249e-05
2.56893e-05
2.5259e-05
2.4841e-05
2.44341e-05
2.40419e-05
2.367e-05
2.32974e-05
2.29454e-05
2.25902e-05
2.22615e-05
2.19228e-05
2.16065e-05
2.12828e-05
2.09733e-05
2.0657e-05
2.03521e-05
2.00374e-05
1.97334e-05
1.94187e-05
1.91096e-05
1.87877e-05
1.84673e-05
1.81248e-05
1.7777e-05
1.74026e-05
1.70138e-05
1.66002e-05
1.61691e-05
1.57235e-05
1.52747e-05
1.48393e-05
1.44651e-05
1.41948e-05
1.39943e-05
1.41469e-05
1.4624e-05
1.49795e-05
3.37933e-05
3.49503e-05
3.53295e-05
3.58793e-05
3.60659e-05
3.62842e-05
3.62863e-05
3.63561e-05
3.62721e-05
3.63148e-05
3.62002e-05
3.62123e-05
3.60638e-05
3.60261e-05
3.58846e-05
3.57933e-05
3.57092e-05
3.55695e-05
3.55131e-05
3.53273e-05
3.5273e-05
3.50572e-05
3.49828e-05
3.47433e-05
3.45994e-05
3.43691e-05
3.42297e-05
3.39967e-05
3.37846e-05
3.35854e-05
3.3376e-05
3.31124e-05
3.28556e-05
3.26374e-05
3.24071e-05
3.21604e-05
3.19294e-05
3.17089e-05
3.14856e-05
3.12672e-05
3.10593e-05
3.08593e-05
3.06637e-05
3.04782e-05
3.03066e-05
3.0144e-05
2.99904e-05
2.985e-05
2.97169e-05
2.9601e-05
2.94963e-05
2.94091e-05
2.93217e-05
2.92324e-05
2.91791e-05
2.91116e-05
2.90754e-05
2.90279e-05
2.90053e-05
2.89791e-05
2.89678e-05
2.89612e-05
2.89626e-05
2.89719e-05
2.89877e-05
2.9011e-05
2.90399e-05
2.90758e-05
2.91173e-05
2.91663e-05
2.92208e-05
2.92822e-05
2.93512e-05
2.94263e-05
2.95114e-05
2.96017e-05
2.97015e-05
2.98058e-05
2.99181e-05
3.003e-05
3.01465e-05
3.02605e-05
3.03743e-05
3.0482e-05
3.05838e-05
3.06762e-05
3.07566e-05
3.08192e-05
3.08525e-05
3.08575e-05
3.08256e-05
3.07612e-05
3.0662e-05
3.05409e-05
3.04088e-05
3.03198e-05
3.03782e-05
3.06857e-05
3.12315e-05
3.04086e-05
3.09446e-05
3.1874e-05
3.21612e-05
3.24625e-05
3.25525e-05
3.24991e-05
3.24265e-05
3.2221e-05
3.2109e-05
3.1875e-05
3.17315e-05
3.14587e-05
3.12916e-05
3.10076e-05
3.08502e-05
3.06019e-05
3.04705e-05
3.02554e-05
3.01453e-05
2.99475e-05
2.98646e-05
2.96861e-05
2.96238e-05
2.94593e-05
2.9408e-05
2.92735e-05
2.92321e-05
2.91264e-05
2.90792e-05
2.90076e-05
2.89688e-05
2.8915e-05
2.88801e-05
2.8854e-05
2.88374e-05
2.88233e-05
2.88198e-05
2.88223e-05
2.8828e-05
2.88392e-05
2.88578e-05
2.88803e-05
2.89085e-05
2.89453e-05
2.89894e-05
2.90405e-05
2.91003e-05
2.91685e-05
2.92447e-05
2.93296e-05
2.94227e-05
2.95241e-05
2.96332e-05
2.9751e-05
2.98768e-05
3.00102e-05
3.01518e-05
3.02985e-05
3.04536e-05
3.06134e-05
3.07796e-05
3.09512e-05
3.11283e-05
3.13111e-05
3.14996e-05
3.16942e-05
3.18955e-05
3.2103e-05
3.23181e-05
3.25404e-05
3.27705e-05
3.30089e-05
3.32562e-05
3.35124e-05
3.37783e-05
3.40534e-05
3.43385e-05
3.46333e-05
3.49386e-05
3.52558e-05
3.55837e-05
3.59232e-05
3.62746e-05
3.66384e-05
3.70149e-05
3.74038e-05
3.78054e-05
3.82194e-05
3.86535e-05
3.91036e-05
3.95805e-05
4.00806e-05
4.06126e-05
4.11755e-05
4.17752e-05
4.24052e-05
4.30384e-05
4.36054e-05
4.36229e-05
4.35297e-05
3.10808e-05
3.20254e-05
3.232e-05
3.26437e-05
3.27429e-05
3.27118e-05
3.26425e-05
3.24505e-05
3.23356e-05
3.21134e-05
3.1967e-05
3.17067e-05
3.15365e-05
3.12633e-05
3.11017e-05
3.08614e-05
3.07271e-05
3.05178e-05
3.04035e-05
3.02078e-05
3.01202e-05
2.99411e-05
2.9874e-05
2.97059e-05
2.96465e-05
2.95017e-05
2.94487e-05
2.9336e-05
2.92758e-05
2.91859e-05
2.91328e-05
2.90691e-05
2.90139e-05
2.89613e-05
2.89242e-05
2.88895e-05
2.88595e-05
2.88364e-05
2.88174e-05
2.88006e-05
2.87917e-05
2.87864e-05
2.87845e-05
2.87913e-05
2.88048e-05
2.88231e-05
2.88513e-05
2.88866e-05
2.89282e-05
2.89803e-05
2.90403e-05
2.91066e-05
2.91833e-05
2.92679e-05
2.93592e-05
2.94596e-05
2.95674e-05
2.96811e-05
2.98015e-05
2.99262e-05
3.00562e-05
3.01908e-05
3.03304e-05
3.04741e-05
3.06232e-05
3.07765e-05
3.09349e-05
3.10971e-05
3.12648e-05
3.14355e-05
3.16128e-05
3.17938e-05
3.19807e-05
3.21719e-05
3.23682e-05
3.25692e-05
3.27743e-05
3.29841e-05
3.31977e-05
3.3416e-05
3.36383e-05
3.38661e-05
3.40994e-05
3.43399e-05
3.45884e-05
3.48466e-05
3.51166e-05
3.54003e-05
3.5701e-05
3.60206e-05
3.63581e-05
3.67224e-05
3.71238e-05
3.75713e-05
3.80806e-05
3.8668e-05
3.93444e-05
4.00829e-05
4.05047e-05
4.06384e-05
3.39599e-05
3.51506e-05
3.55454e-05
3.61415e-05
3.63584e-05
3.6642e-05
3.66583e-05
3.6774e-05
3.66928e-05
3.67699e-05
3.66579e-05
3.67091e-05
3.65669e-05
3.65599e-05
3.64374e-05
3.63758e-05
3.6312e-05
3.6204e-05
3.61633e-05
3.60083e-05
3.59618e-05
3.57735e-05
3.57051e-05
3.54931e-05
3.53668e-05
3.51172e-05
3.49526e-05
3.47393e-05
3.45279e-05
3.42553e-05
3.40322e-05
3.37962e-05
3.35035e-05
3.31938e-05
3.29215e-05
3.26422e-05
3.2339e-05
3.20462e-05
3.1754e-05
3.14526e-05
3.11669e-05
3.08822e-05
3.05905e-05
3.03164e-05
3.0049e-05
2.97782e-05
2.9527e-05
2.92842e-05
2.90399e-05
2.88161e-05
2.8601e-05
2.8383e-05
2.81877e-05
2.80048e-05
2.78185e-05
2.76467e-05
2.74862e-05
2.73307e-05
2.71863e-05
2.70382e-05
2.69055e-05
2.67745e-05
2.66528e-05
2.65309e-05
2.64183e-05
2.63045e-05
2.61989e-05
2.60897e-05
2.59849e-05
2.58716e-05
2.576e-05
2.56372e-05
2.55112e-05
2.5375e-05
2.52294e-05
2.50736e-05
2.49035e-05
2.47208e-05
2.45207e-05
2.43059e-05
2.40728e-05
2.38246e-05
2.35561e-05
2.32749e-05
2.29872e-05
2.26862e-05
2.23789e-05
2.2075e-05
2.17723e-05
2.14879e-05
2.12125e-05
2.09662e-05
2.07454e-05
2.05866e-05
2.04903e-05
2.05187e-05
2.07261e-05
2.12145e-05
2.21111e-05
2.2787e-05
3.46436e-05
3.71209e-05
3.78413e-05
3.95192e-05
3.97823e-05
4.10684e-05
4.12069e-05
4.22821e-05
4.23908e-05
4.33728e-05
4.35221e-05
4.44167e-05
4.46457e-05
4.54321e-05
4.57238e-05
4.64007e-05
4.67184e-05
4.73021e-05
4.76025e-05
4.80567e-05
4.82828e-05
4.83102e-05
4.84377e-05
4.83858e-05
4.83878e-05
4.82496e-05
4.81226e-05
4.78977e-05
4.7625e-05
4.72542e-05
4.68847e-05
4.65103e-05
4.60317e-05
4.54624e-05
4.49153e-05
4.4325e-05
4.36727e-05
4.30135e-05
4.2305e-05
4.15383e-05
4.08046e-05
4.00403e-05
3.92242e-05
3.84305e-05
3.76201e-05
3.67775e-05
3.59583e-05
3.51377e-05
3.42978e-05
3.34856e-05
3.26844e-05
3.18804e-05
3.11014e-05
3.03484e-05
2.95973e-05
2.88828e-05
2.81848e-05
2.74965e-05
2.68367e-05
2.61988e-05
2.55571e-05
2.49566e-05
2.43526e-05
2.37627e-05
2.31937e-05
2.26236e-05
2.20676e-05
2.15204e-05
2.09907e-05
2.04625e-05
1.99622e-05
1.94634e-05
1.8982e-05
1.85063e-05
1.80391e-05
1.75826e-05
1.71329e-05
1.66931e-05
1.6259e-05
1.5837e-05
1.54184e-05
1.50135e-05
1.46153e-05
1.42315e-05
1.38558e-05
1.34932e-05
1.31404e-05
1.28043e-05
1.24841e-05
1.21852e-05
1.19062e-05
1.16534e-05
1.14217e-05
1.12298e-05
1.1085e-05
1.09631e-05
1.10372e-05
1.12509e-05
1.17561e-05
1.20277e-05
3.25541e-05
3.57426e-05
3.67348e-05
3.89431e-05
3.94962e-05
4.12877e-05
4.17237e-05
4.32945e-05
4.37401e-05
4.51449e-05
4.56636e-05
4.69147e-05
4.75239e-05
4.86294e-05
4.92989e-05
5.02737e-05
5.09567e-05
5.18211e-05
5.24768e-05
5.32366e-05
5.38352e-05
5.44776e-05
5.49945e-05
5.55175e-05
5.59323e-05
5.63263e-05
5.66258e-05
5.68855e-05
5.70609e-05
5.71839e-05
5.72351e-05
5.72304e-05
5.71533e-05
5.70171e-05
5.67999e-05
5.65244e-05
5.62321e-05
5.59094e-05
5.54722e-05
5.49907e-05
5.44981e-05
5.39403e-05
5.33319e-05
5.26942e-05
5.20063e-05
5.12845e-05
5.05357e-05
4.97315e-05
4.88955e-05
4.80534e-05
4.71585e-05
4.62215e-05
4.50167e-05
4.35727e-05
4.21127e-05
4.06995e-05
3.93027e-05
3.79169e-05
3.65689e-05
3.52702e-05
3.39511e-05
3.27117e-05
3.14779e-05
3.02805e-05
2.9129e-05
2.80084e-05
2.69223e-05
2.58798e-05
2.48699e-05
2.38897e-05
2.29535e-05
2.20559e-05
2.11939e-05
2.03754e-05
1.95818e-05
1.88233e-05
1.80862e-05
1.73901e-05
1.67069e-05
1.60692e-05
1.5437e-05
1.48414e-05
1.42494e-05
1.36996e-05
1.3153e-05
1.26526e-05
1.21496e-05
1.16777e-05
1.12083e-05
1.07845e-05
1.0376e-05
1.00192e-05
9.66741e-06
9.35576e-06
9.06968e-06
8.85542e-06
8.75084e-06
8.67517e-06
8.96785e-06
9.19119e-06
3.12477e-05
3.51147e-05
3.63893e-05
3.9153e-05
4.00109e-05
4.23063e-05
4.3107e-05
4.51405e-05
4.60185e-05
4.78402e-05
4.88249e-05
5.04521e-05
5.15281e-05
5.29876e-05
5.41112e-05
5.54278e-05
5.65498e-05
5.77431e-05
5.88176e-05
5.98993e-05
6.08904e-05
6.18537e-05
6.27307e-05
6.35619e-05
6.42994e-05
6.49799e-05
6.55628e-05
6.60779e-05
6.64953e-05
6.68349e-05
6.70791e-05
6.7241e-05
6.73109e-05
6.72967e-05
6.71979e-05
6.70193e-05
6.67666e-05
6.64358e-05
6.60203e-05
6.55291e-05
6.49482e-05
6.43338e-05
6.37138e-05
6.30011e-05
6.21925e-05
6.13811e-05
6.05432e-05
5.96397e-05
5.87154e-05
5.77804e-05
5.68045e-05
5.58128e-05
5.48242e-05
5.38077e-05
5.27743e-05
5.17448e-05
5.07021e-05
4.96408e-05
4.85799e-05
4.7509e-05
4.64294e-05
4.53602e-05
4.42928e-05
4.32084e-05
4.21327e-05
4.10415e-05
3.99538e-05
3.8845e-05
3.77346e-05
3.66095e-05
3.5138e-05
3.34533e-05
3.18266e-05
3.02844e-05
2.88019e-05
2.74025e-05
2.60128e-05
2.47079e-05
2.34021e-05
2.2197e-05
2.10033e-05
1.99084e-05
1.87861e-05
1.77461e-05
1.6689e-05
1.57487e-05
1.48468e-05
1.40108e-05
1.30868e-05
1.22094e-05
1.1403e-05
1.07413e-05
1.00878e-05
9.38058e-06
8.68916e-06
8.14167e-06
7.83094e-06
7.68536e-06
7.68097e-06
7.8577e-06
2.89826e-05
3.32603e-05
3.47323e-05
3.79498e-05
3.9132e-05
4.18478e-05
4.30359e-05
4.54443e-05
4.67577e-05
4.89353e-05
5.03894e-05
5.2382e-05
5.39356e-05
5.57709e-05
5.7366e-05
5.90722e-05
6.06534e-05
6.22545e-05
6.37739e-05
6.52798e-05
6.67077e-05
6.81085e-05
6.94218e-05
7.06959e-05
7.18695e-05
7.29869e-05
7.39997e-05
7.49401e-05
7.57748e-05
7.65221e-05
7.71638e-05
7.77105e-05
7.81535e-05
7.84959e-05
7.87358e-05
7.88747e-05
7.89129e-05
7.88508e-05
7.86883e-05
7.8431e-05
7.80826e-05
7.76516e-05
7.71392e-05
7.65313e-05
7.58314e-05
7.5068e-05
7.42081e-05
7.32792e-05
7.23286e-05
7.13397e-05
7.02264e-05
6.90727e-05
6.79135e-05
6.66821e-05
6.53937e-05
6.40942e-05
6.27633e-05
6.1389e-05
5.9998e-05
5.85951e-05
5.71766e-05
5.57477e-05
5.43217e-05
5.29037e-05
5.1486e-05
5.00832e-05
4.87034e-05
4.73344e-05
4.59856e-05
4.46651e-05
4.33614e-05
4.20717e-05
4.08015e-05
3.95396e-05
3.82829e-05
3.70495e-05
3.58374e-05
3.46164e-05
3.34038e-05
3.21637e-05
3.09187e-05
2.96614e-05
2.84088e-05
2.71301e-05
2.57919e-05
2.3944e-05
2.20918e-05
2.06126e-05
1.92303e-05
1.74e-05
1.54823e-05
1.38751e-05
1.292e-05
1.18026e-05
1.0149e-05
8.59505e-06
8.05078e-06
7.17166e-06
6.93785e-06
6.96465e-06
2.53785e-05
2.94575e-05
3.08787e-05
3.40804e-05
3.54194e-05
3.82447e-05
3.9687e-05
4.22427e-05
4.38461e-05
4.62036e-05
4.79748e-05
5.02026e-05
5.20916e-05
5.42214e-05
5.61559e-05
5.82145e-05
6.01448e-05
6.21374e-05
6.40283e-05
6.59536e-05
6.77919e-05
6.96457e-05
7.1412e-05
7.31635e-05
7.48247e-05
7.64407e-05
7.79585e-05
7.94107e-05
8.07614e-05
8.20233e-05
8.31802e-05
8.4238e-05
8.5189e-05
8.60333e-05
8.67681e-05
8.73928e-05
8.79067e-05
8.831e-05
8.86029e-05
8.87873e-05
8.88638e-05
8.8834e-05
8.86985e-05
8.84554e-05
8.81078e-05
8.76656e-05
8.71308e-05
8.65067e-05
8.58045e-05
8.50164e-05
8.41275e-05
8.3164e-05
8.21478e-05
8.1055e-05
7.98813e-05
7.86382e-05
7.7341e-05
7.60167e-05
7.46301e-05
7.31568e-05
7.16678e-05
7.01238e-05
6.85147e-05
6.68873e-05
6.52206e-05
6.35047e-05
6.17708e-05
6.00102e-05
5.8215e-05
5.64101e-05
5.45919e-05
5.27563e-05
5.09191e-05
4.90797e-05
4.72462e-05
4.54271e-05
4.36292e-05
4.18622e-05
4.01284e-05
3.84278e-05
3.67611e-05
3.51282e-05
3.35317e-05
3.19741e-05
3.04412e-05
2.88965e-05
2.73569e-05
2.58157e-05
2.42538e-05
2.2654e-05
2.09642e-05
1.92004e-05
1.73179e-05
1.53436e-05
1.33337e-05
1.1343e-05
9.53773e-06
8.29863e-06
7.1022e-06
6.57124e-06
2.1351e-05
2.41078e-05
2.51126e-05
2.74424e-05
2.86068e-05
3.09181e-05
3.23629e-05
3.46716e-05
3.63868e-05
3.86816e-05
4.05958e-05
4.28651e-05
4.48864e-05
4.71369e-05
4.92154e-05
5.14511e-05
5.35381e-05
5.5724e-05
5.77867e-05
5.99111e-05
6.19502e-05
6.40261e-05
6.60449e-05
6.80761e-05
7.00479e-05
7.1997e-05
7.3881e-05
7.57164e-05
7.74754e-05
7.916e-05
8.07568e-05
8.22647e-05
8.36775e-05
8.49926e-05
8.6206e-05
8.73157e-05
8.83202e-05
8.92188e-05
9.00091e-05
9.06913e-05
9.12643e-05
9.17284e-05
9.20839e-05
9.23297e-05
9.24673e-05
9.25011e-05
9.24337e-05
9.22659e-05
9.1999e-05
9.16316e-05
9.11611e-05
9.05984e-05
8.99554e-05
8.92265e-05
8.84059e-05
8.75031e-05
8.65308e-05
8.54923e-05
8.4374e-05
8.318e-05
8.19478e-05
8.0656e-05
7.92808e-05
7.78501e-05
7.6361e-05
7.48045e-05
7.32097e-05
7.15759e-05
6.98543e-05
6.81065e-05
6.63101e-05
6.44523e-05
6.25599e-05
6.06093e-05
5.86024e-05
5.65492e-05
5.44375e-05
5.22704e-05
5.00443e-05
4.77665e-05
4.5434e-05
4.30474e-05
4.06207e-05
3.81627e-05
3.56873e-05
3.32101e-05
3.07502e-05
2.83317e-05
2.59841e-05
2.37101e-05
2.1486e-05
1.93064e-05
1.71659e-05
1.49895e-05
1.28755e-05
1.08969e-05
9.05088e-06
7.52645e-06
6.59153e-06
7.452e-06
1.69456e-05
1.76212e-05
1.80704e-05
1.8857e-05
1.95999e-05
2.05235e-05
2.14345e-05
2.25084e-05
2.35905e-05
2.48249e-05
2.60673e-05
2.74245e-05
2.87643e-05
3.01821e-05
3.15684e-05
3.30118e-05
3.4419e-05
3.5869e-05
3.72892e-05
3.87442e-05
4.01868e-05
4.16614e-05
4.31374e-05
4.4637e-05
4.61341e-05
4.76367e-05
4.91278e-05
5.06075e-05
5.20627e-05
5.34873e-05
5.48731e-05
5.6215e-05
5.75084e-05
5.87501e-05
5.99375e-05
6.10686e-05
6.21409e-05
6.31523e-05
6.41021e-05
6.49873e-05
6.58076e-05
6.65639e-05
6.72564e-05
6.78844e-05
6.84477e-05
6.89476e-05
6.93849e-05
6.976e-05
7.00721e-05
7.03208e-05
7.05059e-05
7.06299e-05
7.06965e-05
7.0707e-05
7.06593e-05
7.05531e-05
7.03897e-05
7.01669e-05
6.98786e-05
6.95261e-05
6.91174e-05
6.86544e-05
6.81263e-05
6.75364e-05
6.68918e-05
6.61894e-05
6.54304e-05
6.46051e-05
6.3703e-05
6.27402e-05
6.16961e-05
6.05697e-05
5.9383e-05
5.80959e-05
5.67061e-05
5.52306e-05
5.36394e-05
5.19585e-05
5.01638e-05
4.82618e-05
4.62614e-05
4.41563e-05
4.19554e-05
3.96687e-05
3.73089e-05
3.48612e-05
3.23474e-05
2.97494e-05
2.70251e-05
2.42198e-05
2.12852e-05
1.83406e-05
1.54932e-05
1.27596e-05
1.03119e-05
8.13521e-06
6.4401e-06
5.26693e-06
4.50931e-06
4.94469e-06
4.99425e-06
4.93935e-06
4.92942e-06
4.89541e-06
4.88978e-06
4.86377e-06
4.85987e-06
4.84114e-06
4.83952e-06
4.82881e-06
4.83143e-06
4.82998e-06
4.83964e-06
4.84877e-06
4.86597e-06
4.884e-06
4.90751e-06
4.93441e-06
4.96678e-06
5.00274e-06
5.04307e-06
5.08834e-06
5.13871e-06
5.19462e-06
5.25601e-06
5.32302e-06
5.39539e-06
5.47295e-06
5.55524e-06
5.64171e-06
5.73168e-06
5.82444e-06
5.91927e-06
6.01548e-06
6.11239e-06
6.20943e-06
6.30608e-06
6.40205e-06
6.49717e-06
6.59099e-06
6.68317e-06
6.77359e-06
6.86219e-06
6.94886e-06
7.03355e-06
7.11626e-06
7.19706e-06
7.27603e-06
7.35327e-06
7.42888e-06
7.50358e-06
7.57513e-06
7.64435e-06
7.7139e-06
7.78304e-06
7.85151e-06
7.91936e-06
7.98651e-06
8.05281e-06
8.11853e-06
8.18461e-06
8.25203e-06
8.32038e-06
8.38995e-06
8.46119e-06
8.53513e-06
8.61181e-06
8.69052e-06
8.77107e-06
8.85504e-06
8.94288e-06
9.03494e-06
9.13269e-06
9.23161e-06
9.33426e-06
9.44549e-06
9.55714e-06
9.67603e-06
9.80204e-06
9.9333e-06
1.00732e-05
1.02227e-05
1.03822e-05
1.05532e-05
1.07348e-05
1.09165e-05
1.10763e-05
1.11569e-05
1.11107e-05
1.08191e-05
1.00418e-05
8.59417e-06
6.71561e-06
4.64692e-06
3.02571e-06
2.12294e-06
2.11237e-06
3.30239e-06
3.19855e-06
3.37784e-06
8.47814e-06
8.09274e-07
1.0377e-06
1.38285e-06
1.71109e-06
2.0142e-06
2.34804e-06
2.70521e-06
3.06838e-06
3.44694e-06
3.79042e-06
4.06893e-06
4.21934e-06
4.31784e-06
4.46637e-06
5.31628e-06
7.19645e-06
8.64161e-06
8.48534e-06
4.28652e-06
3.76213e-06
1.03605e-06
1.05147e-06
1.27647e-06
1.4949e-06
1.77946e-06
2.11215e-06
2.45672e-06
2.81541e-06
3.2013e-06
3.52855e-06
3.79061e-06
3.99426e-06
4.23079e-06
4.8321e-06
6.28959e-06
8.15621e-06
9.03767e-06
8.33012e-06
4.40304e-06
3.39919e-06
1.50531e-06
1.52912e-06
1.49144e-06
1.63861e-06
1.86901e-06
2.13845e-06
2.45534e-06
2.82827e-06
3.27343e-06
3.48613e-06
3.70096e-06
4.01978e-06
4.57806e-06
5.73438e-06
7.55316e-06
8.79841e-06
9.40623e-06
8.08516e-06
4.5232e-06
3.77451e-06
2.13379e-06
2.15307e-06
1.96972e-06
2.11376e-06
2.20245e-06
2.48038e-06
2.82416e-06
3.30918e-06
3.94688e-06
3.89109e-06
4.23119e-06
4.86883e-06
5.88864e-06
7.60564e-06
9.00317e-06
9.48901e-06
9.209e-06
7.8001e-06
4.65213e-06
4.4362e-06
3.0395e-06
3.05353e-06
2.75299e-06
3.02783e-06
3.0146e-06
3.39219e-06
3.80163e-06
4.51903e-06
5.13957e-06
5.21082e-06
6.04612e-06
7.00376e-06
8.56452e-06
9.73296e-06
9.876e-06
1.00358e-05
9.14342e-06
7.48726e-06
4.58798e-06
5.38503e-06
4.28642e-06
4.26974e-06
3.88185e-06
4.25904e-06
4.4094e-06
5.01068e-06
5.89179e-06
7.23613e-06
8.2279e-06
8.98081e-06
1.01278e-05
1.12931e-05
1.09824e-05
1.08789e-05
1.07494e-05
1.00103e-05
9.0733e-06
6.99932e-06
3.82195e-06
6.97827e-06
6.26985e-06
6.27922e-06
6.10437e-06
6.8473e-06
7.7582e-06
9.46315e-06
1.16612e-05
1.56243e-05
1.54658e-05
1.40773e-05
1.34203e-05
1.26295e-05
1.21484e-05
1.16932e-05
1.10175e-05
1.01704e-05
8.91367e-06
6.22576e-06
3.01534e-06
1.07426e-05
1.11214e-05
1.16576e-05
1.28972e-05
1.52409e-05
1.84393e-05
2.06527e-05
1.92492e-05
1.82822e-05
1.68096e-05
1.58377e-05
1.49748e-05
1.42228e-05
1.34356e-05
1.27477e-05
1.14555e-05
1.02888e-05
8.41557e-06
5.081e-06
2.21279e-06
2.43626e-05
2.68608e-05
2.81369e-05
2.96296e-05
2.77362e-05
2.60654e-05
2.4251e-05
2.27705e-05
2.1231e-05
2.00042e-05
1.86752e-05
1.762e-05
1.61743e-05
1.51271e-05
1.32963e-05
1.16292e-05
1.01095e-05
7.21093e-06
3.71767e-06
1.41969e-06
3.93537e-05
3.74394e-05
3.54717e-05
3.27877e-05
3.12914e-05
2.87815e-05
2.75021e-05
2.52955e-05
2.41874e-05
2.21277e-05
2.11262e-05
1.89779e-05
1.78314e-05
1.52908e-05
1.3681e-05
1.04146e-05
7.15914e-06
4.34817e-06
2.13889e-06
6.72958e-07
3.76052e-05
3.54585e-05
3.42644e-05
3.14874e-05
3.01253e-05
2.7749e-05
2.65539e-05
2.45139e-05
2.34975e-05
2.16799e-05
2.07992e-05
1.89642e-05
1.80243e-05
1.58915e-05
1.45643e-05
1.20665e-05
8.52404e-06
5.8048e-06
2.56637e-06
7.24625e-07
1.77089e-05
1.97574e-05
2.08754e-05
2.32694e-05
2.44811e-05
2.34627e-05
2.21715e-05
2.07926e-05
1.96486e-05
1.85427e-05
1.77202e-05
1.68206e-05
1.60531e-05
1.51328e-05
1.39747e-05
1.24485e-05
1.08572e-05
8.57205e-06
4.17924e-06
1.50205e-06
9.26328e-06
9.04476e-06
9.20173e-06
9.57232e-06
1.10305e-05
1.32279e-05
1.63242e-05
1.78939e-05
1.70397e-05
1.59604e-05
1.49654e-05
1.43879e-05
1.39618e-05
1.34533e-05
1.29084e-05
1.22489e-05
1.09323e-05
9.29221e-06
5.7651e-06
2.37713e-06
6.61474e-06
5.79418e-06
5.72555e-06
5.36428e-06
5.89207e-06
6.37226e-06
7.56304e-06
9.14651e-06
1.1952e-05
1.30215e-05
1.37842e-05
1.26694e-05
1.24635e-05
1.20523e-05
1.20784e-05
1.15346e-05
1.08233e-05
9.5796e-06
6.93067e-06
3.26057e-06
5.21996e-06
4.067e-06
4.02811e-06
3.63776e-06
3.96491e-06
4.03512e-06
4.52962e-06
5.18796e-06
6.27701e-06
6.82506e-06
7.68804e-06
8.85117e-06
1.03401e-05
1.08215e-05
1.07787e-05
1.12475e-05
1.06269e-05
9.66859e-06
7.71455e-06
4.13173e-06
4.33617e-06
2.9075e-06
2.89033e-06
2.57411e-06
2.80899e-06
2.78821e-06
3.1217e-06
3.50485e-06
4.14583e-06
4.70051e-06
4.66136e-06
5.50227e-06
6.49103e-06
8.19227e-06
9.80829e-06
9.9682e-06
1.06256e-05
9.73997e-06
8.17006e-06
4.94621e-06
3.75332e-06
2.07711e-06
2.08217e-06
1.90339e-06
2.02568e-06
2.1072e-06
2.35296e-06
2.67419e-06
3.11708e-06
3.69216e-06
3.70149e-06
3.96766e-06
4.62762e-06
5.68828e-06
7.55817e-06
9.25158e-06
9.89099e-06
9.84611e-06
8.4013e-06
4.83657e-06
3.50787e-06
1.46017e-06
1.46022e-06
1.45461e-06
1.5976e-06
1.82555e-06
2.08616e-06
2.39447e-06
2.74645e-06
3.16101e-06
3.39494e-06
3.61686e-06
3.88647e-06
4.44779e-06
5.66844e-06
7.68743e-06
9.17579e-06
1.00432e-05
8.67411e-06
4.70457e-06
4.14717e-06
1.02354e-06
1.03257e-06
1.25184e-06
1.47642e-06
1.75122e-06
2.07125e-06
2.41015e-06
2.76577e-06
3.13811e-06
3.45603e-06
3.72947e-06
3.9354e-06
4.1507e-06
4.7955e-06
6.38799e-06
8.39067e-06
9.63947e-06
8.88449e-06
4.58097e-06
8.95003e-06
8.07542e-07
1.02502e-06
1.36914e-06
1.703e-06
2.0039e-06
2.32472e-06
2.66484e-06
3.00757e-06
3.3762e-06
3.71301e-06
3.9757e-06
4.12004e-06
4.20693e-06
4.37168e-06
5.33382e-06
7.42099e-06
9.16317e-06
9.03844e-06
4.4615e-06
1.23457e-06
0.00011654
0.000294106
0.000330899
0.00033481
0.000335356
0.000335357
0.000335342
0.000335343
0.000335345
0.000335345
0.000335343
0.000335342
0.000335357
0.000335356
0.00033481
0.000330899
0.000294107
0.00011654
1.23457e-06
1.36917e-06
6.81878e-05
0.000219642
0.000309526
0.000330913
0.000334528
0.000335273
0.000335315
0.000335296
0.000335287
0.000335287
0.000335296
0.000335315
0.000335273
0.000334528
0.000330913
0.000309526
0.000219642
6.81878e-05
1.36917e-06
1.51274e-06
5.29418e-05
0.000176581
0.000280665
0.000322185
0.000332508
0.000334605
0.000335101
0.000335168
0.000335172
0.000335172
0.000335168
0.000335101
0.000334605
0.000332508
0.000322184
0.000280664
0.00017658
5.29416e-05
1.51274e-06
1.65652e-06
4.38783e-05
0.000148028
0.000254152
0.000309244
0.000328572
0.000333551
0.000334802
0.000335047
0.00033508
0.00033508
0.000335047
0.000334802
0.000333551
0.000328572
0.000309244
0.000254152
0.000148029
4.38783e-05
1.65652e-06
1.79747e-06
3.71134e-05
0.000127095
0.00023111
0.000295175
0.000322582
0.000331758
0.000334127
0.000334798
0.000334939
0.000334939
0.000334798
0.000334127
0.000331758
0.000322582
0.000295175
0.00023111
0.000127095
3.71134e-05
1.79747e-06
1.93492e-06
3.21131e-05
0.000111176
0.000211342
0.000281044
0.000315422
0.000328863
0.000333202
0.000334474
0.000334781
0.000334781
0.000334474
0.000333202
0.000328863
0.000315422
0.000281043
0.000211342
0.000111176
3.21131e-05
1.93492e-06
2.07268e-06
2.82579e-05
9.84706e-05
0.000194075
0.000267169
0.000307416
0.000325202
0.000331855
0.000333907
0.000334515
0.000334515
0.000333907
0.000331855
0.000325202
0.000307416
0.000267169
0.000194075
9.84708e-05
2.8258e-05
2.07267e-06
2.20969e-06
2.52118e-05
8.80953e-05
0.000178897
0.000253793
0.000298847
0.000320805
0.000329908
0.000333144
0.000334152
0.000334152
0.000333144
0.000329908
0.000320805
0.000298847
0.000253793
0.000178897
8.80955e-05
2.52118e-05
2.20969e-06
2.34026e-06
2.28488e-05
7.97181e-05
0.000165784
0.000241287
0.000290108
0.000315888
0.000327549
0.000332159
0.0003336
0.0003336
0.000332159
0.000327549
0.000315888
0.000290108
0.000241287
0.000165784
7.97178e-05
2.28487e-05
2.34026e-06
2.46308e-06
2.0993e-05
7.29133e-05
0.000154515
0.000229798
0.000281472
0.000310635
0.000324809
0.000330832
0.000332877
0.000332877
0.000330832
0.000324809
0.000310635
0.000281472
0.000229799
0.000154515
7.29136e-05
2.0993e-05
2.46307e-06
2.58154e-06
1.94567e-05
6.7172e-05
0.000144617
0.000219166
0.000272983
0.000305122
0.000321726
0.000329242
0.000331994
0.000331994
0.000329242
0.000321727
0.000305122
0.000272983
0.000219166
0.000144617
6.71721e-05
1.94567e-05
2.58153e-06
2.69604e-06
1.81438e-05
6.21873e-05
0.000135737
0.000209207
0.000264621
0.000299375
0.000318311
0.000327365
0.00033085
0.00033085
0.000327365
0.000318311
0.000299375
0.000264621
0.000209207
0.000135737
6.21873e-05
1.81438e-05
2.69604e-06
2.8027e-06
1.70477e-05
5.78833e-05
0.000127796
0.000199932
0.00025647
0.000293486
0.000314612
0.000325198
0.000329428
0.000329428
0.000325198
0.000314612
0.000293486
0.00025647
0.000199932
0.000127796
5.78836e-05
1.70478e-05
2.8027e-06
2.89948e-06
1.61398e-05
5.42132e-05
0.00012079
0.000191427
0.000248676
0.000287593
0.000310721
0.000322786
0.000327764
0.000327764
0.000322786
0.00031072
0.000287593
0.000248676
0.000191428
0.000120791
5.42134e-05
1.61398e-05
2.89948e-06
2.98846e-06
1.53742e-05
5.10531e-05
0.000114599
0.000183661
0.00024129
0.000281778
0.000306703
0.000320166
0.000325875
0.000325875
0.000320166
0.000306703
0.000281778
0.00024129
0.000183661
0.000114598
5.10529e-05
1.53741e-05
2.98846e-06
3.07167e-06
1.47102e-05
4.82521e-05
0.000109007
0.000176469
0.00023424
0.000276028
0.000302569
0.000317346
0.000323764
0.000323764
0.000317347
0.000302569
0.000276029
0.000234241
0.000176471
0.000109008
4.82526e-05
1.47102e-05
3.07166e-06
3.14788e-06
1.41268e-05
4.5729e-05
0.000103878
0.000169725
0.00022745
0.000270317
0.000298311
0.000314321
0.000321419
0.000321419
0.000314321
0.000298311
0.000270317
0.00022745
0.000169725
0.000103878
4.57292e-05
1.41269e-05
3.14787e-06
3.21507e-06
1.36231e-05
4.34766e-05
9.91975e-05
0.000163423
0.000220937
0.000264675
0.00029396
0.000311111
0.000318853
0.000318853
0.000311111
0.00029396
0.000264675
0.000220937
0.000163423
9.91972e-05
4.34765e-05
1.36231e-05
3.21507e-06
3.27365e-06
1.3195e-05
4.14899e-05
9.49749e-05
0.0001576
0.000214762
0.000259171
0.000289579
0.000307767
0.000316107
0.000316107
0.000307767
0.00028958
0.000259172
0.000214763
0.000157602
9.49762e-05
4.14905e-05
1.31951e-05
3.27365e-06
3.32576e-06
1.28312e-05
3.97328e-05
9.11712e-05
0.000152246
0.00020895
0.000253856
0.000285225
0.000304339
0.000313227
0.000313227
0.00030434
0.000285226
0.000253858
0.000208953
0.000152248
9.11734e-05
3.97337e-05
1.28312e-05
3.32575e-06
3.37243e-06
1.25151e-05
3.81522e-05
8.77051e-05
0.000147287
0.000203459
0.000248714
0.000280896
0.000300831
0.000310214
0.000310214
0.000300832
0.000280896
0.000248714
0.000203459
0.000147287
8.77048e-05
3.81521e-05
1.2515e-05
3.37243e-06
3.41299e-06
1.22316e-05
3.66954e-05
8.44742e-05
0.000142605
0.00019819
0.000243683
0.000276562
0.000297232
0.000307065
0.000307065
0.000297233
0.000276563
0.000243686
0.000198192
0.000142607
8.44759e-05
3.66962e-05
1.22317e-05
3.41297e-06
3.44594e-06
1.19889e-05
3.53559e-05
8.14507e-05
0.00013816
0.000193109
0.000238743
0.000272216
0.000293544
0.000303787
0.000303787
0.000293545
0.000272219
0.000238748
0.000193115
0.000138166
8.14564e-05
3.53586e-05
1.19888e-05
3.44596e-06
3.47354e-06
1.17837e-05
3.41513e-05
7.86836e-05
0.000134019
0.000188285
0.000233957
0.000267911
0.000289807
0.000300413
0.000300414
0.000289808
0.000267913
0.00023396
0.000188289
0.000134022
7.86865e-05
3.41526e-05
1.17836e-05
3.47353e-06
3.49499e-06
1.16147e-05
3.30897e-05
7.61927e-05
0.000130219
0.000183769
0.000229376
0.000263692
0.000286058
0.000296974
0.000296975
0.000286059
0.000263694
0.000229379
0.000183773
0.000130223
7.61954e-05
3.30904e-05
1.16144e-05
3.495e-06
3.5142e-06
1.14717e-05
3.21301e-05
7.39098e-05
0.000126693
0.000179515
0.000224988
0.000259576
0.000282337
0.000293521
0.000293522
0.00028234
0.000259581
0.000224994
0.000179522
0.0001267
7.39158e-05
3.2133e-05
1.14715e-05
3.51418e-06
3.52877e-06
1.13529e-05
3.12438e-05
7.17755e-05
0.000123361
0.000175451
0.000220743
0.00025554
0.000278641
0.000290062
0.000290063
0.000278646
0.000255548
0.000220754
0.000175466
0.000123377
7.17878e-05
3.12492e-05
1.13528e-05
3.52882e-06
3.53783e-06
1.12563e-05
3.04306e-05
6.979e-05
0.000120225
0.00017157
0.000216623
0.000251554
0.000274928
0.000286548
0.00028655
0.000274935
0.000251565
0.000216638
0.000171586
0.00012024
6.98005e-05
3.04345e-05
1.12553e-05
3.53788e-06
3.54453e-06
1.11768e-05
2.96918e-05
6.79616e-05
0.0001173
0.000167896
0.00021265
0.000247625
0.000271191
0.000282962
0.000282964
0.000271198
0.000247635
0.000212662
0.000167909
0.000117313
6.79721e-05
2.96961e-05
1.11758e-05
3.54459e-06
3.54726e-06
1.1117e-05
2.9029e-05
6.62852e-05
0.000114574
0.000164423
0.00020884
0.000243802
0.000267504
0.000279391
0.000279393
0.000267509
0.00024381
0.000208852
0.000164438
0.00011459
6.62992e-05
2.90348e-05
1.11151e-05
3.54736e-06
3.54779e-06
1.10779e-05
2.84409e-05
6.47609e-05
0.000112046
0.000161139
0.000205175
0.000240074
0.000263874
0.00027586
0.000275862
0.00026388
0.000240085
0.000205191
0.000161159
0.000112068
6.47783e-05
2.84471e-05
1.10748e-05
3.54796e-06
3.54707e-06
1.10585e-05
2.79385e-05
6.34126e-05
0.000109746
0.000158077
0.000201686
0.000236464
0.000260316
0.000272376
0.000272382
0.000260332
0.000236489
0.000201716
0.000158107
0.000109773
6.34318e-05
2.79447e-05
1.10546e-05
3.54731e-06
3.54487e-06
1.10513e-05
2.75207e-05
6.22511e-05
0.000107708
0.000155298
0.000198448
0.00023304
0.00025687
0.000268956
0.000268961
0.000256884
0.000233064
0.000198483
0.00015534
0.000107749
6.22791e-05
2.753e-05
1.10463e-05
3.54522e-06
3.54101e-06
1.10516e-05
2.71553e-05
6.12348e-05
0.000105915
0.000152825
0.000195515
0.000229869
0.000253613
0.000265682
0.000265688
0.00025363
0.000229896
0.000195549
0.000152861
0.00010595
6.12618e-05
2.71641e-05
1.10448e-05
3.54148e-06
3.53527e-06
1.10505e-05
2.68044e-05
6.02966e-05
0.000104286
0.000150591
0.000192859
0.00022697
0.000250601
0.000262629
0.000262631
0.000250606
0.000226977
0.00019287
0.000150608
0.000104309
6.03162e-05
2.68085e-05
1.1041e-05
3.53588e-06
3.52866e-06
1.10522e-05
2.64791e-05
5.94398e-05
0.000102795
0.000148527
0.000190394
0.000224283
0.000247814
0.000259805
0.000259801
0.000247803
0.000224269
0.000190383
0.000148523
0.0001028
5.94477e-05
2.6478e-05
1.10395e-05
3.52945e-06
3.52244e-06
1.10665e-05
2.62201e-05
5.87151e-05
0.000101465
0.000146638
0.000188099
0.000221742
0.000245154
0.000257102
0.000257095
0.000245133
0.000221711
0.000188068
0.000146619
0.000101463
5.87177e-05
2.62169e-05
1.10517e-05
3.52345e-06
3.51667e-06
1.10943e-05
2.6042e-05
5.81536e-05
0.000100351
0.000144981
0.00018595
0.000219261
0.000242536
0.000254449
0.000254443
0.000242517
0.000219237
0.000185925
0.000144955
0.000100337
5.81494e-05
2.60329e-05
1.1076e-05
3.51783e-06
3.51058e-06
1.11279e-05
2.59111e-05
5.76959e-05
9.94658e-05
0.000143553
0.000184032
0.000217091
0.000240296
0.000252212
0.000252204
0.000240269
0.000217053
0.000183987
0.000143509
9.94218e-05
5.76718e-05
2.58867e-05
1.11036e-05
3.51179e-06
3.50389e-06
1.11642e-05
2.57938e-05
5.72989e-05
9.87543e-05
0.000142374
0.000182587
0.000215618
0.000238934
0.000250947
0.000250932
0.000238886
0.00021555
0.000182505
0.000142285
9.86693e-05
5.72343e-05
2.57485e-05
1.11339e-05
3.50517e-06
3.49735e-06
1.12032e-05
2.56817e-05
5.69888e-05
9.81373e-05
0.000141606
0.000181932
0.000215188
0.000238706
0.000250827
0.0002508
0.000238621
0.000215061
0.000181777
0.000141448
9.80143e-05
5.68863e-05
2.56193e-05
1.11685e-05
3.49868e-06
3.49118e-06
1.12364e-05
2.55538e-05
5.67264e-05
9.76862e-05
0.000141167
0.000181482
0.000214795
0.00023841
0.000250593
0.000250549
0.000238279
0.000214606
0.000181266
0.000140956
9.75126e-05
5.66184e-05
2.54899e-05
1.11974e-05
3.49253e-06
3.48413e-06
1.12477e-05
2.53926e-05
5.64087e-05
9.72604e-05
0.000140498
0.000180666
0.00021396
0.000237609
0.000249803
0.000249725
0.000237396
0.000213688
0.000180399
0.00014026
9.70707e-05
5.62991e-05
2.53289e-05
1.12055e-05
3.48544e-06
3.47426e-06
1.12637e-05
2.51954e-05
5.60036e-05
9.65605e-05
0.000139402
0.000179296
0.000212497
0.000236143
0.000248329
0.000248214
0.000235834
0.000212118
0.000178951
0.000139123
9.63479e-05
5.58702e-05
2.51244e-05
1.12199e-05
3.47535e-06
3.46019e-06
1.13251e-05
2.49867e-05
5.54497e-05
9.55381e-05
0.000137879
0.000177446
0.000210539
0.000234204
0.000246421
0.000246278
0.000233823
0.000210068
0.000177009
0.000137523
9.52745e-05
5.52824e-05
2.48978e-05
1.12819e-05
3.46083e-06
3.44151e-06
1.14467e-05
2.48016e-05
5.47696e-05
9.42764e-05
0.000136106
0.000175412
0.000208484
0.000232256
0.000244556
0.000244394
0.000231822
0.000207939
0.000174893
0.000135674
9.39464e-05
5.45511e-05
2.46882e-05
1.14089e-05
3.4415e-06
3.41869e-06
1.16311e-05
2.46505e-05
5.40725e-05
9.29388e-05
0.000134301
0.000173492
0.000206741
0.000230742
0.000243146
0.000242964
0.000230254
0.000206136
0.00017292
0.000133817
9.25493e-05
5.38052e-05
2.45162e-05
1.15962e-05
3.41792e-06
3.39306e-06
1.18329e-05
2.45218e-05
5.34881e-05
9.17309e-05
0.000132643
0.000171881
0.000205557
0.000229864
0.000242354
0.000242158
0.000229332
0.000204908
0.0001713
0.000132148
9.13034e-05
5.31958e-05
2.43801e-05
1.18003e-05
3.39147e-06
3.36598e-06
1.19085e-05
2.43987e-05
5.30588e-05
9.08875e-05
0.000131356
0.000170794
0.000205069
0.000229585
0.000242077
0.000241875
0.000229029
0.000204401
0.000170261
0.000130897
9.04553e-05
5.27742e-05
2.4268e-05
1.19013e-05
3.36395e-06
3.33953e-06
1.17869e-05
2.42652e-05
5.26798e-05
9.02561e-05
0.000130356
0.000161724
0.000204569
0.000229074
0.000241408
0.000241196
0.00022848
0.000203881
0.000166563
0.000129968
8.98562e-05
5.2422e-05
2.41515e-05
1.17748e-05
3.33729e-06
3.3147e-06
1.16101e-05
2.39515e-05
5.19338e-05
8.89915e-05
0.000128447
0.000167849
0.000203042
0.000201335
0.00023991
0.000239724
0.000225149
0.000202446
0.000167483
0.000128131
8.86443e-05
5.17069e-05
2.38558e-05
1.15964e-05
3.31215e-06
3.29149e-06
1.12762e-05
2.30194e-05
4.99447e-05
8.55308e-05
0.000123505
0.000116343
0.000106121
0.000189584
0.000236887
0.000236886
0.000172759
0.000110782
0.000124948
0.000123338
8.53012e-05
4.97824e-05
2.29474e-05
1.12583e-05
3.28883e-06
3.27037e-06
1.04779e-05
2.07565e-05
4.5933e-05
7.92908e-05
9.28983e-05
0.000112991
0.0001961
0.000225853
0.000240462
0.000240735
0.000226622
0.000197288
0.000102616
9.2192e-05
7.91261e-05
4.58204e-05
2.06944e-05
1.04485e-05
3.26783e-06
3.25252e-06
9.50537e-06
1.80558e-05
4.20385e-05
7.49548e-05
0.000112204
0.000154934
8.18068e-05
6.7828e-05
9.32151e-05
8.78264e-05
7.34096e-05
0.000107616
0.000156196
0.000112571
7.4905e-05
4.19442e-05
1.80046e-05
9.47132e-06
3.25022e-06
3.23829e-06
8.69088e-06
1.53205e-05
3.79689e-05
7.06372e-05
5.95105e-05
5.12577e-05
7.93615e-05
0.000206072
0.000251974
0.000252608
0.00021981
6.44814e-05
4.83649e-05
6.60296e-05
7.06164e-05
3.79088e-05
1.52719e-05
8.65185e-06
3.23636e-06
3.22742e-06
7.99928e-06
1.30327e-05
3.42019e-05
6.61772e-05
0.000105257
0.000153306
0.000202279
0.000110632
0.00017164
0.000260095
0.000231284
0.000205565
0.000155591
8.47439e-05
6.62007e-05
3.41787e-05
1.30038e-05
7.95384e-06
3.226e-06
3.21945e-06
7.4466e-06
1.12798e-05
3.10036e-05
6.20728e-05
5.49939e-05
3.23906e-05
3.9985e-05
0.000143136
0.000106005
0.000101599
5.93239e-05
4.05236e-05
5.05497e-05
8.12304e-05
6.21557e-05
3.10242e-05
1.12752e-05
7.39695e-06
3.21866e-06
3.21387e-06
7.0238e-06
9.99302e-06
2.84594e-05
5.61579e-05
5.75251e-05
0.000127956
0.000208205
8.49338e-05
8.46978e-05
0.000198486
0.000256799
0.000112214
3.97275e-05
3.94553e-05
5.78391e-05
2.85586e-05
1.00031e-05
6.96074e-06
3.21366e-06
3.21009e-06
6.70535e-06
9.0657e-06
2.65575e-05
5.58916e-05
5.59465e-05
3.47951e-05
3.75294e-05
7.50069e-05
6.55371e-05
0.000104745
6.82964e-05
5.57883e-05
6.80738e-05
7.27236e-05
5.6339e-05
2.67587e-05
9.08447e-06
6.6329e-06
3.21024e-06
3.20757e-06
6.46764e-06
8.42064e-06
2.52203e-05
5.4037e-05
4.43575e-05
4.95749e-05
5.5037e-05
4.34945e-05
0.000124003
9.1632e-05
9.37471e-05
5.3957e-05
3.60071e-05
4.09418e-05
5.46422e-05
2.55002e-05
8.46683e-06
6.39743e-06
3.20779e-06
3.2058e-06
6.2918e-06
8.01407e-06
2.43434e-05
5.27741e-05
4.5482e-05
4.36171e-05
8.81666e-05
0.000267804
0.000246006
0.000184443
0.000272217
8.95186e-05
4.8288e-05
4.49654e-05
5.3469e-05
2.46442e-05
8.07899e-06
6.22976e-06
3.20617e-06
3.20451e-06
6.1692e-06
7.76938e-06
2.37992e-05
5.20024e-05
4.69882e-05
4.38574e-05
5.03439e-05
4.42339e-05
4.11221e-05
6.98233e-05
4.40734e-05
3.88978e-05
4.42306e-05
5.00474e-05
5.27228e-05
2.40792e-05
7.83076e-06
6.11764e-06
3.20524e-06
3.20352e-06
6.08612e-06
7.62351e-06
2.34806e-05
5.16195e-05
3.94376e-05
3.17545e-05
3.37988e-05
5.72837e-05
7.60333e-05
6.46359e-05
0.00012533
5.66065e-05
3.25063e-05
3.54058e-05
5.15932e-05
2.37125e-05
7.67499e-06
6.04078e-06
3.20476e-06
3.20267e-06
6.03002e-06
7.53907e-06
2.32921e-05
5.14944e-05
4.49358e-05
6.28268e-05
0.000222328
0.000195646
0.000110612
0.00010051
0.000277215
8.15231e-05
5.4313e-05
4.94278e-05
5.20238e-05
2.34721e-05
7.57916e-06
5.98719e-06
3.20448e-06
3.20199e-06
5.99356e-06
7.48725e-06
2.31734e-05
5.14099e-05
4.14746e-05
3.09456e-05
2.88647e-05
4.90095e-05
7.06585e-05
5.19906e-05
5.97475e-05
5.10908e-05
3.64822e-05
3.82161e-05
5.18545e-05
2.33366e-05
7.52404e-06
5.948e-06
3.20433e-06
3.20152e-06
5.96587e-06
7.45304e-06
2.30872e-05
5.13565e-05
4.3884e-05
4.69435e-05
7.79945e-05
7.93459e-05
7.19543e-05
0.000142969
6.43622e-05
5.10687e-05
4.64078e-05
4.50091e-05
5.1761e-05
2.3285e-05
7.49719e-06
5.91744e-06
3.20432e-06
3.20122e-06
5.93814e-06
7.43499e-06
2.30389e-05
5.13081e-05
4.21259e-05
3.99861e-05
4.98494e-05
7.54535e-05
0.000306734
0.000103498
0.000153067
6.59705e-05
4.07646e-05
4.28725e-05
5.17584e-05
2.32747e-05
7.48479e-06
5.89489e-06
3.20434e-06
3.20104e-06
5.90926e-06
7.43436e-06
2.30418e-05
4.68784e-05
3.8852e-05
4.62649e-05
0.000106444
0.000276615
0.000159335
0.000308523
0.00017884
8.23013e-05
4.32474e-05
3.83377e-05
5.17153e-05
2.32655e-05
7.47785e-06
5.88102e-06
3.20427e-06
3.2008e-06
5.88456e-06
7.44676e-06
2.30979e-05
5.15238e-05
5.93042e-05
3.91127e-05
3.91272e-05
0.000100061
0.000306979
0.00030846
6.14331e-05
4.38732e-05
6.03893e-05
5.88328e-05
5.18179e-05
2.32517e-05
7.47306e-06
5.87441e-06
3.20401e-06
3.20056e-06
5.86553e-06
7.46613e-06
2.3179e-05
3.84334e-05
2.89485e-05
4.75728e-05
0.000226175
0.000239147
0.000181392
0.000175234
9.83135e-05
8.47114e-05
2.74987e-05
3.15511e-05
5.17357e-05
2.32342e-05
7.46965e-06
5.87199e-06
3.20363e-06
3.20045e-06
5.85141e-06
7.48768e-06
2.3265e-05
5.20123e-05
5.83398e-05
3.71829e-05
3.42123e-05
7.3584e-05
0.000290658
9.18651e-05
5.3974e-05
5.22174e-05
6.86688e-05
5.68408e-05
5.18024e-05
2.32022e-05
7.46531e-06
5.87085e-06
3.20322e-06
3.20039e-06
5.84204e-06
7.50516e-06
2.33349e-05
4.94192e-05
4.07476e-05
4.54409e-05
8.38782e-05
8.12275e-05
0.000118215
0.000191297
0.000146111
6.76336e-05
3.9402e-05
4.20474e-05
5.18125e-05
2.31707e-05
7.45908e-06
5.87008e-06
3.20282e-06
3.20084e-06
5.83693e-06
7.51507e-06
2.3381e-05
4.63096e-05
3.80528e-05
5.1034e-05
0.000170461
0.000102492
0.000200034
0.000197916
9.66485e-05
0.000226686
5.7057e-05
3.74796e-05
4.51672e-05
2.31351e-05
7.45302e-06
5.86994e-06
3.20245e-06
3.20161e-06
5.8344e-06
7.51909e-06
2.3399e-05
5.25833e-05
5.21916e-05
3.75763e-05
3.36788e-05
0.000102592
0.000242067
0.000167775
0.000114185
3.17057e-05
3.66556e-05
5.51552e-05
5.17731e-05
2.31016e-05
7.44718e-06
5.87051e-06
3.20216e-06
3.20189e-06
5.83197e-06
7.52059e-06
2.34062e-05
4.52169e-05
3.74667e-05
5.24971e-05
0.000187247
0.000132458
0.00015926
0.000142521
0.000203888
0.000216166
5.23402e-05
3.53506e-05
4.41027e-05
2.30765e-05
7.44179e-06
5.87081e-06
3.20199e-06
3.20166e-06
5.8305e-06
7.52131e-06
2.34076e-05
5.19566e-05
4.47591e-05
4.87115e-05
5.48149e-05
4.77305e-05
6.72406e-05
0.00010012
4.32109e-05
4.02179e-05
4.77324e-05
5.60493e-05
5.16935e-05
2.30529e-05
7.43678e-06
5.87123e-06
3.202e-06
3.20104e-06
5.82946e-06
7.5219e-06
2.34084e-05
5.13358e-05
3.80102e-05
3.30704e-05
5.16263e-05
0.000116526
5.12578e-05
0.000244989
7.37855e-05
0.000225571
4.41286e-05
3.39385e-05
4.44954e-05
2.30356e-05
7.43354e-06
5.87115e-06
3.20213e-06
3.20012e-06
5.8287e-06
7.52272e-06
2.34121e-05
4.92738e-05
4.64575e-05
6.96376e-05
9.78557e-05
4.38227e-05
3.60355e-05
0.000239166
3.05534e-05
3.45185e-05
6.22327e-05
7.66467e-05
5.16533e-05
2.30213e-05
7.43279e-06
5.86949e-06
3.20245e-06
3.19883e-06
5.82962e-06
7.52404e-06
2.34144e-05
4.85691e-05
3.81704e-05
3.79249e-05
5.75686e-05
0.000156344
8.51707e-05
8.54825e-05
7.37725e-05
0.000216961
3.96802e-05
3.03094e-05
4.28409e-05
2.30142e-05
7.43527e-06
5.86611e-06
3.20301e-06
3.197e-06
5.83245e-06
7.52324e-06
2.34097e-05
5.25316e-05
4.27645e-05
3.83188e-05
4.86159e-05
7.65518e-05
0.000309395
0.000176481
0.000100377
4.16265e-05
4.64434e-05
6.73265e-05
5.17093e-05
2.30261e-05
7.44e-06
5.86524e-06
3.20398e-06
3.19444e-06
5.83449e-06
7.52247e-06
2.33948e-05
4.47728e-05
3.94001e-05
6.32544e-05
0.000192181
7.42944e-05
8.05346e-05
0.000308779
0.000278848
0.0002253
6.52361e-05
3.64794e-05
4.2873e-05
2.30394e-05
7.44274e-06
5.86579e-06
3.20528e-06
3.19092e-06
5.83774e-06
7.5247e-06
2.33836e-05
5.1565e-05
4.02085e-05
3.04305e-05
3.06139e-05
9.14502e-05
7.02141e-05
0.00011466
0.000186695
5.30126e-05
4.47576e-05
6.82681e-05
5.17147e-05
2.30348e-05
7.4466e-06
5.87039e-06
3.20714e-06
3.18593e-06
5.83559e-06
7.53261e-06
2.33843e-05
4.77203e-05
4.0666e-05
4.02812e-05
4.7777e-05
4.98902e-05
8.1625e-05
0.000308919
9.03372e-05
0.000225142
7.84303e-05
3.76723e-05
4.21902e-05
2.30078e-05
7.44273e-06
5.87576e-06
3.20938e-06
3.17902e-06
5.83756e-06
7.54849e-06
2.34039e-05
4.51687e-05
3.68905e-05
4.2275e-05
7.1527e-05
7.2871e-05
0.000101233
0.000132637
0.000278801
7.07114e-05
4.70801e-05
6.21779e-05
5.16098e-05
2.29338e-05
7.43201e-06
5.89514e-06
3.21228e-06
3.1709e-06
5.82475e-06
7.58636e-06
2.34694e-05
4.55301e-05
3.80764e-05
3.28888e-05
3.72245e-05
9.04962e-05
0.000131255
7.95649e-05
0.000132739
6.57963e-05
5.79437e-05
6.01471e-05
5.15279e-05
2.28314e-05
7.41676e-06
5.90775e-06
3.21594e-06
3.16039e-06
5.82438e-06
7.62423e-06
2.35527e-05
4.14075e-05
3.52089e-05
3.60116e-05
4.14686e-05
3.69705e-05
4.3151e-05
0.000261884
0.00012127
0.000114834
5.41147e-05
4.10245e-05
5.04976e-05
2.26071e-05
7.38351e-06
5.94881e-06
3.22077e-06
3.14686e-06
5.79656e-06
7.71066e-06
2.37388e-05
3.85147e-05
3.26759e-05
3.07045e-05
3.8097e-05
7.05708e-05
0.000104209
8.91519e-05
0.000139544
0.000219725
0.000154989
9.43562e-05
5.09421e-05
2.23951e-05
7.35307e-06
5.97287e-06
3.22692e-06
3.1296e-06
5.79251e-06
7.78644e-06
2.39199e-05
3.43889e-05
3.05317e-05
3.03115e-05
3.44462e-05
4.27039e-05
7.18635e-05
7.42903e-05
4.45083e-05
4.89062e-05
4.27396e-05
5.5429e-05
5.02223e-05
2.19791e-05
7.29062e-06
6.04613e-06
3.23528e-06
3.10706e-06
5.74961e-06
7.95343e-06
2.43039e-05
2.99712e-05
2.69357e-05
2.64604e-05
3.01292e-05
3.6683e-05
3.62753e-05
3.54753e-05
7.56798e-05
0.000144035
7.89097e-05
4.91054e-05
4.94019e-05
2.16063e-05
7.23987e-06
6.09777e-06
3.24579e-06
3.07668e-06
5.73308e-06
8.0954e-06
2.47069e-05
2.54951e-05
2.35569e-05
2.34771e-05
2.6098e-05
3.13065e-05
4.33637e-05
7.1626e-05
8.91407e-05
9.8948e-05
9.86643e-05
7.90237e-05
4.80423e-05
2.0872e-05
7.1448e-06
6.1997e-06
3.26041e-06
3.03558e-06
5.67956e-06
8.40082e-06
2.27982e-05
2.10762e-05
1.9991e-05
2.01172e-05
2.20503e-05
2.53757e-05
2.97471e-05
3.51902e-05
4.00644e-05
4.7374e-05
5.49913e-05
4.90997e-05
4.12432e-05
2.02134e-05
7.05051e-06
6.33881e-06
3.27903e-06
2.98271e-06
5.65869e-06
8.66131e-06
1.75307e-05
1.69353e-05
1.65166e-05
1.67882e-05
1.81041e-05
2.02588e-05
2.31878e-05
2.73e-05
3.32141e-05
4.02364e-05
4.30892e-05
3.83386e-05
3.07787e-05
1.89495e-05
6.95092e-06
6.47392e-06
3.30431e-06
2.90998e-06
5.59552e-06
9.21899e-06
1.32994e-05
1.33857e-05
1.34061e-05
1.37526e-05
1.46469e-05
1.60797e-05
1.80097e-05
2.05171e-05
2.35745e-05
2.64043e-05
2.75637e-05
2.59921e-05
2.20247e-05
1.64644e-05
6.81359e-06
6.69094e-06
3.33692e-06
2.81256e-06
5.59018e-06
9.79212e-06
9.96215e-06
1.0442e-05
1.0684e-05
1.09917e-05
1.16343e-05
1.26119e-05
1.39128e-05
1.55152e-05
1.73143e-05
1.88462e-05
1.94016e-05
1.851e-05
1.60362e-05
1.2471e-05
6.75772e-06
6.92936e-06
3.37987e-06
2.68341e-06
5.56202e-06
7.69416e-06
7.47866e-06
8.05122e-06
8.32365e-06
8.67851e-06
9.13705e-06
9.84414e-06
1.07565e-05
1.18266e-05
1.29464e-05
1.38472e-05
1.41385e-05
1.35476e-05
1.18874e-05
9.58704e-06
6.62206e-06
7.19484e-06
3.43534e-06
2.51179e-06
5.66757e-06
5.30683e-06
5.53678e-06
6.12958e-06
6.43622e-06
6.72785e-06
7.10887e-06
7.66767e-06
8.3536e-06
9.11462e-06
9.87318e-06
1.04704e-05
1.06475e-05
1.01601e-05
9.06284e-06
7.63151e-06
6.69449e-06
7.54519e-06
3.50781e-06
2.28442e-06
4.95486e-06
3.6548e-06
4.18122e-06
4.60966e-06
4.88614e-06
5.19269e-06
5.52121e-06
5.9866e-06
6.52475e-06
7.09301e-06
7.64684e-06
8.07606e-06
8.23435e-06
7.81618e-06
7.09756e-06
6.2382e-06
6.38043e-06
7.78812e-06
3.60141e-06
1.98683e-06
3.03091e-06
2.58945e-06
3.08283e-06
3.41043e-06
3.72255e-06
3.97294e-06
4.30031e-06
4.71253e-06
5.16188e-06
5.62237e-06
6.07282e-06
6.4204e-06
6.54679e-06
6.2137e-06
5.79241e-06
5.465e-06
6.58759e-06
8.23483e-06
3.72574e-06
1.56936e-06
1.59067e-06
1.75211e-06
2.19542e-06
2.5459e-06
2.81138e-06
3.08624e-06
3.42492e-06
3.8048e-06
4.20734e-06
4.61953e-06
5.02051e-06
5.32354e-06
5.41227e-06
5.23525e-06
5.0046e-06
5.21777e-06
6.8046e-06
8.44859e-06
3.8856e-06
1.31765e-06
8.27669e-07
1.21696e-06
1.70737e-06
2.05845e-06
2.35294e-06
2.64427e-06
2.97296e-06
3.31892e-06
3.67137e-06
4.0505e-06
4.36467e-06
4.5781e-06
4.5883e-06
4.54524e-06
4.64933e-06
5.79262e-06
7.6984e-06
8.70289e-06
4.07878e-06
1.39688e-06
8.41526e-07
1.1947e-06
1.67724e-06
2.01723e-06
2.32742e-06
2.61825e-06
2.93945e-06
3.27446e-06
3.60726e-06
3.96113e-06
4.27985e-06
4.48551e-06
4.49114e-06
4.42386e-06
4.57631e-06
5.87481e-06
8.05409e-06
9.28206e-06
4.24243e-06
1.66742e-06
1.65091e-06
1.72999e-06
2.1595e-06
2.51416e-06
2.77227e-06
3.04962e-06
3.38313e-06
3.75765e-06
4.15241e-06
4.54735e-06
4.93486e-06
5.22433e-06
5.30382e-06
5.10633e-06
4.87071e-06
5.18686e-06
7.00944e-06
9.07608e-06
4.04152e-06
2.09863e-06
3.21858e-06
2.56038e-06
3.02656e-06
3.35162e-06
3.66408e-06
3.92217e-06
4.24221e-06
4.63696e-06
5.06859e-06
5.51678e-06
5.94567e-06
6.27665e-06
6.38632e-06
6.04763e-06
5.60976e-06
5.35331e-06
6.72091e-06
8.78102e-06
3.87509e-06
2.40335e-06
5.29297e-06
3.66029e-06
4.10043e-06
4.53377e-06
4.80785e-06
5.11697e-06
5.44797e-06
5.89729e-06
6.40917e-06
6.94715e-06
7.47352e-06
7.87933e-06
8.00613e-06
7.58399e-06
6.86521e-06
6.03423e-06
6.43126e-06
8.31694e-06
3.74535e-06
2.63421e-06
5.80197e-06
5.35364e-06
5.43069e-06
6.02245e-06
6.32957e-06
6.62772e-06
7.01248e-06
7.54681e-06
8.19733e-06
8.91509e-06
9.6327e-06
1.01944e-05
1.03498e-05
9.83691e-06
8.75616e-06
7.33634e-06
6.63121e-06
8.09042e-06
3.64847e-06
2.80861e-06
5.86459e-06
7.80213e-06
7.33668e-06
7.90507e-06
8.18827e-06
8.5504e-06
9.02281e-06
9.70527e-06
1.05625e-05
1.15546e-05
1.26014e-05
1.34376e-05
1.36883e-05
1.30859e-05
1.14538e-05
9.15675e-06
6.48897e-06
7.70362e-06
3.5726e-06
2.93942e-06
5.84633e-06
9.10518e-06
9.77946e-06
1.02418e-05
1.05044e-05
1.08539e-05
1.15024e-05
1.24498e-05
1.36733e-05
1.51434e-05
1.6805e-05
1.82261e-05
1.87055e-05
1.78301e-05
1.54109e-05
1.18461e-05
6.54324e-06
7.47807e-06
3.51527e-06
3.03872e-06
5.97775e-06
8.57054e-06
1.30571e-05
1.3108e-05
1.31722e-05
1.3589e-05
1.45227e-05
1.59226e-05
1.77598e-05
2.00456e-05
2.2822e-05
2.54167e-05
2.64745e-05
2.49635e-05
2.11224e-05
1.55361e-05
6.53853e-06
7.20805e-06
3.46995e-06
3.11024e-06
5.9912e-06
8.08227e-06
1.71704e-05
1.65322e-05
1.62298e-05
1.66522e-05
1.80263e-05
2.01637e-05
2.30386e-05
2.68099e-05
3.19127e-05
3.75759e-05
4.02951e-05
3.66057e-05
2.95327e-05
1.76924e-05
6.60795e-06
7.02646e-06
3.43615e-06
3.16465e-06
6.1012e-06
7.83238e-06
2.24224e-05
2.05233e-05
1.96136e-05
1.99667e-05
2.1992e-05
2.52422e-05
2.95485e-05
3.53456e-05
4.37348e-05
5.23419e-05
5.54198e-05
4.89255e-05
4.00454e-05
1.88435e-05
6.66359e-06
6.85444e-06
3.4096e-06
3.20561e-06
6.11451e-06
7.558e-06
2.34271e-05
2.46713e-05
2.30763e-05
2.35336e-05
2.70186e-05
3.25161e-05
3.80222e-05
4.72241e-05
6.99747e-05
0.000101308
9.11211e-05
7.01605e-05
4.58343e-05
1.94496e-05
6.71086e-06
6.74535e-06
3.39036e-06
3.236e-06
6.19227e-06
7.42898e-06
2.30551e-05
2.89944e-05
2.65997e-05
2.64738e-05
2.8406e-05
3.30804e-05
5.01939e-05
9.07939e-05
0.000107008
0.000138803
0.000140229
7.1007e-05
4.7314e-05
2.01755e-05
6.77779e-06
6.6114e-06
3.37539e-06
3.25821e-06
6.20486e-06
7.27194e-06
2.26388e-05
3.27993e-05
2.91544e-05
3.01026e-05
4.19343e-05
6.56025e-05
5.67844e-05
4.32958e-05
6.28322e-05
0.000102668
5.33663e-05
4.64832e-05
4.80492e-05
2.0545e-05
6.81214e-06
6.55779e-06
3.36491e-06
3.27541e-06
6.25766e-06
7.20051e-06
2.24449e-05
3.69759e-05
3.33988e-05
3.26232e-05
3.12045e-05
3.45673e-05
9.95648e-05
0.000128967
0.000110386
8.21472e-05
8.16869e-05
9.14068e-05
4.87688e-05
2.09636e-05
6.85862e-06
6.47211e-06
3.3567e-06
3.28802e-06
6.26798e-06
7.11067e-06
2.22325e-05
3.93543e-05
3.21831e-05
3.25257e-05
5.30824e-05
9.41501e-05
6.50307e-05
0.00012821
0.000186055
0.000184538
0.0001058
5.78082e-05
4.91927e-05
2.11807e-05
6.8814e-06
6.43946e-06
3.35081e-06
3.29797e-06
6.30002e-06
7.07383e-06
2.21376e-05
4.23496e-05
4.03889e-05
4.19785e-05
4.06059e-05
4.91412e-05
0.000138056
0.000184888
0.00026831
0.000215914
5.37121e-05
4.10162e-05
4.96415e-05
2.1422e-05
6.91107e-06
6.39013e-06
3.34612e-06
3.30579e-06
6.30664e-06
7.025e-06
2.20193e-05
4.5132e-05
3.2558e-05
3.1177e-05
6.3369e-05
0.000272394
0.000160527
6.32563e-05
0.000145808
4.03723e-05
5.71903e-05
9.32902e-05
4.98829e-05
2.15447e-05
6.92536e-06
6.37069e-06
3.34266e-06
3.31213e-06
6.32602e-06
7.00499e-06
2.19636e-05
4.37828e-05
4.61795e-05
5.73441e-05
5.86752e-05
6.39199e-05
5.26248e-05
7.4638e-05
0.000150836
0.000120452
7.2937e-05
3.43399e-05
4.08378e-05
2.16772e-05
6.939e-06
6.34448e-06
3.33991e-06
3.31706e-06
6.32893e-06
6.98191e-06
2.19191e-05
4.7975e-05
3.48874e-05
3.23681e-05
3.74315e-05
4.31848e-05
7.39111e-05
7.87654e-05
5.51034e-05
4.3191e-05
3.88471e-05
5.73427e-05
5.01017e-05
2.17328e-05
6.94427e-06
6.33582e-06
3.33781e-06
3.32141e-06
6.32922e-06
6.97512e-06
2.19205e-05
4.51606e-05
4.10784e-05
4.6104e-05
9.08864e-05
8.52945e-05
0.000268103
7.49891e-05
0.000137619
0.000184563
7.25306e-05
4.44974e-05
4.6641e-05
2.17579e-05
6.94412e-06
6.32534e-06
3.33579e-06
3.32516e-06
6.32698e-06
6.97281e-06
2.19259e-05
5.04225e-05
5.23995e-05
5.79829e-05
4.3479e-05
3.26767e-05
8.91181e-05
6.62666e-05
6.06071e-05
6.20177e-05
5.49735e-05
5.25259e-05
5.02118e-05
2.17652e-05
6.94321e-06
6.32285e-06
3.33439e-06
3.32788e-06
6.32112e-06
6.97316e-06
2.19605e-05
4.20405e-05
3.16491e-05
3.73182e-05
0.000175792
8.38979e-05
0.000133365
0.000100578
0.000270143
0.000106243
5.14581e-05
4.36156e-05
5.01743e-05
2.17676e-05
6.94088e-06
6.32481e-06
3.33324e-06
3.32991e-06
6.31363e-06
6.98137e-06
2.20249e-05
5.07536e-05
6.05938e-05
4.17344e-05
3.14585e-05
7.79939e-05
8.0557e-05
8.99453e-05
9.44737e-05
6.95043e-05
7.05381e-05
5.35193e-05
4.77101e-05
2.17604e-05
6.93612e-06
6.32986e-06
3.33253e-06
3.33135e-06
6.30006e-06
6.99284e-06
2.20797e-05
4.03056e-05
3.61466e-05
6.27854e-05
0.000191777
7.25436e-05
6.79959e-05
0.000236498
0.000128455
5.68714e-05
3.17778e-05
3.63214e-05
5.00073e-05
2.17499e-05
6.92943e-06
6.3417e-06
3.33205e-06
3.33234e-06
6.28975e-06
6.99395e-06
2.20984e-05
5.08537e-05
4.59411e-05
3.78426e-05
6.24738e-05
0.000269861
0.000200111
0.000102943
8.32776e-05
0.000165849
0.00015344
6.26429e-05
4.1165e-05
2.17584e-05
6.93212e-06
6.34868e-06
3.33186e-06
3.33308e-06
6.28846e-06
6.9933e-06
2.21115e-05
5.08451e-05
6.45913e-05
6.14059e-05
5.87101e-05
7.40038e-05
0.000181174
0.00015412
0.000171673
5.80113e-05
2.79413e-05
3.7212e-05
5.01989e-05
2.17625e-05
6.93416e-06
6.35278e-06
3.33203e-06
3.33363e-06
6.2877e-06
6.99365e-06
2.21142e-05
4.12385e-05
2.96885e-05
4.07685e-05
0.000217374
0.00012211
0.000297907
7.62111e-05
4.7974e-05
0.00017769
0.000153275
6.11231e-05
4.01961e-05
2.18004e-05
6.93905e-06
6.35417e-06
3.33252e-06
3.33405e-06
6.28433e-06
6.9954e-06
2.21106e-05
5.10504e-05
9.46804e-05
5.31325e-05
3.0744e-05
5.75111e-05
0.000117917
6.75803e-05
8.43519e-05
3.72239e-05
2.33664e-05
3.52751e-05
5.05916e-05
2.18612e-05
6.94875e-06
6.34575e-06
3.33338e-06
3.33437e-06
6.27974e-06
6.99993e-06
2.21214e-05
3.89187e-05
2.95488e-05
5.63291e-05
8.60391e-05
9.73748e-05
0.00010233
8.55259e-05
7.52848e-05
0.00021567
0.000153096
6.62227e-05
4.05245e-05
2.19582e-05
6.96454e-06
6.33121e-06
3.33447e-06
3.33474e-06
6.27346e-06
7.00827e-06
2.21492e-05
5.13899e-05
9.40612e-05
4.22363e-05
2.69728e-05
4.41018e-05
0.000296825
0.000249542
0.000132489
3.94482e-05
2.65138e-05
3.77183e-05
5.12384e-05
2.20571e-05
6.9886e-06
6.31037e-06
3.33569e-06
3.33541e-06
6.26596e-06
7.02118e-06
2.22059e-05
3.82182e-05
3.2755e-05
9.02831e-05
7.0351e-05
0.000175767
6.63275e-05
8.69603e-05
5.63413e-05
0.000213772
0.00015349
6.66752e-05
4.14571e-05
2.21814e-05
7.01993e-06
6.28458e-06
3.33716e-06
3.3363e-06
6.25747e-06
7.04293e-06
2.23024e-05
5.18163e-05
7.33834e-05
3.99243e-05
3.10467e-05
6.85418e-05
9.13474e-05
0.000135274
0.000127742
6.75346e-05
2.85173e-05
3.71037e-05
5.19761e-05
2.23373e-05
7.05811e-06
6.25688e-06
3.33829e-06
3.33742e-06
6.2464e-06
7.08088e-06
2.2465e-05
4.5383e-05
5.84987e-05
0.000126061
9.91e-05
0.000258431
0.000153657
0.000271434
0.000125891
9.71717e-05
0.000153183
7.18647e-05
4.34076e-05
2.25187e-05
7.10494e-06
6.23372e-06
3.33908e-06
3.33869e-06
6.23192e-06
7.14289e-06
2.2712e-05
5.27027e-05
4.06302e-05
2.82453e-05
3.99374e-05
0.000266381
7.06556e-05
7.20318e-05
0.000174442
8.21351e-05
4.28401e-05
4.92181e-05
5.28279e-05
2.2756e-05
7.16643e-06
6.22818e-06
3.3399e-06
3.33997e-06
6.22817e-06
7.23573e-06
2.30509e-05
4.97274e-05
9.69397e-05
0.000153372
0.00021337
7.14705e-05
5.32738e-05
0.000256239
0.000107015
0.000111067
0.00011281
7.39291e-05
5.03519e-05
2.30538e-05
7.25011e-06
6.23254e-06
3.34066e-06
3.34133e-06
6.23687e-06
7.36989e-06
2.34257e-05
5.39443e-05
5.17343e-05
2.9105e-05
3.95515e-05
0.000182738
7.77616e-05
8.89479e-05
0.000105011
0.000211381
6.02804e-05
3.87899e-05
5.38306e-05
2.34007e-05
7.37063e-06
6.24199e-06
3.34139e-06
3.34275e-06
6.25261e-06
7.56244e-06
2.39603e-05
4.72669e-05
5.38134e-05
0.000114809
5.54251e-05
5.54418e-05
4.73108e-05
5.90761e-05
5.76227e-05
3.44594e-05
8.88609e-05
9.81789e-05
5.46515e-05
2.39128e-05
7.55079e-06
6.25864e-06
3.34243e-06
3.34422e-06
6.28625e-06
7.83777e-06
2.47193e-05
5.62411e-05
9.95634e-05
9.19069e-05
7.00692e-05
0.000161465
0.000105546
9.7912e-05
5.34566e-05
7.81982e-05
6.07023e-05
3.888e-05
5.59024e-05
2.46561e-05
7.8186e-06
6.29488e-06
3.34384e-06
3.34558e-06
6.3547e-06
8.22633e-06
2.57265e-05
5.78548e-05
5.40335e-05
0.000109661
0.000206796
0.000166779
0.000171895
7.89795e-05
9.90027e-05
5.73846e-05
0.000152553
0.000100443
5.75118e-05
2.56628e-05
8.20558e-06
6.36585e-06
3.34524e-06
3.34667e-06
6.47426e-06
8.7644e-06
2.70345e-05
5.97796e-05
0.000102453
0.000125653
6.53939e-05
9.0362e-05
0.00022888
0.000208346
0.00016545
0.000205079
8.09247e-05
5.44531e-05
5.95801e-05
2.69658e-05
8.74862e-06
6.48759e-06
3.34639e-06
3.34733e-06
6.66086e-06
9.49488e-06
2.86496e-05
6.21219e-05
6.52851e-05
0.000119728
0.000196953
0.000233542
0.000266465
0.000266876
0.000243206
0.00015551
0.00012991
0.000103909
6.19424e-05
2.86246e-05
9.49226e-06
6.67531e-06
3.34753e-06
3.34775e-06
6.93012e-06
1.04663e-05
3.06089e-05
6.47798e-05
0.000106062
0.000145733
6.70505e-05
8.87395e-05
0.000254207
0.000254409
0.00013385
0.000103201
0.000134276
0.000106177
6.48197e-05
3.0651e-05
1.04824e-05
6.94544e-06
3.3488e-06
3.34877e-06
7.29518e-06
1.17258e-05
3.29456e-05
6.76769e-05
0.000108207
0.000150774
0.000191539
0.000224111
0.00020813
0.000240656
0.000224091
0.000191678
0.000151194
0.000108573
6.78789e-05
3.30322e-05
1.17584e-05
7.30957e-06
3.3501e-06
3.35035e-06
7.76145e-06
1.33069e-05
3.56209e-05
7.06664e-05
0.000110262
0.000150114
0.00018646
0.000214303
0.000229296
0.000229544
0.00021479
0.000186871
0.000150502
0.000110613
7.09056e-05
3.57527e-05
1.33521e-05
7.77148e-06
3.35179e-06
3.35268e-06
8.32998e-06
1.52049e-05
3.8489e-05
7.33523e-05
0.000111879
0.000149328
0.000181979
0.000206326
0.000219446
0.000219589
0.000206776
0.000182401
0.000149671
0.000112167
7.35972e-05
3.86541e-05
1.52665e-05
8.33341e-06
3.35418e-06
3.35551e-06
8.99063e-06
1.72396e-05
4.12917e-05
7.55571e-05
0.000112757
0.000148308
0.000178475
0.00020053
0.000212207
0.000212311
0.000200764
0.000178822
0.000148614
0.000113059
7.58523e-05
4.14863e-05
1.73211e-05
8.99215e-06
3.35703e-06
3.35878e-06
9.69258e-06
1.91281e-05
4.36963e-05
7.72082e-05
0.000113153
0.000147236
0.000176019
0.000196705
0.000207537
0.000207563
0.000196814
0.000176201
0.000147546
0.000113521
7.74926e-05
4.39083e-05
1.9218e-05
9.689e-06
3.36018e-06
3.36286e-06
1.04726e-05
2.08429e-05
4.55043e-05
7.83468e-05
0.000113483
0.000146677
0.000174583
0.00019463
0.000205065
0.000205109
0.000194754
0.000174791
0.000146931
0.000113738
7.86158e-05
4.5715e-05
2.09341e-05
1.04658e-05
3.36397e-06
3.36796e-06
1.12792e-05
2.2265e-05
4.69714e-05
8.02618e-05
0.000116027
0.000149723
0.00017789
0.000198029
0.000208502
0.00020852
0.00019809
0.000177988
0.000149849
0.000116175
8.04137e-05
4.71071e-05
2.23476e-05
1.12773e-05
3.36865e-06
3.37411e-06
1.16985e-05
2.31073e-05
4.85866e-05
8.28607e-05
0.000119693
0.000154335
0.000183249
0.000203894
0.000214616
0.000214629
0.000203934
0.000183311
0.000154414
0.00011978
8.29434e-05
4.86568e-05
2.31576e-05
1.17062e-05
3.37415e-06
3.38189e-06
1.18944e-05
2.34442e-05
4.94042e-05
8.44917e-05
0.000122351
0.000158008
0.000187743
0.000208935
0.000219934
0.000219941
0.000208959
0.00018778
0.000158054
0.000122402
8.45396e-05
4.94462e-05
2.3478e-05
1.19035e-05
3.38114e-06
3.39154e-06
1.20291e-05
2.35732e-05
4.97575e-05
8.52367e-05
0.000123618
0.00015985
0.000190135
0.000211764
0.000222999
0.000223004
0.00021178
0.000190161
0.000159882
0.000123652
8.52668e-05
4.97823e-05
2.36011e-05
1.20369e-05
3.3902e-06
3.40255e-06
1.20929e-05
2.36077e-05
4.99402e-05
8.56334e-05
0.000124286
0.000160819
0.000191384
0.000213225
0.000224574
0.000224577
0.000213236
0.000191402
0.000160842
0.000124312
8.56556e-05
4.99538e-05
2.36281e-05
1.21179e-05
3.40094e-06
3.41389e-06
1.20041e-05
2.36173e-05
5.00705e-05
8.59238e-05
0.000124838
0.000161653
0.000192456
0.00021446
0.000225891
0.00022589
0.00021446
0.000192457
0.000161655
0.000124842
8.59316e-05
5.00784e-05
2.36287e-05
1.20282e-05
3.41238e-06
3.42474e-06
1.18938e-05
2.36443e-05
5.0257e-05
8.64068e-05
0.000125707
0.000162889
0.000193976
0.000216163
0.00022768
0.000227675
0.00021615
0.000193957
0.000162866
0.000125684
8.63905e-05
5.0254e-05
2.36518e-05
1.19144e-05
3.42355e-06
3.43482e-06
1.17993e-05
2.37159e-05
5.0619e-05
8.72339e-05
0.000127062
0.000164713
0.000196148
0.000218553
0.000230171
0.000230163
0.000218532
0.000196115
0.000164671
0.000127019
8.71973e-05
5.05999e-05
2.37205e-05
1.18159e-05
3.43396e-06
3.44424e-06
1.173e-05
2.38604e-05
5.11819e-05
8.83712e-05
0.000128816
0.000167001
0.000198828
0.000221476
0.000233206
0.000233198
0.000221452
0.000198791
0.000166954
0.000128765
8.83263e-05
5.11533e-05
2.38579e-05
1.1743e-05
3.44359e-06
3.45341e-06
1.16796e-05
2.40792e-05
5.18709e-05
8.96678e-05
0.000130747
0.000169478
0.000201706
0.000224604
0.000236451
0.000236444
0.000224582
0.000201673
0.000169436
0.000130702
8.96269e-05
5.18427e-05
2.40713e-05
1.16886e-05
3.45285e-06
3.4627e-06
1.16318e-05
2.43202e-05
5.25793e-05
9.09679e-05
0.000132656
0.00017191
0.000204521
0.000227657
0.000239616
0.00023961
0.00022764
0.000204494
0.000171877
0.000132621
9.0936e-05
5.25573e-05
2.43134e-05
1.16386e-05
3.46224e-06
3.47234e-06
1.1559e-05
2.45254e-05
5.3246e-05
9.2211e-05
0.000134481
0.000174226
0.000207189
0.00023054
0.000242597
0.000242592
0.000230525
0.000207167
0.000174198
0.000134452
9.21856e-05
5.32294e-05
2.45221e-05
1.1565e-05
3.472e-06
3.48221e-06
1.14652e-05
2.46967e-05
5.38975e-05
9.34578e-05
0.00013631
0.000176524
0.000209809
0.000233343
0.000245481
0.000245477
0.00023333
0.000209788
0.000176498
0.000136282
9.34337e-05
5.38817e-05
2.46931e-05
1.14694e-05
3.48198e-06
3.49205e-06
1.13679e-05
2.48848e-05
5.46185e-05
9.48297e-05
0.000138292
0.000178972
0.000212553
0.000236242
0.000248441
0.000248437
0.000236229
0.000212533
0.000178948
0.000138265
9.48052e-05
5.46014e-05
2.48791e-05
1.13703e-05
3.49188e-06
3.50185e-06
1.12782e-05
2.51315e-05
5.54763e-05
9.64137e-05
0.00014053
0.000181685
0.000215542
0.000239359
0.000251601
0.000251597
0.000239348
0.000215525
0.000181663
0.000140507
9.63914e-05
5.54605e-05
2.51261e-05
1.12804e-05
3.50173e-06
3.51188e-06
1.12055e-05
2.54476e-05
5.64797e-05
9.82117e-05
0.000143024
0.000184659
0.000218777
0.000242699
0.000254968
0.000254965
0.00024269
0.000218764
0.000184642
0.000143005
9.81948e-05
5.64678e-05
2.54437e-05
1.12073e-05
3.5118e-06
3.52204e-06
1.1158e-05
2.58253e-05
5.75965e-05
0.000100165
0.000145692
0.000187804
0.000222163
0.000246168
0.000258451
0.000258449
0.000246162
0.000222154
0.000187792
0.000145679
0.000100153
5.75881e-05
2.58223e-05
1.11587e-05
3.52196e-06
3.53133e-06
1.11278e-05
2.62452e-05
5.87882e-05
0.000102213
0.000148453
0.000191022
0.000225597
0.000249659
0.000261941
0.000261939
0.000249655
0.000225589
0.000191013
0.000148443
0.000102204
5.87816e-05
2.62428e-05
1.11286e-05
3.53128e-06
3.53858e-06
1.11034e-05
2.66902e-05
6.0034e-05
0.000104329
0.000151274
0.000194275
0.000229031
0.000253121
0.000265383
0.000265381
0.000253117
0.000229024
0.000194267
0.000151265
0.000104321
6.00278e-05
2.66879e-05
1.11039e-05
3.53858e-06
3.54355e-06
1.10846e-05
2.71582e-05
6.1336e-05
0.000106527
0.000154179
0.00019759
0.000232492
0.000256576
0.000268799
0.000268798
0.000256572
0.000232486
0.000197582
0.000154171
0.00010652
6.13304e-05
2.71561e-05
1.10848e-05
3.54355e-06
3.54682e-06
1.10763e-05
2.76615e-05
6.27181e-05
0.000108847
0.000157221
0.000201027
0.000236041
0.000260084
0.000272246
0.000272245
0.000260081
0.000236036
0.000201021
0.000157215
0.000108841
6.27138e-05
2.76599e-05
1.10765e-05
3.5468e-06
3.54865e-06
1.10873e-05
2.82219e-05
6.42175e-05
0.000111337
0.000160452
0.000204636
0.000239725
0.000263687
0.000275763
0.000275763
0.000263686
0.000239722
0.000204632
0.000160448
0.000111333
6.42147e-05
2.82208e-05
1.10875e-05
3.54864e-06
3.54855e-06
1.11228e-05
2.88568e-05
6.58638e-05
0.000114028
0.000163897
0.000208431
0.000243547
0.000267383
0.000279345
0.000279345
0.000267381
0.000243545
0.000208429
0.000163894
0.000114026
6.58619e-05
2.8856e-05
1.11228e-05
3.54856e-06
3.54529e-06
1.11802e-05
2.95675e-05
6.76602e-05
0.000116917
0.00016754
0.000212386
0.000247472
0.000271129
0.000282948
0.000282948
0.000271128
0.00024747
0.000212384
0.000167538
0.000116915
6.76586e-05
2.95669e-05
1.11804e-05
3.54529e-06
3.53821e-06
1.12572e-05
3.03444e-05
6.95867e-05
0.000119974
0.000171342
0.000216456
0.000251452
0.000274877
0.000286523
0.000286522
0.000274876
0.00025145
0.000216454
0.00017134
0.000119972
6.95849e-05
3.03436e-05
1.12571e-05
3.53821e-06
3.52879e-06
1.13521e-05
3.11777e-05
7.16236e-05
0.000123174
0.00017528
0.000220616
0.000255464
0.000278605
0.000290046
0.000290046
0.000278604
0.000255462
0.000220614
0.000175278
0.000123172
7.16223e-05
3.11772e-05
1.13521e-05
3.52879e-06
3.51498e-06
1.14681e-05
3.20732e-05
7.37824e-05
0.000126535
0.000179372
0.000224886
0.000259522
0.000282322
0.000293526
0.000293526
0.000282321
0.000259521
0.000224885
0.000179371
0.000126534
7.37817e-05
3.2073e-05
1.14681e-05
3.51499e-06
3.49555e-06
1.16131e-05
3.3052e-05
7.61067e-05
0.000130115
0.000183677
0.000229313
0.000263661
0.000286052
0.000296982
0.000296982
0.000286052
0.00026366
0.000229312
0.000183676
0.000130114
7.6106e-05
3.30516e-05
1.16131e-05
3.49554e-06
3.47361e-06
1.17845e-05
3.4135e-05
7.8644e-05
0.000133972
0.000188245
0.00023393
0.000267897
0.000289803
0.000300414
0.000300413
0.000289802
0.000267897
0.000233929
0.000188245
0.000133971
7.86434e-05
3.41347e-05
1.17845e-05
3.47361e-06
3.44663e-06
1.19881e-05
3.53431e-05
8.14243e-05
0.000138129
0.000193082
0.000238726
0.000272209
0.000293543
0.00030379
0.00030379
0.000293543
0.000272208
0.000238726
0.000193082
0.000138129
8.14241e-05
3.5343e-05
1.19881e-05
3.44663e-06
3.41252e-06
1.22321e-05
3.66832e-05
8.44423e-05
0.000142564
0.000198153
0.000243658
0.000276548
0.000297228
0.000307066
0.000307066
0.000297228
0.000276548
0.000243657
0.000198153
0.000142564
8.44422e-05
3.66832e-05
1.22321e-05
3.41253e-06
3.37268e-06
1.2513e-05
3.81377e-05
8.76752e-05
0.000147252
0.000203428
0.000248692
0.000280883
0.000300826
0.000310212
0.000310212
0.000300826
0.000280883
0.000248692
0.000203427
0.000147251
8.76749e-05
3.81376e-05
1.2513e-05
3.37268e-06
3.32589e-06
1.28303e-05
3.97262e-05
9.11587e-05
0.000152232
0.000208939
0.000253849
0.00028522
0.000304337
0.000313225
0.000313225
0.000304337
0.00028522
0.000253849
0.000208939
0.000152232
9.11585e-05
3.97261e-05
1.28303e-05
3.3259e-06
3.27387e-06
1.31941e-05
4.14868e-05
9.49706e-05
0.000157597
0.000214761
0.000259173
0.000289582
0.000307771
0.000316112
0.000316112
0.000307771
0.000289582
0.000259173
0.000214761
0.000157597
9.49708e-05
4.14869e-05
1.31941e-05
3.27386e-06
3.21512e-06
1.36244e-05
4.34786e-05
9.91993e-05
0.000163425
0.000220939
0.000264677
0.000293963
0.000311114
0.000318856
0.000318856
0.000311114
0.000293963
0.000264677
0.000220939
0.000163425
9.91993e-05
4.34785e-05
1.36243e-05
3.21513e-06
3.1476e-06
1.41282e-05
4.57308e-05
0.000103878
0.000169722
0.000227446
0.000270314
0.000298309
0.00031432
0.000321419
0.000321419
0.00031432
0.000298309
0.000270314
0.000227447
0.000169722
0.000103878
4.57309e-05
1.41282e-05
3.14759e-06
3.07173e-06
1.47086e-05
4.8245e-05
0.000108994
0.000176455
0.000234228
0.00027602
0.000302563
0.000317343
0.000323761
0.000323761
0.000317343
0.000302563
0.00027602
0.000234228
0.000176455
0.000108994
4.8245e-05
1.47086e-05
3.07173e-06
2.98866e-06
1.53726e-05
5.10462e-05
0.000114588
0.000183651
0.000241283
0.000281773
0.0003067
0.000320164
0.000325874
0.000325874
0.000320164
0.0003067
0.000281773
0.000241283
0.000183651
0.000114588
5.10463e-05
1.53727e-05
2.98866e-06
2.89965e-06
1.61395e-05
5.42143e-05
0.000120795
0.000191434
0.000248682
0.000287598
0.000310724
0.000322788
0.000327765
0.000327765
0.000322788
0.000310724
0.000287598
0.000248682
0.000191434
0.000120795
5.42142e-05
1.61395e-05
2.89965e-06
2.80249e-06
1.70505e-05
5.78928e-05
0.00012781
0.000199945
0.00025648
0.000293493
0.000314617
0.000325201
0.00032943
0.00032943
0.000325201
0.000314617
0.000293494
0.00025648
0.000199945
0.00012781
5.7893e-05
1.70505e-05
2.80249e-06
2.69583e-06
1.81455e-05
6.21896e-05
0.000135737
0.000209205
0.000264619
0.000299374
0.00031831
0.000327365
0.00033085
0.00033085
0.000327365
0.00031831
0.000299374
0.000264619
0.000209205
0.000135738
6.21896e-05
1.81455e-05
2.69583e-06
2.58172e-06
1.94537e-05
6.71601e-05
0.000144599
0.000219148
0.00027297
0.000305113
0.000321722
0.00032924
0.000331993
0.000331993
0.00032924
0.000321722
0.000305113
0.00027297
0.000219148
0.000144599
6.716e-05
1.94537e-05
2.58172e-06
2.46338e-06
2.09882e-05
7.2902e-05
0.000154502
0.000229789
0.000281466
0.000310632
0.000324808
0.000330832
0.000332878
0.000332878
0.000330832
0.000324808
0.000310632
0.000281466
0.000229789
0.000154502
7.29021e-05
2.09882e-05
2.46338e-06
2.34015e-06
2.2852e-05
7.97292e-05
0.000165801
0.000241302
0.000290118
0.000315894
0.000327552
0.00033216
0.0003336
0.0003336
0.00033216
0.000327552
0.000315894
0.000290118
0.000241302
0.000165801
7.97292e-05
2.2852e-05
2.34015e-06
2.20934e-06
2.52197e-05
8.81155e-05
0.00017892
0.00025381
0.000298858
0.000320811
0.00032991
0.000333145
0.000334152
0.000334152
0.000333145
0.00032991
0.000320811
0.000298858
0.000253811
0.00017892
8.81155e-05
2.52197e-05
2.20935e-06
2.07273e-06
2.82553e-05
9.84609e-05
0.000194062
0.000267159
0.00030741
0.000325199
0.000331853
0.000333907
0.000334515
0.000334515
0.000333907
0.000331853
0.000325199
0.00030741
0.000267158
0.000194061
9.84607e-05
2.82553e-05
2.07273e-06
1.93526e-06
3.2101e-05
0.000111145
0.000211311
0.000281023
0.000315412
0.000328859
0.000333201
0.000334473
0.00033478
0.00033478
0.000334473
0.000333201
0.000328859
0.000315412
0.000281023
0.000211311
0.000111145
3.2101e-05
1.93526e-06
1.79746e-06
3.71141e-05
0.000127098
0.000231113
0.000295178
0.000322583
0.000331759
0.000334127
0.000334799
0.000334939
0.000334939
0.000334799
0.000334127
0.000331759
0.000322583
0.000295178
0.000231114
0.000127098
3.71142e-05
1.79746e-06
1.65626e-06
4.38924e-05
0.000148061
0.00025418
0.000309258
0.000328577
0.000333552
0.000334802
0.000335047
0.00033508
0.00033508
0.000335047
0.000334802
0.000333552
0.000328577
0.000309258
0.00025418
0.000148061
4.38924e-05
1.65626e-06
1.51275e-06
5.29388e-05
0.000176572
0.000280659
0.000322181
0.000332508
0.000334605
0.000335101
0.000335168
0.000335172
0.000335172
0.000335168
0.000335101
0.000334605
0.000332508
0.000322181
0.000280659
0.000176572
5.29387e-05
1.51275e-06
1.3693e-06
6.81805e-05
0.000219622
0.000309516
0.000330912
0.000334527
0.000335273
0.000335315
0.000335296
0.000335287
0.000335287
0.000335296
0.000335315
0.000335273
0.000334527
0.000330912
0.000309516
0.000219622
6.81805e-05
1.3693e-06
1.23453e-06
0.000116545
0.000294121
0.0003309
0.00033481
0.000335356
0.000335357
0.000335342
0.000335343
0.000335345
0.000335345
0.000335343
0.000335342
0.000335357
0.000335356
0.00033481
0.0003309
0.000294121
0.000116545
1.23453e-06
)
;

boundaryField
{
    outlet
    {
        type            calculated;
        value           nonuniform List<scalar> 
20
(
4.99966e-06
1.73488e-05
2.22074e-05
2.66765e-05
3.05609e-05
3.28606e-05
3.41593e-05
3.64624e-05
3.37933e-05
3.09446e-05
3.10808e-05
3.39599e-05
3.52584e-05
3.31046e-05
3.17351e-05
2.9388e-05
2.56676e-05
2.14971e-05
1.69745e-05
4.99531e-06
)
;
    }
    inlet1
    {
        type            calculated;
        value           nonuniform List<scalar> 
20
(
1.16507e-06
0.000210462
0.000211771
0.000274994
0.00033541
0.00033541
0.00033541
0.00033541
0.00033541
0.00033541
0.00033541
0.00033541
0.00033541
0.00033541
0.00033541
0.00033541
0.000274994
0.00021177
0.000210461
1.16507e-06
)
;
    }
    inlet2
    {
        type            calculated;
        value           nonuniform List<scalar> 
20
(
1.16508e-06
0.000210435
0.000211729
0.000274958
0.00033541
0.00033541
0.00033541
0.00033541
0.00033541
0.00033541
0.00033541
0.00033541
0.00033541
0.00033541
0.00033541
0.00033541
0.000274958
0.000211729
0.000210435
1.16508e-06
)
;
    }
    frontAndBack
    {
        type            empty;
    }
    defaultFaces
    {
        type            nutkWallFunction;
        Cmu             0.09;
        kappa           0.41;
        E               9.8;
        value           nonuniform List<scalar> 
620
(
1.83311e-06
1.81742e-06
1.81064e-06
1.79728e-06
1.78982e-06
1.77733e-06
1.76974e-06
1.75867e-06
1.75156e-06
1.74242e-06
1.73645e-06
1.72973e-06
1.72562e-06
1.72141e-06
1.71898e-06
1.71672e-06
1.71595e-06
1.71599e-06
1.71687e-06
1.71872e-06
1.72152e-06
1.72538e-06
1.73026e-06
1.73623e-06
1.7432e-06
1.75116e-06
1.76001e-06
1.76966e-06
1.77995e-06
1.79072e-06
1.80181e-06
1.81305e-06
1.82426e-06
1.8353e-06
1.84601e-06
1.85636e-06
1.86628e-06
1.87569e-06
1.88453e-06
1.89273e-06
1.90026e-06
1.90709e-06
1.9132e-06
1.91858e-06
1.92322e-06
1.92713e-06
1.93031e-06
1.93288e-06
1.93433e-06
1.93466e-06
1.93451e-06
1.93373e-06
1.93218e-06
1.92982e-06
1.9266e-06
1.92249e-06
1.91745e-06
1.91155e-06
1.90492e-06
1.89751e-06
1.88934e-06
1.88038e-06
1.87059e-06
1.85977e-06
1.84792e-06
1.83517e-06
1.82166e-06
1.80724e-06
1.7912e-06
1.77386e-06
1.7557e-06
1.73612e-06
1.71494e-06
1.6925e-06
1.66878e-06
1.64368e-06
1.61733e-06
1.58988e-06
1.56139e-06
1.5319e-06
1.50132e-06
1.46906e-06
1.43368e-06
1.39718e-06
1.35866e-06
1.31711e-06
1.27164e-06
1.22019e-06
1.16016e-06
1.08798e-06
9.97505e-07
8.78509e-07
7.14366e-07
4.80117e-07
1.52102e-07
0
7.15493e-08
4.19679e-07
6.58535e-07
7.24465e-07
1.82936e-06
1.81307e-06
1.806e-06
1.79201e-06
1.78411e-06
1.7709e-06
1.76269e-06
1.75075e-06
1.74279e-06
1.7326e-06
1.72554e-06
1.7175e-06
1.71208e-06
1.70654e-06
1.70289e-06
1.69942e-06
1.69723e-06
1.69579e-06
1.69558e-06
1.69614e-06
1.69765e-06
1.7002e-06
1.70382e-06
1.70856e-06
1.71441e-06
1.72134e-06
1.72927e-06
1.73814e-06
1.74783e-06
1.75817e-06
1.76901e-06
1.78018e-06
1.79152e-06
1.80286e-06
1.81408e-06
1.82504e-06
1.83565e-06
1.84584e-06
1.85558e-06
1.86477e-06
1.87336e-06
1.88131e-06
1.88862e-06
1.89525e-06
1.9012e-06
1.90645e-06
1.91102e-06
1.91491e-06
1.91811e-06
1.92064e-06
1.9226e-06
1.92361e-06
1.9238e-06
1.92357e-06
1.92277e-06
1.92135e-06
1.91927e-06
1.91651e-06
1.913e-06
1.90875e-06
1.90387e-06
1.89845e-06
1.89238e-06
1.88565e-06
1.87826e-06
1.87029e-06
1.86165e-06
1.85216e-06
1.84169e-06
1.83035e-06
1.81808e-06
1.80477e-06
1.79046e-06
1.77439e-06
1.75673e-06
1.73786e-06
1.71658e-06
1.69347e-06
1.66827e-06
1.64047e-06
1.61016e-06
1.57709e-06
1.54097e-06
1.50154e-06
1.45832e-06
1.40999e-06
1.35438e-06
1.28685e-06
1.2047e-06
1.101e-06
9.61445e-07
7.76199e-07
5.62178e-07
3.27115e-07
1.20972e-07
7.88873e-11
6.27721e-08
4.26131e-07
7.04763e-07
7.83541e-07
4.94889e-07
4.26605e-07
3.46863e-07
2.54531e-07
1.50496e-07
3.49452e-08
0
0
0
0
0
0
0
0
8.20498e-08
2.03734e-07
3.12246e-07
4.0771e-07
4.89483e-07
5.59218e-07
3.79277e-07
4.39031e-07
4.95883e-07
5.5028e-07
6.00874e-07
6.47819e-07
6.92784e-07
7.35623e-07
7.7477e-07
8.10172e-07
8.4313e-07
8.73943e-07
9.01679e-07
9.25984e-07
9.47621e-07
9.67261e-07
9.84685e-07
9.99477e-07
1.01184e-06
1.02241e-06
1.03148e-06
1.03894e-06
1.04448e-06
1.04868e-06
1.05138e-06
1.05356e-06
1.05466e-06
1.0545e-06
1.05387e-06
1.05239e-06
1.05052e-06
1.04848e-06
1.04626e-06
1.0438e-06
1.04105e-06
1.03825e-06
1.03568e-06
1.03335e-06
1.03107e-06
1.02876e-06
1.0265e-06
1.02422e-06
1.02157e-06
1.01804e-06
1.01327e-06
1.00717e-06
9.99836e-07
9.91602e-07
9.82805e-07
9.73856e-07
9.64972e-07
9.56253e-07
9.47937e-07
9.40381e-07
9.33739e-07
9.28029e-07
9.23244e-07
9.19353e-07
9.16258e-07
9.13822e-07
9.11885e-07
9.10344e-07
9.09126e-07
9.08149e-07
9.07367e-07
9.0675e-07
9.06266e-07
9.05913e-07
9.05685e-07
9.05578e-07
9.0556e-07
9.05597e-07
9.05796e-07
9.06098e-07
9.06289e-07
9.06377e-07
9.06411e-07
9.06426e-07
9.06428e-07
9.06418e-07
9.06396e-07
9.06359e-07
9.06248e-07
9.06046e-07
9.0605e-07
9.06128e-07
9.06327e-07
9.06749e-07
9.07382e-07
9.08071e-07
9.08707e-07
9.09797e-07
9.10229e-07
9.0996e-07
9.08609e-07
9.04794e-07
8.96258e-07
8.79047e-07
8.32036e-07
7.97343e-07
3.79277e-07
4.39031e-07
4.95884e-07
5.5028e-07
6.00875e-07
6.47819e-07
6.92782e-07
7.35622e-07
7.74771e-07
8.10171e-07
8.43131e-07
8.73943e-07
9.0168e-07
9.25984e-07
9.47623e-07
9.67262e-07
9.84686e-07
9.99478e-07
1.01185e-06
1.02241e-06
1.03148e-06
1.03895e-06
1.04449e-06
1.04868e-06
1.05139e-06
1.05357e-06
1.0547e-06
1.05455e-06
1.05392e-06
1.05246e-06
1.05062e-06
1.04862e-06
1.04643e-06
1.04401e-06
1.04131e-06
1.03855e-06
1.03603e-06
1.03373e-06
1.03144e-06
1.0291e-06
1.02682e-06
1.02451e-06
1.02179e-06
1.01814e-06
1.0132e-06
1.00686e-06
9.9926e-07
9.9075e-07
9.81703e-07
9.72566e-07
9.6354e-07
9.54765e-07
9.46474e-07
9.38992e-07
9.32468e-07
9.2693e-07
9.22366e-07
9.18705e-07
9.15814e-07
9.13535e-07
9.11789e-07
9.10491e-07
9.09534e-07
9.08812e-07
9.08242e-07
9.07783e-07
9.07407e-07
9.0708e-07
9.06765e-07
9.06449e-07
9.06143e-07
9.05855e-07
9.05588e-07
9.05334e-07
9.05084e-07
9.04846e-07
9.04602e-07
9.04365e-07
9.04126e-07
9.03897e-07
9.03605e-07
9.03263e-07
9.02766e-07
9.02099e-07
9.01169e-07
8.99899e-07
8.98099e-07
8.95677e-07
8.92236e-07
8.87723e-07
8.81452e-07
8.73242e-07
8.62213e-07
8.47713e-07
8.2844e-07
8.02952e-07
7.68949e-07
7.24027e-07
6.63154e-07
5.80416e-07
8.68767e-07
9.06219e-07
9.54254e-07
9.71564e-07
9.79683e-07
9.83211e-07
9.842e-07
9.84304e-07
9.83021e-07
9.81897e-07
9.80878e-07
9.79895e-07
9.7893e-07
9.78277e-07
9.77677e-07
9.77313e-07
9.77093e-07
9.77025e-07
9.7703e-07
9.77222e-07
9.77509e-07
9.7771e-07
9.7785e-07
9.77924e-07
9.77938e-07
9.77936e-07
9.77922e-07
9.77896e-07
9.77847e-07
9.77792e-07
9.7777e-07
9.77763e-07
9.77781e-07
9.77807e-07
9.77808e-07
9.77792e-07
9.77746e-07
9.77676e-07
9.77566e-07
9.77403e-07
9.77169e-07
9.76917e-07
9.76847e-07
9.76856e-07
9.76895e-07
9.76952e-07
9.77113e-07
9.77534e-07
9.78414e-07
9.79889e-07
9.81986e-07
9.84667e-07
9.87804e-07
9.91132e-07
9.94458e-07
9.97724e-07
1.00097e-06
1.00428e-06
1.00775e-06
1.01143e-06
1.01528e-06
1.01924e-06
1.02331e-06
1.02755e-06
1.03191e-06
1.03616e-06
1.04001e-06
1.04339e-06
1.04644e-06
1.04921e-06
1.05157e-06
1.05322e-06
1.05399e-06
1.05424e-06
1.05344e-06
1.0513e-06
1.04855e-06
1.04454e-06
1.03876e-06
1.03149e-06
1.0224e-06
1.01187e-06
9.99471e-07
9.84599e-07
9.67266e-07
9.47666e-07
9.26024e-07
9.01613e-07
8.7388e-07
8.43179e-07
8.10261e-07
7.74734e-07
7.35511e-07
6.928e-07
6.47936e-07
6.00871e-07
5.5018e-07
4.95886e-07
4.39086e-07
3.79261e-07
6.46502e-07
7.30533e-07
7.92305e-07
8.37754e-07
8.72294e-07
8.97991e-07
9.17581e-07
9.32123e-07
9.43338e-07
9.51632e-07
9.5807e-07
9.62766e-07
9.66434e-07
9.69077e-07
9.71105e-07
9.72555e-07
9.73637e-07
9.74385e-07
9.74928e-07
9.75234e-07
9.7548e-07
9.75611e-07
9.75726e-07
9.75839e-07
9.76002e-07
9.76243e-07
9.76544e-07
9.76912e-07
9.77314e-07
9.77717e-07
9.78104e-07
9.78312e-07
9.78361e-07
9.78354e-07
9.78258e-07
9.78081e-07
9.77923e-07
9.77822e-07
9.77708e-07
9.7755e-07
9.77432e-07
9.77398e-07
9.77412e-07
9.77472e-07
9.77545e-07
9.77612e-07
9.7774e-07
9.7807e-07
9.78781e-07
9.80017e-07
9.81862e-07
9.84344e-07
9.8737e-07
9.9069e-07
9.94074e-07
9.97413e-07
1.0007e-06
1.00405e-06
1.00755e-06
1.01126e-06
1.01515e-06
1.01914e-06
1.02323e-06
1.02749e-06
1.03186e-06
1.03613e-06
1.03999e-06
1.04338e-06
1.04642e-06
1.0492e-06
1.05156e-06
1.05321e-06
1.05399e-06
1.05423e-06
1.05344e-06
1.0513e-06
1.04855e-06
1.04454e-06
1.03876e-06
1.03149e-06
1.02241e-06
1.01187e-06
9.99474e-07
9.84598e-07
9.67268e-07
9.47665e-07
9.26024e-07
9.01613e-07
8.7388e-07
8.43179e-07
8.1026e-07
7.74733e-07
7.35511e-07
6.92801e-07
6.47935e-07
6.0087e-07
5.5018e-07
4.95887e-07
4.39086e-07
3.7926e-07
)
;
    }
}


// ************************************************************************* //
