/*--------------------------------*- C++ -*----------------------------------*\
| =========                 |                                                 |
| \\      /  F ield         | OpenFOAM: The Open Source CFD Toolbox           |
|  \\    /   O peration     | Version:  2.1.0                                 |
|   \\  /    A nd           | Web:      www.OpenFOAM.org                      |
|    \\/     M anipulation  |                                                 |
\*---------------------------------------------------------------------------*/
FoamFile
{
    version     2.0;
    format      ascii;
    class       volScalarField;
    location    "0.12";
    object      C0;
}
// * * * * * * * * * * * * * * * * * * * * * * * * * * * * * * * * * * * * * //

dimensions      [0 0 0 0 0 0 0];

internalField   nonuniform List<scalar> 
6400
(
1.22348e-21
1.75039e-21
2.6356e-21
3.97762e-21
5.98472e-21
8.97364e-21
1.34101e-20
1.99746e-20
2.96578e-20
4.38983e-20
6.47777e-20
9.53005e-20
1.3979e-19
2.04451e-19
2.98159e-19
4.33586e-19
6.28763e-19
9.09283e-19
1.31138e-18
1.88622e-18
2.70585e-18
3.8715e-18
5.525e-18
7.8646e-18
1.11667e-17
1.58157e-17
2.23449e-17
3.14925e-17
4.42776e-17
6.2104e-17
8.69005e-17
1.21311e-16
1.68954e-16
2.34762e-16
3.25457e-16
4.50163e-16
6.21253e-16
8.55455e-16
1.17535e-15
1.61132e-15
2.20424e-15
3.00886e-15
4.0985e-15
5.57106e-15
7.55704e-15
1.02301e-14
1.38208e-14
1.86348e-14
2.50767e-14
3.36811e-14
4.51528e-14
6.04204e-14
8.07047e-14
1.07609e-13
1.43236e-13
1.90338e-13
2.52517e-13
3.3448e-13
4.42369e-13
5.84195e-13
7.70395e-13
1.01456e-12
1.33436e-12
1.75278e-12
2.29971e-12
3.01394e-12
3.94588e-12
5.16097e-12
6.74419e-12
8.80585e-12
1.14893e-11
1.49805e-11
1.95214e-11
2.54264e-11
3.31046e-11
4.30887e-11
5.60731e-11
7.29641e-11
9.49463e-11
1.23571e-10
1.60871e-10
2.09525e-10
2.73061e-10
3.56153e-10
4.65024e-10
6.08009e-10
7.96372e-10
1.04552e-09
1.37685e-09
1.8208e-09
2.4219e-09
3.24821e-09
4.4094e-09
6.09281e-09
8.6338e-09
1.26546e-08
1.93049e-08
3.07496e-08
5.05579e-08
8.19386e-08
1.54636e-21
2.22519e-21
3.35355e-21
5.06072e-21
7.61248e-21
1.14111e-20
1.70475e-20
2.53844e-20
3.76773e-20
5.57482e-20
8.2232e-20
1.2093e-19
1.77308e-19
2.59206e-19
3.77833e-19
5.49177e-19
7.95974e-19
1.15048e-18
1.65831e-18
2.38385e-18
3.41768e-18
4.88699e-18
6.96983e-18
9.91488e-18
1.40686e-17
1.99124e-17
2.81139e-17
3.95962e-17
5.56327e-17
7.79763e-17
1.09034e-16
1.52103e-16
2.11689e-16
2.93938e-16
4.07209e-16
5.6285e-16
7.76232e-16
1.06813e-15
1.46655e-15
2.0092e-15
2.74671e-15
3.7469e-15
5.10053e-15
6.9287e-15
9.39277e-15
1.27073e-14
1.7157e-14
2.31191e-14
3.10929e-14
4.1737e-14
5.59204e-14
7.47863e-14
9.98376e-14
1.33046e-13
1.76998e-13
2.35075e-13
3.11703e-13
4.12657e-13
5.45475e-13
7.19979e-13
9.48962e-13
1.24907e-12
1.64194e-12
2.1557e-12
2.82689e-12
3.70296e-12
4.84547e-12
6.33436e-12
8.27336e-12
1.07971e-11
1.40803e-11
1.83499e-11
2.39006e-11
3.11155e-11
4.04929e-11
5.26813e-11
6.85262e-11
8.91308e-11
1.15937e-10
1.50833e-10
1.96297e-10
2.5559e-10
3.3302e-10
4.34294e-10
5.67022e-10
7.41413e-10
9.71281e-10
1.27553e-09
1.68042e-09
2.22314e-09
2.95776e-09
3.96557e-09
5.37417e-09
7.39436e-09
1.03906e-08
1.50061e-08
2.23091e-08
3.3998e-08
5.2072e-08
7.65977e-08
2.14796e-21
3.10691e-21
4.69044e-21
7.08474e-21
1.06652e-20
1.59979e-20
2.39143e-20
3.5628e-20
5.29056e-20
7.831e-20
1.15548e-19
1.69965e-19
2.49246e-19
3.64409e-19
5.31205e-19
7.72087e-19
1.11897e-18
1.61711e-18
2.33048e-18
3.3493e-18
4.80045e-18
6.86194e-18
9.78281e-18
1.39107e-17
1.97294e-17
2.7911e-17
3.93865e-17
5.54422e-17
7.78517e-17
1.09054e-16
1.52394e-16
2.12454e-16
2.95488e-16
4.10018e-16
5.67628e-16
7.84032e-16
1.08049e-15
1.48572e-15
2.03842e-15
2.79059e-15
3.81206e-15
5.19627e-15
7.06814e-15
9.59422e-15
1.29962e-14
1.75688e-14
2.37024e-14
3.19141e-14
4.28873e-14
5.75232e-14
7.7009e-14
1.02906e-13
1.37263e-13
1.82768e-13
2.4294e-13
3.22377e-13
4.27087e-13
5.64908e-13
7.46049e-13
9.83802e-13
1.29545e-12
1.70347e-12
2.23701e-12
2.93394e-12
3.84337e-12
5.02894e-12
6.57318e-12
8.58302e-12
1.1197e-11
1.45946e-11
1.90086e-11
2.47405e-11
3.21814e-11
4.18386e-11
5.43709e-11
7.06342e-11
9.1742e-11
1.19144e-10
1.54733e-10
2.00981e-10
2.61127e-10
3.39425e-10
4.41478e-10
5.74702e-10
7.48951e-10
9.77409e-10
1.27784e-09
1.67443e-09
2.20046e-09
2.90253e-09
3.84705e-09
5.13094e-09
6.8996e-09
9.37713e-09
1.29143e-08
1.80508e-08
2.55501e-08
3.6351e-08
5.10498e-08
6.83689e-08
3.03798e-21
4.41364e-21
6.6766e-21
1.00999e-20
1.5225e-20
2.28672e-20
3.4224e-20
5.10446e-20
7.58758e-20
1.12414e-19
1.66008e-19
2.4437e-19
3.58594e-19
5.2458e-19
7.65063e-19
1.11245e-18
1.61278e-18
2.33136e-18
3.36044e-18
4.83011e-18
6.92323e-18
9.89624e-18
1.41077e-17
2.0058e-17
2.84431e-17
4.0229e-17
5.67532e-17
7.98627e-17
1.12102e-16
1.56967e-16
2.19252e-16
3.05514e-16
4.24699e-16
5.88986e-16
8.14918e-16
1.12491e-15
1.54927e-15
2.12889e-15
2.91881e-15
3.99296e-15
5.45046e-15
7.42384e-15
1.00901e-14
1.36849e-14
1.85216e-14
2.50162e-14
3.37193e-14
4.53592e-14
6.08967e-14
8.15977e-14
1.09127e-13
1.4567e-13
1.94093e-13
2.58146e-13
3.42731e-13
4.54247e-13
6.01033e-13
7.93947e-13
1.04711e-12
1.37885e-12
1.81298e-12
2.38033e-12
3.12088e-12
4.08634e-12
5.34361e-12
6.9792e-12
9.10486e-12
1.1865e-11
1.5446e-11
2.00886e-11
2.61038e-11
3.38928e-11
4.39742e-11
5.70176e-11
7.38885e-11
9.5706e-11
1.23919e-10
1.60403e-10
2.07591e-10
2.68646e-10
3.4768e-10
4.50055e-10
5.82782e-10
7.55057e-10
9.78985e-10
1.27058e-09
1.65114e-09
2.14919e-09
2.80323e-09
3.6657e-09
4.8088e-09
6.33285e-09
8.3785e-09
1.11429e-08
1.48975e-08
1.99929e-08
2.68526e-08
3.58254e-08
4.68081e-08
5.83782e-08
4.21837e-21
6.15205e-21
9.32495e-21
1.41296e-20
2.13335e-20
3.20912e-20
4.8099e-20
7.18372e-20
1.0692e-19
1.58594e-19
2.34458e-19
3.45473e-19
5.07407e-19
7.42874e-19
1.0842e-18
1.57749e-18
2.28823e-18
3.30929e-18
4.77189e-18
6.86098e-18
9.8365e-18
1.40628e-17
2.00494e-17
2.85065e-17
4.04217e-17
5.71654e-17
8.0633e-17
1.13441e-16
1.5919e-16
2.22827e-16
3.11125e-16
4.33343e-16
6.02101e-16
8.34565e-16
1.15402e-15
1.59201e-15
2.19109e-15
3.00865e-15
4.12183e-15
5.63412e-15
7.68403e-15
1.04566e-14
1.41984e-14
1.92376e-14
2.60094e-14
3.50907e-14
4.72441e-14
6.34757e-14
8.5111e-14
1.13892e-13
1.52106e-13
2.02747e-13
2.69735e-13
3.58183e-13
4.74762e-13
6.2815e-13
8.2963e-13
1.09385e-12
1.43978e-12
1.892e-12
2.48228e-12
3.25166e-12
4.25309e-12
5.55483e-12
7.24478e-12
9.43608e-12
1.22742e-11
1.59461e-11
2.0692e-11
2.68202e-11
3.47266e-11
4.49192e-11
5.80499e-11
7.49547e-11
9.67065e-11
1.24682e-10
1.60647e-10
2.06872e-10
2.6627e-10
3.42589e-10
4.40652e-10
5.66673e-10
7.28669e-10
9.37002e-10
1.20509e-09
1.55036e-09
1.99548e-09
2.57005e-09
3.31278e-09
4.27443e-09
5.52152e-09
7.14093e-09
9.2449e-09
1.19749e-08
1.55001e-08
2.00039e-08
2.56594e-08
3.25048e-08
4.02025e-08
4.75086e-08
5.64768e-21
8.26396e-21
1.25488e-20
1.90449e-20
2.87999e-20
4.33887e-20
6.5127e-20
9.74034e-20
1.45159e-19
2.15573e-19
3.19046e-19
4.7059e-19
6.91808e-19
1.01369e-18
1.48055e-18
2.15556e-18
3.12854e-18
4.52675e-18
6.53004e-18
9.39182e-18
1.34682e-17
1.9258e-17
2.74585e-17
3.90411e-17
5.53561e-17
7.82752e-17
1.10386e-16
1.55256e-16
2.17794e-16
3.04731e-16
4.25281e-16
5.92019e-16
8.2207e-16
1.13869e-15
1.57341e-15
2.16882e-15
2.9824e-15
4.09143e-15
5.59969e-15
7.64614e-15
1.04165e-14
1.41582e-14
1.92006e-14
2.59808e-14
3.50776e-14
4.72562e-14
6.35255e-14
8.52139e-14
1.14066e-13
1.52369e-13
2.03117e-13
2.70218e-13
3.58769e-13
4.75404e-13
6.28739e-13
8.2995e-13
1.09351e-12
1.43812e-12
1.88793e-12
2.47407e-12
3.2366e-12
4.22701e-12
5.51142e-12
7.1746e-12
9.32513e-12
1.21019e-11
1.56825e-11
2.02936e-11
2.62245e-11
3.38439e-11
4.36214e-11
5.61549e-11
7.22052e-11
9.27394e-11
1.18986e-10
1.52506e-10
1.95281e-10
2.49826e-10
3.19329e-10
4.07838e-10
5.20481e-10
6.63758e-10
8.45906e-10
1.07736e-09
1.37132e-09
1.74452e-09
2.21807e-09
2.81865e-09
3.57977e-09
4.54331e-09
5.76111e-09
7.29619e-09
9.22307e-09
1.16257e-08
1.45903e-08
1.81896e-08
2.24586e-08
2.73107e-08
3.23777e-08
3.66502e-08
7.21225e-21
1.05827e-20
1.60947e-20
2.44603e-20
3.70402e-20
5.58784e-20
8.39825e-20
1.25757e-19
1.87627e-19
2.78935e-19
4.13218e-19
6.10025e-19
8.97493e-19
1.31599e-18
1.92324e-18
2.80155e-18
4.06786e-18
5.88792e-18
8.49581e-18
1.22213e-17
1.75273e-17
2.50625e-17
3.57321e-17
5.07972e-17
7.20086e-17
1.01791e-16
1.43493e-16
2.01728e-16
2.82832e-16
3.95487e-16
5.5156e-16
7.67222e-16
1.06446e-15
1.47311e-15
2.03349e-15
2.80006e-15
3.8461e-15
5.27e-15
7.2036e-15
9.82305e-15
1.33632e-14
1.81366e-14
2.45577e-14
3.31755e-14
4.47152e-14
6.01327e-14
8.06853e-14
1.08023e-13
1.44307e-13
1.9236e-13
2.55867e-13
3.3962e-13
4.49846e-13
5.94618e-13
7.84382e-13
1.03263e-12
1.35675e-12
1.77914e-12
2.32854e-12
3.04185e-12
3.96627e-12
5.1622e-12
6.70667e-12
8.6979e-12
1.12609e-11
1.45544e-11
1.87801e-11
2.41933e-11
3.11174e-11
3.99611e-11
5.12401e-11
6.56051e-11
8.38752e-11
1.07081e-10
1.36515e-10
1.73803e-10
2.20976e-10
2.8058e-10
3.55789e-10
4.50566e-10
5.69839e-10
7.19726e-10
9.07807e-10
1.14344e-09
1.43813e-09
1.806e-09
2.26424e-09
2.83367e-09
3.5392e-09
4.41027e-09
5.48091e-09
6.78924e-09
8.37597e-09
1.02812e-08
1.2539e-08
1.51629e-08
1.8125e-08
2.13084e-08
2.43938e-08
2.66225e-08
8.7165e-21
1.28178e-20
1.95174e-20
2.96945e-20
4.50153e-20
6.79811e-20
1.02275e-19
1.53291e-19
2.28906e-19
3.40569e-19
5.0488e-19
7.45808e-19
1.09785e-18
1.61051e-18
2.35455e-18
3.43084e-18
4.98265e-18
7.21295e-18
1.04082e-17
1.49718e-17
2.14698e-17
3.06939e-17
4.37493e-17
6.21729e-17
8.8097e-17
1.24471e-16
1.75364e-16
2.46372e-16
3.45173e-16
4.82274e-16
6.72008e-16
9.33883e-16
1.29438e-15
1.78934e-15
2.46717e-15
3.39307e-15
4.65461e-15
6.36916e-15
8.69361e-15
1.18372e-14
1.60781e-14
2.17856e-14
2.94484e-14
3.97122e-14
5.34273e-14
7.17115e-14
9.60309e-14
1.28303e-13
1.71033e-13
2.27482e-13
3.01889e-13
3.9975e-13
5.28181e-13
6.96367e-13
9.16147e-13
1.20274e-12
1.57569e-12
2.06002e-12
2.6877e-12
3.49955e-12
4.54752e-12
5.89763e-12
7.63364e-12
9.86158e-12
1.27155e-11
1.63643e-11
2.1021e-11
2.6953e-11
3.44959e-11
4.40699e-11
5.62e-11
7.15413e-11
9.09093e-11
1.15316e-10
1.46017e-10
1.84564e-10
2.32868e-10
2.93285e-10
3.68697e-10
4.62628e-10
5.79365e-10
7.24104e-10
9.03098e-10
1.12383e-09
1.39518e-09
1.72761e-09
2.13328e-09
2.62613e-09
3.22189e-09
3.93776e-09
4.79189e-09
5.80234e-09
6.9854e-09
8.35323e-09
9.91088e-09
1.16508e-08
1.35199e-08
1.5414e-08
1.70946e-08
1.80535e-08
9.91302e-21
1.45996e-20
2.2249e-20
3.38757e-20
5.13912e-20
7.76639e-20
1.16918e-19
1.75343e-19
2.61973e-19
3.89949e-19
5.78313e-19
8.54563e-19
1.25827e-18
1.84618e-18
2.69942e-18
3.93353e-18
5.7126e-18
8.26888e-18
1.193e-17
1.7157e-17
2.4596e-17
3.51506e-17
5.00801e-17
7.11345e-17
1.00739e-16
1.42244e-16
2.00266e-16
2.81147e-16
3.93576e-16
5.49424e-16
7.64865e-16
1.06188e-15
1.47025e-15
2.03022e-15
2.79607e-15
3.84074e-15
5.26205e-15
7.19085e-15
9.80167e-15
1.33268e-14
1.80745e-14
2.44528e-14
3.3001e-14
4.4429e-14
5.96701e-14
7.99478e-14
1.06862e-13
1.42501e-13
1.8958e-13
2.51629e-13
3.33216e-13
4.40248e-13
5.8034e-13
7.63287e-13
1.00166e-12
1.31156e-12
1.71354e-12
2.23383e-12
2.90574e-12
3.77159e-12
4.8849e-12
6.31331e-12
8.14204e-12
1.04782e-11
1.34564e-11
1.72446e-11
2.2053e-11
2.8143e-11
3.58397e-11
4.55457e-11
5.77586e-11
7.30915e-11
9.22975e-11
1.163e-10
1.46224e-10
1.83438e-10
2.29602e-10
2.86711e-10
3.57162e-10
4.43811e-10
5.50037e-10
6.79813e-10
8.37764e-10
1.02922e-09
1.26024e-09
1.53756e-09
1.8685e-09
2.26077e-09
2.72232e-09
3.26074e-09
3.88263e-09
4.59259e-09
5.392e-09
6.27762e-09
7.24013e-09
8.26256e-09
9.30234e-09
1.02752e-08
1.1033e-08
1.12894e-08
1.05604e-20
1.55651e-20
2.373e-20
3.6143e-20
5.48484e-20
8.29132e-20
1.24853e-19
1.87285e-19
2.79867e-19
4.16643e-19
6.1796e-19
9.13194e-19
1.34461e-18
1.97278e-18
2.88429e-18
4.20237e-18
6.10198e-18
8.83056e-18
1.27371e-17
1.83121e-17
2.62428e-17
3.74895e-17
5.33896e-17
7.57998e-17
1.07291e-16
1.51413e-16
2.1305e-16
2.98907e-16
4.1816e-16
5.83335e-16
8.11475e-16
1.12572e-15
1.55737e-15
2.1487e-15
2.95662e-15
4.05752e-15
5.55369e-15
7.58176e-15
1.03237e-14
1.40212e-14
1.89946e-14
2.56672e-14
3.45969e-14
4.65174e-14
6.23907e-14
8.34751e-14
1.11412e-13
1.48339e-13
1.97029e-13
2.61072e-13
3.45105e-13
4.55104e-13
5.98744e-13
7.85862e-13
1.02904e-12
1.3443e-12
1.75206e-12
2.27817e-12
2.95538e-12
3.82498e-12
4.93898e-12
6.3626e-12
8.17754e-12
1.04857e-11
1.3414e-11
1.712e-11
2.17984e-11
2.76895e-11
3.50888e-11
4.43581e-11
5.59393e-11
7.03693e-11
8.82983e-11
1.1051e-10
1.37945e-10
1.71723e-10
2.13172e-10
2.63856e-10
3.25601e-10
4.00517e-10
4.9102e-10
5.99842e-10
7.30019e-10
8.84866e-10
1.06791e-09
1.28279e-09
1.53308e-09
1.82207e-09
2.15216e-09
2.52448e-09
2.93877e-09
3.3922e-09
3.87874e-09
4.38817e-09
4.90511e-09
5.40785e-09
5.86661e-09
6.23756e-09
6.44389e-09
6.36937e-09
1.05043e-20
1.54808e-20
2.35993e-20
3.59408e-20
5.45364e-20
8.24332e-20
1.24117e-19
1.8616e-19
2.78153e-19
4.14038e-19
6.14016e-19
9.07242e-19
1.33565e-18
1.95935e-18
2.8642e-18
4.17242e-18
6.05745e-18
8.76457e-18
1.26395e-17
1.81683e-17
2.60314e-17
3.71796e-17
5.29362e-17
7.51385e-17
1.06329e-16
1.50015e-16
2.11025e-16
2.9598e-16
4.13938e-16
5.77257e-16
8.02743e-16
1.11319e-15
1.53945e-15
2.1231e-15
2.92011e-15
4.00553e-15
5.47978e-15
7.47685e-15
1.0175e-14
1.38108e-14
1.86973e-14
2.52477e-14
3.40058e-14
4.56856e-14
6.12218e-14
8.18348e-14
1.09114e-13
1.45122e-13
1.92533e-13
2.54798e-13
3.36363e-13
4.42939e-13
5.81841e-13
7.62413e-13
9.96555e-13
1.29938e-12
1.69004e-12
2.19269e-12
2.83777e-12
3.66346e-12
4.71753e-12
6.05959e-12
7.76371e-12
9.92168e-12
1.26468e-11
1.60785e-11
2.03876e-11
2.57826e-11
3.25171e-11
4.08978e-11
5.12941e-11
6.41483e-11
7.99877e-11
9.94358e-11
1.23226e-10
1.52213e-10
1.87384e-10
2.2987e-10
2.80947e-10
3.42037e-10
4.14695e-10
5.00586e-10
6.01442e-10
7.19e-10
8.54899e-10
1.01056e-09
1.187e-09
1.38463e-09
1.60293e-09
1.84024e-09
2.09268e-09
2.35449e-09
2.61772e-09
2.87148e-09
3.10153e-09
3.29023e-09
3.41677e-09
3.45797e-09
3.39102e-09
3.20299e-09
9.76077e-21
1.4371e-20
2.18953e-20
3.33287e-20
5.05473e-20
7.6366e-20
1.14928e-19
1.723e-19
2.57336e-19
3.82903e-19
5.67638e-19
8.38442e-19
1.234e-18
1.80974e-18
2.64487e-18
3.85212e-18
5.59144e-18
8.08907e-18
1.16639e-17
1.67642e-17
2.40178e-17
3.43016e-17
4.88367e-17
6.93181e-17
9.80918e-17
1.38395e-16
1.94682e-16
2.73064e-16
3.81901e-16
5.32596e-16
7.4066e-16
1.02713e-15
1.42046e-15
1.95902e-15
2.69441e-15
3.69586e-15
5.05593e-15
6.89806e-15
9.38644e-15
1.27388e-14
1.72431e-14
2.32791e-14
3.13463e-14
4.20995e-14
5.63954e-14
7.53507e-14
1.00418e-13
1.33479e-13
1.7697e-13
2.34026e-13
3.08681e-13
4.06101e-13
5.32885e-13
6.9744e-13
9.10435e-13
1.18538e-12
1.53929e-12
1.9936e-12
2.57514e-12
3.31741e-12
4.26208e-12
5.46082e-12
6.97742e-12
8.89032e-12
1.12956e-11
1.43104e-11
1.80768e-11
2.27664e-11
2.85856e-11
3.57804e-11
4.4643e-11
5.5518e-11
6.88081e-11
8.49804e-11
1.04572e-10
1.28191e-10
1.56523e-10
1.9032e-10
2.304e-10
2.77627e-10
3.32887e-10
3.97053e-10
4.70927e-10
5.55178e-10
6.50246e-10
7.56234e-10
8.72771e-10
9.98854e-10
1.13268e-09
1.27147e-09
1.41124e-09
1.54635e-09
1.66949e-09
1.77257e-09
1.84606e-09
1.87981e-09
1.86456e-09
1.79471e-09
1.67304e-09
1.51641e-09
8.50349e-21
1.24989e-20
1.90245e-20
2.8933e-20
4.38416e-20
6.61774e-20
9.95106e-20
1.49068e-19
2.22471e-19
3.30794e-19
4.90074e-19
7.23446e-19
1.06418e-18
1.55994e-18
2.27881e-18
3.31772e-18
4.81417e-18
6.96267e-18
1.00374e-17
1.44239e-17
2.0662e-17
2.95062e-17
4.20071e-17
5.96235e-17
8.43749e-17
1.19049e-16
1.67484e-16
2.34945e-16
3.28637e-16
4.58395e-16
6.37597e-16
8.84395e-16
1.22335e-15
1.68758e-15
2.32165e-15
3.18536e-15
4.35865e-15
5.94817e-15
8.09577e-15
1.09896e-14
1.48782e-14
2.00898e-14
2.70555e-14
3.63404e-14
4.86833e-14
6.50468e-14
8.66815e-14
1.15207e-13
1.52715e-13
2.01898e-13
2.66209e-13
3.50067e-13
4.59103e-13
6.00472e-13
7.83232e-13
1.01881e-12
1.32158e-12
1.70952e-12
2.2051e-12
2.83622e-12
3.6374e-12
4.65121e-12
5.92985e-12
7.53706e-12
9.55032e-12
1.20632e-11
1.51882e-11
1.90598e-11
2.38373e-11
2.97087e-11
3.68935e-11
4.5646e-11
5.6258e-11
6.90602e-11
8.44225e-11
1.02752e-10
1.2449e-10
1.501e-10
1.80058e-10
2.14827e-10
2.54838e-10
3.00444e-10
3.5188e-10
4.09201e-10
4.72216e-10
5.40411e-10
6.12864e-10
6.88155e-10
7.64294e-10
8.38654e-10
9.07944e-10
9.6822e-10
1.01446e-09
1.04156e-09
1.04474e-09
1.01988e-09
9.65119e-10
8.82731e-10
7.81706e-10
6.79472e-10
6.9781e-21
1.02332e-20
1.55553e-20
2.36281e-20
3.57594e-20
5.39125e-20
8.09732e-20
1.21163e-19
1.80635e-19
2.68321e-19
3.97152e-19
5.85772e-19
8.6098e-19
1.26116e-18
1.84114e-18
2.67892e-18
3.88519e-18
5.61645e-18
8.0934e-18
1.16262e-17
1.66495e-17
2.37704e-17
3.38349e-17
4.80176e-17
6.79453e-17
9.58643e-17
1.34867e-16
1.892e-16
2.64675e-16
3.69227e-16
5.13655e-16
7.1262e-16
9.85962e-16
1.36046e-15
1.87215e-15
2.56939e-15
3.51689e-15
4.80099e-15
6.53655e-15
8.87594e-15
1.20207e-14
1.62365e-14
2.18728e-14
2.93876e-14
3.93794e-14
5.2628e-14
7.01458e-14
9.32439e-14
1.23614e-13
1.63431e-13
2.15484e-13
2.83335e-13
3.71518e-13
4.85784e-13
6.33399e-13
8.2351e-13
1.06759e-12
1.37995e-12
1.7784e-12
2.285e-12
2.92689e-12
3.73738e-12
4.7571e-12
6.03535e-12
7.63159e-12
9.61711e-12
1.20768e-11
1.5111e-11
1.88375e-11
2.3393e-11
2.8935e-11
3.56426e-11
4.37172e-11
5.33812e-11
6.48765e-11
7.84602e-11
9.43973e-11
1.12951e-10
1.34369e-10
1.58864e-10
1.8659e-10
2.17613e-10
2.51873e-10
2.89149e-10
3.29007e-10
3.70764e-10
4.13436e-10
4.55714e-10
4.95942e-10
5.3213e-10
5.62012e-10
5.83148e-10
5.93059e-10
5.8882e-10
5.68761e-10
5.32121e-10
4.80103e-10
4.16717e-10
3.49552e-10
2.89903e-10
5.42522e-21
7.93296e-21
1.2039e-20
1.82594e-20
2.75929e-20
4.15387e-20
6.22989e-20
9.30919e-20
1.38604e-19
2.05633e-19
3.04012e-19
4.47913e-19
6.57689e-19
9.62487e-19
1.4039e-18
2.04112e-18
2.95807e-18
4.27343e-18
6.15449e-18
8.83636e-18
1.26485e-17
1.80511e-17
2.56853e-17
3.64417e-17
5.15536e-17
7.27246e-17
1.023e-16
1.43503e-16
2.00742e-16
2.80043e-16
3.89608e-16
5.40573e-16
7.48017e-16
1.0323e-15
1.42083e-15
1.95041e-15
2.67028e-15
3.6462e-15
4.96566e-15
6.74475e-15
9.13709e-15
1.23453e-14
1.66357e-14
2.23578e-14
2.99679e-14
4.00607e-14
5.34087e-14
7.10112e-14
9.41577e-14
1.24506e-13
1.64179e-13
2.15887e-13
2.83077e-13
3.70116e-13
4.82514e-13
6.27197e-13
8.12833e-13
1.05022e-12
1.35274e-12
1.73693e-12
2.22308e-12
2.83596e-12
3.60566e-12
4.5685e-12
5.76801e-12
7.25602e-12
9.09374e-12
1.13529e-11
1.41167e-11
1.74806e-11
2.1553e-11
2.6455e-11
3.232e-11
3.92916e-11
4.75213e-11
5.71635e-11
6.83685e-11
8.12741e-11
9.59933e-11
1.12599e-10
1.31106e-10
1.51449e-10
1.7346e-10
1.9684e-10
2.21139e-10
2.45726e-10
2.69784e-10
2.92299e-10
3.12084e-10
3.27819e-10
3.38135e-10
3.41743e-10
3.37577e-10
3.24483e-10
3.0214e-10
2.71095e-10
2.33189e-10
1.91759e-10
1.5162e-10
1.18802e-10
4.02723e-21
5.8687e-21
8.88926e-21
1.34594e-20
2.03051e-20
3.05173e-20
4.56965e-20
6.81795e-20
1.01365e-19
1.50181e-19
2.21748e-19
3.26318e-19
4.78613e-19
6.99696e-19
1.01961e-18
1.48109e-18
2.14471e-18
3.0961e-18
4.45591e-18
6.3937e-18
9.147e-18
1.30476e-17
1.85577e-17
2.63194e-17
3.72217e-17
5.24928e-17
7.3824e-17
1.03538e-16
1.44817e-16
2.02005e-16
2.81019e-16
3.89896e-16
5.39519e-16
7.44582e-16
1.02488e-15
1.40698e-15
1.92646e-15
2.63083e-15
3.58331e-15
4.86781e-15
6.59538e-15
8.91248e-15
1.20118e-14
1.61458e-14
2.16448e-14
2.89388e-14
3.85861e-14
5.13094e-14
6.80408e-14
8.9978e-14
1.18655e-13
1.56027e-13
2.04583e-13
2.67469e-13
3.48654e-13
4.53119e-13
5.87088e-13
7.58301e-13
9.7634e-13
1.253e-12
1.60272e-12
2.04309e-12
2.59538e-12
3.28515e-12
4.1429e-12
5.20471e-12
6.51295e-12
8.11684e-12
1.0073e-11
1.24456e-11
1.53068e-11
1.87357e-11
2.2818e-11
2.76438e-11
3.33049e-11
3.9891e-11
4.74839e-11
5.61506e-11
6.59341e-11
7.68425e-11
8.88362e-11
1.01814e-10
1.15596e-10
1.29912e-10
1.44388e-10
1.58532e-10
1.71744e-10
1.83314e-10
1.92462e-10
1.98378e-10
2.00302e-10
1.97619e-10
1.89967e-10
1.77308e-10
1.59567e-10
1.37603e-10
1.1296e-10
8.78769e-11
6.5067e-11
4.74267e-11
2.88498e-21
4.1877e-21
6.32975e-21
9.56703e-21
1.44084e-20
2.1619e-20
3.2321e-20
4.81505e-20
7.14858e-20
1.05772e-19
1.55981e-19
2.29273e-19
3.35916e-19
4.90599e-19
7.14262e-19
1.03667e-18
1.50002e-18
2.16393e-18
3.11237e-18
4.46336e-18
6.38218e-18
9.09969e-18
1.29375e-17
1.83422e-17
2.59324e-17
3.65627e-17
5.14097e-17
7.20899e-17
1.00817e-16
1.40615e-16
1.95602e-16
2.71371e-16
3.75498e-16
5.18215e-16
7.13299e-16
9.79255e-16
1.34086e-15
1.83118e-15
2.49425e-15
3.3885e-15
4.59126e-15
6.20452e-15
8.36242e-15
1.12408e-14
1.50694e-14
2.01476e-14
2.68638e-14
3.57206e-14
4.73658e-14
6.26318e-14
8.25834e-14
1.08579e-13
1.42341e-13
1.86052e-13
2.42456e-13
3.14997e-13
4.07968e-13
5.26704e-13
6.77792e-13
8.69328e-13
1.1112e-12
1.41542e-12
1.79645e-12
2.27165e-12
2.86161e-12
3.5906e-12
4.48697e-12
5.58342e-12
6.91732e-12
8.53073e-12
1.04702e-11
1.27866e-11
1.55336e-11
1.87667e-11
2.2541e-11
2.69078e-11
3.1911e-11
3.75815e-11
4.39316e-11
5.09466e-11
5.85772e-11
6.673e-11
7.52584e-11
8.39545e-11
9.25427e-11
1.00677e-10
1.07946e-10
1.13883e-10
1.17994e-10
1.19799e-10
1.18888e-10
1.14996e-10
1.0807e-10
9.83463e-11
8.59883e-11
7.16202e-11
5.63112e-11
4.14488e-11
2.85311e-11
1.89168e-11
2.03062e-21
2.93435e-21
4.42584e-21
6.67858e-21
1.00432e-20
1.50479e-20
2.24667e-20
3.34281e-20
4.95706e-20
7.32665e-20
1.07939e-19
1.58514e-19
2.32053e-19
3.38657e-19
4.92719e-19
7.14702e-19
1.03359e-18
1.49036e-18
2.14272e-18
3.07174e-18
4.39101e-18
6.25916e-18
8.8972e-18
1.26121e-17
1.78292e-17
2.51357e-17
3.5341e-17
4.95564e-17
6.93047e-17
9.66657e-17
1.34473e-16
1.86574e-16
2.58183e-16
3.56341e-16
4.90532e-16
6.7349e-16
9.22269e-16
1.25964e-15
1.71589e-15
2.33127e-15
3.15896e-15
4.26916e-15
5.75415e-15
7.73487e-15
1.03693e-14
1.38631e-14
1.84832e-14
2.45747e-14
3.25821e-14
4.3076e-14
5.67862e-14
7.4642e-14
9.78225e-14
1.27817e-13
1.66499e-13
2.16213e-13
2.79881e-13
3.61122e-13
4.64403e-13
5.95197e-13
7.60174e-13
9.67412e-13
1.22662e-12
1.5494e-12
1.94946e-12
2.44291e-12
3.04845e-12
3.78757e-12
4.68464e-12
5.76691e-12
7.06433e-12
8.60913e-12
1.04351e-11
1.25764e-11
1.50661e-11
1.79342e-11
2.12045e-11
2.48913e-11
2.89953e-11
3.34988e-11
3.83601e-11
4.35082e-11
4.88372e-11
5.42016e-11
5.94132e-11
6.4241e-11
6.84147e-11
7.16342e-11
7.35894e-11
7.39895e-11
7.26043e-11
6.93137e-11
6.41506e-11
5.73246e-11
4.91546e-11
3.99271e-11
3.03374e-11
2.12375e-11
1.35195e-11
7.90989e-12
1.45669e-21
2.09393e-21
3.15243e-21
4.75199e-21
7.13966e-21
1.06889e-20
1.5947e-20
2.37117e-20
3.51413e-20
5.19127e-20
7.64453e-20
1.1222e-19
1.6423e-19
2.39613e-19
3.48548e-19
5.05502e-19
7.30982e-19
1.05397e-18
1.51531e-18
2.17241e-18
3.10568e-18
4.42753e-18
6.29458e-18
8.92447e-18
1.26188e-17
1.77943e-17
2.50252e-17
3.51007e-17
4.91023e-17
6.85076e-17
9.53303e-17
1.32306e-16
1.83143e-16
2.52849e-16
3.48171e-16
4.78171e-16
6.54987e-16
8.94823e-16
1.21925e-15
1.6569e-15
2.24565e-15
3.03546e-15
4.09199e-15
5.50129e-15
7.37575e-15
9.86159e-15
1.31485e-14
1.74816e-14
2.31765e-14
3.06381e-14
4.03835e-14
5.30711e-14
6.9535e-14
9.0828e-14
1.18272e-13
1.5352e-13
1.98628e-13
2.5614e-13
3.29188e-13
4.216e-13
5.38037e-13
6.84122e-13
8.66601e-13
1.0935e-12
1.37429e-12
1.72004e-12
2.14355e-12
2.65947e-12
3.2843e-12
4.03641e-12
4.93581e-12
6.00386e-12
7.26271e-12
8.73451e-12
1.04403e-11
1.23984e-11
1.46228e-11
1.71206e-11
1.98892e-11
2.29135e-11
2.6162e-11
2.95835e-11
3.31038e-11
3.66229e-11
4.00137e-11
4.31216e-11
4.57674e-11
4.77539e-11
4.88783e-11
4.8952e-11
4.78284e-11
4.5439e-11
4.18211e-11
3.71078e-11
3.15719e-11
2.53871e-11
1.89524e-11
1.28177e-11
7.59053e-12
3.78894e-12
1.15019e-21
1.64369e-21
2.47215e-21
3.72654e-21
5.59986e-21
8.38525e-21
1.25128e-20
1.86098e-20
2.75872e-20
4.07643e-20
6.00461e-20
8.8174e-20
1.29082e-19
1.88398e-19
2.7415e-19
3.97757e-19
5.75412e-19
8.30013e-19
1.19385e-18
1.71233e-18
2.4491e-18
3.49319e-18
4.96869e-18
7.04817e-18
9.97088e-18
1.40676e-17
1.97945e-17
2.77786e-17
3.88797e-17
5.42733e-17
7.55618e-17
1.04924e-16
1.45312e-16
2.00718e-16
2.76519e-16
3.79942e-16
5.20669e-16
7.11629e-16
9.70039e-16
1.31875e-15
1.788e-15
2.41768e-15
3.26022e-15
4.38432e-15
5.87971e-15
7.86314e-15
1.0486e-14
1.3944e-14
1.84888e-14
2.44433e-14
3.222e-14
4.23434e-14
5.54778e-14
7.24611e-14
9.43446e-14
1.22442e-13
1.58384e-13
2.04191e-13
2.6234e-13
3.35863e-13
4.28439e-13
5.44505e-13
6.89372e-13
8.69347e-13
1.09186e-12
1.36556e-12
1.70044e-12
2.1079e-12
2.60073e-12
3.19312e-12
3.90047e-12
4.7391e-12
5.72588e-12
6.87751e-12
8.20969e-12
9.73597e-12
1.14663e-11
1.34052e-11
1.55498e-11
1.78873e-11
2.03927e-11
2.30259e-11
2.57297e-11
2.84275e-11
3.10225e-11
3.33978e-11
3.54185e-11
3.69358e-11
3.77963e-11
3.78552e-11
3.69965e-11
3.51626e-11
3.23836e-11
2.87636e-11
2.44907e-11
1.97127e-11
1.47016e-11
9.84395e-12
5.5921e-12
2.39411e-12
1.15771e-07
1.14526e-07
1.08698e-07
1.0196e-07
9.52588e-08
8.89268e-08
8.31059e-08
7.7846e-08
7.31374e-08
6.89304e-08
6.51476e-08
6.16923e-08
5.84539e-08
5.53137e-08
5.21522e-08
4.88634e-08
4.53824e-08
4.17425e-08
3.81955e-08
3.54741e-08
9.80513e-08
9.70582e-08
9.13698e-08
8.47098e-08
7.82212e-08
7.22541e-08
6.69033e-08
6.21657e-08
5.79919e-08
5.43077e-08
5.10247e-08
4.80453e-08
4.52672e-08
4.25864e-08
3.99039e-08
3.71378e-08
3.42467e-08
3.12771e-08
2.84565e-08
2.63782e-08
8.14178e-08
7.99376e-08
7.47478e-08
6.87032e-08
6.28529e-08
5.7541e-08
5.28465e-08
4.87459e-08
4.51743e-08
4.20499e-08
3.92841e-08
3.67861e-08
3.44655e-08
3.22348e-08
3.00149e-08
2.77447e-08
2.54003e-08
2.30318e-08
2.0831e-08
1.92557e-08
6.56345e-08
6.37125e-08
5.91904e-08
5.40589e-08
4.91225e-08
4.46665e-08
4.07562e-08
3.73658e-08
3.44324e-08
3.18802e-08
2.96298e-08
2.76025e-08
2.57233e-08
2.39218e-08
2.2137e-08
2.03251e-08
1.84745e-08
1.66332e-08
1.49566e-08
1.37901e-08
5.09262e-08
4.88697e-08
4.51397e-08
4.10402e-08
3.71265e-08
3.3605e-08
3.05233e-08
2.78586e-08
2.55591e-08
2.35623e-08
2.18034e-08
2.02196e-08
1.87521e-08
1.73473e-08
1.596e-08
1.45603e-08
1.31445e-08
1.17557e-08
1.05164e-08
9.68256e-09
3.77398e-08
3.58505e-08
3.29664e-08
2.98913e-08
2.69777e-08
2.43605e-08
2.20702e-08
2.00888e-08
1.83777e-08
1.68902e-08
1.55779e-08
1.43942e-08
1.32962e-08
1.22449e-08
1.12087e-08
1.01681e-08
9.12449e-09
8.1145e-09
7.23255e-09
6.66182e-09
2.65049e-08
2.49745e-08
2.29026e-08
2.07498e-08
1.87228e-08
1.69021e-08
1.53055e-08
1.39201e-08
1.27194e-08
1.16718e-08
1.07442e-08
9.90452e-09
9.12334e-09
8.37423e-09
7.63623e-09
6.89754e-09
6.16208e-09
5.45984e-09
4.86133e-09
4.48995e-09
1.74797e-08
1.63752e-08
1.50062e-08
1.36133e-08
1.23073e-08
1.11322e-08
1.00975e-08
9.19509e-09
8.40837e-09
7.71741e-09
7.10188e-09
6.54203e-09
6.01906e-09
5.51627e-09
5.02067e-09
4.52562e-09
4.0358e-09
3.57454e-09
3.19193e-09
2.96396e-09
1.06852e-08
9.97705e-09
9.15827e-09
8.33936e-09
7.57314e-09
6.88087e-09
6.26693e-09
5.72701e-09
5.25225e-09
4.83168e-09
4.45414e-09
4.10859e-09
3.78426e-09
3.47164e-09
3.16329e-09
2.85586e-09
2.55346e-09
2.2729e-09
2.04632e-09
1.91588e-09
5.91397e-09
5.51996e-09
5.09202e-09
4.66969e-09
4.27367e-09
3.91306e-09
3.58977e-09
3.302e-09
3.0458e-09
2.81622e-09
2.60799e-09
2.4159e-09
2.23474e-09
2.06e-09
1.88808e-09
1.71765e-09
1.55153e-09
1.39962e-09
1.27927e-09
1.21152e-09
2.9156e-09
2.72964e-09
2.5427e-09
2.36057e-09
2.18855e-09
2.02942e-09
1.88394e-09
1.75164e-09
1.63126e-09
1.52109e-09
1.41929e-09
1.32397e-09
1.23337e-09
1.14602e-09
1.06105e-09
9.78565e-10
9.00443e-10
8.30976e-10
7.77282e-10
7.47992e-10
1.36083e-09
1.281e-09
1.20735e-09
1.13666e-09
1.06917e-09
1.0054e-09
9.45607e-10
8.89733e-10
8.37497e-10
7.88475e-10
7.42188e-10
6.9816e-10
6.56011e-10
6.15538e-10
5.76845e-10
5.40497e-10
5.07705e-10
4.80289e-10
4.60449e-10
4.50295e-10
6.01618e-10
5.70799e-10
5.45715e-10
5.22223e-10
4.99405e-10
4.77123e-10
4.5539e-10
4.3423e-10
4.13659e-10
3.93687e-10
3.74306e-10
3.55528e-10
3.37433e-10
3.20214e-10
3.04216e-10
2.89998e-10
2.7833e-10
2.70037e-10
2.65541e-10
2.64228e-10
2.52258e-10
2.41735e-10
2.35164e-10
2.29422e-10
2.23633e-10
2.17548e-10
2.11109e-10
2.04337e-10
1.97293e-10
1.90062e-10
1.82749e-10
1.75485e-10
1.68445e-10
1.61867e-10
1.56074e-10
1.51481e-10
1.48574e-10
1.47755e-10
1.4896e-10
1.50906e-10
1.00569e-10
9.74702e-11
9.68225e-11
9.66419e-11
9.63202e-11
9.56496e-11
9.45657e-11
9.3071e-11
9.12092e-11
8.90517e-11
8.66948e-11
8.42557e-11
8.18803e-11
7.97514e-11
7.80997e-11
7.72005e-11
7.7348e-11
7.8755e-11
8.12774e-11
8.38077e-11
3.83079e-11
3.75287e-11
3.82051e-11
3.91756e-11
4.00634e-11
4.0725e-11
4.11072e-11
4.1203e-11
4.10354e-11
4.06484e-11
4.01043e-11
3.94812e-11
3.88749e-11
3.84031e-11
3.82094e-11
3.84611e-11
3.93312e-11
4.09352e-11
4.3158e-11
4.52454e-11
1.4081e-11
1.38705e-11
1.45157e-11
1.5359e-11
1.61761e-11
1.68761e-11
1.74223e-11
1.78064e-11
1.80387e-11
1.81423e-11
1.81517e-11
1.81115e-11
1.80773e-11
1.81174e-11
1.83142e-11
1.87631e-11
1.95616e-11
2.07727e-11
2.23229e-11
2.37522e-11
5.10074e-12
4.96831e-12
5.35022e-12
5.8659e-12
6.38208e-12
6.84558e-12
7.23486e-12
7.54401e-12
7.77672e-12
7.94383e-12
8.06241e-12
8.1556e-12
8.25294e-12
8.39124e-12
8.61517e-12
8.97636e-12
9.52777e-12
1.03035e-11
1.12611e-11
1.21369e-11
1.89451e-12
1.75381e-12
1.93697e-12
2.20398e-12
2.47871e-12
2.7333e-12
2.95646e-12
3.14437e-12
3.29781e-12
3.42119e-12
3.52225e-12
3.61212e-12
3.70551e-12
3.82116e-12
3.98215e-12
4.21544e-12
4.54902e-12
5.00137e-12
5.55024e-12
6.05103e-12
7.40548e-13
6.23152e-13
6.99448e-13
8.21945e-13
9.52348e-13
1.07731e-12
1.19105e-12
1.29109e-12
1.37709e-12
1.45054e-12
1.51467e-12
1.57448e-12
1.63693e-12
1.71112e-12
1.80851e-12
1.9428e-12
2.12875e-12
2.37735e-12
2.68015e-12
2.96351e-12
0.001
0.001
0.001
0.001
0.001
0.001
0.001
0.001
0.001
0.001
0.001
0.001
0.001
0.001
0.001
0.001
0.001
0.001
0.001
0.001
0.001
0.001
0.001
0.001
0.001
0.001
0.001
0.001
0.001
0.001
0.001
0.001
0.001
0.001
0.001
0.001
0.001
0.001
0.001
0.001
0.001
0.001
0.001
0.001
0.001
0.001
0.001
0.001
0.001
0.001
0.001
0.001
0.001
0.001
0.001
0.001
0.001
0.001
0.001
0.001
0.001
0.001
0.001
0.001
0.001
0.001
0.001
0.001
0.001
0.001
0.001
0.001
0.001
0.001
0.001
0.001
0.001
0.001
0.001
0.001
0.001
0.001
0.001
0.001
0.001
0.001
0.001
0.001
0.001
0.001
0.001
0.001
0.001
0.001
0.001
0.001
0.001
0.001
0.001
0.001
0.001
0.001
0.001
0.001
0.001
0.001
0.001
0.001
0.001
0.001
0.001
0.001
0.001
0.001
0.001
0.001
0.001
0.001
0.001
0.001
0.001
0.001
0.001
0.001
0.001
0.001
0.001
0.001
0.001
0.001
0.001
0.001
0.001
0.001
0.001
0.001
0.001
0.001
0.001
0.001
0.001
0.001
0.001
0.001
0.001
0.001
0.001
0.001
0.001
0.001
0.001
0.001
0.001
0.001
0.001
0.001
0.001
0.001
0.001
0.001
0.001
0.001
0.001
0.001
0.001
0.001
0.001
0.001
0.001
0.001
0.001
0.001
0.001
0.001
0.001
0.001
0.001
0.001
0.001
0.001
0.001
0.001
0.001
0.001
0.001
0.001
0.001
0.001
0.001
0.001
0.001
0.001
0.001
0.001
0.001
0.001
0.001
0.001
0.001
0.001
0.000999999
0.000999999
0.000999999
0.000999999
0.000999999
0.000999999
0.000999999
0.000999999
0.000999999
0.000999999
0.000999999
0.000999999
0.000999999
0.000999999
0.000999999
0.000999999
0.000999999
0.000999999
0.000999999
0.000999999
0.000999999
0.000999999
0.000999999
0.000999999
0.000999999
0.000999999
0.000999999
0.000999999
0.000999999
0.000999999
0.000999999
0.000999999
0.000999999
0.000999999
0.000999999
0.000999999
0.000999999
0.000999999
0.000999999
0.000999999
0.000999998
0.000999998
0.000999998
0.000999998
0.000999998
0.000999998
0.000999998
0.000999998
0.000999998
0.000999998
0.000999998
0.000999998
0.000999998
0.000999998
0.000999998
0.000999998
0.000999998
0.000999998
0.000999998
0.000999998
0.000999997
0.000999997
0.000999997
0.000999997
0.000999997
0.000999997
0.000999997
0.000999997
0.000999997
0.000999997
0.000999997
0.000999997
0.000999997
0.000999997
0.000999997
0.000999997
0.000999997
0.000999997
0.000999997
0.000999997
0.000999995
0.000999995
0.000999995
0.000999995
0.000999995
0.000999995
0.000999995
0.000999995
0.000999995
0.000999995
0.000999995
0.000999995
0.000999995
0.000999995
0.000999995
0.000999995
0.000999995
0.000999995
0.000999995
0.000999995
0.000999991
0.000999991
0.000999992
0.000999992
0.000999992
0.000999992
0.000999992
0.000999992
0.000999992
0.000999992
0.000999992
0.000999992
0.000999992
0.000999992
0.000999992
0.000999992
0.000999992
0.000999992
0.000999991
0.000999991
0.000999986
0.000999986
0.000999987
0.000999987
0.000999987
0.000999987
0.000999987
0.000999987
0.000999987
0.000999987
0.000999987
0.000999987
0.000999987
0.000999987
0.000999987
0.000999987
0.000999987
0.000999987
0.000999986
0.000999986
0.000999978
0.000999979
0.000999979
0.000999979
0.00099998
0.00099998
0.00099998
0.00099998
0.00099998
0.00099998
0.00099998
0.00099998
0.00099998
0.00099998
0.00099998
0.00099998
0.000999979
0.000999979
0.000999979
0.000999978
0.000999966
0.000999967
0.000999967
0.000999968
0.000999968
0.000999969
0.000999969
0.000999969
0.000999969
0.000999969
0.000999969
0.000999969
0.000999969
0.000999969
0.000999969
0.000999968
0.000999968
0.000999967
0.000999967
0.000999966
0.000999948
0.000999949
0.00099995
0.000999951
0.000999951
0.000999952
0.000999952
0.000999953
0.000999953
0.000999953
0.000999953
0.000999953
0.000999953
0.000999952
0.000999952
0.000999951
0.000999951
0.00099995
0.000999949
0.000999948
0.000999922
0.000999923
0.000999924
0.000999925
0.000999926
0.000999927
0.000999928
0.000999928
0.000999929
0.000999929
0.000999929
0.000999929
0.000999928
0.000999928
0.000999927
0.000999926
0.000999925
0.000999924
0.000999923
0.000999922
0.000999883
0.000999885
0.000999887
0.000999888
0.00099989
0.000999891
0.000999892
0.000999893
0.000999893
0.000999893
0.000999893
0.000999893
0.000999893
0.000999892
0.000999891
0.00099989
0.000999888
0.000999887
0.000999884
0.000999882
0.000999826
0.000999829
0.000999832
0.000999835
0.000999837
0.000999839
0.00099984
0.000999841
0.000999842
0.000999842
0.000999842
0.000999842
0.000999841
0.00099984
0.000999839
0.000999837
0.000999835
0.000999832
0.000999829
0.000999826
0.000999745
0.000999749
0.000999754
0.000999758
0.000999761
0.000999764
0.000999766
0.000999768
0.000999769
0.00099977
0.00099977
0.000999769
0.000999768
0.000999766
0.000999764
0.000999761
0.000999758
0.000999754
0.000999749
0.000999744
0.000999629
0.000999636
0.000999643
0.000999649
0.000999654
0.000999658
0.000999662
0.000999664
0.000999666
0.000999666
0.000999666
0.000999666
0.000999664
0.000999661
0.000999658
0.000999654
0.000999649
0.000999643
0.000999636
0.000999629
0.000999468
0.000999477
0.000999487
0.000999496
0.000999504
0.00099951
0.000999515
0.000999518
0.000999521
0.000999522
0.000999522
0.000999521
0.000999518
0.000999515
0.00099951
0.000999504
0.000999496
0.000999487
0.000999477
0.000999468
0.000999244
0.000999258
0.000999272
0.000999285
0.000999296
0.000999305
0.000999312
0.000999317
0.00099932
0.000999322
0.000999322
0.00099932
0.000999317
0.000999311
0.000999304
0.000999296
0.000999285
0.000999272
0.000999257
0.000999243
0.000998936
0.000998956
0.000998977
0.000998995
0.00099901
0.000999023
0.000999033
0.00099904
0.000999045
0.000999047
0.000999047
0.000999045
0.00099904
0.000999033
0.000999023
0.00099901
0.000998995
0.000998976
0.000998956
0.000998936
0.000998519
0.000998547
0.000998576
0.000998602
0.000998623
0.000998641
0.000998655
0.000998665
0.000998672
0.000998675
0.000998675
0.000998672
0.000998665
0.000998655
0.000998641
0.000998623
0.000998601
0.000998575
0.000998546
0.000998519
0.000997959
0.000997997
0.000998038
0.000998073
0.000998103
0.000998128
0.000998147
0.000998161
0.00099817
0.000998175
0.000998175
0.00099817
0.000998161
0.000998147
0.000998127
0.000998103
0.000998072
0.000998037
0.000997997
0.000997958
0.000997214
0.000997267
0.000997322
0.000997371
0.000997412
0.000997445
0.000997472
0.000997491
0.000997504
0.00099751
0.00099751
0.000997503
0.00099749
0.000997471
0.000997445
0.000997411
0.00099737
0.000997321
0.000997266
0.000997213
0.000996234
0.000996305
0.00099638
0.000996446
0.000996502
0.000996547
0.000996583
0.000996609
0.000996626
0.000996634
0.000996634
0.000996625
0.000996608
0.000996582
0.000996546
0.0009965
0.000996444
0.000996378
0.000996304
0.000996232
0.000994958
0.000995053
0.000995153
0.000995241
0.000995316
0.000995376
0.000995423
0.000995458
0.000995481
0.000995492
0.000995492
0.00099548
0.000995457
0.000995422
0.000995375
0.000995314
0.000995239
0.000995151
0.000995051
0.000994956
0.000993314
0.000993439
0.000993571
0.000993688
0.000993786
0.000993865
0.000993927
0.000993973
0.000994002
0.000994017
0.000994016
0.000994001
0.000993971
0.000993925
0.000993863
0.000993783
0.000993684
0.000993568
0.000993436
0.00099331
0.000991215
0.000991379
0.000991551
0.000991703
0.00099183
0.000991934
0.000992014
0.000992073
0.000992111
0.00099213
0.00099213
0.00099211
0.000992071
0.000992011
0.00099193
0.000991827
0.000991698
0.000991546
0.000991374
0.00099121
0.000988564
0.000988775
0.000988997
0.000989192
0.000989356
0.000989489
0.000989592
0.000989667
0.000989716
0.00098974
0.000989739
0.000989714
0.000989664
0.000989588
0.000989484
0.000989351
0.000989186
0.00098899
0.000988768
0.000988557
0.000985247
0.000985516
0.000985799
0.000986048
0.000986256
0.000986423
0.000986553
0.000986648
0.000986709
0.000986739
0.000986738
0.000986707
0.000986644
0.000986548
0.000986417
0.000986248
0.000986039
0.000985789
0.000985506
0.000985237
0.000981138
0.000981477
0.000981833
0.000982146
0.000982407
0.000982616
0.000982778
0.000982895
0.000982972
0.000983009
0.000983008
0.000982968
0.00098289
0.00098277
0.000982607
0.000982396
0.000982134
0.00098182
0.000981463
0.000981124
0.000976097
0.000976519
0.000976962
0.000977351
0.000977673
0.000977932
0.000978131
0.000978275
0.000978368
0.000978413
0.000978412
0.000978364
0.000978267
0.000978121
0.000977919
0.000977658
0.000977334
0.000976944
0.0009765
0.000976077
0.00096997
0.000970492
0.000971037
0.000971513
0.000971907
0.000972222
0.000972464
0.000972638
0.000972751
0.000972805
0.000972803
0.000972744
0.000972628
0.00097245
0.000972205
0.000971887
0.00097149
0.000971012
0.000970465
0.000969943
0.000962596
0.000963232
0.000963895
0.000964473
0.000964949
0.000965328
0.000965617
0.000965825
0.000965959
0.000966023
0.00096602
0.00096595
0.000965811
0.000965598
0.000965304
0.000964921
0.000964441
0.000963861
0.000963196
0.000962558
0.000953803
0.00095457
0.000955369
0.000956061
0.000956629
0.000957079
0.000957421
0.000957666
0.000957823
0.000957897
0.000957893
0.000957811
0.000957647
0.000957395
0.000957046
0.000956591
0.000956019
0.000955323
0.000954521
0.000953752
0.000943416
0.000944333
0.000945284
0.000946104
0.000946774
0.000947301
0.0009477
0.000947984
0.000948166
0.000948252
0.000948246
0.00094815
0.000947959
0.000947665
0.000947258
0.000946723
0.000946047
0.000945222
0.000944267
0.000943348
0.000931262
0.000932346
0.000933466
0.000934427
0.000935207
0.000935818
0.000936277
0.000936603
0.00093681
0.000936907
0.0009369
0.000936789
0.000936569
0.000936231
0.000935761
0.00093514
0.000934352
0.000933384
0.000932259
0.000931172
0.000917172
0.00091844
0.000919746
0.00092086
0.000921758
0.000922457
0.000922979
0.000923347
0.000923579
0.000923687
0.000923678
0.000923552
0.000923303
0.000922919
0.000922382
0.00092167
0.000920761
0.000919638
0.000918326
0.000917053
0.000900989
0.000902458
0.000903964
0.000905242
0.000906265
0.000907055
0.000907642
0.000908052
0.000908309
0.000908427
0.000908416
0.000908275
0.000907996
0.000907564
0.000906959
0.000906152
0.000905114
0.000903825
0.00090231
0.000900836
0.000882577
0.000884262
0.000885982
0.000887432
0.000888586
0.000889469
0.000890119
0.000890571
0.000890851
0.000890979
0.000890964
0.000890807
0.000890499
0.000890021
0.000889346
0.000888441
0.000887269
0.000885804
0.000884073
0.000882382
0.000861827
0.00086374
0.000865685
0.000867316
0.000868602
0.000869578
0.000870291
0.000870781
0.000871082
0.000871217
0.000871199
0.000871027
0.00087069
0.000870167
0.000869423
0.000868419
0.00086711
0.000865462
0.000863502
0.000861581
0.000838664
0.000840815
0.000842995
0.000844809
0.000846229
0.000847297
0.000848068
0.000848592
0.000848911
0.000849051
0.000849028
0.000848842
0.00084848
0.000847914
0.000847104
0.000846003
0.000844555
0.000842718
0.000840521
0.000838361
0.000813062
0.000815456
0.000817875
0.000819874
0.000821425
0.000822579
0.000823403
0.000823956
0.000824288
0.000824431
0.000824403
0.000824204
0.000823818
0.000823214
0.000822344
0.000821149
0.000819564
0.000817537
0.000815098
0.000812692
0.000785042
0.00078768
0.000790338
0.00079252
0.000794195
0.000795429
0.000796297
0.000796872
0.00079721
0.000797352
0.000797318
0.000797109
0.000796705
0.000796069
0.000795145
0.000793863
0.000792147
0.000789933
0.000787251
0.000784599
0.000754685
0.000757562
0.000760452
0.000762809
0.000764602
0.000765904
0.000766806
0.000767393
0.000767731
0.000767868
0.000767827
0.00076761
0.000767195
0.000766536
0.000765567
0.000764208
0.000762369
0.000759975
0.000757057
0.000754163
0.000722128
0.000725233
0.000728346
0.000730867
0.000732763
0.000734121
0.000735046
0.000735633
0.000735963
0.00073609
0.000736042
0.000735821
0.000735401
0.000734729
0.000733729
0.000732305
0.000730355
0.000727792
0.000724649
0.000721526
0.000687571
0.000690887
0.000694206
0.000696874
0.00069886
0.00070026
0.000701192
0.000701769
0.000702081
0.000702193
0.000702138
0.000701917
0.0007015
0.000700827
0.000699809
0.000698335
0.00069629
0.000693575
0.000690225
0.000686889
0.000651268
0.000654774
0.000658276
0.000661073
0.000663132
0.000664559
0.000665486
0.000666038
0.000666324
0.000666416
0.000666353
0.000666137
0.000665733
0.000665072
0.000664049
0.000662542
0.000660418
0.000657572
0.000654037
0.000650511
0.000613527
0.000617197
0.000620854
0.000623759
0.000625874
0.000627313
0.000628221
0.000628739
0.000628989
0.000629058
0.000628987
0.00062878
0.000628398
0.000627759
0.000626747
0.000625222
0.000623039
0.000620084
0.000616392
0.000612702
0.000574701
0.000578504
0.000582287
0.000585274
0.000587427
0.000588866
0.000589745
0.000590219
0.000590427
0.000590467
0.000590389
0.000590195
0.000589843
0.000589239
0.000588249
0.00058672
0.000584498
0.000581461
0.000577644
0.000573822
0.000535183
0.000539082
0.000542956
0.000545998
0.000548169
0.000549596
0.000550438
0.000550863
0.000551025
0.000551036
0.000550951
0.000550774
0.000550457
0.000549895
0.000548937
0.000547419
0.000545178
0.000542087
0.000538182
0.000534265
0.000495387
0.000499341
0.000503266
0.000506332
0.000508503
0.000509908
0.000510709
0.000511083
0.000511201
0.000511183
0.000511093
0.000510934
0.000510653
0.000510136
0.000509218
0.000507722
0.000505483
0.000502372
0.000498419
0.000494449
0.000455734
0.0004597
0.000463632
0.000466689
0.000468841
0.000470215
0.000470973
0.000471302
0.000471382
0.000471343
0.000471249
0.000471105
0.000470856
0.000470383
0.000469509
0.000468045
0.000465829
0.00046273
0.000458775
0.000454796
0.000416637
0.000420569
0.000424462
0.000427479
0.000429592
0.000430929
0.000431648
0.000431939
0.000431992
0.000431938
0.000431843
0.000431711
0.000431488
0.000431053
0.000430221
0.000428799
0.000426625
0.000423572
0.000419661
0.00041572
0.000378487
0.000382341
0.000386151
0.000389094
0.000391152
0.000392445
0.000393129
0.000393393
0.000393429
0.000393367
0.000393273
0.000393151
0.000392949
0.000392545
0.000391753
0.000390379
0.000388267
0.000385292
0.00038147
0.000377611
0.000341642
0.000345376
0.000349061
0.000351903
0.000353887
0.000355131
0.000355781
0.000356026
0.000356054
0.000355991
0.000355901
0.000355788
0.0003556
0.000355222
0.00035447
0.000353153
0.00035112
0.000348252
0.00034456
0.000340824
0.000306413
0.00030999
0.000313514
0.000316228
0.000318124
0.000319311
0.000319929
0.000320159
0.000320185
0.000320127
0.000320043
0.000319936
0.000319761
0.000319407
0.000318696
0.000317443
0.000315505
0.000312771
0.000309244
0.000305668
0.000273057
0.000276447
0.00027978
0.000282345
0.000284138
0.000285261
0.000285845
0.000286065
0.000286094
0.000286044
0.000285966
0.000285867
0.000285703
0.000285371
0.000284704
0.000283523
0.000281694
0.000279114
0.000275782
0.000272395
0.000241773
0.000244952
0.000248072
0.000250471
0.00025215
0.000253202
0.000253751
0.000253962
0.000253996
0.000253956
0.000253889
0.000253798
0.000253643
0.000253333
0.000252711
0.000251608
0.0002499
0.000247489
0.000244373
0.000241199
0.000212701
0.000215653
0.000218544
0.000220767
0.000222323
0.0002233
0.000223811
0.000224012
0.000224053
0.000224026
0.00022397
0.000223888
0.000223743
0.000223454
0.000222878
0.000221859
0.000220278
0.000218046
0.00021516
0.000212214
0.000185923
0.00018864
0.000191295
0.000193335
0.000194764
0.000195663
0.000196136
0.000196327
0.000196374
0.000196357
0.000196314
0.000196241
0.000196107
0.000195839
0.000195311
0.000194376
0.000192927
0.00019088
0.000188231
0.000185521
0.000161474
0.000163951
0.000166368
0.000168224
0.000169525
0.000170345
0.00017078
0.000170962
0.000171015
0.000171009
0.000170974
0.000170909
0.000170786
0.00017054
0.00017006
0.000169211
0.000167893
0.000166033
0.000163621
0.000161151
0.000139341
0.00014158
0.000143761
0.000145435
0.000146611
0.000147353
0.000147751
0.000147925
0.000147982
0.000147985
0.000147956
0.000147897
0.000147784
0.000147562
0.000147129
0.000146363
0.000145175
0.000143497
0.000141321
0.000139087
0.000119471
0.00012148
0.000123432
0.00012493
0.000125983
0.00012665
0.000127012
0.000127176
0.000127235
0.000127243
0.00012722
0.000127168
0.000127065
0.000126866
0.000126478
0.000125792
0.000124729
0.000123228
0.000121279
0.000119276
0.000101781
0.000103567
0.000105301
0.000106631
0.000107567
0.000108163
0.000108488
0.00010864
0.000108698
0.000108709
0.000108692
0.000108647
0.000108556
0.000108377
0.000108032
0.000107423
0.000106479
0.000105145
0.000103413
0.000101632
8.61584e-05
8.77337e-05
8.92614e-05
9.04337e-05
9.1259e-05
9.17856e-05
9.20763e-05
9.22148e-05
9.227e-05
9.22829e-05
9.22702e-05
9.22321e-05
9.21518e-05
9.19928e-05
9.16869e-05
9.11498e-05
9.03177e-05
8.91421e-05
8.76148e-05
8.60418e-05
7.24696e-05
7.38484e-05
7.51841e-05
7.62092e-05
7.69313e-05
7.73931e-05
7.76499e-05
7.77745e-05
7.7826e-05
7.78401e-05
7.78303e-05
7.77977e-05
7.77274e-05
7.7587e-05
7.7318e-05
7.68475e-05
7.61192e-05
7.50904e-05
7.37535e-05
7.23753e-05
6.05682e-05
6.17659e-05
6.2925e-05
6.38145e-05
6.44414e-05
6.4843e-05
6.50674e-05
6.51781e-05
6.52254e-05
6.52394e-05
6.52326e-05
6.52044e-05
6.51422e-05
6.50188e-05
6.4784e-05
6.43746e-05
6.37417e-05
6.28479e-05
6.16861e-05
6.04878e-05
5.02999e-05
5.13324e-05
5.23309e-05
5.30969e-05
5.3637e-05
5.39832e-05
5.41776e-05
5.42744e-05
5.43171e-05
5.43307e-05
5.4325e-05
5.43004e-05
5.42459e-05
5.4138e-05
5.39343e-05
5.35806e-05
5.30345e-05
5.22635e-05
5.12612e-05
5.02271e-05
4.15075e-05
4.23911e-05
4.32449e-05
4.38996e-05
4.43612e-05
4.46573e-05
4.48241e-05
4.49078e-05
4.49452e-05
4.49575e-05
4.49524e-05
4.49304e-05
4.48829e-05
4.47894e-05
4.4614e-05
4.43105e-05
4.38425e-05
4.31821e-05
4.23237e-05
4.14378e-05
3.40352e-05
3.47857e-05
3.55104e-05
3.60659e-05
3.64573e-05
3.67085e-05
3.68502e-05
3.69216e-05
3.69535e-05
3.69637e-05
3.69593e-05
3.69397e-05
3.68981e-05
3.68173e-05
3.66672e-05
3.64086e-05
3.60104e-05
3.54488e-05
3.47189e-05
3.39656e-05
2.77319e-05
2.83646e-05
2.89752e-05
2.94429e-05
2.97724e-05
2.99836e-05
3.01026e-05
3.01625e-05
3.01894e-05
3.01975e-05
3.01931e-05
3.01758e-05
3.01395e-05
3.00698e-05
2.99419e-05
2.97231e-05
2.93866e-05
2.89123e-05
2.82961e-05
2.76604e-05
2.24538e-05
2.29831e-05
2.34938e-05
2.38848e-05
2.41599e-05
2.43359e-05
2.44348e-05
2.44842e-05
2.45061e-05
2.45124e-05
2.45079e-05
2.44924e-05
2.44606e-05
2.44009e-05
2.42926e-05
2.41085e-05
2.38261e-05
2.34283e-05
2.29118e-05
2.23791e-05
1.80663e-05
1.85059e-05
1.89298e-05
1.92542e-05
1.94821e-05
1.96276e-05
1.97087e-05
1.97487e-05
1.97659e-05
1.97704e-05
1.97658e-05
1.97517e-05
1.97241e-05
1.9673e-05
1.95818e-05
1.94279e-05
1.91924e-05
1.8861e-05
1.8431e-05
1.79879e-05
1.44457e-05
1.4808e-05
1.51573e-05
1.54243e-05
1.56116e-05
1.57307e-05
1.57965e-05
1.58282e-05
1.58412e-05
1.58438e-05
1.5839e-05
1.58263e-05
1.58021e-05
1.57586e-05
1.56823e-05
1.55543e-05
1.53591e-05
1.50849e-05
1.47294e-05
1.43634e-05
1.14795e-05
1.17758e-05
1.20613e-05
1.22794e-05
1.2432e-05
1.25285e-05
1.25812e-05
1.26059e-05
1.26151e-05
1.26161e-05
1.26109e-05
1.25993e-05
1.25782e-05
1.25414e-05
1.24775e-05
1.23716e-05
1.22108e-05
1.19853e-05
1.16934e-05
1.13934e-05
9.06682e-06
9.30722e-06
9.53877e-06
9.71541e-06
9.8387e-06
9.91618e-06
9.95774e-06
9.97632e-06
9.9824e-06
9.98171e-06
9.97615e-06
9.96556e-06
9.94726e-06
9.91595e-06
9.86269e-06
9.77544e-06
9.64376e-06
9.45951e-06
9.22142e-06
8.97709e-06
7.1184e-06
7.31189e-06
7.49815e-06
7.64001e-06
7.73869e-06
7.80018e-06
7.83244e-06
7.84583e-06
7.84907e-06
7.8469e-06
7.84111e-06
7.83136e-06
7.81526e-06
7.78865e-06
7.74442e-06
7.6729e-06
7.56562e-06
7.41595e-06
7.22298e-06
7.02542e-06
5.55606e-06
5.7105e-06
5.85905e-06
5.97196e-06
6.05013e-06
6.09833e-06
6.12286e-06
6.13196e-06
6.13276e-06
6.12939e-06
6.12332e-06
6.11406e-06
6.09983e-06
6.07728e-06
6.0406e-06
5.98219e-06
5.8952e-06
5.77428e-06
5.61884e-06
5.4602e-06
4.31212e-06
4.43433e-06
4.55171e-06
4.6407e-06
4.70192e-06
4.73913e-06
4.75733e-06
4.76301e-06
4.7619e-06
4.75745e-06
4.75093e-06
4.7421e-06
4.72949e-06
4.71025e-06
4.67979e-06
4.63218e-06
4.56192e-06
4.46473e-06
4.34026e-06
4.21373e-06
3.32862e-06
3.42443e-06
3.51629e-06
3.58566e-06
3.63297e-06
3.66116e-06
3.6742e-06
3.67719e-06
3.6746e-06
3.66925e-06
3.66235e-06
3.65386e-06
3.64252e-06
3.62595e-06
3.60057e-06
3.56179e-06
3.50521e-06
3.42742e-06
3.32831e-06
3.22806e-06
2.55647e-06
2.63084e-06
2.70193e-06
2.75533e-06
2.79132e-06
2.81215e-06
2.82101e-06
2.82185e-06
2.81816e-06
2.81216e-06
2.80501e-06
2.79672e-06
2.78631e-06
2.7719e-06
2.75067e-06
2.71904e-06
2.67356e-06
2.61153e-06
2.533e-06
2.45411e-06
1.95443e-06
2.01152e-06
2.06587e-06
2.10637e-06
2.13318e-06
2.14806e-06
2.15351e-06
2.15263e-06
2.14813e-06
2.14177e-06
2.13444e-06
2.12629e-06
2.11661e-06
2.10393e-06
2.08604e-06
2.06016e-06
2.02362e-06
1.97429e-06
1.91235e-06
1.85066e-06
1.48822e-06
1.53151e-06
1.57246e-06
1.60261e-06
1.62205e-06
1.63211e-06
1.63481e-06
1.63255e-06
1.62744e-06
1.62087e-06
1.61353e-06
1.60556e-06
1.59647e-06
1.58517e-06
1.56993e-06
1.54865e-06
1.51925e-06
1.48008e-06
1.43142e-06
1.3835e-06
1.12962e-06
1.16198e-06
1.19228e-06
1.21418e-06
1.22772e-06
1.23393e-06
1.23441e-06
1.23105e-06
1.22549e-06
1.21879e-06
1.21154e-06
1.20382e-06
1.19528e-06
1.18509e-06
1.17198e-06
1.15435e-06
1.13061e-06
1.09952e-06
1.06144e-06
1.02444e-06
8.55621e-07
8.79374e-07
9.01275e-07
9.16636e-07
9.2547e-07
9.28603e-07
9.27317e-07
9.23088e-07
9.17179e-07
9.10441e-07
9.03318e-07
8.9589e-07
8.87883e-07
8.78666e-07
8.67288e-07
8.52575e-07
8.33329e-07
8.08641e-07
7.78923e-07
7.50553e-07
6.47611e-07
6.64646e-07
6.79959e-07
6.90149e-07
6.95237e-07
6.95911e-07
6.93212e-07
6.883e-07
6.82154e-07
6.75434e-07
6.68487e-07
6.61378e-07
6.5389e-07
6.45544e-07
6.3563e-07
6.23282e-07
6.07619e-07
5.88001e-07
5.64885e-07
5.43279e-07
4.9071e-07
5.02514e-07
5.1266e-07
5.18751e-07
5.20847e-07
5.19553e-07
5.1573e-07
5.10295e-07
5.04005e-07
4.97368e-07
4.9065e-07
4.83892e-07
4.76926e-07
4.69384e-07
4.60736e-07
4.50346e-07
4.37574e-07
4.21991e-07
4.04082e-07
3.87756e-07
3.73106e-07
3.80824e-07
3.86882e-07
3.89685e-07
3.8937e-07
3.86494e-07
3.81785e-07
3.75972e-07
3.69636e-07
3.63159e-07
3.56734e-07
3.50381e-07
3.4396e-07
3.37188e-07
3.29668e-07
3.20932e-07
3.10525e-07
2.98179e-07
2.84383e-07
2.72163e-07
2.85508e-07
2.8997e-07
2.92715e-07
2.92818e-07
2.90529e-07
2.86382e-07
2.81e-07
2.74957e-07
2.68688e-07
2.62469e-07
2.56424e-07
2.50547e-07
2.44717e-07
2.38708e-07
2.32222e-07
2.24918e-07
2.16477e-07
2.06755e-07
1.96218e-07
1.87177e-07
2.20652e-07
2.2238e-07
2.22313e-07
2.20129e-07
2.16207e-07
2.11066e-07
2.05228e-07
1.99127e-07
1.93069e-07
1.8723e-07
1.81672e-07
1.7636e-07
1.71179e-07
1.65948e-07
1.60438e-07
1.54402e-07
1.47624e-07
1.40048e-07
1.32101e-07
1.25514e-07
1.72854e-07
1.72077e-07
1.6948e-07
1.6532e-07
1.60084e-07
1.54246e-07
1.48207e-07
1.42262e-07
1.36591e-07
1.31279e-07
1.26327e-07
1.21673e-07
1.17205e-07
1.12771e-07
1.08195e-07
1.03299e-07
9.79445e-08
9.21345e-08
8.62407e-08
8.15331e-08
1.37523e-07
1.34486e-07
1.29623e-07
1.23829e-07
1.17656e-07
1.11472e-07
1.05528e-07
9.997e-08
9.48636e-08
9.02084e-08
8.59567e-08
8.20248e-08
7.8302e-08
7.46594e-08
7.09599e-08
6.70759e-08
6.29238e-08
5.85383e-08
5.42294e-08
5.09143e-08
1.60681e-13
1.6293e-13
1.85993e-13
2.19721e-13
2.571e-13
2.94436e-13
3.2979e-13
3.6221e-13
3.91437e-13
4.17803e-13
4.42209e-13
4.66142e-13
4.91715e-13
5.21702e-13
5.5954e-13
6.09171e-13
6.74443e-13
7.57226e-13
8.52317e-13
9.35038e-13
3.24838e-14
3.45552e-14
3.97337e-14
4.70201e-14
5.5348e-14
6.39813e-14
7.24612e-14
8.05318e-14
8.80999e-14
9.52178e-14
1.02078e-13
1.09017e-13
1.16519e-13
1.2522e-13
1.35889e-13
1.49378e-13
1.66456e-13
1.87385e-13
2.108e-13
2.30944e-13
7.02833e-15
7.48397e-15
8.55559e-15
1.00862e-14
1.18895e-14
1.38197e-14
1.57758e-14
1.76954e-14
1.95521e-14
2.13525e-14
2.31362e-14
2.49752e-14
2.6975e-14
2.92729e-14
3.20331e-14
3.54319e-14
3.96255e-14
4.46633e-14
5.02528e-14
5.51033e-14
1.56513e-15
1.64648e-15
1.85768e-15
2.17199e-15
2.5543e-15
2.97554e-15
3.41405e-15
3.85553e-15
4.29314e-15
4.72742e-15
5.16612e-15
5.62412e-15
6.1234e-15
6.69259e-15
7.36551e-15
8.17831e-15
9.16316e-15
1.03323e-14
1.16286e-14
1.27691e-14
3.52496e-16
3.65412e-16
4.05748e-16
4.69194e-16
5.48974e-16
6.3926e-16
7.35494e-16
8.34481e-16
9.3456e-16
1.03565e-15
1.13922e-15
1.24823e-15
1.36714e-15
1.50176e-15
1.65894e-15
1.84603e-15
2.06978e-15
2.33338e-15
2.6264e-15
2.88785e-15
7.96044e-17
8.13719e-17
8.88863e-17
1.01524e-16
1.17969e-16
1.37051e-16
1.57824e-16
1.79585e-16
2.01944e-16
2.2484e-16
2.4854e-16
2.7362e-16
3.00959e-16
3.31716e-16
3.67266e-16
4.09103e-16
4.58645e-16
5.16714e-16
5.81498e-16
6.40075e-16
1.79434e-17
1.8114e-17
1.94806e-17
2.19699e-17
2.53252e-17
2.93128e-17
3.37369e-17
3.84457e-17
4.33486e-17
4.84237e-17
5.37167e-17
5.93369e-17
6.54547e-17
7.22978e-17
8.014e-17
8.92852e-17
1.00033e-16
1.12586e-16
1.26645e-16
1.39513e-16
4.02653e-18
4.02094e-18
4.26278e-18
4.74802e-18
5.42664e-18
6.25192e-18
7.18366e-18
8.18925e-18
9.24803e-18
1.03534e-17
1.15128e-17
1.27463e-17
1.40864e-17
1.55773e-17
1.72731e-17
1.92358e-17
2.15291e-17
2.42013e-17
2.72059e-17
2.99857e-17
8.98186e-19
8.88599e-19
9.29941e-19
1.02357e-18
1.15975e-18
1.32911e-18
1.52344e-18
1.73578e-18
1.96149e-18
2.1988e-18
2.44873e-18
2.71492e-18
3.00343e-18
3.32269e-18
3.68339e-18
4.09834e-18
4.58108e-18
5.14285e-18
5.77688e-18
6.36908e-18
1.98992e-19
1.95295e-19
2.02032e-19
2.19913e-19
2.47039e-19
2.81531e-19
3.21711e-19
3.66109e-19
4.13695e-19
4.64015e-19
5.17181e-19
5.73818e-19
6.35015e-19
7.02373e-19
7.78052e-19
8.64713e-19
9.65229e-19
1.08212e-18
1.21451e-18
1.33921e-18
4.37649e-20
4.26571e-20
4.3678e-20
4.70565e-20
5.24221e-20
5.93965e-20
6.76396e-20
7.68413e-20
8.67755e-20
9.73306e-20
1.08507e-19
1.20405e-19
1.33218e-19
1.47256e-19
1.62957e-19
1.80877e-19
2.01617e-19
2.25732e-19
2.53134e-19
2.79129e-19
9.55296e-21
9.25621e-21
9.39197e-21
1.00231e-20
1.10771e-20
1.24781e-20
1.41571e-20
1.6049e-20
1.81043e-20
2.0296e-20
2.26194e-20
2.50897e-20
2.77431e-20
3.064e-20
3.38682e-20
3.75423e-20
4.1789e-20
4.67271e-20
5.23558e-20
5.77292e-20
2.06938e-21
1.9949e-21
2.00793e-21
2.12438e-21
2.33005e-21
2.60972e-21
2.94939e-21
3.33545e-21
3.75698e-21
4.2077e-21
4.68573e-21
5.19352e-21
5.73801e-21
6.33083e-21
6.98932e-21
7.73719e-21
8.60077e-21
9.60546e-21
1.0754e-20
1.18564e-20
4.44881e-22
4.26979e-22
4.26714e-22
4.47903e-22
4.87768e-22
5.43253e-22
6.11518e-22
6.89709e-22
7.75455e-22
8.67301e-22
9.64776e-22
1.06832e-21
1.17915e-21
1.29951e-21
1.43288e-21
1.58412e-21
1.75866e-21
1.96188e-21
2.19485e-21
2.4195e-21
9.49256e-23
9.07569e-23
9.01278e-23
9.39223e-23
1.01597e-22
1.12539e-22
1.26169e-22
1.4189e-22
1.59193e-22
1.7776e-22
1.97484e-22
2.18435e-22
2.40835e-22
2.65102e-22
2.91932e-22
3.22328e-22
3.5741e-22
3.98297e-22
4.45293e-22
4.90791e-22
2.01053e-23
1.91581e-23
1.89182e-23
1.9585e-23
2.10521e-23
2.31968e-23
2.5901e-23
2.90396e-23
3.25057e-23
3.62324e-23
4.01945e-23
4.44033e-23
4.89001e-23
5.37615e-23
5.91255e-23
6.52e-23
7.22142e-23
8.0399e-23
8.98304e-23
9.89925e-23
4.22754e-24
4.01655e-24
3.94628e-24
4.06075e-24
4.33918e-24
4.75699e-24
5.29008e-24
5.91243e-24
6.60217e-24
7.34525e-24
8.13573e-24
8.9756e-24
9.87211e-24
1.08401e-23
1.19067e-23
1.31142e-23
1.45095e-23
1.61401e-23
1.80234e-23
1.98585e-23
8.82636e-25
8.36416e-25
8.18073e-25
8.3715e-25
8.89595e-25
9.70483e-25
1.07491e-24
1.19751e-24
1.33381e-24
1.48099e-24
1.63786e-24
1.80439e-24
1.98197e-24
2.17357e-24
2.38455e-24
2.6234e-24
2.89963e-24
3.22292e-24
3.5972e-24
3.96281e-24
1.83004e-25
1.73024e-25
1.68542e-25
1.71598e-25
1.814e-25
1.96961e-25
2.17281e-25
2.41266e-25
2.68028e-25
2.9701e-25
3.27956e-25
3.60804e-25
3.9578e-25
4.33483e-25
4.74995e-25
5.22009e-25
5.76436e-25
6.40241e-25
7.14266e-25
7.86741e-25
3.76867e-26
3.55591e-26
3.45106e-26
3.49722e-26
3.67892e-26
3.97634e-26
4.36917e-26
4.83554e-26
5.35811e-26
5.92558e-26
6.53189e-26
7.17601e-26
7.86157e-26
8.59972e-26
9.41226e-26
1.03332e-25
1.14006e-25
1.26541e-25
1.41113e-25
1.55408e-25
7.70948e-27
7.26101e-27
7.02337e-27
7.08648e-27
7.4202e-27
7.98492e-27
8.7399e-27
9.64212e-27
1.0657e-26
1.17609e-26
1.29418e-26
1.41976e-26
1.55339e-26
1.6972e-26
1.85549e-26
2.03504e-26
2.24343e-26
2.48856e-26
2.77408e-26
3.05464e-26
1.56685e-27
1.4733e-27
1.42073e-27
1.42773e-27
1.48843e-27
1.59499e-27
1.7393e-27
1.91286e-27
2.10875e-27
2.32231e-27
2.55107e-27
2.79442e-27
3.0535e-27
3.33235e-27
3.63929e-27
3.98774e-27
4.39275e-27
4.86996e-27
5.42677e-27
5.97474e-27
3.16418e-28
2.9709e-28
2.85689e-28
2.86021e-28
2.96953e-28
3.16933e-28
3.44357e-28
3.77538e-28
4.15119e-28
4.56211e-28
5.00284e-28
5.47192e-28
5.97164e-28
6.50974e-28
7.10228e-28
7.77549e-28
8.55912e-28
9.48396e-28
1.05647e-27
1.16298e-27
6.35011e-29
5.95436e-29
5.71118e-29
5.69786e-29
5.89254e-29
6.26468e-29
6.78255e-29
7.41316e-29
8.13034e-29
8.91624e-29
9.76083e-29
1.06607e-28
1.16197e-28
1.2653e-28
1.3792e-28
1.50871e-28
1.65966e-28
1.83808e-28
2.04687e-28
2.25288e-28
1.26662e-29
1.18626e-29
1.13512e-29
1.12877e-29
1.163e-29
1.23181e-29
1.32899e-29
1.44819e-29
1.58433e-29
1.73381e-29
1.89477e-29
2.06649e-29
2.24965e-29
2.44721e-29
2.66518e-29
2.91325e-29
3.20274e-29
3.54542e-29
3.9469e-29
4.34342e-29
2.51133e-30
2.34943e-30
2.24322e-30
2.22382e-30
2.28313e-30
2.40945e-30
2.59068e-30
2.81471e-30
3.07166e-30
3.35461e-30
3.65975e-30
3.98575e-30
4.33394e-30
4.70992e-30
5.12522e-30
5.59835e-30
6.15115e-30
6.80635e-30
7.57474e-30
8.33434e-30
4.94995e-31
4.62619e-31
4.40805e-31
4.35723e-31
4.45827e-31
4.68843e-31
5.02438e-31
5.44294e-31
5.92516e-31
6.4581e-31
7.03387e-31
7.64958e-31
8.3082e-31
9.02053e-31
9.80844e-31
1.0707e-30
1.17581e-30
1.30053e-30
1.44692e-30
1.59174e-30
9.70025e-32
9.05746e-32
8.61391e-32
8.49111e-32
8.65976e-32
9.07593e-32
9.69479e-32
1.04721e-31
1.13723e-31
1.23706e-31
1.34513e-31
1.4609e-31
1.5849e-31
1.71926e-31
1.86812e-31
2.03806e-31
2.23705e-31
2.47343e-31
2.75108e-31
3.02592e-31
1.89013e-32
1.7634e-32
1.67404e-32
1.64585e-32
1.67329e-32
1.74792e-32
1.86118e-32
2.00473e-32
2.17186e-32
2.35772e-32
2.55953e-32
2.7762e-32
3.00871e-32
3.26106e-32
3.54112e-32
3.86121e-32
4.23643e-32
4.68253e-32
5.20671e-32
5.72594e-32
3.66244e-33
3.41425e-33
3.23579e-33
3.17331e-33
3.21646e-33
3.3491e-33
3.555e-33
3.81857e-33
4.12701e-33
4.47123e-33
4.84612e-33
5.24968e-33
5.68381e-33
6.15585e-33
6.68068e-33
7.28127e-33
7.98592e-33
8.82426e-33
9.80951e-33
1.07858e-32
7.05756e-34
6.57472e-34
6.22119e-34
6.08639e-34
6.15107e-34
6.38457e-34
6.75617e-34
7.23682e-34
7.80282e-34
8.43732e-34
9.13037e-34
9.87848e-34
1.06854e-33
1.15649e-33
1.25445e-33
1.36672e-33
1.49853e-33
1.65543e-33
1.8398e-33
2.02253e-33
1.35262e-34
1.25929e-34
1.1898e-34
1.16131e-34
1.1703e-34
1.21097e-34
1.27753e-34
1.36463e-34
1.46792e-34
1.58428e-34
1.71182e-34
1.84987e-34
1.99917e-34
2.16235e-34
2.34452e-34
2.55357e-34
2.7992e-34
3.09165e-34
3.43519e-34
3.77555e-34
2.57848e-35
2.39923e-35
2.26358e-35
2.20441e-35
2.21526e-35
2.28525e-35
2.40365e-35
2.56057e-35
2.74801e-35
2.96029e-35
3.19387e-35
3.44743e-35
3.72245e-35
4.02396e-35
4.36143e-35
4.74927e-35
5.20522e-35
5.74814e-35
6.38547e-35
7.01648e-35
4.8892e-36
4.54706e-36
4.28412e-36
4.16297e-36
4.17197e-36
4.29096e-36
4.50002e-36
4.78109e-36
5.11944e-36
5.50463e-36
5.93034e-36
6.39398e-36
6.89837e-36
7.45312e-36
8.07583e-36
8.79263e-36
9.63578e-36
1.06397e-35
1.1817e-35
1.29813e-35
9.22184e-37
8.57283e-37
8.06654e-37
7.82161e-37
7.81743e-37
8.01685e-37
8.38327e-37
8.88375e-37
9.49149e-37
1.01872e-36
1.0959e-36
1.18027e-36
1.27238e-36
1.37403e-36
1.48848e-36
1.62044e-36
1.77575e-36
1.96063e-36
2.17717e-36
2.39099e-36
1.73031e-37
1.60795e-37
1.5111e-37
1.46214e-37
1.45749e-37
1.49037e-37
1.5541e-37
1.64272e-37
1.75134e-37
1.87638e-37
2.01563e-37
2.16841e-37
2.33588e-37
2.5214e-37
2.7309e-37
2.97287e-37
3.25784e-37
3.59698e-37
3.99352e-37
4.38431e-37
3.22985e-38
3.00055e-38
2.81648e-38
2.7196e-38
2.70389e-38
2.75706e-38
2.86703e-38
3.02299e-38
3.21605e-38
3.43964e-38
3.68977e-38
3.96524e-38
4.26842e-38
4.60559e-38
4.98751e-38
5.42947e-38
5.95036e-38
6.56997e-38
7.29297e-38
8.00371e-38
5.99819e-39
5.57106e-39
5.22344e-39
5.03362e-39
4.99167e-39
5.07562e-39
5.26364e-39
5.53622e-39
5.8773e-39
6.275e-39
6.72222e-39
7.21699e-39
7.76369e-39
8.37398e-39
9.06754e-39
9.87177e-39
1.08203e-38
1.19478e-38
1.32602e-38
1.45466e-38
1.10834e-39
1.02923e-39
9.63985e-40
9.27124e-40
9.17067e-40
9.29905e-40
9.61716e-40
1.009e-39
1.06888e-39
1.13924e-39
1.21884e-39
1.30733e-39
1.40555e-39
1.51563e-39
1.64113e-39
1.78694e-39
1.95901e-39
2.16337e-39
2.40051e-39
2.63228e-39
2.03784e-40
1.89212e-40
1.77038e-40
1.69939e-40
1.67673e-40
1.69551e-40
1.74872e-40
1.83013e-40
1.93461e-40
2.05843e-40
2.19941e-40
2.35702e-40
2.53283e-40
2.73071e-40
2.95701e-40
3.22042e-40
3.53141e-40
3.90029e-40
4.32699e-40
4.74267e-40
3.72846e-41
3.46149e-41
3.2356e-41
3.09995e-41
3.05099e-41
3.07669e-41
3.16461e-41
3.30369e-41
3.4849e-41
3.70167e-41
3.95024e-41
4.2298e-41
4.54329e-41
4.89771e-41
5.30432e-41
5.77841e-41
6.3383e-41
7.00151e-41
7.76607e-41
8.50825e-41
6.78839e-42
6.30182e-42
5.88487e-42
5.62756e-42
5.52506e-42
5.55644e-42
5.6998e-42
5.93565e-42
6.24812e-42
6.62573e-42
7.06202e-42
7.55585e-42
8.11269e-42
8.74505e-42
9.47281e-42
1.03228e-41
1.13268e-41
1.25144e-41
1.38787e-41
1.51981e-41
1.22995e-42
1.14171e-42
1.06515e-42
1.0167e-42
9.95766e-43
9.98743e-43
1.02179e-42
1.0615e-42
1.11508e-42
1.18054e-42
1.25678e-42
1.34366e-42
1.44217e-42
1.55454e-42
1.68427e-42
1.83604e-42
2.01533e-42
2.22711e-42
2.46959e-42
2.70314e-42
2.21754e-43
2.05842e-43
1.91858e-43
1.82801e-43
1.78614e-43
1.7868e-43
1.82329e-43
1.88964e-43
1.98103e-43
2.09399e-43
2.22665e-43
2.37885e-43
2.5524e-43
2.75125e-43
2.98153e-43
3.25136e-43
3.57017e-43
3.94621e-43
4.37539e-43
4.78689e-43
3.97838e-44
3.69308e-44
3.43914e-44
3.27108e-44
3.18884e-44
3.18188e-44
3.23863e-44
3.34871e-44
3.50375e-44
3.69779e-44
3.92765e-44
4.19317e-44
4.49765e-44
4.84806e-44
5.25504e-44
5.73267e-44
6.29707e-44
6.96185e-44
7.71809e-44
8.43959e-44
7.10226e-45
6.59344e-45
6.13507e-45
5.82559e-45
5.66657e-45
5.64024e-45
5.72667e-45
5.90794e-45
6.16957e-45
6.50136e-45
6.89795e-45
7.35927e-45
7.89123e-45
8.50604e-45
9.2222e-45
1.00639e-44
1.10585e-44
1.22283e-44
1.35546e-44
1.48138e-44
1.26168e-45
1.1714e-45
1.08916e-45
1.03261e-45
1.0023e-45
9.95257e-46
1.00809e-45
1.0377e-45
1.08162e-45
1.1381e-45
1.20623e-45
1.28605e-45
1.3786e-45
1.48601e-45
1.61148e-45
1.75914e-45
1.9336e-45
2.13846e-45
2.36995e-45
2.58873e-45
2.23036e-46
2.07098e-46
1.9243e-46
1.82175e-46
1.76471e-46
1.74828e-46
1.76669e-46
1.81469e-46
1.88802e-46
1.98372e-46
2.10029e-46
2.23783e-46
2.39818e-46
2.58503e-46
2.80387e-46
3.06171e-46
3.36629e-46
3.72326e-46
4.12538e-46
4.50384e-46
3.92359e-47
3.64363e-47
3.38355e-47
3.19892e-47
3.09285e-47
3.05731e-47
3.08255e-47
3.15967e-47
3.28147e-47
3.44292e-47
3.64152e-47
3.87753e-47
4.15419e-47
4.47784e-47
4.85781e-47
5.30597e-47
5.83508e-47
6.4541e-47
7.14928e-47
7.8011e-47
6.86885e-48
6.37954e-48
5.92109e-48
5.59101e-48
5.3959e-48
5.32265e-48
5.35497e-48
5.47783e-48
5.67906e-48
5.95023e-48
6.28718e-48
6.6905e-48
7.16582e-48
7.72396e-48
8.38072e-48
9.15593e-48
1.00707e-47
1.11388e-47
1.23349e-47
1.34526e-47
1.19669e-48
1.1116e-48
1.03126e-48
9.72663e-49
9.37133e-49
9.22556e-49
9.26223e-49
9.45614e-49
9.78688e-49
1.02403e-48
1.08097e-48
1.14961e-48
1.23092e-48
1.32675e-48
1.43975e-48
1.5732e-48
1.73057e-48
1.91399e-48
2.11877e-48
2.30956e-48
2.07485e-49
1.92763e-49
1.78765e-49
1.68433e-49
1.62025e-49
1.59201e-49
1.59514e-49
1.62544e-49
1.67952e-49
1.75503e-49
1.85083e-49
1.96716e-49
2.10568e-49
2.26948e-49
2.46298e-49
2.69164e-49
2.96104e-49
3.27442e-49
3.62335e-49
3.94754e-49
3.58016e-50
3.32676e-50
3.08429e-50
2.90334e-50
2.78878e-50
2.73524e-50
2.73538e-50
2.78225e-50
2.87022e-50
2.9954e-50
3.15595e-50
3.3523e-50
3.58724e-50
3.86597e-50
4.19581e-50
4.58569e-50
5.0446e-50
5.57736e-50
6.16899e-50
6.71734e-50
6.14804e-51
5.71416e-51
5.29657e-51
4.98175e-51
4.77873e-51
4.67903e-51
4.67072e-51
4.7424e-51
4.88476e-51
5.09141e-51
5.35936e-51
5.68938e-51
6.08618e-51
6.55834e-51
7.11796e-51
7.77954e-51
8.55742e-51
9.45863e-51
1.04568e-50
1.138e-50
1.05074e-51
9.76843e-52
9.0534e-52
8.50923e-52
8.15236e-52
7.96958e-52
7.94162e-52
8.04987e-52
8.27908e-52
8.61877e-52
9.06415e-52
9.61654e-52
1.02838e-51
1.108e-51
1.20251e-51
1.31422e-51
1.44543e-51
1.59711e-51
1.76469e-51
1.91937e-51
1.78727e-52
1.66207e-52
1.54034e-52
1.44688e-52
1.38464e-52
1.35159e-52
1.34463e-52
1.36075e-52
1.39746e-52
1.45307e-52
1.5268e-52
1.61887e-52
1.73059e-52
1.86426e-52
2.0231e-52
2.21085e-52
2.43105e-52
2.68508e-52
2.96501e-52
3.22293e-52
3.02566e-53
2.81472e-53
2.60869e-53
2.44919e-53
2.34146e-53
2.28241e-53
2.26713e-53
2.29075e-53
2.34926e-53
2.43991e-53
2.56145e-53
2.71428e-53
2.90051e-53
3.12392e-53
3.38963e-53
3.70362e-53
4.07137e-53
4.49465e-53
4.95994e-53
5.3879e-53
5.09799e-54
4.74449e-54
4.39779e-54
4.1273e-54
3.94221e-54
3.83789e-54
3.80659e-54
3.84056e-54
3.93334e-54
4.0805e-54
4.28006e-54
4.53267e-54
4.84178e-54
5.21344e-54
5.65587e-54
6.17843e-54
6.78955e-54
7.49132e-54
8.26079e-54
8.96738e-54
8.5493e-55
7.96021e-55
7.38017e-55
6.92428e-55
6.60853e-55
6.42612e-55
6.36494e-55
6.41268e-55
6.55905e-55
6.79697e-55
7.12329e-55
7.53909e-55
8.04992e-55
8.66543e-55
9.39862e-55
1.02641e-54
1.12746e-54
1.24323e-54
1.36983e-54
1.4859e-54
1.427e-55
1.32938e-55
1.2329e-55
1.15653e-55
1.10304e-55
1.07145e-55
1.05988e-55
1.0664e-55
1.08938e-55
1.12769e-55
1.18083e-55
1.24898e-55
1.33303e-55
1.4345e-55
1.55544e-55
1.69809e-55
1.86436e-55
2.05436e-55
2.2616e-55
2.45131e-55
2.37077e-56
2.20989e-56
2.05034e-56
1.9232e-56
1.8332e-56
1.77898e-56
1.75766e-56
1.76623e-56
1.80212e-56
1.86355e-56
1.94975e-56
2.06099e-56
2.19867e-56
2.36519e-56
2.56372e-56
2.79771e-56
3.06993e-56
3.3802e-56
3.71772e-56
4.02619e-56
3.92044e-57
3.6568e-57
3.39448e-57
3.18408e-57
3.03366e-57
2.94138e-57
2.90291e-57
2.91356e-57
2.96933e-57
3.06746e-57
3.2067e-57
3.3875e-57
3.61205e-57
3.88408e-57
4.20847e-57
4.59042e-57
5.0339e-57
5.53804e-57
6.0849e-57
6.5839e-57
6.45315e-58
6.02355e-58
5.59473e-58
5.24865e-58
4.99886e-58
4.8431e-58
4.77485e-58
4.78695e-58
4.87321e-58
5.02931e-58
5.25333e-58
5.54594e-58
5.91056e-58
6.35294e-58
6.88049e-58
7.50095e-58
8.21988e-58
9.03489e-58
9.91637e-58
1.07194e-57
1.05733e-58
9.87723e-59
9.18026e-59
8.61434e-59
8.20223e-59
7.94133e-59
7.82207e-59
7.83357e-59
7.96633e-59
8.21366e-59
8.57261e-59
9.0442e-59
9.63365e-59
1.03498e-58
1.12037e-58
1.22067e-58
1.33665e-58
1.46774e-58
1.6091e-58
1.73766e-58
1.72451e-59
1.61235e-59
1.49972e-59
1.40772e-59
1.34016e-59
1.29679e-59
1.27622e-59
1.27683e-59
1.29716e-59
1.3362e-59
1.39348e-59
1.46916e-59
1.56403e-59
1.67943e-59
1.81699e-59
1.97838e-59
2.16454e-59
2.37434e-59
2.59986e-59
2.80461e-59
2.79991e-60
2.62022e-60
2.43924e-60
2.29057e-60
2.18049e-60
2.10891e-60
2.07385e-60
2.07291e-60
2.10391e-60
2.16528e-60
2.25632e-60
2.37726e-60
2.52929e-60
2.71439e-60
2.93498e-60
3.19337e-60
3.49073e-60
3.82481e-60
4.18276e-60
4.50714e-60
4.52545e-61
4.23917e-61
3.95003e-61
3.71115e-61
3.5329e-61
3.41559e-61
3.35649e-61
3.35208e-61
3.3991e-61
3.49521e-61
3.63932e-61
3.83177e-61
4.07432e-61
4.36987e-61
4.72193e-61
5.13368e-61
5.60632e-61
6.13563e-61
6.70085e-61
7.21206e-61
7.28162e-62
6.82811e-62
6.36879e-62
5.98718e-62
5.70028e-62
5.50934e-62
5.41071e-62
5.3993e-62
5.4703e-62
5.62022e-62
5.84743e-62
6.15237e-62
6.53762e-62
7.00738e-62
7.56664e-62
8.2196e-62
8.96719e-62
9.80163e-62
1.06896e-61
1.1491e-61
1.16642e-62
1.09499e-62
1.02243e-62
9.61822e-63
9.15919e-63
8.85049e-63
8.68739e-63
8.66272e-63
8.76946e-63
9.00242e-63
9.35919e-63
9.84033e-63
1.04495e-62
1.11928e-62
1.20771e-62
1.31076e-62
1.42843e-62
1.55932e-62
1.69809e-62
1.82306e-62
1.86021e-63
1.74832e-63
1.63436e-63
1.53863e-63
1.46562e-63
1.41604e-63
1.3893e-63
1.38443e-63
1.4004e-63
1.43647e-63
1.49226e-63
1.56786e-63
1.66377e-63
1.78084e-63
1.91999e-63
2.08187e-63
2.26618e-63
2.47046e-63
2.68623e-63
2.88009e-63
2.95361e-64
2.77936e-64
2.60137e-64
2.45104e-64
2.33561e-64
2.25647e-64
2.21302e-64
2.2039e-64
2.22771e-64
2.28333e-64
2.37023e-64
2.48849e-64
2.63883e-64
2.82238e-64
3.04035e-64
3.29341e-64
3.58069e-64
3.89795e-64
4.23172e-64
4.53082e-64
4.66924e-65
4.39941e-65
4.12298e-65
3.88824e-65
3.70678e-65
3.58127e-65
3.5112e-65
3.49482e-65
3.53015e-65
3.61561e-65
3.75042e-65
3.93465e-65
4.16925e-65
4.45573e-65
4.79558e-65
5.18929e-65
5.63491e-65
6.12517e-65
6.63881e-65
7.09785e-65
7.34942e-66
6.93398e-66
6.50708e-66
6.14258e-66
5.85897e-66
5.66116e-66
5.54904e-66
5.52043e-66
5.57264e-66
5.70347e-66
5.91176e-66
6.19753e-66
6.56202e-66
7.00713e-66
7.53453e-66
8.14418e-66
8.83207e-66
9.5859e-66
1.03723e-65
1.1073e-65
1.15183e-66
1.08823e-66
1.02268e-66
9.66396e-67
9.22323e-67
8.91336e-67
8.73526e-67
8.68642e-67
8.7633e-67
8.96284e-67
9.28337e-67
9.72478e-67
1.02886e-66
1.0977e-66
1.17917e-66
1.27312e-66
1.3788e-66
1.49413e-66
1.61391e-66
1.72029e-66
1.79746e-67
1.70068e-67
1.60058e-67
1.51417e-67
1.44607e-67
1.39782e-67
1.36973e-67
1.36155e-67
1.37283e-67
1.40316e-67
1.45228e-67
1.52017e-67
1.607e-67
1.713e-67
1.83826e-67
1.98237e-67
2.14392e-67
2.31951e-67
2.501e-67
2.66165e-67
2.7931e-68
2.64667e-68
2.4947e-68
2.36275e-68
2.25812e-68
2.18345e-68
2.13946e-68
2.12598e-68
2.14247e-68
2.18838e-68
2.26338e-68
2.36736e-68
2.50048e-68
2.66295e-68
2.85465e-68
3.07467e-68
3.32046e-68
3.58644e-68
3.86003e-68
4.10127e-68
4.32195e-69
4.10171e-69
3.87228e-69
3.67194e-69
3.5121e-69
3.39721e-69
3.32879e-69
3.30689e-69
3.33093e-69
3.4002e-69
3.51422e-69
3.6728e-69
3.87601e-69
4.1239e-69
4.41595e-69
4.75026e-69
5.1224e-69
5.52333e-69
5.9336e-69
6.29389e-69
6.65965e-70
6.33038e-70
5.986e-70
5.68353e-70
5.44071e-70
5.26498e-70
5.15926e-70
5.12414e-70
5.15908e-70
5.26321e-70
5.43589e-70
5.67671e-70
5.98556e-70
6.3621e-70
6.80496e-70
7.31055e-70
7.87129e-70
8.47261e-70
9.08465e-70
9.61972e-70
1.02192e-70
9.72986e-71
9.21593e-71
8.76182e-71
8.39502e-71
8.1278e-71
7.96554e-71
7.90986e-71
7.9605e-71
8.1165e-71
8.37696e-71
8.74113e-71
9.20848e-71
9.77785e-71
1.04463e-70
1.12074e-70
1.20482e-70
1.29456e-70
1.38539e-70
1.4644e-70
1.56165e-71
1.48939e-71
1.41314e-71
1.34535e-71
1.29025e-71
1.24985e-71
1.22511e-71
1.21638e-71
1.2237e-71
1.24699e-71
1.28612e-71
1.34096e-71
1.41137e-71
1.49708e-71
1.59752e-71
1.71153e-71
1.83702e-71
1.97027e-71
2.10435e-71
2.22036e-71
2.37669e-72
2.27063e-72
2.15817e-72
2.05754e-72
1.97525e-72
1.91453e-72
1.87703e-72
1.86347e-72
1.87405e-72
1.90869e-72
1.96724e-72
2.04948e-72
2.15509e-72
2.28354e-72
2.43376e-72
2.60378e-72
2.79014e-72
2.98703e-72
3.18389e-72
3.35324e-72
3.60241e-73
3.44774e-73
3.28285e-73
3.13432e-73
3.01211e-73
2.92138e-73
2.86492e-73
2.84407e-73
2.85931e-73
2.91067e-73
2.99794e-73
3.12073e-73
3.27846e-73
3.47009e-73
3.69374e-73
3.94608e-73
4.22152e-73
4.51097e-73
4.79847e-73
5.04424e-73
5.43825e-74
5.21417e-74
4.97385e-74
4.7559e-74
4.57542e-74
4.44064e-74
4.35616e-74
4.32439e-74
4.34633e-74
4.4222e-74
4.55176e-74
4.73435e-74
4.96889e-74
5.25352e-74
5.58496e-74
5.95772e-74
6.36286e-74
6.78622e-74
7.20386e-74
7.55835e-74
8.17681e-75
7.85433e-75
7.50623e-75
7.18826e-75
6.92328e-75
6.7242e-75
6.59858e-75
6.55059e-75
6.58216e-75
6.69387e-75
6.88544e-75
7.1558e-75
7.50306e-75
7.92392e-75
8.41289e-75
8.96096e-75
9.55399e-75
1.01701e-74
1.07734e-74
1.12816e-74
1.22456e-75
1.17847e-75
1.12837e-75
1.08225e-75
1.04357e-75
1.01433e-75
9.95772e-76
9.88584e-76
9.93123e-76
1.00951e-75
1.03773e-75
1.0776e-75
1.12879e-75
1.19074e-75
1.26255e-75
1.34276e-75
1.42914e-75
1.51834e-75
1.60503e-75
1.67743e-75
1.82669e-76
1.76129e-76
1.68962e-76
1.62313e-76
1.56699e-76
1.52431e-76
1.49705e-76
1.48638e-76
1.4929e-76
1.51687e-76
1.55827e-76
1.61681e-76
1.69195e-76
1.78275e-76
1.88771e-76
2.00454e-76
2.12976e-76
2.25825e-76
2.3821e-76
2.48458e-76
2.71425e-77
2.62212e-77
2.52027e-77
2.42499e-77
2.34399e-77
2.28205e-77
2.24228e-77
2.22655e-77
2.23593e-77
2.27086e-77
2.33136e-77
2.41696e-77
2.52677e-77
2.65926e-77
2.812e-77
2.98137e-77
3.162e-77
3.34614e-77
3.52209e-77
3.66619e-77
4.01744e-78
3.88864e-78
3.74487e-78
3.60919e-78
3.493e-78
3.40365e-78
3.34596e-78
3.32298e-78
3.33646e-78
3.38721e-78
3.47527e-78
3.59993e-78
3.75973e-78
3.95218e-78
4.17345e-78
4.41784e-78
4.67712e-78
4.93962e-78
5.18815e-78
5.38939e-78
5.92349e-79
5.74488e-79
5.54333e-79
5.35131e-79
5.18566e-79
5.05752e-79
4.97437e-79
4.94106e-79
4.96046e-79
5.03393e-79
5.16161e-79
5.3424e-79
5.57393e-79
5.85227e-79
6.17135e-79
6.52233e-79
6.89269e-79
7.26495e-79
7.61396e-79
7.893e-79
8.70058e-80
8.455e-80
8.17444e-80
7.90444e-80
7.66972e-80
7.48706e-80
7.36797e-80
7.32007e-80
7.34799e-80
7.454e-80
7.6384e-80
7.8995e-80
8.23357e-80
8.63435e-80
9.09239e-80
9.5941e-80
1.01205e-79
1.06456e-79
1.11328e-79
1.15169e-79
1.27314e-80
1.23968e-80
1.20091e-80
1.1632e-80
1.13014e-80
1.10426e-80
1.08731e-80
1.08048e-80
1.0845e-80
1.09975e-80
1.12628e-80
1.16383e-80
1.21182e-80
1.26928e-80
1.33474e-80
1.40612e-80
1.48057e-80
1.55424e-80
1.62184e-80
1.6743e-80
1.856e-81
1.81084e-81
1.75769e-81
1.70536e-81
1.65911e-81
1.62266e-81
1.59869e-81
1.58902e-81
1.59481e-81
1.61667e-81
1.65469e-81
1.70848e-81
1.77714e-81
1.85915e-81
1.95227e-81
2.05335e-81
2.15813e-81
2.26094e-81
2.35413e-81
2.42521e-81
2.69567e-82
2.63536e-82
2.56307e-82
2.49098e-82
2.42667e-82
2.37566e-82
2.34197e-82
2.3284e-82
2.33676e-82
2.36799e-82
2.42226e-82
2.49899e-82
2.59678e-82
2.71333e-82
2.84522e-82
2.98769e-82
3.13442e-82
3.2771e-82
3.40478e-82
3.50025e-82
3.90083e-83
3.82121e-83
3.72376e-83
3.62516e-83
3.53631e-83
3.46536e-83
3.41831e-83
3.39942e-83
3.41149e-83
3.45597e-83
3.53315e-83
3.64214e-83
3.78085e-83
3.94576e-83
4.13171e-83
4.33161e-83
4.53606e-83
4.73298e-83
4.90673e-83
5.03378e-83
5.62425e-84
5.5205e-84
5.39034e-84
5.25648e-84
5.13454e-84
5.03645e-84
4.97116e-84
4.94511e-84
4.96254e-84
5.0257e-84
5.13504e-84
5.28922e-84
5.4851e-84
5.71741e-84
5.97845e-84
6.25763e-84
6.54113e-84
6.81139e-84
7.04619e-84
7.21357e-84
8.07985e-85
7.94668e-85
7.77458e-85
7.59425e-85
7.42797e-85
7.29317e-85
7.20316e-85
7.1676e-85
7.19282e-85
7.28223e-85
7.43652e-85
7.65371e-85
7.92912e-85
8.25494e-85
8.61974e-85
9.0079e-85
9.39913e-85
9.76798e-85
1.0083e-84
1.0301e-84
1.15657e-85
1.13978e-85
1.1173e-85
1.09319e-85
1.07064e-85
1.05223e-85
1.03991e-85
1.03511e-85
1.03877e-85
1.05139e-85
1.07308e-85
1.10354e-85
1.14209e-85
1.18758e-85
1.23833e-85
1.29205e-85
1.3458e-85
1.39587e-85
1.43778e-85
1.46583e-85
1.64868e-86
1.62812e-86
1.59907e-86
1.56707e-86
1.53673e-86
1.51176e-86
1.49504e-86
1.48865e-86
1.49395e-86
1.5117e-86
1.54206e-86
1.58459e-86
1.63829e-86
1.70147e-86
1.7717e-86
1.84568e-86
1.91914e-86
1.98675e-86
2.04211e-86
2.07746e-86
2.32015e-87
2.29576e-87
2.25896e-87
2.21719e-87
2.17697e-87
2.14362e-87
2.12127e-87
2.11291e-87
2.12052e-87
2.14518e-87
2.18713e-87
2.24576e-87
2.31959e-87
2.40622e-87
2.50216e-87
2.60271e-87
2.70177e-87
2.79179e-87
2.8638e-87
2.90738e-87
2.7368e-88
2.71227e-88
2.67258e-88
2.62642e-88
2.58141e-88
2.54384e-88
2.51862e-88
2.50936e-88
2.51847e-88
2.54725e-88
2.596e-88
2.66399e-88
2.74944e-88
2.84946e-88
2.95986e-88
3.07502e-88
3.18771e-88
3.28907e-88
3.36866e-88
3.41436e-88
)
;

boundaryField
{
    outlet
    {
        type            zeroGradient;
    }
    inlet1
    {
        type            fixedValue;
        value           uniform 0.001;
    }
    inlet2
    {
        type            fixedValue;
        value           uniform 0;
    }
    frontAndBack
    {
        type            empty;
    }
    defaultFaces
    {
        type            zeroGradient;
    }
}


// ************************************************************************* //
