/*--------------------------------*- C++ -*----------------------------------*\
| =========                 |                                                 |
| \\      /  F ield         | OpenFOAM: The Open Source CFD Toolbox           |
|  \\    /   O peration     | Version:  2.1.0                                 |
|   \\  /    A nd           | Web:      www.OpenFOAM.org                      |
|    \\/     M anipulation  |                                                 |
\*---------------------------------------------------------------------------*/
FoamFile
{
    version     2.0;
    format      ascii;
    class       volScalarField;
    location    "0.12";
    object      omega;
}
// * * * * * * * * * * * * * * * * * * * * * * * * * * * * * * * * * * * * * //

dimensions      [0 0 -1 0 0 0 0];

internalField   nonuniform List<scalar> 
6400
(
1342.74
1340.1
1339.21
1338.57
1338.53
1339.05
1339.68
1341.18
1342.61
1344.96
1347.29
1350.42
1353.61
1357.54
1361.56
1366.27
1371.1
1376.51
1382
1387.93
1393.86
1400.1
1406.21
1412.47
1418.5
1424.53
1430.26
1435.86
1441.13
1446.16
1450.84
1455.23
1459.27
1462.98
1466.33
1469.33
1471.96
1474.25
1476.18
1477.77
1479.05
1480.04
1480.44
1480.49
1480.31
1479.82
1479
1477.86
1476.38
1474.57
1472.42
1469.92
1467.05
1463.82
1460.26
1456.37
1452.1
1447.44
1442.46
1437.14
1431.4
1425.21
1418.68
1411.77
1404.42
1396.69
1388.43
1379.48
1370.15
1360.17
1349.46
1338.2
1326.23
1313.54
1300.17
1286.14
1271.47
1256.24
1240.52
1224.37
1207.7
1190.13
1170.94
1151.28
1130.47
1108.2
1084.07
1057
1025.9
988.763
942.749
883.082
803.075
694.498
554.829
485.057
519.733
662.654
771.685
802.971
669.554
666.218
665.162
664.48
664.264
664.276
664.783
665.753
666.605
667.897
669.374
670.961
672.825
674.769
676.963
679.241
681.69
684.262
686.914
689.706
692.521
695.461
698.4
701.431
704.46
707.553
710.645
713.773
716.906
720.064
723.237
726.438
729.668
732.936
736.252
739.629
743.089
746.621
750.223
753.92
757.725
761.644
765.681
769.844
774.162
778.655
783.336
788.208
793.283
798.572
804.091
809.855
815.879
822.184
828.79
835.715
842.974
850.587
858.586
866.991
875.823
885.118
894.922
905.267
916.1
927.419
939.168
951.566
964.6
978.331
992.778
1008.03
1024.12
1041.11
1059.08
1078.1
1098.28
1119.72
1142.57
1167
1192.9
1219.49
1247.38
1276.13
1305.41
1334.56
1362.86
1389.41
1413.36
1433.74
1448.52
1455.3
1456.52
1442.17
1404.38
1318.94
1197.24
1048.37
886.644
728.198
427.576
437.991
442.36
451.13
455.786
464.278
468.777
476.808
481.53
488.648
493.716
500.155
505.306
511.346
516.466
522.25
527.267
532.871
537.779
543.223
548.058
553.343
558.151
563.289
568.103
573.131
577.979
582.962
587.873
592.874
597.878
602.958
608.088
613.3
618.597
623.999
629.516
635.165
640.962
646.917
653.048
659.368
665.886
672.615
679.571
686.766
694.213
701.927
709.918
718.199
726.785
735.689
744.923
754.506
764.452
774.772
785.48
796.593
808.124
820.081
832.478
845.32
858.613
872.353
886.566
901.265
916.468
931.989
947.861
963.975
980.325
996.828
1013.45
1030.14
1046.86
1063.58
1080.29
1096.99
1113.69
1130.42
1147.18
1164
1180.94
1197.94
1214.86
1231.63
1247.85
1263.11
1276.58
1286.22
1290.53
1291.25
1278
1250.21
1198.01
1116.56
1002.63
858.453
698.477
550.259
370.077
383.869
389.552
400.777
406.729
417.472
423.443
433.602
439.589
449.09
455.114
463.995
470.062
478.378
484.5
492.342
498.458
505.948
512.014
519.238
525.265
532.262
538.296
545.097
551.189
557.834
564.027
570.587
576.908
583.461
589.931
596.556
603.197
609.963
616.8
623.752
630.808
637.997
645.319
652.779
660.387
668.147
676.055
684.118
692.338
700.713
709.237
717.91
726.725
735.679
744.764
753.974
763.295
772.721
782.249
791.858
801.534
811.285
821.077
830.9
840.75
850.601
860.434
870.233
880.006
889.733
899.404
908.994
918.493
927.866
937.114
946.186
955.028
963.61
971.837
979.645
986.933
993.598
999.522
1004.57
1008.57
1010.97
1012
1012.13
1009.31
1004.81
997.157
986.731
972.525
954.637
931.865
903.774
868.966
826.702
774.461
711.031
638.574
561.628
492.711
451.657
347.22
361.748
367.751
379.64
386.088
397.531
404.175
415.069
421.811
432.153
438.927
448.749
455.552
464.862
471.71
480.543
487.401
495.828
502.66
510.747
517.528
525.331
532.053
539.615
546.289
553.632
560.291
567.432
574.101
581.075
587.762
594.617
601.312
608.085
614.778
621.501
628.182
634.874
641.541
648.198
654.835
661.463
668.066
674.632
681.166
687.68
694.146
700.555
706.925
713.241
719.481
725.655
731.744
737.737
743.624
749.385
755.001
760.492
765.791
770.905
775.796
780.422
784.773
788.804
792.488
795.773
798.633
801.014
802.877
804.071
804.611
804.732
803.834
802.172
799.551
795.989
791.399
785.718
778.9
770.849
761.646
751.21
739.571
726.671
712.493
697.142
680.625
663.257
644.85
625.6
605.345
584.138
561.436
536.885
509.822
481.275
451.766
425.606
409.535
401.944
321.884
335.889
341.692
353.22
359.533
370.681
377.248
387.887
394.598
404.712
411.467
421.092
427.845
436.982
443.72
452.368
459.069
467.26
473.872
481.656
488.137
495.549
501.868
508.937
515.072
521.829
527.771
534.204
539.959
546.059
551.664
557.476
562.91
568.416
573.669
578.897
583.903
588.833
593.6
598.226
602.68
606.992
611.129
615.077
618.829
622.395
625.746
628.851
631.745
634.385
636.74
638.833
640.587
642.004
643.062
643.671
643.934
643.996
643.604
642.794
641.618
639.899
637.827
635.155
632.062
628.381
624.21
619.468
614.19
608.366
601.965
595.033
587.538
579.607
571.229
562.499
553.41
544.012
534.377
524.571
514.732
504.917
495.183
485.556
476.113
466.963
458.189
449.602
441.228
432.948
425.024
417.009
408.953
400.573
392.265
384.05
377.306
374.031
372.966
372.504
287.558
300.431
305.76
316.358
322.127
332.394
338.351
348.138
354.196
363.438
369.511
378.242
384.238
392.465
398.343
406.049
411.79
418.968
424.516
431.194
436.486
442.675
447.646
453.33
457.959
463.179
467.409
472.103
475.925
480.116
483.557
487.232
490.283
493.386
496.005
498.545
500.62
502.534
504.108
505.383
506.313
506.888
507.137
507.194
506.856
506.05
505.072
503.574
501.821
499.7
497.151
494.338
491.101
487.537
483.672
479.492
475.062
470.349
465.375
460.209
454.826
449.294
443.651
437.882
432.104
426.284
420.5
414.791
409.179
403.715
398.437
393.443
388.68
384.213
380.004
376.091
372.452
369.107
366.061
363.302
360.872
358.702
356.832
355.191
353.804
352.626
351.639
350.768
350.046
349.374
348.823
348.282
347.947
347.8
347.917
349.187
350.949
354.868
356.918
357.148
245.716
256.843
261.427
270.511
275.355
284.105
288.986
297.281
302.122
309.851
314.614
321.754
326.311
332.88
337.141
343.108
347.026
352.34
355.865
360.502
363.598
367.56
370.145
373.385
375.442
377.963
379.391
381.147
382.002
382.843
383.15
383.247
383.059
382.251
381.193
379.863
378.02
375.99
373.627
370.919
367.987
364.807
361.372
357.772
353.976
350.032
346.003
341.862
337.709
333.538
329.377
325.323
321.361
317.548
313.936
310.47
307.258
304.248
301.522
299.037
296.844
294.934
293.318
291.997
290.992
290.258
289.879
289.722
289.708
290.162
290.691
291.626
292.637
294.006
295.456
297.205
299.04
301.13
303.299
305.687
308.137
310.763
313.439
316.251
319.095
322.029
324.961
327.942
330.903
333.884
336.848
339.858
342.93
346.171
349.697
353.861
358.566
364.027
366.707
367.22
198.204
206.098
209.317
215.671
218.903
224.932
228.022
233.648
236.506
241.626
244.239
248.769
251.059
254.917
256.803
259.9
261.384
263.68
264.757
266.256
266.933
267.606
267.836
267.911
267.784
267.209
266.313
265.391
264.139
262.697
261.059
259.368
257.462
255.503
253.464
251.425
249.325
247.3
245.278
243.345
241.501
239.782
238.18
236.756
235.485
234.408
233.527
232.849
232.41
232.201
232.137
232.324
232.754
233.393
234.241
235.303
236.541
238.01
239.623
241.468
243.447
245.64
247.976
250.498
253.183
256.024
259.041
262.203
265.534
269.021
272.668
276.479
280.445
284.579
288.868
293.334
297.958
302.763
307.745
312.926
318.275
323.826
329.543
335.452
341.518
347.762
354.146
360.673
367.279
373.961
380.669
387.394
394.112
400.849
407.647
414.745
422.646
431.604
440.279
444.586
156.678
160.716
162.306
165.28
166.749
169.472
170.814
173.244
174.426
176.506
177.51
179.228
180.048
181.399
182.034
183.033
183.495
184.186
184.501
184.937
185.127
185.371
185.474
185.586
185.624
185.667
185.681
185.745
185.772
185.904
185.994
186.255
186.457
186.877
187.233
187.832
188.357
189.16
189.885
190.876
191.834
193.016
194.206
195.584
197.008
198.583
200.236
202.015
203.886
205.871
207.954
210.147
212.44
214.843
217.346
219.956
222.669
225.494
228.419
231.464
234.611
237.883
241.267
244.775
248.41
252.171
256.071
260.107
264.292
268.628
273.126
277.793
282.636
287.667
292.894
298.331
303.987
309.881
316.011
322.397
329.066
336.024
343.3
350.907
358.873
367.214
375.964
385.151
394.832
405.039
415.861
427.34
439.581
452.655
466.686
481.741
497.742
514.183
527.364
533.246
159.083
163.393
165.108
168.371
169.988
173.001
174.487
177.199
178.528
180.896
182.047
184.043
185.006
186.623
187.393
188.63
189.207
190.084
190.485
191.054
191.305
191.608
191.731
191.84
191.86
191.852
191.805
191.738
191.67
191.608
191.578
191.584
191.606
191.755
191.89
192.212
192.496
193.024
193.51
194.24
194.949
195.887
196.84
197.981
199.186
200.544
201.988
203.57
205.251
207.053
208.964
210.989
213.12
215.364
217.716
220.178
222.75
225.429
228.217
231.118
234.129
237.253
240.499
243.854
247.34
250.945
254.683
258.552
262.561
266.712
271.002
275.446
280.04
284.803
289.73
294.837
300.124
305.604
311.281
317.167
323.27
329.6
336.17
342.989
350.077
357.446
365.119
373.118
381.474
390.212
399.357
408.998
419.226
430.13
441.876
454.64
468.634
483.692
497.082
503.366
200.58
208.685
212.001
218.569
221.959
228.238
231.551
237.486
240.638
246.091
249.055
253.942
256.602
260.932
263.209
266.954
268.794
271.76
273.191
275.389
276.426
277.853
278.497
279.098
279.301
279.358
279.173
278.546
277.688
276.758
275.461
274.005
272.356
270.607
268.663
266.661
264.518
262.385
260.19
258
255.831
253.723
251.663
249.725
247.892
246.204
244.68
243.333
242.18
241.229
240.497
239.999
239.758
239.674
239.8
240.218
240.806
241.626
242.631
243.836
245.24
246.791
248.565
250.449
252.533
254.738
257.1
259.586
262.202
264.943
267.799
270.783
273.862
277.055
280.338
283.713
287.174
290.713
294.327
298.009
301.757
305.559
309.422
313.33
317.276
321.256
325.277
329.34
333.464
337.66
341.97
346.365
350.918
355.686
360.838
366.564
373.165
380.662
386.879
389.723
246.586
257.751
262.357
271.512
276.417
285.271
290.261
298.689
303.691
311.586
316.552
323.908
328.714
335.549
340.122
346.413
350.714
356.413
360.396
365.486
369.103
373.598
376.821
380.688
383.43
386.672
388.913
391.484
393.135
395.085
396.174
397.312
397.841
398.144
398.217
397.952
397.081
396.08
394.634
392.791
390.756
388.305
385.555
382.596
379.292
375.763
372.05
368.104
363.991
359.785
355.449
351.071
346.681
342.291
338.047
333.852
329.883
326.057
322.445
319.061
315.921
313.027
310.448
308.134
306.131
304.426
303.025
301.91
301.09
300.575
300.328
300.249
300.397
300.819
301.371
302.137
303.005
304.03
305.132
306.338
307.602
308.929
310.287
311.676
313.138
314.673
316.288
317.995
319.792
321.713
323.771
326.018
328.504
331.14
334.154
337.715
342.101
346.839
349.039
348.846
286.765
299.577
304.884
315.452
321.208
331.454
337.429
347.21
353.305
362.57
368.688
377.471
383.534
391.835
397.814
405.618
411.492
418.796
424.523
431.359
436.889
443.291
448.582
454.556
459.548
465.108
469.791
474.945
479.262
483.966
487.958
492.172
495.785
499.509
502.79
506.028
508.936
511.713
514.146
516.377
518.354
520.023
521.385
522.498
523.222
523.572
523.694
523.578
522.837
521.931
520.534
518.776
516.659
514.065
511.148
507.761
504.011
499.905
495.416
490.675
485.624
480.288
474.74
468.974
463.083
457.066
450.982
444.895
438.807
432.824
426.969
421.304
415.941
410.791
405.98
401.444
397.217
393.228
389.512
386.011
382.738
379.717
376.9
374.287
371.682
369.129
366.529
364.031
361.505
358.929
356.111
353.284
350.437
347.969
345.397
344.13
343.665
345.592
347.261
347.242
318.799
332.708
338.468
349.917
356.182
367.253
373.777
384.345
391.008
401.064
407.767
417.337
424.041
433.123
439.823
448.42
455.087
463.238
469.823
477.578
484.045
491.44
497.763
504.836
510.992
517.773
523.77
530.266
536.115
542.318
548.033
553.945
559.52
565.18
570.607
576.032
581.314
586.536
591.613
596.609
601.493
606.25
610.87
615.375
619.73
623.923
627.96
631.831
635.504
638.981
642.249
645.298
648.098
650.639
652.864
654.777
656.324
657.547
658.3
658.647
658.738
658.469
657.693
656.606
654.95
652.945
650.34
647.337
643.746
639.668
635.04
629.866
624.177
617.957
611.257
604.052
596.467
588.521
580.308
571.77
562.906
553.67
544.236
534.738
525.227
515.359
504.812
493.635
482.825
472.165
460.389
447.226
433.349
419.873
405.941
392.043
379.604
371.846
368.155
365.088
342.031
356.465
362.422
374.223
380.61
391.967
398.536
409.337
415.987
426.229
432.892
442.596
449.275
458.445
465.15
473.831
480.527
488.792
495.443
503.356
509.943
517.561
524.077
531.443
537.907
545.041
551.486
558.408
564.861
571.61
578.077
584.707
591.192
597.763
604.268
610.816
617.346
623.899
630.451
637.022
643.601
650.189
656.78
663.383
669.992
676.592
683.185
689.784
696.369
702.926
709.47
716
722.491
728.952
735.376
741.75
748.052
754.292
760.429
766.456
772.357
778.129
783.724
789.144
794.322
799.267
803.917
808.265
812.263
815.892
819.099
821.826
823.973
825.521
826.278
826.547
826.19
824.68
822.509
819.149
814.871
809.217
802.264
793.835
783.832
772.098
758.452
742.356
723.794
702.757
679.312
652.479
622.121
588.264
551.743
512.265
472.962
436.819
411.957
397.854
363.122
376.891
382.558
393.75
399.671
410.386
416.311
426.412
432.342
441.758
447.694
456.463
462.41
470.581
476.543
484.219
490.139
497.438
503.273
510.271
516.038
522.77
528.513
535.008
540.776
547.073
552.899
559.065
564.977
571.092
577.107
583.25
589.391
595.636
601.938
608.346
614.858
621.491
628.244
635.127
642.156
649.343
656.695
664.221
671.918
679.793
687.853
696.096
704.524
713.136
721.931
730.908
740.06
749.382
758.869
768.512
778.298
788.231
798.293
808.469
818.765
829.159
839.638
850.205
860.831
871.508
882.223
892.947
903.668
914.441
925.217
936.014
946.802
957.584
968.306
978.96
989.47
999.776
1009.81
1019.45
1028.58
1037.06
1044.74
1051.29
1056.02
1058.35
1059.13
1056.94
1050.45
1038.94
1020.37
994.698
959.807
913.467
853.578
778.709
692.455
598.503
516.342
458.104
419.001
429.448
433.83
442.63
447.289
455.853
460.362
468.357
473.163
480.177
485.273
491.625
496.727
502.669
507.685
513.356
518.236
523.704
528.439
533.718
538.351
543.43
548.009
552.9
557.453
562.19
566.732
571.377
575.936
580.556
585.161
589.817
594.5
599.24
604.038
608.907
613.847
618.885
624.052
629.35
634.794
640.397
646.172
652.132
658.295
664.676
671.292
678.16
685.294
692.709
700.416
708.435
716.781
725.47
734.517
743.942
753.766
764.008
774.685
785.818
797.43
809.542
822.169
835.333
849.051
863.337
878.206
893.673
909.765
926.578
943.794
961.539
979.65
998.185
1017.06
1036.23
1055.66
1075.3
1095.13
1115.12
1135.25
1155.49
1175.98
1196.69
1217.61
1238.68
1259.72
1280.24
1299.56
1316.4
1326.11
1329.68
1322.07
1290.43
1235.33
1154.75
1045.05
908.259
743.763
580.043
661.425
657.837
656.684
655.841
655.538
655.489
655.782
656.692
657.505
658.615
660.001
661.468
663.2
665.001
667.048
669.174
671.465
673.879
676.364
678.992
681.633
684.396
687.154
689.995
692.83
695.717
698.601
701.509
704.414
707.328
710.244
713.166
716.099
719.049
722.025
725.036
728.099
731.208
734.357
737.572
740.86
744.231
747.699
751.272
754.959
758.772
762.733
766.864
771.181
775.698
780.43
785.381
790.567
796.004
801.701
807.684
813.978
820.604
827.581
834.926
842.668
850.843
859.482
868.601
878.244
888.442
899.235
910.671
922.743
935.252
948.603
962.674
977.583
993.354
1010.09
1027.81
1046.63
1066.61
1087.82
1110.39
1134.4
1159.97
1187.3
1216.58
1246.3
1277.23
1307.75
1336.7
1361.93
1378.8
1385.93
1386.89
1376.1
1357.23
1323.24
1264.29
1174.15
1054.89
917.621
762.793
1337.1
1333.43
1332.1
1330.4
1329.69
1329.42
1329.49
1330.17
1331.01
1332.6
1334.33
1336.78
1339.39
1342.68
1346.16
1350.29
1354.62
1359.56
1364.68
1370.3
1376
1382.07
1388.1
1394.36
1400.47
1406.64
1412.57
1418.41
1423.97
1429.33
1434.38
1439.16
1443.59
1447.72
1451.51
1454.96
1458.06
1460.82
1463.25
1465.34
1467.11
1468.56
1469.71
1470.61
1471.06
1471.13
1471
1470.61
1469.97
1469.08
1467.94
1466.54
1464.9
1463
1460.82
1458.36
1455.63
1452.67
1449.46
1445.92
1442.08
1437.97
1433.64
1428.99
1424.05
1418.79
1413.15
1407.17
1400.85
1394.01
1386.61
1378.76
1370.3
1360.9
1350.94
1339.92
1327.97
1315
1300.76
1285.36
1268.53
1250.26
1230.45
1208.94
1185.53
1159.43
1129.74
1093.76
1050.47
996.193
924.576
832.531
730.438
624.99
539.469
493.463
516.271
665.39
793.896
831.828
749.564
298.873
166.189
113.001
88.8143
69.6435
56.5276
50.7364
45.5759
43.5346
43.1677
46.1871
56.5865
75.4157
110.764
174.701
275.606
408.866
569.884
680.648
608.866
302.188
200.145
142.904
108.28
84.8692
72.5779
62.2795
56.2449
53.8723
53.5568
59.0472
71.9761
95.3658
138.41
208.926
308.941
429.205
566.714
648.572
495.014
295.759
225.274
163.466
127.738
103.57
85.8681
74.7405
69.385
67.5554
68.4758
76.3728
93.7681
123.686
173.771
247.651
341.476
444.624
557.385
612.188
414.875
283.061
235.112
173.646
145.282
117.195
102.292
92.0837
87.4987
85.9826
87.35
101.247
124.063
160.65
216.645
289.235
370.753
454.222
536.936
571.975
363.027
274.81
240.08
187.098
163.859
136.458
123.844
113.496
109.474
108.335
117.434
138.373
166.68
209.672
265.862
328.114
391.922
451.058
505.492
529.278
329.542
269.498
243.151
198.679
179.719
157.157
147.515
142.38
141.155
149.543
166.971
192.368
223.732
266.356
311.623
357.612
400.301
438.671
462.796
485.607
314.633
273.912
254.675
223.036
209.835
198.471
195.353
195.328
205.863
219.054
239.468
261.926
289.534
319.981
348.301
375.145
396.212
408.294
405.489
443.539
331.555
311.818
303.308
292.005
288.47
287.353
287.368
292.195
299.368
309.026
320.602
332.517
346.036
357.695
366.872
373.215
376.871
361.204
341.66
405.064
433.427
424.37
420.211
407.437
401.47
393.448
389.629
385.598
383.628
381.497
380.339
378.331
376.159
371.308
365.015
356.623
332.634
297.286
272.988
371.479
518.59
501.408
493.806
475.197
466.434
451.365
443.853
431.17
424.387
413.127
405.774
393.994
383.134
366.639
346.343
314.828
274.15
233.568
215.263
343.342
493.452
477.646
471.254
455.663
448.454
437.106
431.516
423.14
418.757
412.037
407.473
400.571
393.515
383.291
369.327
342.403
301.131
254.375
229.829
344.016
371.733
366.018
363.387
357.04
354.474
352.914
352.592
356.303
360.337
366.895
372.739
379.818
384.376
386.469
386.845
386.104
367.756
330.22
298.502
372.897
308.794
282.096
269.964
251.491
245.208
243.005
245.085
253.39
265.303
281.706
300.739
322.071
345.028
366.811
385.212
398.411
406.742
394.577
370.871
410.967
305.454
263.169
242.859
208.267
193.54
178.449
173.234
171.802
179.806
195.394
219.001
246.987
282.369
321.305
359.767
396.047
424.153
441.009
436.092
454.303
322.461
261.806
235.504
191.552
172.535
148.941
138.63
131.684
129.603
134.953
153.581
180.23
215.824
265.011
318.571
374.191
426.419
471.081
492.099
500.95
355.577
267.44
232.43
179.592
156.402
129.545
117.119
107.301
103.271
102.046
108.803
130.814
160.212
206.897
269.455
340.513
413.464
482.5
533.88
548.34
408.575
277.185
229.457
169.291
140.927
112.809
97.1427
87.361
82.8925
81.4938
83.405
95.7862
120.355
158.864
219.112
299.437
390.181
484.495
567.137
594.088
494.993
288.742
217.432
159.162
124.221
100.92
82.9816
72.0467
66.6068
64.6968
65.3191
73.7674
90.1286
122.347
175.214
255.425
357.86
470.75
588.672
636.828
628.319
297.792
195.299
137.571
105.611
82.7417
69.7388
60.2291
54.4667
52.1772
51.8779
56.9256
70.7404
94.5148
140.126
215.875
324.132
453.335
598.725
675.049
779.249
298.276
163.182
110.201
85.7427
69.3683
55.489
48.8586
44.2926
42.3765
42.0504
45.1404
54.4415
75.1914
111.826
180.374
289.002
431.821
601.621
708.571
646.044
32.1806
12.7381
11.3229
11.19
11.171
11.1705
11.1708
11.1706
11.1705
11.1705
11.1706
11.1708
11.1705
11.171
11.19
11.3229
12.7381
32.1806
646.044
672.659
55.0289
17.03
12.0847
11.3037
11.1803
11.1547
11.1529
11.1534
11.1536
11.1536
11.1534
11.1529
11.1547
11.1803
11.3037
12.0847
17.03
55.0289
672.659
698.591
71.1456
21.1653
13.3066
11.5881
11.2263
11.1552
11.1382
11.1358
11.1355
11.1355
11.1358
11.1382
11.1552
11.2262
11.5881
13.3066
21.1652
71.1454
698.59
723.236
85.912
25.1506
14.6502
12.0444
11.3376
11.1684
11.1265
11.1183
11.1171
11.1171
11.1183
11.1265
11.1684
11.3376
12.0444
14.6502
25.1506
85.9121
723.236
746.568
101.747
29.1832
16.0594
12.5861
11.5226
11.2063
11.1273
11.105
11.1003
11.1003
11.105
11.1273
11.2063
11.5226
12.5861
16.0595
29.1833
101.747
746.568
769.167
118.311
33.34
17.5326
13.1941
11.7612
11.2825
11.1365
11.0944
11.0843
11.0843
11.0944
11.1365
11.2825
11.7612
13.1941
17.5326
33.34
118.311
769.167
790.909
135.093
37.5914
19.0573
13.8525
12.0441
11.3875
11.1601
11.0919
11.0719
11.0719
11.0919
11.1601
11.3875
12.0441
13.8525
19.0574
37.5915
135.093
790.909
811.133
151.393
41.8143
20.5959
14.5395
12.359
11.5186
11.2034
11.0956
11.0625
11.0625
11.0956
11.2034
11.5186
12.359
14.5395
20.596
41.8144
151.393
811.133
829.832
167
45.958
22.1284
15.2418
12.6967
11.6707
11.2604
11.1066
11.0594
11.0594
11.1066
11.2604
11.6707
12.6967
15.2418
22.1284
45.958
167
829.832
847.484
182.239
50.0812
23.6673
15.9598
13.0545
11.8419
11.3319
11.1289
11.0619
11.0619
11.1289
11.3319
11.8419
13.0545
15.9598
23.6673
50.0811
182.239
847.484
864.072
197.129
54.2075
25.2214
16.6948
13.4311
12.0309
11.4176
11.1607
11.0697
11.0697
11.1607
11.4176
12.0309
13.4311
16.6949
25.2215
54.2076
197.129
864.072
879.155
211.288
58.2644
26.7714
17.4383
13.8209
12.2344
11.516
11.2023
11.0862
11.0862
11.2023
11.516
12.2344
13.8209
17.4383
26.7714
58.2641
211.287
879.155
892.648
224.521
62.1834
28.2924
18.1783
14.2169
12.4478
11.6248
11.2531
11.1115
11.1115
11.2531
11.6248
12.4478
14.2169
18.1783
28.2924
62.1833
224.521
892.648
904.893
237.007
65.9843
29.7846
18.9122
14.6163
12.6688
11.7425
11.3125
11.1445
11.1445
11.3125
11.7425
12.6688
14.6162
18.9122
29.7846
65.9842
237.007
904.893
916.063
248.913
69.7196
31.2651
19.6461
15.0208
12.8978
11.8691
11.3805
11.1858
11.1858
11.3805
11.8691
12.8978
15.0207
19.646
31.265
69.7194
248.912
916.063
925.995
260.144
73.3845
32.7374
20.3819
15.4311
13.1346
12.0044
11.4573
11.2355
11.2355
11.4573
12.0044
13.1346
15.431
20.3819
32.7372
73.3841
260.143
925.995
934.561
270.497
76.9165
34.1823
21.1124
15.8434
13.377
12.147
11.5421
11.2933
11.2933
11.5421
12.147
13.377
15.8434
21.1124
34.1823
76.9166
270.497
934.562
941.971
280.024
80.2954
35.5871
21.8304
16.2535
13.6221
12.295
11.6335
11.3583
11.3583
11.6335
12.295
13.6221
16.2535
21.8303
35.587
80.295
280.023
941.971
948.39
288.805
83.5375
36.9548
22.5357
16.6604
13.8689
12.4474
11.7309
11.4298
11.4298
11.7309
12.4474
13.8688
16.6603
22.5354
36.9543
83.5364
288.805
948.391
953.974
297.029
86.689
38.2985
23.2329
17.0658
14.1178
12.6044
11.8342
11.508
11.508
11.8342
12.6044
14.1178
17.0658
23.2331
38.2987
86.6893
297.029
953.974
958.476
304.53
89.7287
39.6199
23.9252
17.4716
14.37
12.7664
11.9437
11.593
11.593
11.9437
12.7664
14.37
17.4715
23.9251
39.6197
89.7284
304.53
958.478
962.123
311.358
92.6468
40.9134
24.6097
17.8764
14.6245
12.9327
12.0588
11.6841
11.6841
12.0588
12.9326
14.6245
17.8763
24.6094
40.9127
92.6451
311.356
962.123
964.942
317.489
95.4096
42.1616
25.2779
18.2756
14.8785
13.1014
12.1781
11.7803
11.7803
12.1781
13.1014
14.8784
18.2755
25.2776
42.1609
95.408
317.488
964.945
967.117
323.006
98.0145
43.3592
25.9261
18.6668
15.1304
13.2715
12.3008
11.8808
11.8808
12.3007
13.2715
15.1304
18.6668
25.9261
43.3592
98.0144
323.005
967.116
968.757
328.086
100.525
44.5272
26.5624
19.0532
15.3815
13.4433
12.4267
11.9854
11.9854
12.4267
13.4433
15.3814
19.053
26.562
44.5261
100.522
328.082
968.761
969.687
332.605
102.939
45.6744
27.1924
19.438
15.6333
13.6174
12.556
12.094
12.0939
12.556
13.6173
15.633
19.4376
27.1914
45.6721
102.933
332.598
969.69
970.02
336.614
105.231
46.7878
27.8112
19.8195
15.8854
13.794
12.6892
12.207
12.207
12.6891
13.7939
15.8852
19.819
27.8102
46.7856
105.226
336.608
970.026
969.892
340.115
107.367
47.8493
28.4099
20.1931
16.1355
13.9717
12.8253
12.3238
12.3238
12.8252
13.9715
16.1353
20.1927
28.4093
47.8479
107.362
340.107
969.899
969.509
343.167
109.355
48.8606
28.9881
20.5576
16.382
14.1489
12.9627
12.4429
12.4428
12.9627
14.1487
16.3817
20.5568
28.9862
48.8562
109.344
343.154
969.519
968.735
345.821
111.23
49.8315
29.5484
20.9136
16.6247
14.3249
13.1004
12.5628
12.5628
13.1002
14.3245
16.624
20.9124
29.5459
49.8256
111.215
345.807
968.748
967.672
348.112
112.988
50.7609
30.0909
21.2612
16.8636
14.4999
13.2386
12.6841
12.684
13.2384
14.4994
16.8628
21.2597
30.0879
50.7543
112.972
348.094
967.691
966.304
350.022
114.598
51.636
30.6104
21.5987
17.0986
14.6742
13.3781
12.8075
12.8074
13.3778
14.6735
17.0974
21.5966
30.6064
51.6271
114.576
350
966.329
964.684
351.565
116.057
52.4556
31.1066
21.9254
17.3291
14.8476
13.5188
12.9331
12.933
13.5185
14.847
17.328
21.9232
31.1018
52.4444
116.03
351.54
964.717
962.912
352.788
117.381
53.2246
31.5819
22.2434
17.5564
15.0207
13.6605
13.0603
13.0602
13.6602
15.0199
17.555
22.2409
31.5767
53.2119
117.348
352.765
962.956
961.098
353.699
118.543
53.9323
32.0323
22.5506
17.7789
15.1918
13.8018
13.1877
13.1876
13.8014
15.191
17.7773
22.5475
32.0258
53.9172
118.509
353.685
961.155
959.282
354.337
119.513
54.5547
32.4444
22.8395
17.9923
15.3583
13.9405
13.3134
13.3132
13.9398
15.357
17.9899
22.835
32.4354
54.534
119.462
354.303
959.355
957.428
354.652
120.265
55.0763
32.8071
23.1021
18.191
15.5162
14.074
13.4354
13.4351
14.0731
15.5143
18.1877
23.0961
32.7955
55.0516
120.212
354.647
957.518
955.535
354.864
120.838
55.5092
33.1216
23.3363
18.3724
15.6637
14.2012
13.553
13.5528
14.2003
15.6619
18.3692
23.3305
33.11
55.4842
120.789
354.843
955.643
953.674
354.975
121.334
55.8783
33.3982
23.5488
18.5416
15.805
14.3258
13.6698
13.6696
14.3251
15.8038
18.5395
23.5448
33.3896
55.856
121.274
355.008
953.805
951.914
354.941
121.694
56.1823
33.6466
23.7502
18.7085
15.9484
14.4548
13.7921
13.792
14.4545
15.9478
18.7072
23.7474
33.6397
56.1633
121.647
354.991
952.07
950.265
354.827
121.801
56.4078
33.8685
23.9458
18.8786
16.0987
14.5918
13.9226
13.9225
14.5917
16.0983
18.8776
23.9433
33.8621
56.392
121.788
354.908
950.436
948.69
354.605
121.785
56.556
34.0629
24.1355
19.0512
16.254
14.7345
14.0589
14.0589
14.7346
16.254
19.0507
24.1339
34.0591
56.5482
121.784
354.732
948.863
947.185
354.154
121.692
56.647
34.2358
24.3188
19.2233
16.4115
14.8807
14.1992
14.1992
14.8809
16.4118
19.2237
24.3196
34.2382
56.6547
121.72
354.381
947.35
945.785
353.57
121.441
56.7158
34.3967
24.4969
19.3959
16.5736
15.0337
14.3473
14.347
15.0334
16.5735
19.3969
24.5008
34.4063
56.739
121.521
353.858
945.937
944.465
353.117
121.263
56.7956
34.5582
24.6801
19.5794
16.7505
15.2035
14.5129
14.5124
15.2026
16.7496
19.5801
24.6851
34.572
56.8279
121.354
353.441
944.603
943.11
352.914
121.209
56.8969
34.7424
24.8927
19.7951
16.9595
15.4051
14.7101
14.7096
15.4043
16.9587
19.7954
24.8972
34.7564
56.931
121.309
353.305
943.228
941.549
352.832
121.221
57.0628
34.9924
25.1684
20.0674
17.2193
15.6533
14.9521
14.9521
15.6538
17.2201
20.0691
25.1734
35.0059
57.0952
121.327
353.291
941.617
939.624
352.743
121.337
57.3512
35.3446
25.5295
20.4102
17.538
15.9529
15.2419
15.2426
15.9554
17.5417
20.4153
25.5384
35.3631
57.3902
121.454
353.25
939.633
937.258
352.538
121.687
57.78
35.8033
25.9705
20.8126
17.902
16.2885
15.5632
15.5645
16.2931
17.9093
20.8235
25.9889
35.8381
57.8477
121.842
353.073
937.168
934.456
352.039
122.121
58.3308
36.3423
26.4585
21.24
18.2763
16.625
15.8806
15.8825
16.6317
18.2877
21.2586
26.4915
36.4042
58.4477
122.362
352.579
934.248
931.273
350.724
122.598
58.9562
36.9117
26.9464
21.6469
18.616
16.9177
16.1498
16.1522
16.9262
18.6315
21.6738
26.9959
37.0051
59.1276
122.916
351.241
930.941
927.804
349.113
123.101
59.5593
37.4411
27.3817
21.9882
18.8786
17.1261
16.3316
16.3341
17.1353
18.896
22.0204
27.4439
37.5601
59.7733
123.462
349.55
927.346
924.126
348.322
123.498
60.0307
37.8541
27.7134
22.2252
19.0335
17.2284
16.4108
16.4131
17.2371
19.0493
22.2558
27.7783
37.9852
60.2672
123.882
348.713
923.545
920.274
348.281
123.765
60.3298
38.0985
27.904
22.3373
19.0797
17.2434
16.4158
16.418
17.2514
19.0925
22.3607
27.9623
38.2288
60.5683
124.156
348.668
919.589
916.265
348.71
124.144
60.4995
38.1783
27.9588
22.3492
19.0598
17.2009
16.3624
16.3642
17.2077
19.0701
22.3674
28.0088
38.3023
60.7213
124.507
349.083
915.509
912.145
350.245
124.941
60.5791
38.1611
27.9346
22.2839
18.9033
16.9753
16.11
16.11
16.9771
18.9034
22.2898
27.977
38.2796
60.7721
125.215
350.505
911.351
908.01
354.495
126.8
60.5695
37.9683
27.7232
21.9477
18.3358
16.2378
15.304
15.2956
16.2151
18.3001
21.9177
27.7415
38.0659
60.7318
126.822
354.464
907.209
904.022
362.752
130.793
60.2875
37.2025
26.8899
20.8011
16.8073
14.5978
13.6563
13.6388
14.5423
16.7026
20.6868
26.8435
37.2336
60.3559
130.53
362.666
903.242
900.367
371.342
135.509
59.181
35.1865
24.8213
18.7024
14.8342
12.7466
11.8494
11.8255
12.6731
14.7047
18.5509
24.7097
35.1325
59.0909
135.219
371.206
899.641
897.145
379.027
139.743
57.4543
32.8938
22.6055
16.5891
12.8784
10.9098
10.0693
10.0412
10.8172
12.7135
16.3951
22.4534
32.8068
57.3044
139.326
378.828
896.503
894.394
385.098
142.682
55.5633
30.7467
20.5421
14.6214
11.0753
9.24491
8.48214
8.44778
9.13039
10.8693
14.3781
20.3519
30.6134
55.3172
141.995
384.817
893.846
892.108
389.36
144.187
53.5818
28.8049
18.7173
12.925
9.54696
7.86679
7.1749
7.13322
7.73691
9.32097
12.636
18.491
28.6273
53.2147
143.173
388.946
891.657
890.243
392.006
144.634
51.6928
27.1408
17.195
11.5414
8.3377
6.79952
6.16898
6.13074
6.6722
8.09743
11.2352
16.9308
26.907
51.209
143.403
391.429
889.899
888.749
393.392
144.624
50.0446
25.7923
15.9911
10.4719
7.41993
5.99158
5.41861
5.39296
5.89139
7.21503
10.1621
15.7073
25.5146
49.4662
143.306
392.696
888.523
887.565
393.921
144.354
48.6871
24.7654
15.0929
9.67251
6.76111
5.41698
4.8864
4.86872
5.3366
6.58224
9.38923
14.8073
24.4562
48.0656
142.778
393.18
887.469
886.634
393.994
143.499
47.621
23.9927
14.4431
9.12105
6.31897
5.04926
4.55228
4.52758
4.96702
6.15676
8.87126
14.1697
23.6847
47.0265
141.839
393.239
886.674
885.905
393.86
142.532
46.8351
23.4343
13.9893
8.76523
6.04795
4.83472
4.35142
4.32476
4.74308
5.88856
8.51373
13.732
23.1682
46.328
141.102
393.107
886.071
885.322
393.411
141.814
46.3162
23.0622
13.6838
8.51677
5.87677
4.6937
4.22409
4.19832
4.61378
5.73014
8.27159
13.4481
22.8337
45.8923
140.561
392.776
885.605
884.848
393.037
141.354
46.0212
22.8419
13.4826
8.34722
5.73597
4.57645
4.12222
4.10709
4.5168
5.60456
8.12582
13.2677
22.6253
45.6112
140.127
392.486
885.239
884.468
392.707
140.989
45.843
22.7079
13.3488
8.23162
5.64817
4.49698
4.04993
4.04907
4.46323
5.5284
8.02663
13.1415
22.4823
45.4196
139.748
392.214
884.943
884.185
392.141
140.517
45.7025
22.6141
13.2478
8.12011
5.59369
4.46027
4.0154
4.00691
4.4166
5.48079
7.95359
13.0515
22.3841
45.2854
139.426
391.949
884.694
883.991
391.453
139.931
45.553
22.5234
13.1654
8.05457
5.54818
4.43825
4.00309
3.98458
4.393
5.46224
7.91626
12.991
22.3252
45.2278
139.227
391.754
884.47
883.876
390.925
139.342
45.3949
22.4265
13.0823
8.00153
5.51213
4.41194
3.98449
3.97611
4.38111
5.43775
7.90175
12.9639
22.2932
45.2206
139.15
391.641
884.254
883.826
390.526
138.782
45.2229
22.3241
12.9951
7.93513
5.49259
4.38857
3.96833
3.96732
4.37412
5.43646
7.86861
12.9539
22.292
45.226
139.137
391.561
884.05
883.816
390.212
138.278
45.0494
22.223
12.9252
7.89072
5.45927
4.38315
3.96205
3.96366
4.36635
5.43345
7.87
12.9385
22.2866
45.245
139.14
391.468
883.852
883.83
389.971
137.881
44.9045
22.1319
12.8509
7.84868
5.45059
4.36748
3.95978
3.96729
4.37571
5.43465
7.86543
12.9268
22.2849
45.2832
139.157
391.375
883.667
883.902
389.805
137.586
44.8014
22.0644
12.8025
7.83211
5.43268
4.36621
3.95859
3.9632
4.3778
5.4543
7.86096
12.9095
22.2885
45.3399
139.213
391.355
883.484
883.998
389.634
137.38
44.7362
22.0272
12.7703
7.80243
5.41983
4.36189
3.95989
3.95976
4.3792
5.46833
7.85797
12.9098
22.2991
45.3949
139.31
391.371
883.308
884.068
389.487
137.209
44.6839
21.9967
12.7522
7.79766
5.39965
4.36462
3.9664
3.96396
4.38772
5.47299
7.86525
12.9115
22.3187
45.4687
139.441
391.427
883.112
884.126
389.219
137.055
44.644
21.9794
12.7291
7.7799
5.40404
4.36255
3.96791
3.97484
4.40611
5.48141
7.88258
12.9129
22.3326
45.5737
139.64
391.548
882.903
884.188
388.956
136.82
44.5978
21.9606
12.7174
7.76653
5.39515
4.36088
3.96857
3.97786
4.42085
5.50918
7.8769
12.9148
22.3704
45.6884
139.853
391.821
882.663
884.246
388.473
136.607
44.5454
21.9368
12.7011
7.75127
5.38436
4.34932
3.96073
3.98168
4.42876
5.50764
7.88737
12.9291
22.4007
45.8181
140.159
392.113
882.386
884.328
387.899
136.187
44.4452
21.9066
12.6824
7.73387
5.36891
4.33619
3.9501
3.97689
4.42718
5.51522
7.90268
12.9297
22.4235
45.9304
140.414
392.573
882.054
884.431
386.998
135.822
44.3554
21.8671
12.6653
7.73518
5.36035
4.32479
3.94564
3.9808
4.43643
5.52569
7.9299
12.9362
22.4448
46.1247
140.911
393.138
881.653
884.554
385.922
135.089
44.2041
21.8008
12.6437
7.74451
5.36115
4.31225
3.93904
3.98345
4.45876
5.55084
7.959
12.9505
22.4671
46.3107
141.399
393.997
881.114
884.728
384.363
134.439
44.085
21.7335
12.6108
7.75155
5.36223
4.30612
3.94114
3.99492
4.46918
5.59273
8.01532
12.9584
22.5238
46.7006
142.432
395.203
880.436
884.916
382.346
133.097
43.8486
21.6097
12.5614
7.7499
5.37611
4.30478
3.9358
3.99194
4.48788
5.63364
8.06303
13.0006
22.6124
47.0876
143.469
396.767
879.48
885.251
379.573
131.863
43.6242
21.4455
12.4572
7.742
5.38158
4.30726
3.94208
3.99402
4.50865
5.70207
8.14864
13.0966
22.8302
47.8895
145.451
398.946
878.258
885.564
375.886
129.283
43.1461
21.2238
12.3553
7.72542
5.39849
4.31872
3.95442
4.02362
4.5591
5.76228
8.23542
13.2086
23.075
48.6909
147.715
401.793
876.56
886.126
371.046
127.061
42.6763
20.8718
12.1562
7.72298
5.43429
4.35042
3.98164
4.05361
4.63584
5.89256
8.42093
13.4391
23.6006
50.3727
151.327
405.5
874.312
886.872
364.718
122.501
41.7842
20.5339
12.0139
7.74357
5.50913
4.42572
4.04829
4.10808
4.70681
6.01705
8.58095
13.7199
24.227
52.0547
155.679
410.661
871.249
887.41
356.279
118.847
40.7431
19.963
11.7863
7.82238
5.6479
4.57166
4.18688
4.21693
4.83028
6.20125
8.903
14.3004
25.5626
55.6493
162.421
416.972
867.161
888.429
345.723
112.052
39.0068
19.434
11.7964
8.023
5.93474
4.85782
4.45993
4.43387
5.04068
6.45121
9.27022
14.926
26.924
59.1653
170.141
424.993
861.656
888.87
331.178
106.201
37.2136
18.8536
11.977
8.45776
6.41962
5.39044
4.96154
4.88937
5.4854
6.97831
10.047
16.2563
29.8061
66.4563
182.239
435.918
854.394
888.594
313.964
96.1029
35.07
18.9746
12.5753
9.39126
7.40619
6.20694
5.71678
5.58989
6.18414
7.77085
11.098
17.9027
32.9959
73.6062
196.574
449.774
844.618
887.245
289.773
87.4891
33.7174
19.795
14.0128
11.0244
8.97208
7.92631
7.26189
7.05165
7.66881
9.44884
13.3215
21.4059
39.8777
88.6268
217.53
467.789
831.842
883.772
264.067
74.5464
34.6187
22.271
17.1008
14.581
12.1042
10.3765
9.53208
9.19987
9.77095
11.8397
16.3966
26.0594
48.1843
103.966
242.549
488.895
814.783
875.977
224.079
72.5899
38.9993
28.1942
23.5053
19.6918
16.7803
14.9698
13.7381
13.3596
14.14
16.9584
22.9134
36.0644
66.0243
134.772
278.298
514.534
792.259
854.221
206.017
81.2395
51.4296
40.4066
34.5093
31.25
25.6921
22.3628
20.6238
19.9795
20.5374
23.9465
32.1915
49.8949
87.9926
169.055
318.584
539.499
762.527
837.677
250.484
117.212
80.655
65.66
56.7022
44.4568
37.3613
33.5747
31.1738
30.4574
31.4815
37.8698
51.2766
78.5617
131.329
227.833
374.096
566.756
721.715
872.912
256.343
116.057
78.7489
63.6193
53.65
44.9092
36.6653
32.7581
30.6025
29.9717
31.4162
38.1497
50.5827
80.2105
136.166
240.273
396.049
597.285
751.273
890.986
216.697
83.7552
51.4941
39.8811
34.275
29.3722
25.7107
22.0086
20.3088
19.6722
20.2217
23.9376
32.8742
51.0513
91.56
178.745
338.352
568.788
793.417
913.464
242.114
76.3616
39.8382
28.1442
22.8336
19.4774
16.4879
14.7582
13.6595
13.3282
14.2378
17.0215
23.0336
37.2308
69.1378
143.528
297.37
542.977
823.934
921.219
283.084
81.5277
35.8601
22.6179
17.1683
14.3214
12.0948
10.3828
9.57751
9.27119
9.89452
12.0447
16.8074
26.9458
50.6661
111.37
260.726
516.781
847.186
924.525
310.891
95.4548
35.1507
20.2806
14.156
11.018
8.95289
7.8514
7.26951
7.10478
7.82752
9.67479
13.6377
22.2081
42.0301
95.3035
235.038
495.008
864.689
925.629
335.628
105.4
36.9433
19.5441
12.7932
9.44127
7.43594
6.29006
5.79642
5.67128
6.33927
8.01112
11.4649
18.567
34.6854
79.069
213.55
476.348
877.891
925.723
353.867
116.033
39.0657
19.4601
12.236
8.55429
6.4631
5.40998
5.01749
4.97415
5.63822
7.21376
10.4002
16.8646
31.2726
71.2852
198.838
461.896
888.029
924.649
368.537
122.993
41.1897
20.1248
12.0768
8.14632
6.00219
4.93591
4.54274
4.53286
5.17783
6.66369
9.59127
15.4598
28.1974
63.3999
186.071
450.428
895.546
923.476
379.578
130.115
42.8969
20.6446
12.075
7.9645
5.74848
4.66604
4.28442
4.32238
4.96153
6.40278
9.20697
14.7986
26.7489
59.6075
178.302
442.135
901.302
922.668
388.112
134.723
44.1871
21.2827
12.3202
7.8985
5.63241
4.54441
4.16793
4.22405
4.84262
6.20471
8.84991
14.1529
25.299
55.6649
170.779
435.597
905.552
921.493
394.669
139.542
45.0128
21.6146
12.4555
7.88533
5.58279
4.49154
4.11841
4.18602
4.78837
6.10318
8.67031
13.8372
24.6099
53.816
166.593
430.524
908.81
920.941
399.52
142.273
45.7375
22.0515
12.6803
7.91497
5.56693
4.47072
4.09292
4.16792
4.73623
5.96871
8.46816
13.5658
23.9699
51.8467
162.266
426.729
911.179
920.249
403.385
145.166
46.2377
22.2675
12.7954
7.94719
5.56528
4.46571
4.07996
4.14145
4.68975
5.90687
8.38499
13.437
23.6627
50.907
160.057
423.683
912.997
919.873
406.158
146.696
46.577
22.5093
12.9345
7.98599
5.57608
4.47541
4.08335
4.12396
4.63884
5.83851
8.30253
13.3237
23.4141
49.9284
157.685
421.509
914.291
919.562
408.523
148.349
46.8623
22.6161
12.9925
8.01196
5.58931
4.49551
4.08656
4.12014
4.62301
5.79472
8.24754
13.2802
23.2974
49.4701
156.556
419.778
915.297
919.409
410.116
149.137
46.9981
22.6654
13.0168
8.03679
5.62505
4.51854
4.09133
4.12096
4.62104
5.77574
8.20866
13.2393
23.185
49.007
155.375
418.583
915.998
919.321
411.458
149.849
47.103
22.6817
13.0224
8.04381
5.64601
4.54353
4.10778
4.11353
4.60705
5.77689
8.18704
13.2092
23.1291
48.7859
154.819
417.589
916.548
919.277
412.236
150.175
47.148
22.6606
12.9967
8.04832
5.67011
4.55889
4.11164
4.11702
4.59814
5.75648
8.18599
13.1997
23.0812
48.5595
154.279
416.904
916.934
919.251
412.883
150.409
47.1665
22.595
12.96
8.04501
5.69212
4.56641
4.11148
4.11327
4.58678
5.76002
8.18468
13.183
23.0485
48.4524
154.018
416.346
917.244
919.224
413.25
150.549
47.174
22.5709
12.9494
8.04602
5.69781
4.5728
4.10977
4.11372
4.58072
5.75978
8.18462
13.1662
23.0121
48.3332
153.752
416.024
917.485
919.206
413.516
150.664
47.1849
22.5555
12.9451
8.0536
5.70401
4.56521
4.10742
4.11415
4.58812
5.75623
8.16605
13.154
22.9736
48.2342
153.575
415.728
917.702
919.199
413.623
150.739
47.2009
22.5222
12.9262
8.07645
5.71548
4.57354
4.10725
4.11491
4.59691
5.75742
8.15377
13.1177
22.9085
48.1063
153.357
415.551
917.906
919.19
413.648
150.757
47.2021
22.4603
12.8837
8.0876
5.74519
4.59856
4.12593
4.12843
4.61309
5.77896
8.13896
13.0727
22.8049
47.956
153.07
415.362
918.141
919.164
413.588
150.717
47.1593
22.3772
12.8521
8.08979
5.78491
4.62271
4.13342
4.13682
4.61539
5.79382
8.1408
12.9762
22.6497
47.7525
152.643
415.135
918.373
919.121
413.401
150.554
47.0757
22.2966
12.8034
8.09023
5.80133
4.63447
4.13878
4.14252
4.62564
5.79239
8.13208
12.8896
22.4935
47.502
152.083
414.823
918.623
919.074
413.188
150.31
46.9491
22.2035
12.7629
8.10571
5.80524
4.64778
4.15481
4.14693
4.62812
5.80317
8.12778
12.8028
22.329
47.2101
151.377
414.405
918.861
919.028
412.874
149.988
46.7853
22.098
12.724
8.11288
5.81047
4.66181
4.18028
4.16337
4.64928
5.82281
8.13208
12.7205
22.1335
46.9318
150.56
413.835
919.089
918.985
412.52
149.565
46.5724
21.9629
12.6826
8.14142
5.84206
4.68286
4.19724
4.18851
4.68631
5.8688
8.13351
12.6805
21.9518
46.6716
149.715
413.107
919.19
918.948
412.062
149.02
46.3268
21.8402
12.6747
8.16213
5.90226
4.73633
4.23601
4.24079
4.74046
5.93069
8.20468
12.6612
21.8668
46.4028
148.992
412.362
919.213
918.915
411.457
148.356
46.1556
21.7911
12.683
8.23797
5.96754
4.8026
4.30477
4.30287
4.80722
5.99669
8.26315
12.6795
21.8455
46.2525
148.379
411.639
919.21
918.882
410.703
147.638
46.1186
21.7898
12.7454
8.36711
6.09098
4.92798
4.41915
4.40784
4.92203
6.1303
8.3899
12.75
21.8545
46.2251
147.764
410.806
919.174
918.861
409.779
146.9
46.136
21.8534
12.8904
8.53977
6.29816
5.10206
4.57529
4.56503
5.09267
6.32026
8.58894
12.934
21.9146
46.2423
147.082
409.805
919.096
918.843
408.648
146.125
46.277
22.0284
13.1581
8.86411
6.5779
5.35885
4.82642
4.81975
5.35773
6.59777
8.87019
13.2065
22.1386
46.3868
146.336
408.644
919.005
918.81
407.26
145.333
46.6473
22.4255
13.5487
9.27571
6.98603
5.72815
5.18795
5.1832
5.72916
6.97694
9.30342
13.6399
22.5133
46.7606
145.556
407.245
918.929
918.773
405.493
144.551
47.3143
23.0095
14.1732
9.86746
7.51787
6.2605
5.707
5.70237
6.25042
7.52562
9.88647
14.2473
23.0966
47.4292
144.779
405.492
918.894
918.745
403.172
143.762
48.3033
23.8495
14.9806
10.6402
8.25682
6.97324
6.40327
6.39025
6.94897
8.26059
10.6628
15.0214
23.9199
48.4124
143.973
403.211
918.888
918.742
400.086
142.843
49.5828
24.9568
15.9944
11.6156
9.18431
7.8704
7.29957
7.2911
7.8692
9.18778
11.6247
16.0164
24.9945
49.6567
142.998
400.167
918.908
918.764
396.001
141.594
51.0691
26.3306
17.1902
12.7522
10.3027
8.96368
8.37607
8.37341
8.9586
10.3132
12.7639
17.1922
26.3333
51.0844
141.642
396.102
918.969
918.822
390.734
139.842
52.6674
27.938
18.5892
14.0449
11.5545
10.1918
9.59114
9.59301
10.2
11.5539
14.0346
18.5769
27.9154
52.6232
139.77
390.798
919.074
918.918
384.39
137.56
54.298
29.7162
20.1538
15.4633
12.8966
11.4981
10.8697
10.87
11.4922
12.8885
15.448
20.124
29.6667
54.1941
137.364
384.411
919.208
919.058
377.298
134.978
55.918
31.6017
21.8263
16.9496
14.2743
12.81
12.1545
12.1501
12.8004
14.2587
16.9273
21.7876
31.5252
55.773
134.652
377.26
919.368
919.267
369.872
132.988
57.5721
33.501
23.5038
18.4211
15.6038
14.0599
13.3676
13.3642
14.049
15.5861
18.3931
23.4568
33.4225
57.4017
132.601
369.759
919.576
919.587
362.59
132.152
59.3187
35.3215
25.0605
19.7567
16.7915
15.1606
14.4307
14.4294
15.1554
16.7792
19.7336
25.0193
35.2324
59.1144
131.762
362.346
919.876
920.076
356.099
131.755
60.889
36.6497
26.0485
20.5419
17.4674
15.7793
15.0239
15.0229
15.7758
17.4604
20.5284
26.021
36.5893
60.7302
131.379
355.626
920.324
920.765
352.878
131.315
61.5324
37.1642
26.4114
20.8262
17.7119
16.0037
15.2397
15.239
16.0013
17.7071
20.8174
26.395
37.1302
61.4475
131.019
352.456
920.945
921.646
351.729
130.835
61.756
37.3591
26.5418
20.9242
17.7949
16.0796
15.3126
15.3121
16.0777
17.7913
20.9179
26.5305
37.3373
61.7061
130.665
351.368
921.734
922.716
351.294
130.686
61.8416
37.4283
26.5805
20.9499
17.8153
16.0979
15.3301
15.3297
16.0963
17.8124
20.9449
26.572
37.4135
61.8126
130.575
350.977
922.703
923.969
351.149
130.619
61.8678
37.4468
26.5868
20.9517
17.8154
16.0974
15.3294
15.329
16.096
17.8128
20.9472
26.5794
37.4363
61.8515
130.549
350.868
923.868
925.375
351.141
130.53
61.8685
37.4463
26.5723
20.9285
17.7892
16.0707
15.3029
15.3027
16.07
17.7878
20.9259
26.5677
37.438
61.8576
130.506
350.879
925.215
926.883
351.391
130.342
61.8307
37.4061
26.507
20.8554
17.7164
16.0001
15.2339
15.234
16.0004
17.7168
20.856
26.5077
37.4061
61.8324
130.346
351.194
926.703
928.448
351.957
130.076
61.7239
37.2933
26.3774
20.7277
17.5961
15.8865
15.124
15.1244
15.8876
17.5983
20.7315
26.3836
37.303
61.7414
130.111
351.827
928.276
930.047
352.474
129.795
61.5424
37.1113
26.1975
20.5618
17.4445
15.7453
14.9883
14.9888
15.747
17.4476
20.5672
26.2067
37.1272
61.5715
129.84
352.405
929.898
931.695
352.718
129.508
61.2998
36.8891
25.9957
20.3828
17.284
15.5973
14.8464
14.8469
15.5989
17.2871
20.3882
26.005
36.9062
61.3336
129.561
352.686
931.569
933.423
352.914
129.179
61.0199
36.657
25.797
20.2112
17.1322
15.4579
14.7131
14.7135
15.4593
17.1347
20.2157
25.8048
36.6719
61.0516
129.238
352.898
933.313
935.263
353.203
128.795
60.7266
36.4302
25.6108
20.0538
16.9943
15.3323
14.5933
14.5936
15.3334
16.9963
20.0572
25.6169
36.4419
60.7521
128.851
353.202
935.165
937.21
353.685
128.42
60.4258
36.202
25.4286
19.9031
16.8646
15.2155
14.4825
14.4828
15.2164
16.8663
19.906
25.4338
36.2118
60.4465
128.464
353.69
937.125
939.275
354.35
128.061
60.0936
35.9497
25.2325
19.745
16.7315
15.0975
14.3716
14.3719
15.0983
16.7332
19.7479
25.2375
35.9591
60.1128
128.097
354.357
939.207
941.454
355.1
127.632
59.6904
35.6513
25.0076
19.5685
16.5859
14.9703
14.2531
14.2533
14.9711
16.5875
19.5712
25.0124
35.6605
59.7097
127.67
355.113
941.401
943.729
355.698
127.036
59.198
35.3017
24.7512
19.3713
16.4258
14.8319
14.1248
14.125
14.8326
16.4271
19.3736
24.7554
35.3098
59.2157
127.074
355.714
943.688
946.089
356.033
126.274
58.6308
34.9134
24.4724
19.1598
16.2557
14.6861
13.9901
13.9902
14.6865
16.2567
19.1615
24.4755
34.9196
58.6442
126.303
356.046
946.055
948.525
356.208
125.407
58.0183
34.5047
24.1836
18.943
16.0828
14.5385
13.8543
13.8544
14.5389
16.0835
18.9442
24.1858
34.509
58.0275
125.427
356.219
948.499
951.009
356.269
124.453
57.3751
34.0858
23.8921
18.7267
15.9118
14.3935
13.7212
13.7213
14.3938
15.9123
18.7276
23.8938
34.0892
57.3824
124.47
356.28
950.989
953.464
356.166
123.405
56.6999
33.6563
23.598
18.511
15.7429
14.2514
13.5914
13.5915
14.2517
15.7434
18.5119
23.5995
33.6593
56.7066
123.42
356.176
953.449
955.819
355.825
122.27
55.9904
33.2118
23.2973
18.2928
15.5737
14.1102
13.4631
13.4631
14.1104
15.5741
18.2936
23.2986
33.2145
55.9961
122.282
355.835
955.808
958.062
355.377
121.054
55.2456
32.749
22.9864
18.069
15.4015
13.9675
13.3339
13.334
13.9677
15.4018
18.0696
22.9874
32.751
55.2497
121.063
355.382
958.055
960.225
354.578
119.735
54.4606
32.2656
22.6638
17.8384
15.2253
13.8226
13.2033
13.2033
13.8227
15.2255
17.8388
22.6645
32.2669
54.4634
119.742
354.585
960.219
962.318
353.529
118.302
53.6294
31.7605
22.3302
17.602
15.0463
13.6763
13.072
13.072
13.6763
15.0464
17.6022
22.3306
31.7613
53.6314
118.307
353.533
962.312
964.271
352.143
116.74
52.7511
31.2356
21.9878
17.3619
14.8661
13.5304
12.9418
12.9418
13.5304
14.8663
17.3621
21.9882
31.2364
52.7528
116.744
352.147
964.269
965.995
350.441
115.071
51.8368
30.697
21.6401
17.1204
14.6867
13.3863
12.8139
12.8139
13.3863
14.6868
17.1205
21.6405
30.6977
51.8382
115.074
350.446
965.994
967.439
348.42
113.314
50.8973
30.1494
21.2893
16.8785
14.5086
13.2444
12.6888
12.6888
13.2445
14.5087
16.8787
21.2896
30.1499
50.8984
113.316
348.422
967.437
968.59
346.074
111.475
49.9335
29.5922
20.9346
16.6356
14.3311
13.1043
12.5658
12.5659
13.1044
14.3311
16.6357
20.9347
29.5926
49.9343
111.477
346.076
968.588
969.421
343.356
109.539
48.9368
29.0207
20.573
16.3899
14.1531
12.9652
12.4446
12.4446
12.9652
14.1532
16.3899
20.5731
29.0209
48.9373
109.54
343.358
969.421
969.829
340.233
107.482
47.8974
28.4304
20.2027
16.1404
13.9744
12.8269
12.3251
12.3251
12.827
13.9744
16.1405
20.2028
28.4306
47.8977
107.483
340.234
969.828
969.968
336.686
105.296
46.8137
27.8221
19.8247
15.8883
13.7958
12.6905
12.2081
12.2081
12.6905
13.7958
15.8883
19.8248
27.8222
46.814
105.297
336.687
969.968
969.662
332.655
102.986
45.6936
27.2007
19.4421
15.6355
13.6188
12.557
12.0948
12.0948
12.557
13.6188
15.6355
19.4421
27.2007
45.6937
102.987
332.656
969.662
968.701
328.125
100.567
44.5455
26.5705
19.0571
15.3834
13.4443
12.4273
11.9858
11.9858
12.4273
13.4443
15.3834
19.0571
26.5705
44.5456
100.567
328.125
968.702
967.131
323.054
98.0458
43.3717
25.9315
18.6693
15.1316
13.2722
12.3012
11.8811
11.8811
12.3012
13.2722
15.1316
18.6693
25.9315
43.3718
98.046
323.055
967.131
964.907
317.491
95.4201
42.1655
25.2794
18.2763
14.8789
13.1017
12.1783
11.7805
11.7805
12.1783
13.1017
14.8789
18.2763
25.2794
42.1655
95.4201
317.491
964.907
962.141
311.385
92.6547
40.9153
24.6103
17.8767
14.6246
12.9327
12.0588
11.6841
11.6841
12.0588
12.9327
14.6246
17.8766
24.6103
40.9153
92.6546
311.385
962.142
958.464
304.525
89.7331
39.6225
23.9264
17.4722
14.3704
12.7666
11.9438
11.593
11.593
11.9438
12.7666
14.3704
17.4722
23.9264
39.6225
89.733
304.525
958.464
953.928
297.015
86.6936
38.3015
23.2344
17.0665
14.1183
12.6047
11.8344
11.5082
11.5082
11.8344
12.6047
14.1183
17.0665
23.2344
38.3014
86.6935
297.015
953.928
948.42
288.844
83.5484
36.9578
22.5367
16.6608
13.8691
12.4476
11.731
11.4299
11.4299
11.731
12.4476
13.8691
16.6608
22.5367
36.9578
83.5483
288.843
948.42
941.952
280.016
80.2955
35.5876
21.8305
16.2536
13.6221
12.295
11.6335
11.3583
11.3583
11.6335
12.295
13.6221
16.2536
21.8305
35.5875
80.2954
280.015
941.952
934.582
270.513
76.9188
34.1822
21.1121
15.8432
13.3769
12.147
11.542
11.2932
11.2932
11.542
12.147
13.3769
15.8432
21.1121
34.1822
76.9187
270.512
934.582
925.96
260.115
73.3783
32.736
20.3816
15.4309
13.1346
12.0044
11.4573
11.2355
11.2355
11.4573
12.0044
13.1346
15.4309
20.3815
32.7359
73.3783
260.115
925.961
916.052
248.92
69.7245
31.2671
19.6469
15.0212
12.898
11.8693
11.3806
11.1858
11.1858
11.3806
11.8693
12.898
15.0212
19.6469
31.2671
69.7243
248.92
916.051
904.912
237.031
65.9916
29.787
18.9131
14.6167
12.669
11.7427
11.3126
11.1446
11.1446
11.3126
11.7427
12.669
14.6167
18.9132
29.787
65.9917
237.031
904.913
892.659
224.53
62.1842
28.2923
18.1781
14.2168
12.4477
11.6248
11.2531
11.1115
11.1115
11.2531
11.6248
12.4477
14.2168
18.1781
28.2923
62.1841
224.529
892.658
879.142
211.274
58.2599
26.7698
17.4376
13.8206
12.2342
11.5159
11.2022
11.0862
11.0862
11.2022
11.5159
12.2342
13.8206
17.4376
26.7698
58.26
211.274
879.143
864.036
197.105
54.2038
25.2208
16.6947
13.431
12.0309
11.4176
11.1607
11.0697
11.0697
11.1607
11.4176
12.0309
13.431
16.6947
25.2207
54.2037
197.105
864.036
847.5
182.261
50.0878
23.6696
15.9607
13.0549
11.8421
11.332
11.1289
11.0619
11.0619
11.1289
11.332
11.8421
13.055
15.9607
23.6696
50.0879
182.261
847.501
829.866
167.029
45.9641
22.1301
15.2424
12.697
11.6708
11.2604
11.1066
11.0594
11.0594
11.1066
11.2604
11.6708
12.697
15.2424
22.1301
45.9641
167.029
829.866
811.127
151.385
41.8117
20.5949
14.5391
12.3588
11.5185
11.2033
11.0956
11.0625
11.0625
11.0956
11.2033
11.5185
12.3588
14.5391
20.5949
41.8117
151.385
811.127
790.865
135.06
37.5846
19.0554
13.8517
12.0438
11.3874
11.1601
11.0919
11.0718
11.0718
11.0919
11.1601
11.3874
12.0438
13.8517
19.0554
37.5846
135.06
790.865
769.168
118.316
33.3416
17.5331
13.1943
11.7613
11.2825
11.1365
11.0944
11.0843
11.0843
11.0944
11.1365
11.2825
11.7613
13.1943
17.5331
33.3416
118.317
769.168
746.608
101.776
29.1892
16.0611
12.5867
11.5228
11.2063
11.1273
11.105
11.1003
11.1003
11.105
11.1273
11.2063
11.5228
12.5867
16.0611
29.1892
101.776
746.608
723.237
85.9127
25.1503
14.6501
12.0444
11.3376
11.1684
11.1265
11.1183
11.1171
11.1171
11.1183
11.1265
11.1684
11.3376
12.0444
14.6501
25.1503
85.9126
723.237
698.561
71.1332
21.1625
13.3058
11.5879
11.2262
11.1552
11.1382
11.1358
11.1355
11.1355
11.1358
11.1382
11.1552
11.2262
11.5879
13.3058
21.1625
71.1332
698.561
672.662
55.0327
17.0309
12.085
11.3037
11.1803
11.1547
11.1529
11.1534
11.1536
11.1536
11.1534
11.1529
11.1547
11.1803
11.3037
12.085
17.0309
55.0327
672.662
646.051
32.1801
12.7381
11.3229
11.19
11.171
11.1705
11.1708
11.1706
11.1705
11.1705
11.1706
11.1708
11.1705
11.171
11.19
11.3229
12.7381
32.1801
646.051
)
;

boundaryField
{
    outlet
    {
        type            inletOutlet;
        inletValue      uniform 1;
        value           nonuniform List<scalar> 
20
(
1342.74
669.554
427.576
370.077
347.22
321.884
287.558
245.716
198.204
156.678
159.083
200.58
246.586
286.765
318.799
342.031
363.122
419.001
661.425
1337.1
)
;
    }
    inlet1
    {
        type            turbulentMixingLengthFrequencyInlet;
        mixingLength    0.01;
        phi             phi;
        k               k;
        value           uniform 11.1803;
    }
    inlet2
    {
        type            turbulentMixingLengthFrequencyInlet;
        mixingLength    0.01;
        phi             phi;
        k               k;
        value           uniform 11.1803;
    }
    frontAndBack
    {
        type            empty;
    }
    defaultFaces
    {
        type            omegaWallFunction;
        Cmu             0.09;
        kappa           0.41;
        E               9.8;
        beta1           0.075;
        value           nonuniform List<scalar> 
620
(
1342.74
1340.1
1339.21
1338.57
1338.53
1339.05
1339.68
1341.18
1342.61
1344.96
1347.29
1350.42
1353.61
1357.54
1361.56
1366.27
1371.1
1376.51
1382
1387.93
1393.86
1400.1
1406.21
1412.47
1418.5
1424.53
1430.26
1435.86
1441.13
1446.16
1450.84
1455.23
1459.27
1462.98
1466.33
1469.33
1471.96
1474.25
1476.18
1477.77
1479.05
1480.04
1480.44
1480.49
1480.31
1479.82
1479
1477.86
1476.38
1474.57
1472.42
1469.92
1467.05
1463.82
1460.26
1456.37
1452.1
1447.44
1442.46
1437.14
1431.4
1425.21
1418.68
1411.77
1404.42
1396.69
1388.43
1379.48
1370.15
1360.17
1349.46
1338.2
1326.23
1313.54
1300.17
1286.14
1271.47
1256.24
1240.52
1224.37
1207.7
1190.13
1170.94
1151.28
1130.47
1108.2
1084.07
1057
1025.9
988.763
942.749
883.082
803.075
694.498
554.829
485.057
519.733
662.654
771.685
802.971
1337.1
1333.43
1332.1
1330.4
1329.69
1329.42
1329.49
1330.17
1331.01
1332.6
1334.33
1336.78
1339.39
1342.68
1346.16
1350.29
1354.62
1359.56
1364.68
1370.3
1376
1382.07
1388.1
1394.36
1400.47
1406.64
1412.57
1418.41
1423.97
1429.33
1434.38
1439.16
1443.59
1447.72
1451.51
1454.96
1458.06
1460.82
1463.25
1465.34
1467.11
1468.56
1469.71
1470.61
1471.06
1471.13
1471
1470.61
1469.97
1469.08
1467.94
1466.54
1464.9
1463
1460.82
1458.36
1455.63
1452.67
1449.46
1445.92
1442.08
1437.97
1433.64
1428.99
1424.05
1418.79
1413.15
1407.17
1400.85
1394.01
1386.61
1378.76
1370.3
1360.9
1350.94
1339.92
1327.97
1315
1300.76
1285.36
1268.53
1250.26
1230.45
1208.94
1185.53
1159.43
1129.74
1093.76
1050.47
996.193
924.576
832.531
730.438
624.99
539.469
493.463
516.271
665.39
793.896
831.828
680.648
648.572
612.188
571.975
529.278
485.607
443.539
405.064
371.479
343.342
344.016
372.897
410.967
454.303
500.95
548.34
594.088
636.828
675.049
708.571
646.044
672.659
698.591
723.236
746.568
769.167
790.909
811.133
829.832
847.484
864.072
879.155
892.648
904.893
916.063
925.995
934.561
941.971
948.39
953.974
958.476
962.123
964.942
967.117
968.757
969.687
970.02
969.892
969.509
968.735
967.672
966.304
964.684
962.912
961.098
959.282
957.428
955.535
953.674
951.914
950.265
948.69
947.185
945.785
944.465
943.11
941.549
939.624
937.258
934.456
931.273
927.804
924.126
920.274
916.265
912.145
908.01
904.022
900.367
897.145
894.394
892.108
890.243
888.749
887.565
886.634
885.905
885.322
884.848
884.468
884.185
883.991
883.876
883.826
883.816
883.83
883.902
883.998
884.068
884.126
884.188
884.246
884.328
884.431
884.554
884.728
884.916
885.251
885.564
886.126
886.872
887.41
888.429
888.87
888.594
887.245
883.772
875.977
854.221
837.677
646.044
672.659
698.59
723.236
746.568
769.167
790.909
811.133
829.832
847.484
864.072
879.155
892.648
904.893
916.063
925.995
934.562
941.971
948.391
953.974
958.478
962.123
964.945
967.116
968.761
969.69
970.026
969.899
969.519
968.748
967.691
966.329
964.717
962.956
961.155
959.355
957.518
955.643
953.805
952.07
950.436
948.863
947.35
945.937
944.603
943.228
941.617
939.633
937.168
934.248
930.941
927.346
923.545
919.589
915.509
911.351
907.209
903.242
899.641
896.503
893.846
891.657
889.899
888.523
887.469
886.674
886.071
885.605
885.239
884.943
884.694
884.47
884.254
884.05
883.852
883.667
883.484
883.308
883.112
882.903
882.663
882.386
882.054
881.653
881.114
880.436
879.48
878.258
876.56
874.312
871.249
867.161
861.656
854.394
844.618
831.842
814.783
792.259
762.527
721.715
872.912
890.986
913.464
921.219
924.525
925.629
925.723
924.649
923.476
922.668
921.493
920.941
920.249
919.873
919.562
919.409
919.321
919.277
919.251
919.224
919.206
919.199
919.19
919.164
919.121
919.074
919.028
918.985
918.948
918.915
918.882
918.861
918.843
918.81
918.773
918.745
918.742
918.764
918.822
918.918
919.058
919.267
919.587
920.076
920.765
921.646
922.716
923.969
925.375
926.883
928.448
930.047
931.695
933.423
935.263
937.21
939.275
941.454
943.729
946.089
948.525
951.009
953.464
955.819
958.062
960.225
962.318
964.271
965.995
967.439
968.59
969.421
969.829
969.968
969.662
968.701
967.131
964.907
962.141
958.464
953.928
948.42
941.952
934.582
925.96
916.052
904.912
892.659
879.142
864.036
847.5
829.866
811.127
790.865
769.168
746.608
723.237
698.561
672.662
646.051
751.273
793.417
823.934
847.186
864.689
877.891
888.029
895.546
901.302
905.552
908.81
911.179
912.997
914.291
915.297
915.998
916.548
916.934
917.244
917.485
917.702
917.906
918.141
918.373
918.623
918.861
919.089
919.19
919.213
919.21
919.174
919.096
919.005
918.929
918.894
918.888
918.908
918.969
919.074
919.208
919.368
919.576
919.876
920.324
920.945
921.734
922.703
923.868
925.215
926.703
928.276
929.898
931.569
933.313
935.165
937.125
939.207
941.401
943.688
946.055
948.499
950.989
953.449
955.808
958.055
960.219
962.312
964.269
965.994
967.437
968.588
969.421
969.828
969.968
969.662
968.702
967.131
964.907
962.142
958.464
953.928
948.42
941.952
934.582
925.961
916.051
904.913
892.658
879.143
864.036
847.501
829.866
811.127
790.865
769.168
746.608
723.237
698.561
672.662
646.051
)
;
    }
}


// ************************************************************************* //
