/*--------------------------------*- C++ -*----------------------------------*\
| =========                 |                                                 |
| \\      /  F ield         | OpenFOAM: The Open Source CFD Toolbox           |
|  \\    /   O peration     | Version:  2.1.0                                 |
|   \\  /    A nd           | Web:      www.OpenFOAM.org                      |
|    \\/     M anipulation  |                                                 |
\*---------------------------------------------------------------------------*/
FoamFile
{
    version     2.0;
    format      ascii;
    class       volScalarField;
    location    "0.39";
    object      k;
}
// * * * * * * * * * * * * * * * * * * * * * * * * * * * * * * * * * * * * * //

dimensions      [0 2 -2 0 0 0 0];

internalField   nonuniform List<scalar> 
6400
(
0.0328178
0.0328595
0.0328635
0.0328591
0.0328369
0.0328264
0.0327964
0.0327819
0.0327481
0.032731
0.0326951
0.0326745
0.0326375
0.0326128
0.032575
0.0325459
0.0325071
0.0324738
0.0324338
0.0323967
0.0323552
0.0323148
0.0322718
0.0322286
0.0321842
0.0321385
0.0320924
0.0320444
0.0319962
0.0319458
0.0318952
0.0318422
0.0317889
0.031733
0.0316766
0.0316175
0.0315575
0.0314947
0.0314304
0.0313626
0.0312923
0.031218
0.0311399
0.0310569
0.0309689
0.0308748
0.0307742
0.0306662
0.0305505
0.030426
0.0302923
0.0301487
0.0299939
0.0298245
0.0296395
0.0294353
0.0292237
0.0289993
0.0287674
0.0285228
0.0282706
0.0280075
0.0277355
0.0274533
0.0271598
0.0268562
0.0265399
0.0262123
0.025868
0.0255087
0.0251326
0.0247382
0.0243252
0.0238923
0.0234395
0.0229668
0.0224748
0.021965
0.021439
0.0208997
0.020349
0.0197878
0.0192108
0.0185971
0.0179287
0.0172354
0.0164875
0.0156665
0.0147364
0.013647
0.0123248
0.0106606
0.00856903
0.00608328
0.00342579
0.00235819
0.0027476
0.0055246
0.00876214
0.00991667
0.05203
0.0523581
0.0525089
0.0527853
0.0529559
0.0532302
0.0534194
0.0536878
0.0538945
0.0541575
0.054379
0.0546382
0.0548718
0.0551287
0.0553714
0.0556273
0.0558767
0.0561322
0.0563863
0.0566419
0.0568994
0.0571561
0.0574169
0.0576761
0.0579415
0.0582057
0.0584769
0.0587476
0.0590254
0.0593032
0.0595878
0.0598731
0.0601647
0.0604578
0.0607569
0.061058
0.0613651
0.061675
0.0619913
0.0623112
0.0626352
0.0629615
0.0632906
0.0636206
0.0639513
0.0642805
0.0646073
0.0649293
0.065245
0.0655521
0.0658492
0.0661357
0.0664164
0.0666827
0.0669321
0.0671536
0.0673684
0.0675695
0.0677586
0.0679278
0.0680771
0.0682139
0.0683272
0.0684295
0.0685038
0.0685603
0.0685865
0.068595
0.0685674
0.0684963
0.0683821
0.0682142
0.0679864
0.06769
0.0673157
0.0668554
0.0662988
0.0656392
0.0648673
0.0639793
0.0629693
0.0618392
0.0605918
0.059222
0.0576856
0.0559231
0.0539099
0.0515832
0.0488821
0.0457363
0.0420898
0.0379036
0.0332345
0.0283504
0.0233622
0.0186271
0.0149784
0.0123966
0.0107865
0.00922082
0.0577067
0.0581933
0.0584154
0.0588196
0.0590952
0.059485
0.0597935
0.0601739
0.0605058
0.0608816
0.061231
0.0616056
0.0619684
0.0623439
0.0627169
0.0630945
0.063475
0.0638549
0.0642403
0.0646216
0.0650092
0.0653902
0.0657786
0.0661605
0.0665502
0.0669359
0.0673296
0.0677201
0.0681175
0.0685124
0.0689132
0.0693119
0.0697154
0.070117
0.0705223
0.0709257
0.0713315
0.0717345
0.0721375
0.0725367
0.0729354
0.0733299
0.0737213
0.0741067
0.0744857
0.0748555
0.075214
0.0755575
0.075882
0.0761817
0.0764512
0.0766784
0.0768845
0.0770711
0.0772326
0.0773737
0.0774895
0.0775824
0.0776493
0.0776881
0.0777042
0.0777018
0.0776355
0.0775492
0.0774031
0.0772243
0.076985
0.0767027
0.076356
0.0759546
0.0754804
0.074936
0.074305
0.0735849
0.0727592
0.0718223
0.070758
0.0695595
0.0682119
0.0667097
0.0650412
0.0632038
0.0611895
0.0589976
0.0566321
0.0541149
0.0514304
0.0485904
0.0455674
0.0423547
0.0389065
0.035195
0.0311942
0.026904
0.02244
0.0180896
0.0144241
0.011462
0.00928232
0.00710626
0.0618681
0.062409
0.0626559
0.0631224
0.0634473
0.0638949
0.0642622
0.0646973
0.0650908
0.0655193
0.06593
0.0663562
0.0667788
0.0672052
0.067636
0.0680638
0.0685003
0.0689297
0.0693693
0.0697996
0.0702398
0.0706688
0.0711028
0.0715211
0.0719384
0.0723462
0.0727592
0.0731632
0.0735694
0.0739664
0.0743632
0.0747499
0.0751341
0.0755071
0.0758748
0.0762298
0.0765768
0.0769096
0.0772323
0.0775375
0.0778279
0.0781004
0.0783534
0.0785857
0.0787945
0.0789786
0.0791351
0.0792624
0.0793581
0.0794127
0.0794359
0.0794391
0.0793853
0.0793036
0.0791682
0.0789943
0.078763
0.0784827
0.0781379
0.0777321
0.0772528
0.076707
0.0760789
0.0753771
0.0745841
0.0737093
0.0727362
0.0716749
0.0705114
0.0692556
0.067897
0.0664453
0.0648939
0.0632526
0.0615171
0.0596977
0.0577914
0.0558087
0.0537474
0.051617
0.0494155
0.0471514
0.0448227
0.0424367
0.0399933
0.0374985
0.0349536
0.0323832
0.0297825
0.0271698
0.0245464
0.0219286
0.0193218
0.0167469
0.0142359
0.0118684
0.00969555
0.00785874
0.00658618
0.00599003
0.0628981
0.0634108
0.0636399
0.0640878
0.0643873
0.0648146
0.065151
0.0655591
0.0659153
0.0663079
0.0666736
0.0670535
0.0674217
0.0677903
0.0681558
0.0685131
0.0688714
0.069216
0.069563
0.0698926
0.0702241
0.070537
0.0708496
0.0711429
0.071434
0.0717073
0.0719762
0.072226
0.0724678
0.0726885
0.0728977
0.0730833
0.0732537
0.0733977
0.0735226
0.0736179
0.0736871
0.0737204
0.073732
0.073713
0.0736466
0.0735497
0.0734061
0.0732233
0.0729919
0.0727145
0.0723856
0.0720052
0.0715701
0.0710794
0.0705324
0.0699263
0.0692594
0.0685333
0.0677432
0.0668946
0.0659832
0.0650122
0.0639778
0.0628841
0.0617278
0.0605141
0.0592399
0.0579113
0.0565257
0.0550902
0.0536023
0.05207
0.0504912
0.0488742
0.0472177
0.0455294
0.0438095
0.0420657
0.0403033
0.0385277
0.0367426
0.0349534
0.0331651
0.031383
0.0296131
0.0278617
0.0261358
0.0244418
0.0227867
0.0211761
0.019617
0.0180975
0.0166328
0.0152132
0.0138507
0.0125365
0.0112835
0.0100873
0.00896773
0.007939
0.00702951
0.00639808
0.00612468
0.00612165
0.0592158
0.0595236
0.0596619
0.0599445
0.0601287
0.0603933
0.0605934
0.0608331
0.061033
0.0612463
0.0614362
0.0616223
0.0617951
0.0619528
0.0621026
0.0622297
0.0623512
0.062445
0.0625331
0.0625901
0.0626339
0.0626527
0.0626581
0.062634
0.0625885
0.0625128
0.062416
0.0622911
0.0621451
0.0619662
0.0617641
0.0615257
0.0612614
0.0609581
0.0606261
0.060253
0.0598486
0.0594019
0.0589221
0.0583984
0.0578387
0.0572367
0.0565967
0.0559151
0.0551952
0.0544344
0.0536361
0.0527985
0.051925
0.0510141
0.0500698
0.0490907
0.048081
0.04704
0.0459718
0.0448764
0.0437572
0.0426152
0.0414546
0.0402796
0.0390916
0.0378943
0.0366896
0.0354812
0.034271
0.0330627
0.0318586
0.0306619
0.0294755
0.0283022
0.0271449
0.0260065
0.0248896
0.0237964
0.0227257
0.021681
0.0206639
0.0196765
0.018722
0.0178006
0.0169132
0.0160553
0.0152323
0.0144385
0.0136783
0.0129455
0.0122435
0.0115652
0.010914
0.0102812
0.0096704
0.00907286
0.008494
0.00792932
0.00739439
0.00689791
0.00653541
0.00637771
0.00635136
0.00656851
0.0498595
0.049811
0.0497937
0.0497756
0.049761
0.0497298
0.0496991
0.0496422
0.049586
0.0494976
0.0494104
0.0492873
0.0491657
0.049006
0.0488471
0.0486494
0.0484515
0.0482147
0.0479767
0.0477005
0.047422
0.0471078
0.0467845
0.0464256
0.0460559
0.0456515
0.045235
0.0447849
0.0443216
0.0438257
0.0433157
0.0427743
0.0422185
0.041633
0.0410334
0.0404061
0.0397655
0.0390995
0.0384215
0.0377209
0.0370101
0.0362817
0.0355461
0.0347961
0.0340418
0.033277
0.0325109
0.0317383
0.0309675
0.0301942
0.029426
0.0286593
0.027901
0.0271477
0.026406
0.0256709
0.0249484
0.0242362
0.023539
0.0228519
0.0221816
0.0215237
0.0208836
0.0202574
0.0196493
0.0190557
0.0184817
0.0179206
0.0173774
0.0168467
0.0163325
0.0158298
0.0153418
0.0148638
0.0143983
0.0139408
0.0134934
0.0130517
0.0126167
0.0121841
0.0117715
0.0113665
0.0109795
0.0105988
0.0102339
0.00987409
0.00952829
0.00918687
0.0088591
0.00853717
0.0082319
0.00793837
0.00767009
0.00742635
0.00723071
0.00710107
0.00704797
0.00709234
0.0074326
0.00762454
0.0368973
0.0365387
0.0363881
0.0361067
0.0359297
0.035644
0.0354349
0.0351342
0.0348919
0.0345711
0.0342957
0.0339521
0.0336444
0.0332767
0.0329374
0.0325449
0.0321752
0.0317577
0.0313584
0.0309159
0.0304879
0.0300204
0.029573
0.0290924
0.0286297
0.0281407
0.0276677
0.0271679
0.0266829
0.026177
0.0256861
0.0251792
0.0246882
0.0241853
0.0236995
0.0232053
0.0227296
0.0222486
0.0217874
0.0213237
0.0208809
0.0204366
0.0200132
0.0195908
0.0191896
0.0187912
0.0184141
0.0180414
0.0176897
0.0173437
0.0170176
0.0166979
0.0163985
0.0161066
0.0158337
0.015569
0.0153221
0.0150837
0.0148612
0.014647
0.0144477
0.0142562
0.0140786
0.0139081
0.0137508
0.0135998
0.0134591
0.0133266
0.0132039
0.0130885
0.0129815
0.0128807
0.0127869
0.012698
0.0126146
0.0125347
0.0124588
0.0123846
0.0123127
0.0122405
0.0121685
0.0120914
0.0120109
0.0119215
0.0118246
0.0117145
0.0115926
0.0114535
0.0112996
0.0111276
0.0109431
0.0107477
0.010553
0.0103681
0.0102372
0.0101802
0.0101735
0.010418
0.0107797
0.0109573
0.0241888
0.0236642
0.0234471
0.0230368
0.0228025
0.0224034
0.0221514
0.0217594
0.0214914
0.0211051
0.0208247
0.0204432
0.0201542
0.0197779
0.0194835
0.0191135
0.018817
0.0184547
0.0181592
0.0178065
0.0175149
0.0171739
0.0168929
0.0165687
0.0163005
0.0159953
0.0157417
0.0154565
0.0152196
0.0149561
0.0147376
0.014497
0.014298
0.0140813
0.0139026
0.0137103
0.0135523
0.0133848
0.0132477
0.0131049
0.0129891
0.0128702
0.0127758
0.0126805
0.0126077
0.0125355
0.0124842
0.0124349
0.0124052
0.0123819
0.0123719
0.0123691
0.0123793
0.0124001
0.0124321
0.0124737
0.012527
0.0125896
0.0126649
0.0127494
0.012847
0.0129538
0.0130739
0.0132032
0.0133461
0.0134986
0.0136648
0.0138406
0.0140301
0.0142296
0.0144431
0.0146673
0.0149058
0.0151556
0.01542
0.0156962
0.0159871
0.0162901
0.0166076
0.0169367
0.0172793
0.0176321
0.017996
0.0183671
0.0187449
0.0191242
0.0195029
0.0198742
0.0202345
0.0205765
0.0208971
0.0211917
0.0214619
0.021711
0.0219551
0.02224
0.0226871
0.0232935
0.0241195
0.0250182
0.0175514
0.0170194
0.0168043
0.0163947
0.0161804
0.0157905
0.0155787
0.0152102
0.0150032
0.0146573
0.0144576
0.0141353
0.0139452
0.013647
0.0134685
0.0131949
0.01303
0.0127812
0.0126312
0.0124074
0.0122734
0.0120747
0.0119576
0.0117834
0.0116837
0.0115335
0.0114511
0.0113242
0.0112592
0.0111567
0.0111062
0.0110292
0.010992
0.0109405
0.0109163
0.0108905
0.0108797
0.0108754
0.0108785
0.0108945
0.0109177
0.0109506
0.0109925
0.0110428
0.0111033
0.011171
0.01125
0.0113355
0.011433
0.0115367
0.0116527
0.0117754
0.0119103
0.0120524
0.0122067
0.0123688
0.0125435
0.0127266
0.0129225
0.0131275
0.0133461
0.0135744
0.0138172
0.0140709
0.01434
0.0146212
0.0149189
0.0152301
0.0155591
0.0159034
0.0162672
0.0166482
0.0170509
0.0174732
0.0179196
0.0183886
0.0188848
0.0194072
0.0199605
0.0205445
0.021164
0.0218196
0.0225167
0.0232568
0.024046
0.024887
0.0257872
0.0267513
0.0277887
0.0289066
0.030117
0.0314309
0.0328642
0.034433
0.0361565
0.038045
0.0400993
0.0422884
0.0438147
0.0444371
0.0209944
0.0204202
0.0201842
0.0197333
0.0194883
0.0190542
0.0188027
0.018386
0.0181314
0.0177331
0.0174787
0.0170997
0.0168487
0.0164907
0.0162467
0.0159106
0.0156767
0.0153636
0.0151424
0.0148527
0.0146463
0.0143806
0.0141907
0.0139493
0.013777
0.01356
0.0134062
0.0132136
0.0130788
0.0129105
0.0127951
0.0126509
0.0125548
0.0124346
0.0123577
0.0122614
0.0122034
0.0121308
0.0120921
0.0120451
0.0120226
0.0120047
0.0119982
0.0119973
0.012014
0.0120349
0.012072
0.0121136
0.012171
0.0122334
0.0123111
0.0123944
0.0124928
0.0125974
0.0127168
0.012843
0.0129837
0.0131318
0.0132945
0.013465
0.01365
0.013844
0.0140528
0.0142715
0.0145058
0.0147506
0.015012
0.015285
0.0155755
0.0158789
0.0162009
0.0165373
0.0168938
0.0172666
0.0176613
0.0180747
0.0185122
0.0189713
0.0194573
0.0199684
0.0205099
0.0210809
0.0216866
0.0223271
0.0230079
0.0237302
0.0244999
0.025319
0.0261938
0.0271278
0.0281288
0.0292074
0.0303773
0.0316527
0.0330581
0.0346194
0.0363751
0.0382977
0.0398505
0.0405333
0.0317849
0.031233
0.0309997
0.0305545
0.0302899
0.0298493
0.0295539
0.0291126
0.02879
0.0283469
0.0280021
0.0275525
0.0271826
0.0267276
0.0263392
0.0258799
0.0254788
0.0250178
0.0246091
0.0241497
0.023738
0.0232834
0.0228731
0.0224266
0.0220217
0.0215866
0.0211909
0.0207703
0.0203871
0.0199838
0.0196162
0.0192328
0.0188836
0.0185221
0.0181935
0.0178551
0.0175481
0.0172341
0.0169507
0.0166626
0.0164036
0.0161424
0.0159088
0.0156761
0.0154691
0.0152649
0.0150847
0.0149087
0.0147552
0.0146069
0.0144798
0.0143588
0.0142577
0.0141637
0.0140886
0.0140204
0.0139701
0.0139264
0.0138999
0.0138848
0.0138793
0.0138802
0.0139017
0.0139255
0.0139685
0.0140145
0.014078
0.0141447
0.0142273
0.0143124
0.0144108
0.0145116
0.0146234
0.0147369
0.0148592
0.014982
0.0151112
0.0152395
0.0153715
0.0155007
0.0156309
0.0157562
0.0158796
0.0159959
0.0161075
0.0162099
0.0163055
0.0163909
0.0164689
0.0165376
0.0166015
0.0166554
0.0167064
0.0167739
0.0168755
0.0170566
0.0173724
0.0179011
0.0186323
0.0196779
0.0448202
0.0444879
0.0443477
0.0440795
0.0439092
0.0436311
0.043423
0.0431231
0.0428758
0.0425488
0.0422624
0.041906
0.0415814
0.041194
0.0408315
0.0404127
0.0400129
0.0395628
0.0391272
0.0386463
0.0381765
0.0376663
0.0371645
0.0366267
0.0360955
0.0355326
0.034975
0.0343902
0.0338103
0.0332071
0.0326094
0.0319922
0.0313814
0.0307553
0.0301368
0.0295076
0.0288858
0.0282527
0.0276296
0.0270001
0.026383
0.0257637
0.0251594
0.0245566
0.0239707
0.0233896
0.0228272
0.0222722
0.0217372
0.0212107
0.020704
0.0202072
0.0197303
0.0192637
0.0188161
0.0183794
0.0179613
0.0175537
0.017164
0.016787
0.0164266
0.0160784
0.0157461
0.0154233
0.0151151
0.0148146
0.0145271
0.0142441
0.0139716
0.0137058
0.0134504
0.0131996
0.0129583
0.0127194
0.0124886
0.0122588
0.0120356
0.0118121
0.0115941
0.0113751
0.0111607
0.0109452
0.0107343
0.0105229
0.0103166
0.0101116
0.00991066
0.0097122
0.00952018
0.00933487
0.00916105
0.00900195
0.00886367
0.0087494
0.00869301
0.00867467
0.00878494
0.00904454
0.00944775
0.00962638
0.0562995
0.056303
0.0563164
0.0563328
0.0563437
0.0563467
0.0563432
0.0563125
0.0562808
0.0562134
0.0561461
0.0560434
0.0559436
0.0558037
0.0556663
0.0554867
0.0553074
0.0550852
0.0548604
0.0545926
0.0543192
0.054003
0.0536782
0.0533127
0.0529342
0.0525154
0.052082
0.0516092
0.0511197
0.0505917
0.0500455
0.0494622
0.0488596
0.0482215
0.0475638
0.0468725
0.0461622
0.0454203
0.0446599
0.0438706
0.0430639
0.0422313
0.0413835
0.0405128
0.0396299
0.0387283
0.0378174
0.0368921
0.0359613
0.0350222
0.0340825
0.0331393
0.0322001
0.0312624
0.0303334
0.029411
0.0285018
0.0276044
0.0267242
0.0258591
0.0250126
0.0241797
0.0233676
0.0225727
0.021801
0.0210488
0.0203211
0.0196161
0.0189366
0.0182771
0.0176409
0.0170241
0.016429
0.0158516
0.0152936
0.0147512
0.0142254
0.0137125
0.0132135
0.0127245
0.0122462
0.0117747
0.0113105
0.0108503
0.0103941
0.00996041
0.00953784
0.00913997
0.00875393
0.00839321
0.00804672
0.00772887
0.00742866
0.00716917
0.00692735
0.00676977
0.0066997
0.00669843
0.00703004
0.00721857
0.0627395
0.0630641
0.0632098
0.063499
0.0636933
0.0639629
0.064174
0.0644191
0.0646318
0.0648529
0.0650581
0.0652562
0.0654472
0.0656212
0.0657926
0.0659405
0.0660871
0.0662063
0.0663234
0.0664104
0.0664932
0.0665441
0.0665799
0.0665936
0.0665957
0.0665601
0.0665106
0.0664253
0.0663219
0.0661817
0.0660195
0.0658187
0.0655917
0.0653236
0.0650252
0.0646832
0.0643089
0.0638943
0.0634442
0.0629516
0.0624202
0.0618421
0.0612245
0.0605583
0.0598511
0.059095
0.0582971
0.0574511
0.0565633
0.0556295
0.0546552
0.0536376
0.052582
0.051487
0.0503573
0.0491925
0.0479977
0.0467729
0.0455234
0.0442496
0.0429598
0.0416545
0.0403399
0.0390168
0.0376916
0.0363649
0.0350428
0.0337261
0.0324204
0.0311266
0.0298499
0.0285914
0.0273555
0.0261433
0.0249587
0.0238021
0.0226747
0.0215718
0.0204995
0.0194548
0.0184416
0.0174589
0.0165084
0.0155902
0.0147048
0.0138514
0.0130238
0.0122247
0.0114491
0.0107007
0.00997509
0.009276
0.00860124
0.00795954
0.00736282
0.00681386
0.00640052
0.00621226
0.00617355
0.00636007
0.0640677
0.064553
0.0647709
0.0651911
0.0654768
0.065876
0.0661969
0.0665783
0.0669178
0.0672858
0.0676345
0.0679921
0.0683435
0.0686922
0.0690416
0.0693814
0.0697252
0.0700554
0.0703901
0.0707089
0.0710315
0.0713366
0.0716435
0.0719335
0.0722215
0.0724908
0.0727567
0.0730031
0.073244
0.0734661
0.073681
0.0738748
0.0740581
0.0742183
0.0743642
0.0744843
0.0745871
0.0746625
0.0747097
0.0747299
0.0747336
0.074691
0.0746222
0.0745097
0.0743633
0.0741702
0.0739363
0.0736516
0.0733196
0.0729323
0.0724918
0.0719919
0.0714336
0.0708138
0.0701318
0.0693831
0.0685729
0.0676931
0.066751
0.0657383
0.0646634
0.0635221
0.0623209
0.0610553
0.0597328
0.0583505
0.0569149
0.0554253
0.0538873
0.0523023
0.050675
0.0490079
0.047305
0.0455697
0.0438046
0.0420145
0.0402028
0.0383809
0.0365442
0.0347034
0.0328541
0.0310073
0.0291591
0.0273214
0.0254916
0.0236825
0.0218939
0.020139
0.0184208
0.0167323
0.0150958
0.0135113
0.0120029
0.0105772
0.00927901
0.00808271
0.00708284
0.00635323
0.00603064
0.00600345
0.061515
0.0620173
0.062247
0.0626714
0.062971
0.0633763
0.0637133
0.0641066
0.0644666
0.0648538
0.0652285
0.0656137
0.0659982
0.0663835
0.0667748
0.0671613
0.067557
0.0679452
0.0683435
0.068733
0.0691321
0.0695219
0.0699201
0.0703083
0.0707022
0.0710852
0.0714699
0.0718405
0.0722061
0.0725596
0.0729189
0.0732683
0.0736206
0.0739645
0.0743102
0.0746497
0.074986
0.0753124
0.0756338
0.0759451
0.0762488
0.0765381
0.0768187
0.0770825
0.0773342
0.0775661
0.0777818
0.0779751
0.0781475
0.0782942
0.0784154
0.0785061
0.0785578
0.0785793
0.0785814
0.0785227
0.0784411
0.0783005
0.078123
0.0778824
0.077592
0.0772315
0.0768077
0.0763032
0.07572
0.0750548
0.0742991
0.073454
0.0725083
0.0714656
0.0703155
0.069064
0.0677027
0.0662403
0.06467
0.0630028
0.0612341
0.0593739
0.0574192
0.0553787
0.0532489
0.0510364
0.0487359
0.0463513
0.0438753
0.0413101
0.0386508
0.0358981
0.0330559
0.0301485
0.0271751
0.0241581
0.021122
0.0181145
0.0152427
0.0125174
0.0101259
0.00808876
0.00662591
0.00592591
0.0563488
0.0567827
0.0569819
0.0573404
0.0575882
0.0579333
0.0582102
0.0585467
0.0588439
0.0591762
0.0594883
0.0598196
0.0601433
0.060476
0.0608089
0.0611442
0.0614843
0.061823
0.0621688
0.0625109
0.0628608
0.063206
0.0635585
0.0639056
0.0642591
0.0646069
0.0649601
0.065308
0.0656612
0.0660125
0.0663711
0.0667283
0.0670924
0.067455
0.067823
0.0681884
0.0685596
0.0689304
0.0693054
0.0696804
0.0700581
0.0704355
0.0708149
0.071193
0.0715718
0.0719478
0.0723228
0.0726955
0.0730653
0.0734284
0.0737838
0.0741267
0.0744534
0.0747591
0.0750333
0.0752606
0.0754826
0.0756726
0.0758481
0.0759899
0.0761112
0.0761997
0.0762682
0.0763068
0.0763237
0.0763156
0.0762388
0.0761338
0.0759616
0.0757452
0.0754585
0.0751141
0.0746832
0.0741773
0.0735664
0.0728554
0.0720148
0.0710434
0.0699127
0.068618
0.0671338
0.065455
0.0635614
0.0614503
0.0591086
0.0565393
0.0537331
0.0506969
0.0474355
0.0439452
0.0401947
0.0361595
0.0318325
0.0272345
0.0225301
0.0182243
0.0144568
0.0116267
0.00943535
0.00727347
0.0498679
0.0501576
0.0502908
0.0505315
0.0506818
0.0509207
0.0510873
0.0513209
0.051503
0.0517321
0.0519277
0.0521541
0.0523608
0.0525863
0.0528019
0.0530277
0.0532502
0.053477
0.0537045
0.0539327
0.0541637
0.0543932
0.0546265
0.054857
0.0550918
0.0553237
0.0555603
0.0557947
0.0560348
0.0562747
0.0565205
0.0567671
0.0570196
0.057273
0.0575324
0.0577933
0.0580604
0.0583297
0.0586055
0.0588842
0.0591692
0.0594581
0.0597535
0.0600536
0.0603607
0.0606736
0.0609937
0.0613155
0.0616413
0.061967
0.0622933
0.0626169
0.0629373
0.0632518
0.0635601
0.0638647
0.0641741
0.0644783
0.0647834
0.0650767
0.065359
0.0656131
0.0658298
0.066037
0.0662127
0.0663836
0.0665235
0.0666528
0.0667472
0.0668128
0.0668409
0.0668457
0.0667788
0.0666628
0.0664654
0.0661917
0.0658135
0.0653288
0.0647116
0.0639563
0.0630391
0.0619533
0.0606787
0.0592104
0.0575351
0.0556525
0.0535162
0.0511242
0.0483141
0.0450651
0.0412873
0.036946
0.0322244
0.027351
0.0224794
0.0180622
0.0146132
0.0122392
0.010742
0.00922552
0.0309801
0.0310097
0.0310102
0.0309938
0.0309702
0.0309519
0.0309189
0.0308995
0.0308629
0.0308416
0.0308037
0.0307795
0.0307412
0.0307136
0.030675
0.0306438
0.0306044
0.0305695
0.0305289
0.0304903
0.030448
0.0304059
0.0303616
0.0303164
0.0302699
0.030222
0.0301737
0.0301235
0.0300735
0.0300217
0.02997
0.0299163
0.0298627
0.0298071
0.0297514
0.0296938
0.0296361
0.0295765
0.0295168
0.0294552
0.0293932
0.0293293
0.0292648
0.0291982
0.0291304
0.02906
0.0289872
0.0289104
0.0288303
0.0287452
0.0286557
0.0285605
0.0284601
0.0283537
0.0282421
0.0281255
0.0280029
0.0278714
0.0277302
0.0275744
0.0274024
0.0272078
0.0269885
0.0267626
0.0265202
0.0262723
0.0260092
0.0257382
0.0254508
0.0251521
0.0248374
0.0245077
0.0241531
0.0237818
0.0233819
0.0229595
0.0225053
0.0220232
0.0215064
0.0209578
0.0203728
0.0197542
0.019099
0.01841
0.0176841
0.0169166
0.0160801
0.0151275
0.0140254
0.0127437
0.0111837
0.00926843
0.00707505
0.00496155
0.00301769
0.00232246
0.00260765
0.00527927
0.00862383
0.00984792
0.00947209
0.00467554
0.00403041
0.00390129
0.00387296
0.00389704
0.00381777
0.0037807
0.00376599
0.00376304
0.00378528
0.00385657
0.00413357
0.00471616
0.00547317
0.00655119
0.00691976
0.00690149
0.00576489
0.00340405
0.00777606
0.00468057
0.00428942
0.00419009
0.00416622
0.00404597
0.00396684
0.00393216
0.00392029
0.00392262
0.00397589
0.00416353
0.00455744
0.00514105
0.00621902
0.00686798
0.00700404
0.00675927
0.00519394
0.00278423
0.00621315
0.00478479
0.00460512
0.00454129
0.00436896
0.0042678
0.00419999
0.00417285
0.00416481
0.00417769
0.00430522
0.00456665
0.00505075
0.00599103
0.00679597
0.00704929
0.00703848
0.00647884
0.00456432
0.00215279
0.00579526
0.00511626
0.00503449
0.00479462
0.00463726
0.00452195
0.00446456
0.0044404
0.00443815
0.00453988
0.00476538
0.00519714
0.00606442
0.00686835
0.00719407
0.00725417
0.00697783
0.00602703
0.00378427
0.00154728
0.00591802
0.00548188
0.00534375
0.00505449
0.00493993
0.00486752
0.00484962
0.00488362
0.00500266
0.00528617
0.00568608
0.00651044
0.00718383
0.0074885
0.00757492
0.0073955
0.00678148
0.00540506
0.00293589
0.00101885
0.0062851
0.00593562
0.00580211
0.00561794
0.00558599
0.00559519
0.00572213
0.00595443
0.0063749
0.00689862
0.00751885
0.00800001
0.00820526
0.00824844
0.00796201
0.00732612
0.00637135
0.00458737
0.00189682
0.000564746
0.00721808
0.00709235
0.00707691
0.00710627
0.00738158
0.00770517
0.00825381
0.00895435
0.00962754
0.00982778
0.00989253
0.00975018
0.00942325
0.00883904
0.0080196
0.007078
0.00564262
0.00347741
0.00115173
0.000252287
0.0108636
0.0113033
0.0118082
0.012467
0.0134252
0.0144109
0.0148907
0.0150408
0.0140102
0.0134138
0.0123222
0.011533
0.0103103
0.00917754
0.00784447
0.00644676
0.00445679
0.00225264
0.000647647
9.14423e-05
0.0252715
0.0257508
0.0259531
0.0259519
0.0252564
0.0238941
0.0222363
0.0199664
0.018225
0.0162804
0.0144792
0.0126705
0.0107341
0.00894588
0.0070878
0.00504075
0.00297366
0.00132534
0.000394794
4.10128e-05
0.0411809
0.0393997
0.0374288
0.0346358
0.0320968
0.0285082
0.0258819
0.0227113
0.0203264
0.0174459
0.0151896
0.0124577
0.0101277
0.00734378
0.00515872
0.00314375
0.00190285
0.00090967
0.000365463
6.83806e-05
0.0379915
0.0364546
0.0348596
0.032382
0.030218
0.0269136
0.0244973
0.0215929
0.01943
0.0167751
0.0147841
0.0121927
0.0102387
0.0074507
0.00540647
0.00312509
0.0018262
0.000771884
0.000275549
5.57783e-05
0.0200674
0.0209925
0.0215053
0.0217596
0.0218431
0.0211271
0.0199231
0.0180582
0.016758
0.0149672
0.0137693
0.0119449
0.0106097
0.00879072
0.0072119
0.00516892
0.00295974
0.00116756
0.000290956
3.74902e-05
0.00946754
0.0096657
0.0100726
0.0105386
0.0113299
0.012244
0.0130333
0.0133441
0.0131638
0.0122404
0.0117927
0.0108629
0.0100323
0.00897794
0.00781929
0.00648861
0.00455942
0.0022437
0.000568938
4.78872e-05
0.00684699
0.0066652
0.00661031
0.00658388
0.00675496
0.0069949
0.00742183
0.00801431
0.0087933
0.00916377
0.00934071
0.00940817
0.00914849
0.00870812
0.00794798
0.00707144
0.00567362
0.00353055
0.00107458
0.000129055
0.00610493
0.00576887
0.00563721
0.00543491
0.00538492
0.00537111
0.00545235
0.00562602
0.00598621
0.00644027
0.00712925
0.00772749
0.00801496
0.00809354
0.00792618
0.00731064
0.00639061
0.00465274
0.00191554
0.000437383
0.00578554
0.00538265
0.00525295
0.0049684
0.00485156
0.00476929
0.00474342
0.00475519
0.0048543
0.00509629
0.00547472
0.00624529
0.00702818
0.00738803
0.00749121
0.00738731
0.00679492
0.00545576
0.00300799
0.000936771
0.00568064
0.00502072
0.00494887
0.00474275
0.0045851
0.00447305
0.00440748
0.00437794
0.00436941
0.0044526
0.00466621
0.00506525
0.0058841
0.00677799
0.00715331
0.00722402
0.00698931
0.00607156
0.00385964
0.00151359
0.00617947
0.0047303
0.0045319
0.00446455
0.00432377
0.00421854
0.00415368
0.00412704
0.00411921
0.00412863
0.00424306
0.00449654
0.00495601
0.00585726
0.00674278
0.00703798
0.0070441
0.00651513
0.00464002
0.00215844
0.00780352
0.00465302
0.00425607
0.00414802
0.00411569
0.00402194
0.00393529
0.00389745
0.00388521
0.00388742
0.00393741
0.00410997
0.00449834
0.00507822
0.00613633
0.00684585
0.00700235
0.00678702
0.00525818
0.00281757
0.00947295
0.00465247
0.00399454
0.00386796
0.00383826
0.00385241
0.0037974
0.00375421
0.00373917
0.00373596
0.0037582
0.00382664
0.00407902
0.00463984
0.00541946
0.00652178
0.00691885
0.00692009
0.00582772
0.00345022
0.00397117
0.00375019
0.00374679
0.0037468
0.00374652
0.00374628
0.00374612
0.00374604
0.003746
0.00374598
0.00374598
0.003746
0.00374604
0.00374612
0.00374628
0.00374652
0.0037468
0.00374679
0.00375019
0.00397118
0.00441489
0.00375346
0.00374141
0.00374096
0.00374056
0.00374012
0.00373987
0.00373975
0.00373969
0.00373966
0.00373966
0.00373969
0.00373975
0.00373987
0.00374012
0.00374056
0.00374096
0.00374141
0.00375346
0.00441489
0.0048594
0.00376059
0.00373287
0.00373264
0.00373284
0.00373273
0.00373256
0.00373242
0.00373235
0.00373231
0.00373231
0.00373235
0.00373242
0.00373256
0.00373273
0.00373284
0.00373264
0.00373287
0.00376058
0.0048594
0.00530179
0.00377206
0.0037243
0.00372396
0.00372492
0.00372524
0.00372525
0.00372519
0.00372514
0.00372512
0.00372512
0.00372514
0.00372519
0.00372525
0.00372524
0.00372492
0.00372396
0.0037243
0.00377206
0.00530179
0.00573924
0.00378544
0.00371551
0.00371483
0.00371665
0.00371758
0.00371789
0.00371795
0.00371795
0.00371795
0.00371795
0.00371795
0.00371795
0.00371789
0.00371758
0.00371665
0.00371483
0.0037155
0.00378544
0.00573924
0.00617058
0.00379767
0.00370577
0.0037051
0.003708
0.00370969
0.00371043
0.0037107
0.00371078
0.0037108
0.0037108
0.00371078
0.0037107
0.00371043
0.00370969
0.003708
0.0037051
0.00370577
0.00379767
0.00617058
0.00659185
0.00380847
0.00369498
0.00369474
0.00369894
0.00370155
0.00370284
0.0037034
0.00370361
0.00370368
0.00370368
0.00370361
0.0037034
0.00370284
0.00370155
0.00369894
0.00369474
0.00369498
0.00380847
0.00659185
0.00700085
0.00381671
0.00368272
0.00368362
0.00368941
0.00369311
0.00369508
0.00369602
0.00369642
0.00369656
0.00369656
0.00369642
0.00369602
0.00369508
0.00369311
0.00368941
0.00368362
0.00368272
0.00381671
0.00700085
0.00739336
0.00382334
0.00366915
0.00367174
0.00367942
0.00368437
0.00368714
0.00368854
0.00368919
0.00368943
0.00368943
0.00368919
0.00368854
0.00368714
0.00368437
0.00367942
0.00367174
0.00366915
0.00382333
0.00739336
0.00776768
0.00382735
0.00365405
0.00365903
0.00366893
0.00367532
0.00367898
0.00368095
0.0036819
0.00368228
0.00368228
0.0036819
0.00368095
0.00367898
0.00367532
0.00366893
0.00365903
0.00365405
0.00382735
0.00776768
0.00812023
0.00383021
0.00363765
0.00364552
0.00365794
0.00366592
0.00367061
0.00367321
0.00367453
0.00367507
0.00367507
0.00367453
0.00367321
0.00367061
0.00366592
0.00365794
0.00364552
0.00363764
0.00383021
0.00812024
0.00845035
0.00383068
0.00361989
0.00363122
0.00364645
0.0036562
0.00366201
0.00366531
0.00366705
0.00366779
0.00366779
0.00366705
0.00366531
0.00366201
0.0036562
0.00364645
0.00363122
0.00361989
0.00383069
0.00845034
0.00875525
0.00383018
0.0036009
0.00361613
0.00363446
0.00364613
0.00365316
0.00365725
0.00365946
0.00366041
0.00366041
0.00365946
0.00365725
0.00365316
0.00364613
0.00363446
0.00361613
0.0036009
0.00383019
0.00875524
0.00903545
0.00382886
0.00358085
0.00360032
0.00362199
0.00363573
0.00364408
0.00364901
0.00365173
0.00365292
0.00365292
0.00365173
0.00364901
0.00364408
0.00363573
0.00362199
0.00360032
0.00358085
0.00382887
0.00903544
0.00928895
0.00382648
0.00355981
0.0035838
0.00360904
0.003625
0.00363475
0.00364059
0.00364385
0.00364531
0.00364531
0.00364385
0.00364059
0.00363475
0.00362499
0.00360904
0.00358379
0.00355981
0.00382647
0.00928894
0.00951739
0.00382339
0.00353793
0.00356664
0.00359565
0.00361394
0.00362518
0.00363197
0.00363582
0.00363755
0.00363755
0.00363582
0.00363197
0.00362518
0.00361394
0.00359565
0.00356664
0.00353794
0.0038234
0.00951738
0.00971929
0.00382011
0.00351531
0.00354885
0.00358181
0.00360255
0.00361535
0.00362316
0.00362762
0.00362964
0.00362964
0.00362762
0.00362316
0.00361535
0.00360255
0.00358181
0.00354885
0.00351531
0.0038201
0.00971928
0.00989731
0.00381662
0.00349215
0.00353055
0.00356757
0.00359087
0.00360529
0.00361414
0.00361924
0.00362157
0.00362157
0.00361924
0.00361414
0.00360529
0.00359087
0.00356758
0.00353055
0.00349217
0.00381663
0.0098973
0.0100502
0.00381347
0.0034685
0.0035117
0.00355293
0.00357887
0.00359499
0.00360492
0.00361068
0.00361332
0.00361332
0.00361068
0.00360492
0.00359499
0.00357887
0.00355293
0.0035117
0.00346848
0.00381347
0.0100502
0.0101815
0.00381057
0.00344462
0.00349247
0.00353795
0.0035666
0.00358445
0.0035955
0.00360193
0.0036049
0.0036049
0.00360193
0.0035955
0.00358445
0.0035666
0.00353795
0.00349248
0.00344464
0.00381058
0.0101815
0.0102898
0.00380853
0.00342046
0.00347279
0.0035226
0.00355404
0.00357367
0.00358587
0.003593
0.0035963
0.0035963
0.003593
0.00358586
0.00357367
0.00355404
0.0035226
0.00347279
0.00342045
0.00380853
0.0102897
0.0103794
0.00380714
0.00339644
0.00345287
0.00350698
0.00354123
0.00356267
0.00357603
0.00358387
0.00358751
0.00358751
0.00358387
0.00357603
0.00356267
0.00354123
0.00350698
0.00345288
0.00339645
0.00380714
0.0103794
0.0104486
0.00380736
0.00337229
0.00343259
0.00349103
0.00352816
0.00355145
0.003566
0.00357455
0.00357853
0.00357853
0.00357455
0.003566
0.00355145
0.00352816
0.00349103
0.00343258
0.00337228
0.00380736
0.0104486
0.0105025
0.00380842
0.00334869
0.00341222
0.00347487
0.00351486
0.00354002
0.00355576
0.00356504
0.00356936
0.00356936
0.00356504
0.00355576
0.00354002
0.00351486
0.00347487
0.00341222
0.0033487
0.00380843
0.0105025
0.0105384
0.00381069
0.00332504
0.00339156
0.00345844
0.00350133
0.00352837
0.00354533
0.00355534
0.00356001
0.00356001
0.00355534
0.00354533
0.00352837
0.00350133
0.00345844
0.00339157
0.00332504
0.0038107
0.0105383
0.0105625
0.00381549
0.00330232
0.00337096
0.00344186
0.00348761
0.00351653
0.00353471
0.00354546
0.00355047
0.00355047
0.00354546
0.00353471
0.00351653
0.00348761
0.00344186
0.00337096
0.00330232
0.00381553
0.0105624
0.0105707
0.00382098
0.00327969
0.00335018
0.00342506
0.00347367
0.0035045
0.0035239
0.00353539
0.00354075
0.00354075
0.00353539
0.0035239
0.0035045
0.00347367
0.00342506
0.00335019
0.0032797
0.003821
0.0105706
0.0105673
0.00382995
0.00325828
0.00332957
0.00340816
0.00345958
0.00349229
0.00351291
0.00352513
0.00353084
0.00353084
0.00352513
0.00351291
0.00349229
0.00345958
0.00340816
0.00332957
0.00325828
0.00382995
0.0105673
0.0105573
0.00383957
0.00323713
0.00330888
0.0033911
0.00344531
0.0034799
0.00350174
0.0035147
0.00352075
0.00352075
0.0035147
0.00350174
0.0034799
0.00344531
0.00339111
0.00330889
0.00323715
0.00383962
0.0105573
0.0105367
0.00385337
0.00321748
0.00328849
0.00337401
0.00343091
0.00346735
0.00349041
0.00350409
0.00351049
0.00351049
0.00350409
0.00349041
0.00346735
0.00343091
0.00337401
0.00328849
0.00321747
0.00385333
0.0105366
0.0105074
0.00386776
0.00319821
0.00326811
0.00335681
0.00341636
0.00345464
0.0034789
0.00349332
0.00350006
0.00350006
0.00349332
0.0034789
0.00345464
0.00341637
0.00335681
0.00326812
0.00319824
0.00386783
0.0105073
0.0104711
0.00388692
0.00318071
0.00324814
0.00333962
0.00340172
0.0034418
0.00346724
0.00348238
0.00348946
0.00348946
0.00348238
0.00346724
0.0034418
0.00340172
0.00333962
0.00324813
0.00318069
0.00388685
0.0104711
0.0104289
0.00390667
0.00316372
0.00322828
0.00332238
0.00338696
0.00342881
0.00345543
0.00347128
0.0034787
0.0034787
0.00347128
0.00345543
0.00342881
0.00338696
0.00332239
0.0032283
0.00316375
0.00390676
0.0104288
0.0103815
0.00393182
0.00314874
0.00320893
0.00330521
0.00337213
0.0034157
0.00344348
0.00346003
0.00346778
0.00346778
0.00346003
0.00344348
0.0034157
0.00337213
0.00330521
0.00320892
0.00314871
0.00393171
0.0103815
0.0103298
0.00395751
0.00313438
0.0031898
0.00328805
0.00335722
0.00340248
0.00343139
0.00344863
0.00345671
0.00345671
0.00344863
0.00343139
0.00340248
0.00335722
0.00328806
0.00318982
0.00313442
0.00395765
0.0103298
0.0102746
0.00398932
0.00312227
0.00317124
0.003271
0.00334227
0.00338915
0.00341917
0.00343709
0.00344549
0.00344549
0.00343709
0.00341917
0.00338915
0.00334227
0.00327099
0.00317123
0.00312224
0.00398916
0.0102746
0.0102165
0.00402151
0.00311091
0.00315305
0.003254
0.00332727
0.00337573
0.00340683
0.00342542
0.00343414
0.00343414
0.00342542
0.00340683
0.00337573
0.00332728
0.00325401
0.00315307
0.00311095
0.00402171
0.0102165
0.0101561
0.00406072
0.003102
0.00313554
0.00323713
0.00331226
0.00336222
0.00339438
0.00341362
0.00342265
0.00342265
0.00341362
0.00339438
0.00336222
0.00331225
0.00323712
0.00313551
0.00310197
0.00406049
0.0101561
0.0100941
0.0040999
0.00309401
0.00311851
0.00322037
0.00329722
0.00334864
0.00338182
0.0034017
0.00341103
0.00341103
0.0034017
0.00338182
0.00334864
0.00329723
0.00322039
0.00311854
0.00309405
0.00410017
0.0100941
0.0100307
0.00414734
0.00308865
0.00310219
0.0032038
0.0032822
0.00333499
0.00336916
0.00338966
0.00339929
0.00339929
0.00338966
0.00336916
0.00333499
0.00328219
0.00320379
0.00310216
0.00308863
0.00414706
0.0100307
0.00996679
0.00419425
0.00308442
0.00308653
0.0031874
0.00326719
0.00332129
0.00335641
0.00337751
0.00338743
0.00338743
0.00337752
0.00335642
0.0033213
0.0032672
0.00318742
0.00308658
0.00308445
0.00419458
0.00996681
0.00990222
0.00425023
0.00308293
0.00307159
0.00317125
0.00325222
0.00330755
0.00334358
0.00336527
0.00337547
0.00337547
0.00336527
0.00334358
0.00330754
0.00325221
0.00317122
0.00307153
0.00308293
0.00424989
0.00990219
0.00983806
0.00430553
0.00308359
0.00305735
0.00315536
0.0032373
0.00329377
0.00333068
0.00335293
0.0033634
0.0033634
0.00335293
0.00333068
0.00329378
0.00323731
0.0031554
0.00305743
0.00308359
0.00430592
0.00983809
0.00977375
0.00437081
0.00308577
0.00304396
0.0031398
0.00322246
0.00327997
0.00331771
0.0033405
0.00335123
0.00335123
0.0033405
0.00331771
0.00327996
0.00322244
0.00313976
0.00304387
0.00308578
0.00437039
0.00977371
0.00971063
0.00443498
0.00309018
0.00303126
0.00312452
0.0032077
0.00326616
0.00330468
0.00332799
0.00333898
0.00333898
0.00332799
0.00330468
0.00326617
0.00320772
0.00312456
0.00303137
0.00309044
0.00443544
0.00971067
0.00964762
0.00451005
0.00309788
0.00301957
0.0031096
0.00319306
0.00325235
0.0032916
0.0033154
0.00332664
0.00332663
0.0033154
0.0032916
0.00325235
0.00319304
0.00310956
0.00301946
0.00309758
0.00450958
0.00964758
0.00958648
0.00458349
0.00310738
0.00300873
0.00309502
0.00317853
0.00323856
0.00327849
0.00330275
0.00331422
0.00331422
0.00330275
0.00327849
0.00323856
0.00317855
0.00309507
0.00300885
0.00310768
0.004584
0.00958653
0.0095274
0.00465829
0.00311955
0.00299895
0.00308085
0.00316415
0.00322478
0.00326534
0.00329004
0.00330173
0.00330173
0.00329004
0.00326533
0.00322478
0.00316413
0.0030808
0.00299882
0.0031192
0.00465776
0.00952735
0.00946998
0.00473143
0.00313319
0.00299006
0.00306707
0.00314991
0.00321105
0.00325216
0.00327728
0.00328917
0.00328917
0.00327728
0.00325217
0.00321106
0.00314993
0.00306713
0.0029902
0.00313356
0.00473202
0.00947004
0.00941444
0.00480621
0.00314927
0.00298224
0.00305372
0.00313584
0.00319735
0.00323897
0.00326447
0.00327656
0.00327656
0.00326447
0.00323897
0.00319734
0.00313582
0.00305367
0.00298209
0.00314885
0.00480561
0.00941438
0.00936038
0.0048793
0.00316642
0.0029753
0.00304081
0.00312195
0.00318371
0.00322578
0.00325162
0.0032639
0.0032639
0.00325162
0.00322578
0.00318373
0.00312198
0.00304088
0.00297546
0.00316689
0.00487998
0.00936045
0.00930812
0.00495408
0.00318576
0.00296938
0.00302835
0.00310826
0.00317014
0.00321258
0.00323874
0.00325119
0.00325119
0.00323874
0.00321257
0.00317013
0.00310823
0.00302829
0.00296923
0.00318527
0.00495338
0.00930803
0.00925722
0.00502702
0.00320574
0.00296434
0.00301635
0.00309477
0.00315664
0.00319939
0.00322584
0.00323844
0.00323844
0.00322584
0.0031994
0.00315666
0.0030948
0.00301642
0.00296449
0.00320629
0.00502782
0.00925729
0.00920809
0.00510155
0.00322772
0.0029602
0.0030048
0.00308148
0.00314323
0.00318622
0.00321292
0.00322566
0.00322566
0.00321292
0.00318622
0.00314321
0.00308145
0.00300473
0.00296006
0.00322714
0.00510076
0.00920797
0.00916025
0.00517395
0.00324989
0.00295693
0.00299371
0.00306842
0.00312991
0.00317308
0.00319999
0.00321285
0.00321286
0.00319999
0.00317309
0.00312993
0.00306847
0.00299379
0.00295707
0.00325056
0.00517485
0.00916032
0.0091142
0.00524801
0.00327396
0.0029544
0.00298308
0.00305559
0.00311669
0.00315997
0.00318705
0.00320003
0.00320002
0.00318705
0.00315995
0.00311667
0.00305554
0.002983
0.0029543
0.00327328
0.00524714
0.00911405
0.00906939
0.00531948
0.00329784
0.00295281
0.00297293
0.00304295
0.00310357
0.00314689
0.00317412
0.00318719
0.00318719
0.00317412
0.0031469
0.0031036
0.00304301
0.00297303
0.00295291
0.00329865
0.0053205
0.00906945
0.00902639
0.00539261
0.00332358
0.00295171
0.00296322
0.00303057
0.00309057
0.00313386
0.00316119
0.00317434
0.00317434
0.00316118
0.00313384
0.00309054
0.0030305
0.00296312
0.0029517
0.00332279
0.00539167
0.00902618
0.00898457
0.00546274
0.00334874
0.00295174
0.00295393
0.00301838
0.00307767
0.00312087
0.00314828
0.00316149
0.00316149
0.00314829
0.00312089
0.00307771
0.00301846
0.00295408
0.00295177
0.00334972
0.00546391
0.0089846
0.00894456
0.0055346
0.00337586
0.00295214
0.00294516
0.00300649
0.00306492
0.00310795
0.00313539
0.00314864
0.00314864
0.00313538
0.00310793
0.00306487
0.00300639
0.00294499
0.00295216
0.00337495
0.0055336
0.00894427
0.00890566
0.00560304
0.00340201
0.00295306
0.00293661
0.00299479
0.00305226
0.00309508
0.00312252
0.00313581
0.00313581
0.00312253
0.0030951
0.00305231
0.0029949
0.00293687
0.00295335
0.00340321
0.00560437
0.00890562
0.00886857
0.00567331
0.00343021
0.002955
0.00292865
0.0029834
0.00303977
0.00308229
0.00310968
0.00312298
0.00312298
0.00310967
0.00308227
0.00303972
0.00298329
0.00292841
0.00295471
0.00342922
0.00567231
0.00886814
0.00883251
0.00573977
0.00345714
0.002957
0.00292085
0.00297218
0.00302739
0.00306956
0.00309688
0.00311018
0.00311018
0.00309689
0.00306958
0.00302745
0.00297233
0.0029212
0.00295765
0.00345862
0.00574132
0.00883234
0.00879824
0.00580821
0.00348625
0.00296026
0.00291366
0.00296127
0.00301517
0.00305691
0.00308412
0.0030974
0.0030974
0.00308411
0.00305689
0.00301512
0.00296115
0.0029134
0.0029598
0.00348525
0.00580724
0.00879759
0.00876491
0.00587243
0.00351379
0.00296335
0.00290661
0.00295053
0.00300306
0.00304434
0.0030714
0.00308465
0.00308466
0.00307142
0.00304437
0.00300314
0.00295071
0.00290706
0.00296427
0.00351561
0.00587429
0.0087645
0.00873337
0.00593883
0.00354365
0.0029677
0.00290016
0.00294009
0.00299112
0.00303185
0.00305874
0.00307193
0.00307193
0.00305873
0.00303183
0.00299108
0.00293998
0.0028999
0.00296716
0.00354275
0.00593801
0.00873234
0.00870267
0.00600061
0.00357164
0.0029718
0.00289383
0.00292981
0.0029793
0.00301945
0.00304612
0.00305926
0.00305926
0.00304614
0.00301949
0.0029794
0.00293004
0.0028944
0.00297305
0.00357397
0.00600292
0.00870181
0.00867373
0.00606481
0.00360214
0.00297717
0.00288809
0.00291983
0.00296765
0.00300714
0.00303357
0.00304662
0.00304662
0.00303356
0.00300713
0.00296762
0.00291974
0.00288789
0.00297667
0.00360152
0.00606429
0.00867207
0.00864556
0.00612396
0.00363045
0.0029822
0.00288245
0.00291
0.00295612
0.00299492
0.00302107
0.00303404
0.00303404
0.00302109
0.00299497
0.00295625
0.0029103
0.0028832
0.00298387
0.00363357
0.00612697
0.00864391
0.00861914
0.00618584
0.00366148
0.0029885
0.00287739
0.00290046
0.00294475
0.00298279
0.00300863
0.00302149
0.00302149
0.00300864
0.0029828
0.00294476
0.00290045
0.00287734
0.00298831
0.00366149
0.00618591
0.00861639
0.00859342
0.00624221
0.00368995
0.00299438
0.00287241
0.00289107
0.0029335
0.00297075
0.00299627
0.00300901
0.00300902
0.00299631
0.00297084
0.00293369
0.00289151
0.00287345
0.00299675
0.00369436
0.00624631
0.00859038
0.00856945
0.00630166
0.00372136
0.00300153
0.00286797
0.00288196
0.00292241
0.00295881
0.00298397
0.00299657
0.00299658
0.00298399
0.00295887
0.00292251
0.00288213
0.00286826
0.00300198
0.00372263
0.00630282
0.00856482
0.00854616
0.00635511
0.00374983
0.00300818
0.00286361
0.002873
0.00291144
0.00294697
0.00297175
0.00298421
0.00298423
0.00297181
0.00294712
0.00291174
0.00287368
0.00286516
0.00301172
0.00375641
0.00636098
0.0085407
0.00852463
0.00641202
0.00378145
0.00301605
0.00285975
0.00286429
0.00290062
0.00293522
0.00295958
0.00297189
0.00297191
0.00295965
0.00293537
0.00290088
0.00286482
0.00286072
0.00301777
0.00378511
0.00641511
0.00851679
0.00850385
0.00646239
0.00380968
0.00302337
0.00285595
0.00285572
0.00288993
0.00292358
0.00294751
0.00295965
0.00295969
0.00294763
0.00292384
0.00289043
0.00285687
0.0028584
0.00302895
0.00381995
0.00647114
0.00849418
0.00848487
0.00651663
0.00384122
0.00303177
0.00285258
0.00284736
0.00287937
0.00291201
0.0029355
0.00294746
0.00294752
0.00293566
0.00291233
0.00287994
0.00284858
0.00285485
0.00303587
0.00384927
0.00652304
0.00847147
0.00846682
0.00656368
0.00386884
0.00303958
0.00284925
0.00283912
0.00286894
0.00290057
0.00292359
0.00293538
0.00293545
0.00292382
0.00290105
0.00286986
0.00284113
0.00285332
0.00304876
0.00388548
0.00657719
0.00844988
0.0084507
0.00661498
0.0038998
0.00304818
0.00284624
0.00283102
0.00285859
0.00288917
0.00291173
0.00292334
0.00292346
0.00291207
0.00288985
0.0028598
0.00283352
0.00285095
0.00305671
0.0039158
0.00662713
0.00842774
0.00843592
0.00665813
0.00392603
0.00305609
0.00284314
0.002823
0.00284838
0.00287793
0.00290001
0.00291143
0.00291158
0.00290045
0.00287886
0.00285014
0.00282667
0.0028502
0.00307179
0.00395393
0.00667979
0.00840639
0.00842352
0.00670544
0.00395509
0.00306411
0.00284017
0.0028151
0.00283821
0.00286671
0.00288833
0.00289959
0.00289983
0.00288902
0.00286808
0.00284064
0.00281989
0.00284958
0.00308107
0.00398596
0.0067282
0.00838387
0.00841333
0.00674325
0.00397839
0.00307155
0.00283719
0.00280725
0.00282821
0.0028557
0.00287686
0.00288794
0.00288822
0.00287769
0.00285747
0.00283155
0.00281393
0.00285006
0.00309917
0.00402701
0.00678002
0.00836157
0.00840573
0.00678538
0.00400479
0.0030785
0.00283407
0.00279945
0.00281819
0.00284469
0.00286545
0.00287642
0.00287688
0.00286679
0.00284735
0.00282288
0.00280828
0.00285111
0.00311039
0.00406202
0.00682759
0.00833714
0.00840194
0.00681538
0.00402405
0.00308476
0.00283072
0.00279158
0.0028084
0.00283402
0.00285441
0.00286524
0.00286576
0.00285598
0.00283736
0.00281467
0.00280363
0.00285397
0.00313281
0.00410773
0.00687957
0.008312
0.00840344
0.00684869
0.00404537
0.00308926
0.00282691
0.00278378
0.00279855
0.00282341
0.00284354
0.00285438
0.00285527
0.00284615
0.00282847
0.00280741
0.00279987
0.00285714
0.0031473
0.00414795
0.00692738
0.00828322
0.00840882
0.00686647
0.00405773
0.00309295
0.00282256
0.00277578
0.00278928
0.00281353
0.00283353
0.00284439
0.00284532
0.00283636
0.00281954
0.00280089
0.0027972
0.0028643
0.00317643
0.00420186
0.00698055
0.00825213
0.00842226
0.00688543
0.00407038
0.00309276
0.00281743
0.00276808
0.00277993
0.00280409
0.00282418
0.00283515
0.00283671
0.0028289
0.00281325
0.00279623
0.00279735
0.00287116
0.00319654
0.00425262
0.00702863
0.00821499
0.00844063
0.00688441
0.00406989
0.0030907
0.00281143
0.00276018
0.00277232
0.00279633
0.00281677
0.00282836
0.00282999
0.00282177
0.00280671
0.00279365
0.00279941
0.00288608
0.00323728
0.00432147
0.00708363
0.00817275
0.00847961
0.00687636
0.00406477
0.00308565
0.00280454
0.00275389
0.00276505
0.0027909
0.00281298
0.00282463
0.00282632
0.0028192
0.00280616
0.00279483
0.00280444
0.0028998
0.00326774
0.00439131
0.00713271
0.00812049
0.00851689
0.0068528
0.00404995
0.0030751
0.00279745
0.00274739
0.00276353
0.00279136
0.00281344
0.00282523
0.00282763
0.00282106
0.00280823
0.00279889
0.00281582
0.00293014
0.00333087
0.00448689
0.00719039
0.00805833
0.00859487
0.00681719
0.00402667
0.00306124
0.00278942
0.00274771
0.00276578
0.00279406
0.00281713
0.00282934
0.0028315
0.00282451
0.00281264
0.00280799
0.00283186
0.00295488
0.00337962
0.0045916
0.00723935
0.00797948
0.00866053
0.00673817
0.00397875
0.00303988
0.00278597
0.00275206
0.00277161
0.00280074
0.00282435
0.00283653
0.00283924
0.00283369
0.00282264
0.00281904
0.00285264
0.00300654
0.00347907
0.00473901
0.00729717
0.00788234
0.00879741
0.00666177
0.00392616
0.00301696
0.00278984
0.00276122
0.00278302
0.00281654
0.00284152
0.00285288
0.00285394
0.00284515
0.00283685
0.0028418
0.00288537
0.00304861
0.00355706
0.00489879
0.00734077
0.00775746
0.0089041
0.00649751
0.00383891
0.0029958
0.00280119
0.00278113
0.00280693
0.00283602
0.00286059
0.00287121
0.00287395
0.0028686
0.00286191
0.00286442
0.00292182
0.00313757
0.00371694
0.00511963
0.0073874
0.0076005
0.00912733
0.00635374
0.00375467
0.00299088
0.00281937
0.0028049
0.00283499
0.00287733
0.00290118
0.00290891
0.0029061
0.00289512
0.00289138
0.0029123
0.00298882
0.00321583
0.00385085
0.00537016
0.00740005
0.00739805
0.00928998
0.00604693
0.00366203
0.00299504
0.00285957
0.00285599
0.0028923
0.00292011
0.0029383
0.00294442
0.00294537
0.00294167
0.00294285
0.00295771
0.00305757
0.00336884
0.00412492
0.0057075
0.00739498
0.00714078
0.00964917
0.00582143
0.0035939
0.00301119
0.00290679
0.0029088
0.00295081
0.0029953
0.00301508
0.00301804
0.00300855
0.00299894
0.00299877
0.00305562
0.00319569
0.00355091
0.00437138
0.0060365
0.00737251
0.0068089
0.00985425
0.00536939
0.00349232
0.00306036
0.00300897
0.00302585
0.00307345
0.00309022
0.0030849
0.00308184
0.00307774
0.00308192
0.00310282
0.00315135
0.00334285
0.00382239
0.00483191
0.00647507
0.00731169
0.00638841
0.0102997
0.00505801
0.00347558
0.00314956
0.0031157
0.00313863
0.00318059
0.00319798
0.00321234
0.00321174
0.00320242
0.00319821
0.00321478
0.00335636
0.00364659
0.00423799
0.00530279
0.00682013
0.00718278
0.00584473
0.0103307
0.0046514
0.00353333
0.00333758
0.00333617
0.00337851
0.00339544
0.00340017
0.00335829
0.00333814
0.00332612
0.00334449
0.00344186
0.00360183
0.00398969
0.00476502
0.00625433
0.00696999
0.00691734
0.0051566
0.010442
0.00470326
0.00375964
0.00363622
0.00360255
0.00359668
0.00361021
0.00355925
0.00354055
0.00353711
0.00356102
0.00361474
0.00371478
0.00403879
0.00476064
0.00586688
0.00678024
0.00696662
0.00644416
0.00425148
0.0104376
0.00469461
0.00374407
0.00361913
0.00358558
0.00357923
0.00358353
0.0035392
0.0035207
0.00351701
0.00353899
0.00359474
0.00369847
0.00400241
0.00469518
0.00580852
0.00677369
0.00697747
0.00649106
0.00430054
0.0103204
0.00465903
0.00352379
0.00331736
0.0033165
0.00336231
0.00338181
0.00338643
0.00334658
0.00332691
0.00331456
0.00332573
0.00342253
0.00358826
0.00396347
0.0047275
0.00622371
0.00696637
0.00694789
0.00519957
0.0102841
0.00508109
0.00347319
0.00314118
0.00310536
0.00312726
0.00316975
0.00318646
0.00320126
0.00320132
0.00319519
0.00319203
0.00320516
0.003338
0.00363052
0.00421487
0.00527244
0.00680962
0.00719583
0.00587838
0.00983465
0.00539175
0.00349832
0.00305552
0.00300158
0.00301706
0.00306564
0.00308404
0.00307947
0.00307469
0.00307
0.00307139
0.00309752
0.00314304
0.00333134
0.00380308
0.00480763
0.00644989
0.00731895
0.00641568
0.00962864
0.00584203
0.00359939
0.00300956
0.00290223
0.00290347
0.00294469
0.00298822
0.00300896
0.0030127
0.00300644
0.00299527
0.00299288
0.00304971
0.00318768
0.00354056
0.00435386
0.00602058
0.00737611
0.00682979
0.00927535
0.00606537
0.00366921
0.00299478
0.00285628
0.00285206
0.00288796
0.00291673
0.00293432
0.0029402
0.0029395
0.00293689
0.00294017
0.00295361
0.00305208
0.00335846
0.00411055
0.00568738
0.00739714
0.0071574
0.00911463
0.00636818
0.00376025
0.00299116
0.00281748
0.00280234
0.00283192
0.00287311
0.00289794
0.00290582
0.00290524
0.00289283
0.00288776
0.00290915
0.00298486
0.00321145
0.00384113
0.00535758
0.00740156
0.00741062
0.00889438
0.00650979
0.0038469
0.00299699
0.00279988
0.00277925
0.00280472
0.00283379
0.00285837
0.00286886
0.00287021
0.00286624
0.00286036
0.00286217
0.0029186
0.00313168
0.00370925
0.00510675
0.00738623
0.00761035
0.0087891
0.00667061
0.00393117
0.0030191
0.00278922
0.0027601
0.00278161
0.00281482
0.00283971
0.00285132
0.00285294
0.00284344
0.00283468
0.00284003
0.00288352
0.00304543
0.00355167
0.00489156
0.0073401
0.0077649
0.00865429
0.00674552
0.00398415
0.00304178
0.00278577
0.0027513
0.00277053
0.00279957
0.00282321
0.00283555
0.00283793
0.0028323
0.00282153
0.00281766
0.00285081
0.00300403
0.00347471
0.00473118
0.00729541
0.0078881
0.00858962
0.00682253
0.00403043
0.00306313
0.00278997
0.00274732
0.00276517
0.00279331
0.00281585
0.00282794
0.0028305
0.00282371
0.00281196
0.00280699
0.00283075
0.00295303
0.00337648
0.00458754
0.00723841
0.00798383
0.00851302
0.00685721
0.00405312
0.00307645
0.00279773
0.00274713
0.00276282
0.00279054
0.00281278
0.00282496
0.0028272
0.00281985
0.00280705
0.00279804
0.00281484
0.00292871
0.0033283
0.00448262
0.00718882
0.00806165
0.0084764
0.00687952
0.00406716
0.00308679
0.00280505
0.002754
0.00276484
0.00279034
0.00281207
0.00282358
0.00282576
0.00281893
0.00280564
0.00279419
0.0028037
0.00289879
0.00326614
0.0043893
0.00713197
0.00812301
0.0084383
0.00688697
0.00407187
0.00309163
0.00281171
0.00276016
0.00277222
0.00279622
0.00281663
0.00282811
0.00282954
0.00282137
0.0028065
0.00279324
0.00279894
0.00288533
0.00323607
0.00431906
0.00708247
0.00817465
0.00842036
0.00688764
0.00407212
0.00309353
0.00281784
0.00276826
0.00277993
0.00280396
0.00282402
0.002835
0.00283656
0.00282864
0.00281289
0.00279596
0.00279702
0.00287067
0.00319571
0.00425167
0.00702818
0.00821645
0.00840746
0.00686764
0.00405874
0.00309362
0.00282275
0.0027758
0.00278925
0.00281346
0.00283341
0.00284425
0.0028452
0.00283632
0.00281952
0.00280076
0.00279694
0.00286394
0.00317579
0.00420047
0.00697973
0.00825322
0.00840235
0.00685001
0.00404645
0.0030897
0.00282718
0.00278392
0.0027986
0.00282341
0.00284352
0.00285433
0.00285517
0.002846
0.0028283
0.00280728
0.00279974
0.0028569
0.00314686
0.00414753
0.00692714
0.00828407
0.008401
0.00681592
0.00402462
0.00308514
0.00283083
0.00279161
0.0028084
0.002834
0.00285437
0.00286521
0.00286575
0.00285598
0.00283735
0.00281461
0.00280351
0.00285379
0.00313248
0.0041069
0.00687901
0.0083126
0.00840523
0.00678617
0.0040055
0.0030788
0.00283424
0.00279954
0.00281823
0.0028447
0.00286544
0.00287639
0.00287683
0.00286673
0.00284728
0.00282282
0.00280822
0.00285099
0.00311016
0.00406185
0.00682751
0.00833763
0.00841276
0.00674345
0.00397868
0.00307176
0.00283725
0.00280725
0.00282821
0.0028557
0.00287685
0.00288793
0.00288822
0.0028777
0.00285747
0.00283153
0.00281388
0.00284997
0.003099
0.0040265
0.00677964
0.0083619
0.00842326
0.00670595
0.00395556
0.00306431
0.00284028
0.00281516
0.00283824
0.00286672
0.00288833
0.00289958
0.00289981
0.00288899
0.00286805
0.00284062
0.00281986
0.00284951
0.00308094
0.00398592
0.00672821
0.00838415
0.00843557
0.00665819
0.00392618
0.00305621
0.00284317
0.00282301
0.00284839
0.00287793
0.00290001
0.00291144
0.00291158
0.00290045
0.00287886
0.00285013
0.00282664
0.00285017
0.00307171
0.00395361
0.00667953
0.00840657
0.00845059
0.00661529
0.00390008
0.0030483
0.00284631
0.00283106
0.00285861
0.00288918
0.00291173
0.00292334
0.00292345
0.00291206
0.00288984
0.00285979
0.0028335
0.00285091
0.00305663
0.00391582
0.00662719
0.00842792
0.0084666
0.00656361
0.00386886
0.00303961
0.00284926
0.00283912
0.00286895
0.00290057
0.00292359
0.00293538
0.00293546
0.00292382
0.00290105
0.00286985
0.00284112
0.00285331
0.00304872
0.00388526
0.006577
0.00844997
0.00848483
0.00651688
0.00384142
0.00303184
0.00285262
0.00284738
0.00287938
0.00291201
0.0029355
0.00294746
0.00294752
0.00293565
0.00291233
0.00287993
0.00284857
0.00285481
0.00303581
0.00384931
0.00652311
0.00847158
0.00850371
0.00646228
0.00380965
0.00302337
0.00285594
0.00285572
0.00288993
0.00292358
0.00294751
0.00295965
0.00295969
0.00294763
0.00292384
0.00289043
0.00285687
0.0028584
0.00302894
0.00381981
0.00647099
0.00849423
0.00852463
0.00641223
0.0037816
0.00301611
0.00285978
0.00286431
0.00290063
0.00293522
0.00295958
0.00297189
0.00297191
0.00295965
0.00293536
0.00290087
0.00286481
0.00286069
0.00301773
0.00378515
0.00641518
0.00851686
0.00854607
0.00635499
0.00374978
0.00300817
0.0028636
0.00287299
0.00291144
0.00294697
0.00297175
0.00298421
0.00298423
0.00297181
0.00294712
0.00291174
0.00287368
0.00286517
0.00301172
0.00375631
0.00636086
0.00854072
0.00856947
0.00630184
0.00372149
0.00300158
0.002868
0.00288198
0.00292241
0.00295882
0.00298397
0.00299657
0.00299658
0.00298399
0.00295887
0.0029225
0.00288212
0.00286825
0.00300195
0.00372267
0.00630289
0.00856487
0.00859336
0.00624208
0.00368988
0.00299435
0.00287239
0.00289106
0.0029335
0.00297075
0.00299627
0.00300901
0.00300902
0.00299631
0.00297084
0.0029337
0.00289151
0.00287346
0.00299676
0.0036943
0.00624622
0.00859039
0.00861917
0.006186
0.00366158
0.00298855
0.00287741
0.00290047
0.00294475
0.00298279
0.00300863
0.00302149
0.00302149
0.00300864
0.0029828
0.00294476
0.00290044
0.00287733
0.00298828
0.00366151
0.00618598
0.00861643
0.00864552
0.00612383
0.00363038
0.00298216
0.00288244
0.00290999
0.00295611
0.00299491
0.00302107
0.00303404
0.00303404
0.00302109
0.00299497
0.00295625
0.00291031
0.00288321
0.00298388
0.00363353
0.00612689
0.00864391
0.00867376
0.00606496
0.00360224
0.00297721
0.00288811
0.00291984
0.00296765
0.00300714
0.00303357
0.00304662
0.00304662
0.00303356
0.00300713
0.00296762
0.00291973
0.00288787
0.00297666
0.00360153
0.00606434
0.0086721
0.00870263
0.00600048
0.00357157
0.00297176
0.00289382
0.0029298
0.0029793
0.00301945
0.00304612
0.00305926
0.00305927
0.00304614
0.00301949
0.0029794
0.00293004
0.00289441
0.00297305
0.00357394
0.00600285
0.00870181
0.0087334
0.00593897
0.00354373
0.00296774
0.00290018
0.0029401
0.00299113
0.00303185
0.00305874
0.00307193
0.00307193
0.00305873
0.00303183
0.00299107
0.00293997
0.00289989
0.00296716
0.00354274
0.00593805
0.00873237
0.00876489
0.00587231
0.00351371
0.00296331
0.00290659
0.00295052
0.00300306
0.00304434
0.0030714
0.00308465
0.00308466
0.00307142
0.00304437
0.00300314
0.00295072
0.00290706
0.00296426
0.00351559
0.00587424
0.0087645
0.00879827
0.00580833
0.00348633
0.00296029
0.00291367
0.00296128
0.00301517
0.00305691
0.00308412
0.0030974
0.0030974
0.00308411
0.00305689
0.00301511
0.00296115
0.00291339
0.0029598
0.00348525
0.00580728
0.00879761
0.00883248
0.00573966
0.00345708
0.00295697
0.00292084
0.00297218
0.00302738
0.00306956
0.00309688
0.00311018
0.00311018
0.00309689
0.00306959
0.00302745
0.00297233
0.0029212
0.00295765
0.00345861
0.00574129
0.00883234
0.00886859
0.00567342
0.00343028
0.00295503
0.00292866
0.0029834
0.00303977
0.00308229
0.00310968
0.00312298
0.00312298
0.00310967
0.00308227
0.00303972
0.00298328
0.00292841
0.00295471
0.00342922
0.00567234
0.00886815
0.00890564
0.00560294
0.00340194
0.00295306
0.0029366
0.00299478
0.00305226
0.00309508
0.00312252
0.00313581
0.00313581
0.00312253
0.00309511
0.00305232
0.00299491
0.00293687
0.00295335
0.00340322
0.00560435
0.00890563
0.00894458
0.0055347
0.00337592
0.00295215
0.00294517
0.00300649
0.00306492
0.00310795
0.00313539
0.00314864
0.00314864
0.00313538
0.00310793
0.00306487
0.00300639
0.00294499
0.00295216
0.00337494
0.00553362
0.00894427
0.00898455
0.00546265
0.00334869
0.00295174
0.00295392
0.00301837
0.00307767
0.00312087
0.00314828
0.00316149
0.00316149
0.00314829
0.00312089
0.00307771
0.00301847
0.00295409
0.00295177
0.00334973
0.00546389
0.0089846
0.0090264
0.00539271
0.00332364
0.00295171
0.00296323
0.00303058
0.00309058
0.00313386
0.00316119
0.00317434
0.00317434
0.00316118
0.00313384
0.00309054
0.0030305
0.00296311
0.0029517
0.00332278
0.00539167
0.00902618
0.00906938
0.0053194
0.00329779
0.00295281
0.00297292
0.00304295
0.00310357
0.00314689
0.00317412
0.00318719
0.00318719
0.00317412
0.0031469
0.0031036
0.00304301
0.00297303
0.00295291
0.00329866
0.00532051
0.00906946
0.00911421
0.00524811
0.00327401
0.00295441
0.00298309
0.00305559
0.0031167
0.00315997
0.00318705
0.00320003
0.00320002
0.00318705
0.00315995
0.00311667
0.00305554
0.002983
0.0029543
0.00327327
0.00524713
0.00911405
0.00916024
0.00517387
0.00324986
0.00295692
0.00299371
0.00306842
0.00312991
0.00317308
0.00319999
0.00321285
0.00321286
0.00319999
0.00317309
0.00312993
0.00306847
0.0029938
0.00295708
0.00325059
0.00517488
0.00916033
0.0092081
0.00510164
0.00322776
0.00296021
0.0030048
0.00308149
0.00314323
0.00318622
0.00321292
0.00322566
0.00322566
0.00321292
0.00318622
0.00314321
0.00308145
0.00300473
0.00296005
0.00322711
0.00510074
0.00920797
0.00925721
0.00502696
0.00320571
0.00296433
0.00301635
0.00309476
0.00315664
0.00319939
0.00322584
0.00323844
0.00323844
0.00322584
0.0031994
0.00315666
0.0030948
0.00301642
0.00296451
0.00320633
0.00502786
0.00925729
0.00930813
0.00495415
0.0031858
0.00296939
0.00302836
0.00310826
0.00317014
0.00321258
0.00323874
0.00325119
0.00325119
0.00323874
0.00321257
0.00317013
0.00310823
0.00302829
0.00296922
0.00318524
0.00495334
0.00930802
0.00936037
0.00487923
0.00316639
0.00297529
0.00304081
0.00312195
0.00318371
0.00322578
0.00325162
0.0032639
0.0032639
0.00325162
0.00322578
0.00318373
0.00312198
0.00304088
0.00297547
0.00316692
0.00488005
0.00936045
0.00941445
0.00480628
0.0031493
0.00298225
0.00305373
0.00313584
0.00319735
0.00323897
0.00326447
0.00327656
0.00327656
0.00326447
0.00323897
0.00319734
0.00313582
0.00305367
0.00298208
0.00314881
0.00480554
0.00941437
0.00946997
0.00473137
0.00313316
0.00299005
0.00306707
0.00314991
0.00321105
0.00325216
0.00327728
0.00328917
0.00328917
0.00327728
0.00325217
0.00321106
0.00314994
0.00306713
0.00299022
0.00313361
0.00473211
0.00947005
0.00952741
0.00465835
0.00311958
0.00299896
0.00308085
0.00316415
0.00322478
0.00326534
0.00329004
0.00330173
0.00330173
0.00329004
0.00326533
0.00322478
0.00316413
0.00308079
0.00299881
0.00311915
0.00465768
0.00952734
0.00958647
0.00458342
0.00310735
0.00300872
0.00309502
0.00317853
0.00323856
0.00327849
0.00330275
0.00331422
0.00331422
0.00330275
0.00327849
0.00323857
0.00317856
0.00309508
0.00300887
0.00310774
0.0045841
0.00958654
0.00964762
0.0045101
0.00309791
0.00301958
0.0031096
0.00319306
0.00325235
0.0032916
0.0033154
0.00332664
0.00332663
0.0033154
0.0032916
0.00325235
0.00319304
0.00310955
0.00301945
0.00309754
0.00450949
0.00964757
0.00971062
0.00443492
0.00309015
0.00303125
0.00312452
0.0032077
0.00326616
0.00330468
0.00332799
0.00333898
0.00333898
0.00332799
0.00330468
0.00326617
0.00320772
0.00312457
0.00303139
0.00309049
0.00443554
0.00971068
0.00977375
0.00437086
0.00308578
0.00304396
0.0031398
0.00322246
0.00327997
0.00331771
0.0033405
0.00335123
0.00335123
0.0033405
0.00331771
0.00327996
0.00322244
0.00313976
0.00304385
0.00308578
0.00437029
0.0097737
0.00983805
0.00430548
0.00308359
0.00305735
0.00315536
0.0032373
0.00329377
0.00333068
0.00335293
0.0033634
0.0033634
0.00335293
0.00333068
0.00329378
0.00323731
0.00315541
0.00305744
0.00308359
0.00430603
0.0098381
0.00990222
0.00425029
0.00308294
0.00307159
0.00317125
0.00325222
0.00330755
0.00334358
0.00336527
0.00337547
0.00337547
0.00336527
0.00334358
0.00330754
0.0032522
0.00317122
0.00307152
0.00308293
0.00424977
0.00990218
0.00996678
0.0041942
0.00308442
0.00308653
0.0031874
0.00326719
0.00332129
0.00335641
0.00337751
0.00338743
0.00338743
0.00337752
0.00335642
0.0033213
0.0032672
0.00318743
0.00308659
0.00308445
0.00419469
0.00996682
0.0100307
0.0041474
0.00308865
0.0031022
0.00320381
0.0032822
0.003335
0.00336916
0.00338966
0.00339929
0.00339929
0.00338966
0.00336916
0.00333499
0.00328219
0.00320378
0.00310215
0.00308861
0.00414694
0.0100307
0.0100941
0.00409985
0.003094
0.0031185
0.00322037
0.00329722
0.00334864
0.00338182
0.0034017
0.00341103
0.00341103
0.0034017
0.00338182
0.00334864
0.00329723
0.0032204
0.00311855
0.00309406
0.00410027
0.0100941
0.0101561
0.00406077
0.00310201
0.00313554
0.00323713
0.00331226
0.00336222
0.00339438
0.00341362
0.00342265
0.00342265
0.00341362
0.00339438
0.00336222
0.00331225
0.00323711
0.00313551
0.00310196
0.00406038
0.0101561
0.0102165
0.00402146
0.0031109
0.00315305
0.003254
0.00332727
0.00337573
0.00340683
0.00342542
0.00343414
0.00343414
0.00342542
0.00340683
0.00337573
0.00332728
0.00325402
0.00315308
0.00311097
0.00402182
0.0102165
0.0102746
0.00398937
0.00312228
0.00317125
0.003271
0.00334227
0.00338915
0.00341917
0.00343709
0.00344549
0.00344549
0.00343709
0.00341917
0.00338915
0.00334226
0.00327099
0.00317122
0.00312222
0.00398905
0.0102746
0.0103298
0.00395747
0.00313437
0.00318979
0.00328805
0.00335722
0.00340248
0.00343139
0.00344863
0.00345671
0.00345671
0.00344863
0.00343139
0.00340248
0.00335723
0.00328806
0.00318982
0.00313445
0.00395778
0.0103298
0.0103815
0.00393186
0.00314875
0.00320893
0.00330521
0.00337213
0.0034157
0.00344348
0.00346003
0.00346778
0.00346778
0.00346003
0.00344348
0.0034157
0.00337213
0.0033052
0.00320891
0.00314868
0.00393159
0.0103815
0.0104289
0.00390663
0.00316371
0.00322828
0.00332238
0.00338696
0.00342881
0.00345543
0.00347128
0.0034787
0.0034787
0.00347128
0.00345543
0.00342881
0.00338696
0.00332239
0.00322831
0.00316379
0.00390692
0.0104289
0.0104711
0.00388697
0.00318072
0.00324814
0.00333962
0.00340172
0.0034418
0.00346725
0.00348238
0.00348946
0.00348946
0.00348238
0.00346724
0.0034418
0.00340171
0.00333961
0.00324812
0.00318066
0.00388673
0.0104711
0.0105074
0.00386772
0.0031982
0.00326811
0.00335681
0.00341636
0.00345464
0.0034789
0.00349332
0.00350006
0.00350006
0.00349332
0.0034789
0.00345465
0.00341637
0.00335681
0.00326813
0.00319827
0.00386797
0.0105074
0.0105367
0.00385342
0.00321749
0.0032885
0.00337401
0.00343091
0.00346735
0.00349041
0.00350409
0.00351049
0.00351049
0.00350409
0.00349041
0.00346735
0.00343091
0.003374
0.00328848
0.00321744
0.00385324
0.0105366
0.0105573
0.00383953
0.00323712
0.00330888
0.0033911
0.00344531
0.0034799
0.00350174
0.0035147
0.00352075
0.00352075
0.0035147
0.00350174
0.0034799
0.00344531
0.00339111
0.0033089
0.00323718
0.00383973
0.0105573
0.0105673
0.00383001
0.0032583
0.00332958
0.00340816
0.00345958
0.00349229
0.00351291
0.00352513
0.00353084
0.00353084
0.00352513
0.00351291
0.00349229
0.00345958
0.00340816
0.00332956
0.00325825
0.00382986
0.0105673
0.0105707
0.00382093
0.00327968
0.00335018
0.00342506
0.00347367
0.0035045
0.0035239
0.00353539
0.00354075
0.00354075
0.00353539
0.0035239
0.0035045
0.00347368
0.00342506
0.00335019
0.00327973
0.0038211
0.0105706
0.0105625
0.00381554
0.00330233
0.00337097
0.00344186
0.00348761
0.00351653
0.00353471
0.00354546
0.00355047
0.00355047
0.00354546
0.00353471
0.00351653
0.0034876
0.00344185
0.00337095
0.00330229
0.00381541
0.0105624
0.0105384
0.00381069
0.00332503
0.00339156
0.00345844
0.00350133
0.00352837
0.00354533
0.00355534
0.00356001
0.00356001
0.00355535
0.00354533
0.00352837
0.00350133
0.00345845
0.00339158
0.00332507
0.0038107
0.0105383
0.0105025
0.00380842
0.0033487
0.00341222
0.00347487
0.00351486
0.00354002
0.00355576
0.00356504
0.00356936
0.00356936
0.00356504
0.00355576
0.00354002
0.00351486
0.00347487
0.00341221
0.00334867
0.00380842
0.0105025
0.0104486
0.00380736
0.00337228
0.00343258
0.00349103
0.00352816
0.00355145
0.003566
0.00357455
0.00357853
0.00357853
0.00357455
0.003566
0.00355145
0.00352816
0.00349103
0.0034326
0.00337231
0.00380737
0.0104486
0.0103794
0.00380714
0.00339645
0.00345288
0.00350698
0.00354123
0.00356267
0.00357603
0.00358387
0.00358751
0.00358751
0.00358387
0.00357603
0.00356267
0.00354123
0.00350697
0.00345287
0.00339643
0.00380714
0.0103794
0.0102898
0.00380853
0.00342045
0.00347279
0.0035226
0.00355404
0.00357367
0.00358587
0.003593
0.0035963
0.0035963
0.003593
0.00358587
0.00357367
0.00355404
0.0035226
0.0034728
0.00342047
0.00380854
0.0102897
0.0101815
0.00381057
0.00344463
0.00349248
0.00353795
0.0035666
0.00358445
0.0035955
0.00360193
0.0036049
0.0036049
0.00360193
0.0035955
0.00358445
0.0035666
0.00353795
0.00349247
0.00344462
0.00381058
0.0101815
0.0100502
0.00381347
0.00346849
0.0035117
0.00355293
0.00357887
0.00359499
0.00360492
0.00361068
0.00361332
0.00361332
0.00361068
0.00360492
0.00359499
0.00357887
0.00355293
0.0035117
0.0034685
0.00381347
0.0100502
0.00989731
0.00381663
0.00349216
0.00353055
0.00356758
0.00359087
0.00360529
0.00361414
0.00361924
0.00362157
0.00362157
0.00361924
0.00361414
0.00360529
0.00359087
0.00356758
0.00353055
0.00349216
0.00381663
0.0098973
0.00971929
0.00382011
0.00351531
0.00354885
0.00358181
0.00360255
0.00361535
0.00362316
0.00362762
0.00362964
0.00362964
0.00362762
0.00362316
0.00361535
0.00360255
0.00358181
0.00354885
0.00351531
0.00382011
0.00971928
0.00951738
0.0038234
0.00353794
0.00356664
0.00359565
0.00361394
0.00362518
0.00363197
0.00363582
0.00363755
0.00363755
0.00363582
0.00363197
0.00362518
0.00361394
0.00359565
0.00356664
0.00353794
0.0038234
0.00951738
0.00928895
0.00382647
0.00355981
0.0035838
0.00360904
0.003625
0.00363475
0.00364059
0.00364385
0.00364531
0.00364531
0.00364385
0.00364059
0.00363475
0.00362499
0.00360904
0.00358379
0.00355981
0.00382647
0.00928894
0.00903544
0.00382886
0.00358085
0.00360032
0.00362199
0.00363573
0.00364408
0.00364901
0.00365173
0.00365292
0.00365292
0.00365173
0.00364901
0.00364408
0.00363573
0.00362199
0.00360032
0.00358085
0.00382887
0.00903544
0.00875525
0.00383018
0.0036009
0.00361613
0.00363446
0.00364613
0.00365316
0.00365725
0.00365946
0.00366041
0.00366041
0.00365946
0.00365725
0.00365316
0.00364613
0.00363446
0.00361613
0.0036009
0.00383019
0.00875524
0.00845034
0.00383068
0.00361989
0.00363122
0.00364645
0.0036562
0.00366201
0.00366531
0.00366705
0.00366779
0.00366779
0.00366705
0.00366531
0.00366201
0.0036562
0.00364645
0.00363122
0.00361989
0.00383069
0.00845034
0.00812024
0.00383021
0.00363764
0.00364552
0.00365794
0.00366592
0.00367061
0.00367321
0.00367453
0.00367507
0.00367507
0.00367453
0.00367321
0.00367061
0.00366592
0.00365794
0.00364552
0.00363764
0.00383021
0.00812023
0.00776768
0.00382735
0.00365405
0.00365903
0.00366893
0.00367532
0.00367898
0.00368095
0.0036819
0.00368228
0.00368228
0.0036819
0.00368095
0.00367898
0.00367532
0.00366893
0.00365903
0.00365405
0.00382735
0.00776768
0.00739336
0.00382333
0.00366915
0.00367174
0.00367942
0.00368437
0.00368714
0.00368854
0.00368919
0.00368943
0.00368943
0.00368919
0.00368854
0.00368714
0.00368437
0.00367942
0.00367174
0.00366915
0.00382334
0.00739336
0.00700085
0.00381671
0.00368272
0.00368362
0.00368941
0.00369311
0.00369508
0.00369602
0.00369642
0.00369656
0.00369656
0.00369642
0.00369602
0.00369508
0.00369311
0.00368941
0.00368362
0.00368272
0.00381671
0.00700085
0.00659185
0.00380847
0.00369498
0.00369474
0.00369894
0.00370155
0.00370284
0.0037034
0.00370361
0.00370368
0.00370368
0.00370361
0.0037034
0.00370284
0.00370155
0.00369894
0.00369474
0.00369498
0.00380847
0.00659185
0.00617058
0.00379767
0.00370577
0.0037051
0.003708
0.00370969
0.00371043
0.0037107
0.00371078
0.0037108
0.0037108
0.00371078
0.0037107
0.00371043
0.00370969
0.003708
0.0037051
0.00370577
0.00379767
0.00617058
0.00573924
0.00378544
0.00371551
0.00371483
0.00371665
0.00371758
0.00371789
0.00371795
0.00371795
0.00371795
0.00371795
0.00371795
0.00371795
0.00371789
0.00371758
0.00371665
0.00371483
0.00371551
0.00378544
0.00573924
0.00530179
0.00377206
0.0037243
0.00372396
0.00372492
0.00372524
0.00372525
0.00372519
0.00372514
0.00372512
0.00372512
0.00372514
0.00372519
0.00372525
0.00372524
0.00372492
0.00372396
0.0037243
0.00377206
0.00530179
0.0048594
0.00376059
0.00373287
0.00373264
0.00373284
0.00373273
0.00373256
0.00373242
0.00373235
0.00373231
0.00373231
0.00373235
0.00373242
0.00373256
0.00373273
0.00373284
0.00373264
0.00373287
0.00376059
0.0048594
0.00441489
0.00375346
0.00374141
0.00374096
0.00374056
0.00374012
0.00373987
0.00373975
0.00373969
0.00373966
0.00373966
0.00373969
0.00373975
0.00373987
0.00374012
0.00374056
0.00374096
0.00374141
0.00375346
0.00441489
0.00397117
0.00375019
0.00374679
0.0037468
0.00374652
0.00374628
0.00374612
0.00374604
0.003746
0.00374598
0.00374598
0.003746
0.00374604
0.00374612
0.00374628
0.00374652
0.0037468
0.00374679
0.00375019
0.00397118
)
;

boundaryField
{
    outlet
    {
        type            inletOutlet;
        inletValue      uniform 0.001;
        value           nonuniform List<scalar> 
20
(
0.0328178
0.05203
0.0577067
0.0618681
0.0628981
0.0592158
0.0498595
0.0368973
0.0241888
0.0175514
0.0209944
0.0317849
0.0448202
0.0562995
0.0627395
0.0640677
0.061515
0.0563488
0.0498679
0.0309801
)
;
    }
    inlet1
    {
        type            turbulentIntensityKineticEnergyInlet;
        intensity       0.05;
        U               U;
        phi             phi;
        value           uniform 0.00375;
    }
    inlet2
    {
        type            turbulentIntensityKineticEnergyInlet;
        intensity       0.05;
        U               U;
        phi             phi;
        value           uniform 0.00375;
    }
    frontAndBack
    {
        type            empty;
    }
    defaultFaces
    {
        type            kqRWallFunction;
        value           nonuniform List<scalar> 
620
(
0.0328178
0.0328595
0.0328635
0.0328591
0.0328369
0.0328264
0.0327964
0.0327819
0.0327481
0.032731
0.0326951
0.0326745
0.0326375
0.0326128
0.032575
0.0325459
0.0325071
0.0324738
0.0324338
0.0323967
0.0323552
0.0323148
0.0322718
0.0322286
0.0321842
0.0321385
0.0320924
0.0320444
0.0319962
0.0319458
0.0318952
0.0318422
0.0317889
0.031733
0.0316766
0.0316175
0.0315575
0.0314947
0.0314304
0.0313626
0.0312923
0.031218
0.0311399
0.0310569
0.0309689
0.0308748
0.0307742
0.0306662
0.0305505
0.030426
0.0302923
0.0301487
0.0299939
0.0298245
0.0296395
0.0294353
0.0292237
0.0289993
0.0287674
0.0285228
0.0282706
0.0280075
0.0277355
0.0274533
0.0271598
0.0268562
0.0265399
0.0262123
0.025868
0.0255087
0.0251326
0.0247382
0.0243252
0.0238923
0.0234395
0.0229668
0.0224748
0.021965
0.021439
0.0208997
0.020349
0.0197878
0.0192108
0.0185971
0.0179287
0.0172354
0.0164875
0.0156665
0.0147364
0.013647
0.0123248
0.0106606
0.00856903
0.00608328
0.00342579
0.00235819
0.0027476
0.0055246
0.00876214
0.00991667
0.0309801
0.0310097
0.0310102
0.0309938
0.0309702
0.0309519
0.0309189
0.0308995
0.0308629
0.0308416
0.0308037
0.0307795
0.0307412
0.0307136
0.030675
0.0306438
0.0306044
0.0305695
0.0305289
0.0304903
0.030448
0.0304059
0.0303616
0.0303164
0.0302699
0.030222
0.0301737
0.0301235
0.0300735
0.0300217
0.02997
0.0299163
0.0298627
0.0298071
0.0297514
0.0296938
0.0296361
0.0295765
0.0295168
0.0294552
0.0293932
0.0293293
0.0292648
0.0291982
0.0291304
0.02906
0.0289872
0.0289104
0.0288303
0.0287452
0.0286557
0.0285605
0.0284601
0.0283537
0.0282421
0.0281255
0.0280029
0.0278714
0.0277302
0.0275744
0.0274024
0.0272078
0.0269885
0.0267626
0.0265202
0.0262723
0.0260092
0.0257382
0.0254508
0.0251521
0.0248374
0.0245077
0.0241531
0.0237818
0.0233819
0.0229595
0.0225053
0.0220232
0.0215064
0.0209578
0.0203728
0.0197542
0.019099
0.01841
0.0176841
0.0169166
0.0160801
0.0151275
0.0140254
0.0127437
0.0111837
0.00926843
0.00707505
0.00496155
0.00301769
0.00232246
0.00260765
0.00527927
0.00862383
0.00984792
0.00340405
0.00278423
0.00215279
0.00154728
0.00101885
0.000564746
0.000252287
9.14423e-05
4.10128e-05
6.83806e-05
5.57783e-05
3.74902e-05
4.78872e-05
0.000129055
0.000437383
0.000936771
0.00151359
0.00215844
0.00281757
0.00345022
0.00397117
0.00441489
0.0048594
0.00530179
0.00573924
0.00617058
0.00659185
0.00700085
0.00739336
0.00776768
0.00812023
0.00845035
0.00875525
0.00903545
0.00928895
0.00951739
0.00971929
0.00989731
0.0100502
0.0101815
0.0102898
0.0103794
0.0104486
0.0105025
0.0105384
0.0105625
0.0105707
0.0105673
0.0105573
0.0105367
0.0105074
0.0104711
0.0104289
0.0103815
0.0103298
0.0102746
0.0102165
0.0101561
0.0100941
0.0100307
0.00996679
0.00990222
0.00983806
0.00977375
0.00971063
0.00964762
0.00958648
0.0095274
0.00946998
0.00941444
0.00936038
0.00930812
0.00925722
0.00920809
0.00916025
0.0091142
0.00906939
0.00902639
0.00898457
0.00894456
0.00890566
0.00886857
0.00883251
0.00879824
0.00876491
0.00873337
0.00870267
0.00867373
0.00864556
0.00861914
0.00859342
0.00856945
0.00854616
0.00852463
0.00850385
0.00848487
0.00846682
0.0084507
0.00843592
0.00842352
0.00841333
0.00840573
0.00840194
0.00840344
0.00840882
0.00842226
0.00844063
0.00847961
0.00851689
0.00859487
0.00866053
0.00879741
0.0089041
0.00912733
0.00928998
0.00964917
0.00985425
0.0102997
0.0103307
0.010442
0.00397118
0.00441489
0.0048594
0.00530179
0.00573924
0.00617058
0.00659185
0.00700085
0.00739336
0.00776768
0.00812024
0.00845034
0.00875524
0.00903544
0.00928894
0.00951738
0.00971928
0.0098973
0.0100502
0.0101815
0.0102897
0.0103794
0.0104486
0.0105025
0.0105383
0.0105624
0.0105706
0.0105673
0.0105573
0.0105366
0.0105073
0.0104711
0.0104288
0.0103815
0.0103298
0.0102746
0.0102165
0.0101561
0.0100941
0.0100307
0.00996681
0.00990219
0.00983809
0.00977371
0.00971067
0.00964758
0.00958653
0.00952735
0.00947004
0.00941438
0.00936045
0.00930803
0.00925729
0.00920797
0.00916032
0.00911405
0.00906945
0.00902618
0.0089846
0.00894427
0.00890562
0.00886814
0.00883234
0.00879759
0.0087645
0.00873234
0.00870181
0.00867207
0.00864391
0.00861639
0.00859038
0.00856482
0.0085407
0.00851679
0.00849418
0.00847147
0.00844988
0.00842774
0.00840639
0.00838387
0.00836157
0.00833714
0.008312
0.00828322
0.00825213
0.00821499
0.00817275
0.00812049
0.00805833
0.00797948
0.00788234
0.00775746
0.0076005
0.00739805
0.00714078
0.0068089
0.00638841
0.00584473
0.0051566
0.00425148
0.0104376
0.0103204
0.0102841
0.00983465
0.00962864
0.00927535
0.00911463
0.00889438
0.0087891
0.00865429
0.00858962
0.00851302
0.0084764
0.0084383
0.00842036
0.00840746
0.00840235
0.008401
0.00840523
0.00841276
0.00842326
0.00843557
0.00845059
0.0084666
0.00848483
0.00850371
0.00852463
0.00854607
0.00856947
0.00859336
0.00861917
0.00864552
0.00867376
0.00870263
0.0087334
0.00876489
0.00879827
0.00883248
0.00886859
0.00890564
0.00894458
0.00898455
0.0090264
0.00906938
0.00911421
0.00916024
0.0092081
0.00925721
0.00930813
0.00936037
0.00941445
0.00946997
0.00952741
0.00958647
0.00964762
0.00971062
0.00977375
0.00983805
0.00990222
0.00996678
0.0100307
0.0100941
0.0101561
0.0102165
0.0102746
0.0103298
0.0103815
0.0104289
0.0104711
0.0105074
0.0105367
0.0105573
0.0105673
0.0105707
0.0105625
0.0105384
0.0105025
0.0104486
0.0103794
0.0102898
0.0101815
0.0100502
0.00989731
0.00971929
0.00951738
0.00928895
0.00903544
0.00875525
0.00845034
0.00812024
0.00776768
0.00739336
0.00700085
0.00659185
0.00617058
0.00573924
0.00530179
0.0048594
0.00441489
0.00397117
0.00430054
0.00519957
0.00587838
0.00641568
0.00682979
0.0071574
0.00741062
0.00761035
0.0077649
0.0078881
0.00798383
0.00806165
0.00812301
0.00817465
0.00821645
0.00825322
0.00828407
0.0083126
0.00833763
0.0083619
0.00838415
0.00840657
0.00842792
0.00844997
0.00847158
0.00849423
0.00851686
0.00854072
0.00856487
0.00859039
0.00861643
0.00864391
0.0086721
0.00870181
0.00873237
0.0087645
0.00879761
0.00883234
0.00886815
0.00890563
0.00894427
0.0089846
0.00902618
0.00906946
0.00911405
0.00916033
0.00920797
0.00925729
0.00930802
0.00936045
0.00941437
0.00947005
0.00952734
0.00958654
0.00964757
0.00971068
0.0097737
0.0098381
0.00990218
0.00996682
0.0100307
0.0100941
0.0101561
0.0102165
0.0102746
0.0103298
0.0103815
0.0104289
0.0104711
0.0105074
0.0105366
0.0105573
0.0105673
0.0105706
0.0105624
0.0105383
0.0105025
0.0104486
0.0103794
0.0102897
0.0101815
0.0100502
0.0098973
0.00971928
0.00951738
0.00928894
0.00903544
0.00875524
0.00845034
0.00812023
0.00776768
0.00739336
0.00700085
0.00659185
0.00617058
0.00573924
0.00530179
0.0048594
0.00441489
0.00397118
)
;
    }
}


// ************************************************************************* //
