/*--------------------------------*- C++ -*----------------------------------*\
| =========                 |                                                 |
| \\      /  F ield         | OpenFOAM: The Open Source CFD Toolbox           |
|  \\    /   O peration     | Version:  2.1.0                                 |
|   \\  /    A nd           | Web:      www.OpenFOAM.org                      |
|    \\/     M anipulation  |                                                 |
\*---------------------------------------------------------------------------*/
FoamFile
{
    version     2.0;
    format      ascii;
    class       volScalarField;
    location    "0.38";
    object      omega;
}
// * * * * * * * * * * * * * * * * * * * * * * * * * * * * * * * * * * * * * //

dimensions      [0 0 -1 0 0 0 0];

internalField   nonuniform List<scalar> 
6400
(
1644.76
1645.8
1645.91
1645.84
1645.31
1645.07
1644.36
1644.01
1643.21
1642.8
1641.94
1641.44
1640.56
1639.96
1639.05
1638.34
1637.41
1636.6
1635.63
1634.72
1633.72
1632.74
1631.7
1630.65
1629.57
1628.46
1627.34
1626.17
1625
1623.77
1622.53
1621.24
1619.94
1618.57
1617.19
1615.74
1614.27
1612.73
1611.14
1609.47
1607.74
1605.89
1603.96
1601.9
1599.7
1597.36
1594.84
1592.14
1589.24
1586.11
1582.74
1579.11
1575.18
1570.87
1566.15
1560.91
1555.56
1549.79
1543.87
1537.54
1531.05
1524.2
1517.12
1509.72
1502
1493.96
1485.55
1476.78
1467.5
1457.76
1447.49
1436.65
1425.2
1413.11
1400.34
1386.9
1372.77
1357.97
1342.55
1326.55
1310.01
1292.95
1275.16
1255.93
1234.69
1212.25
1187.55
1159.83
1127.62
1088.68
1039.45
973.937
884.683
765.135
612.1
538.04
566.003
735.273
892.973
942.85
690.449
690.615
691.823
692.751
694.094
695.43
696.82
698.364
699.815
701.485
703.015
704.777
706.401
708.241
709.967
711.882
713.714
715.705
717.644
719.716
721.765
723.927
726.09
728.355
730.647
733.031
735.467
737.995
740.592
743.282
746.056
748.927
751.896
754.972
758.161
761.472
764.915
768.502
772.217
776.071
780.073
784.228
788.546
793.032
797.698
802.548
807.595
812.844
818.308
823.994
829.916
836.086
842.491
849.144
856.05
863.207
870.721
878.542
886.748
895.304
904.291
913.689
923.569
933.934
944.849
956.348
968.331
980.792
993.834
1007.59
1022.06
1037.32
1053.42
1070.42
1088.4
1107.44
1127.63
1149.08
1171.91
1196.27
1222.35
1250.43
1280.01
1310.39
1342.46
1375.16
1408.07
1439.95
1469.56
1495.27
1513.92
1522.48
1524.19
1509.87
1474.56
1395.3
1285.18
1150.85
1005.84
848.243
501.572
504.675
506.155
509.175
511.174
514.233
516.554
519.654
522.225
525.389
528.179
531.432
534.428
537.794
540.994
544.494
547.899
551.555
555.166
558.987
562.805
566.806
570.836
575.033
579.288
583.691
588.174
592.802
597.529
602.401
607.388
612.524
617.79
623.21
628.773
634.496
640.373
646.413
652.662
659.082
665.71
672.543
679.599
686.884
694.41
702.187
710.228
718.542
727.138
736.026
745.211
754.695
764.499
774.625
785.092
795.911
807.12
818.717
830.736
843.174
856.065
869.409
883.229
897.526
912.313
927.587
943.404
959.779
976.606
993.792
1011.33
1029.14
1047.19
1065.43
1083.8
1102.27
1120.81
1139.4
1158.05
1176.76
1195.57
1214.5
1233.56
1252.79
1272.17
1291.49
1310.59
1328.94
1345.88
1360.24
1368.14
1370.99
1364.6
1338.48
1290.02
1210.3
1101.98
960.771
797.249
628.05
452.504
457.419
459.595
463.943
466.703
471.028
474.204
478.534
482.049
486.429
490.243
494.715
498.806
503.408
507.764
512.527
517.146
522.096
526.981
532.148
537.307
542.71
548.149
553.805
559.525
565.445
571.452
577.646
583.948
590.433
597.043
603.833
610.764
617.877
625.143
632.594
640.212
648.019
655.987
664.165
672.515
681.056
689.77
698.669
707.737
716.979
726.382
735.944
745.652
755.501
765.48
775.578
785.789
796.101
806.504
816.993
827.558
838.192
848.88
859.615
870.381
881.168
891.957
902.737
913.479
924.164
934.816
945.406
955.916
966.323
976.599
986.729
996.658
1006.33
1015.73
1024.73
1033.33
1041.37
1048.78
1055.4
1061.11
1065.7
1068.7
1070.06
1070.37
1067.86
1063.03
1055.01
1043.62
1028.03
1007.67
981.54
948.41
906.492
853.775
788.43
711.99
629.068
552.911
496.645
441.276
447.257
449.854
455.053
458.316
463.47
467.204
472.338
476.445
481.6
486.025
491.242
495.948
501.26
506.221
511.652
516.852
522.42
527.846
533.569
539.214
545.1
550.952
557.005
563.055
569.277
575.519
581.908
588.327
594.869
601.449
608.132
614.855
621.664
628.51
635.426
642.373
649.372
656.393
663.448
670.515
677.605
684.694
691.789
698.867
705.93
712.961
719.957
726.902
733.794
740.617
747.368
754.034
760.608
767.068
773.437
779.685
785.799
791.732
797.472
802.982
808.232
813.188
817.816
822.075
825.93
829.337
832.254
834.632
836.429
837.42
837.828
837.858
836.596
834.87
831.951
828.323
823.504
817.788
810.85
802.863
793.614
783.206
771.594
758.816
744.798
729.737
713.48
696.178
677.634
657.835
636.402
613.203
587.503
558.655
527.486
495.131
465.315
444.241
432.59
431.334
437.183
439.692
444.733
447.829
452.793
456.278
461.157
464.927
469.741
473.73
478.503
482.666
487.419
491.719
496.464
500.874
505.618
510.113
514.858
519.415
524.161
528.759
533.497
538.118
542.837
547.477
552.224
556.91
561.663
566.358
571.085
575.752
580.422
585.021
589.596
594.087
598.527
602.864
607.122
611.262
615.29
619.168
622.913
626.476
629.876
633.063
636.053
638.8
641.313
643.551
645.516
647.168
648.509
649.499
650.2
650.537
650.648
650.396
649.658
648.58
647.02
645.063
642.625
639.755
636.41
632.618
628.363
623.663
618.519
612.948
607.008
600.699
594.038
587.093
579.829
572.349
564.601
556.753
548.73
540.638
532.473
524.33
516.194
508.142
500.122
492.08
484.001
475.974
467.85
459.659
451.227
442.534
433.387
423.935
414.623
406.893
403.197
402.168
402.151
400.926
405.611
407.597
411.588
413.952
417.858
420.448
424.234
426.966
430.627
433.448
436.99
439.86
443.287
446.173
449.488
452.361
455.561
458.395
461.474
464.246
467.192
469.859
472.634
475.172
477.753
480.145
482.559
484.785
486.977
488.973
490.888
492.593
494.181
495.541
496.756
497.726
498.525
499.063
499.335
499.434
499.353
498.887
498.281
497.323
496.188
494.726
493.066
491.1
488.931
486.479
483.831
480.928
477.846
474.574
471.118
467.469
463.685
459.747
455.717
451.593
447.421
443.209
438.989
434.762
430.572
426.487
422.493
418.658
414.966
411.48
408.157
405.044
402.123
399.433
396.948
394.691
392.615
390.797
389.14
387.743
386.5
385.482
384.592
383.878
383.247
382.727
382.238
381.785
381.309
380.839
380.366
380.075
379.967
380.492
381.785
384.328
388.922
392.624
393.685
353.403
356.669
358.012
360.657
362.088
364.59
366.026
368.329
369.718
371.798
373.096
374.947
376.119
377.732
378.748
380.111
380.944
382.047
382.671
383.489
383.894
384.364
384.572
384.668
384.677
384.464
384.107
383.531
382.752
381.794
380.607
379.266
377.686
375.979
374.043
372.002
369.746
367.406
364.875
362.283
359.54
356.751
353.842
350.929
347.928
344.958
341.941
338.987
336.025
333.159
330.318
327.584
324.965
322.498
320.154
317.99
315.988
314.197
312.599
311.238
310.098
309.217
308.59
308.283
308.169
308.242
308.711
309.297
310.237
311.321
312.721
314.275
316.112
318.108
320.355
322.758
325.384
328.156
331.107
334.21
337.478
340.867
344.382
347.98
351.661
355.382
359.136
362.885
366.625
370.333
374.021
377.703
381.434
385.274
389.443
394.235
399.834
406.82
412.369
414.631
292.496
293.413
293.744
294.29
294.534
294.843
294.962
295.019
294.954
294.81
294.454
294.121
293.497
292.947
292.069
291.29
290.169
289.158
287.809
286.569
285.009
283.56
281.841
280.216
278.371
276.597
274.653
272.776
270.776
268.851
266.844
264.928
262.968
261.11
259.243
257.488
255.765
254.165
252.633
251.234
249.937
248.784
247.76
246.893
246.178
245.632
245.278
245.113
245.066
245.255
245.658
246.278
247.05
248.037
249.183
250.541
252.063
253.795
255.693
257.799
260.075
262.555
265.209
268.068
271.104
274.347
277.761
281.373
285.168
289.158
293.341
297.725
302.312
307.105
312.112
317.335
322.781
328.455
334.364
340.506
346.892
353.52
360.395
367.515
374.878
382.475
390.297
398.327
406.545
414.928
423.454
432.107
440.884
449.806
458.941
468.497
479.246
490.846
502.516
508.275
236.927
235.628
235.058
233.875
233.135
231.894
231.014
229.717
228.728
227.385
226.314
224.948
223.82
222.454
221.301
219.959
218.81
217.519
216.406
215.191
214.147
213.035
212.088
211.103
210.281
209.446
208.774
208.11
207.61
207.136
206.827
206.585
206.477
206.441
206.52
206.744
207.063
207.521
208.085
208.785
209.601
210.553
211.616
212.815
214.127
215.576
217.137
218.835
220.647
222.599
224.666
226.876
229.188
231.643
234.203
236.904
239.714
242.668
245.734
248.947
252.278
255.761
259.368
263.131
267.028
271.088
275.292
279.67
284.204
288.922
293.813
298.903
304.183
309.68
315.387
321.331
327.512
333.953
340.661
347.66
354.961
362.59
370.562
378.909
387.65
396.822
406.454
416.591
427.273
438.558
450.505
463.19
476.7
491.143
506.632
523.253
540.992
559.484
574.178
580.735
263.898
263.375
263.059
262.44
261.901
261.148
260.399
259.493
258.551
257.486
256.368
255.144
253.878
252.512
251.114
249.644
248.142
246.6
245.029
243.45
241.847
240.265
238.671
237.123
235.577
234.101
232.644
231.276
229.945
228.721
227.554
226.507
225.537
224.698
223.955
223.354
222.868
222.535
222.37
222.31
222.377
222.69
223.059
223.656
224.33
225.215
226.193
227.371
228.653
230.122
231.705
233.468
235.349
237.403
239.586
241.939
244.405
247.043
249.793
252.717
255.756
258.968
262.303
265.811
269.45
273.265
277.22
281.356
285.644
290.119
294.76
299.598
304.618
309.847
315.281
320.94
326.823
332.952
339.329
345.978
352.902
360.128
367.664
375.538
383.763
392.369
401.375
410.814
420.709
431.1
442.021
453.541
465.732
478.681
492.52
507.391
523.388
540.168
553.932
560.163
322.982
324.72
325.395
326.623
327.224
328.247
328.74
329.52
329.887
330.406
330.64
330.812
330.848
330.781
330.447
330.115
329.468
328.854
327.908
327.007
325.777
324.594
323.096
321.646
319.9
318.203
316.247
314.328
312.18
310.081
307.784
305.546
303.144
300.815
298.356
295.983
293.516
291.15
288.736
286.438
284.134
281.957
279.846
277.888
276.03
274.343
272.788
271.425
270.22
269.225
268.413
267.823
267.49
267.351
267.334
267.689
268.131
268.889
269.768
270.942
272.256
273.842
275.583
277.577
279.735
282.133
284.704
287.482
290.432
293.575
296.887
300.387
304.048
307.896
311.905
316.096
320.446
324.972
329.653
334.504
339.488
344.619
349.871
355.251
360.737
366.333
372.015
377.789
383.636
389.564
395.566
401.639
407.802
414.239
421.06
428.69
437.437
447.73
458.633
464.362
372.601
376.094
377.546
380.389
381.982
384.689
386.329
388.858
390.495
392.83
394.428
396.579
398.134
400.084
401.538
403.278
404.584
406.09
407.207
408.458
409.352
410.324
410.963
411.635
411.99
412.263
412.361
412.373
412.093
411.739
411.113
410.397
409.418
408.341
407.012
405.583
403.904
402.046
399.94
397.677
395.18
392.551
389.713
386.774
383.659
380.465
377.163
373.801
370.386
366.948
363.507
360.084
356.703
353.374
350.119
346.972
343.972
341.133
338.445
335.96
333.66
331.589
329.732
328.129
326.758
325.65
324.769
324.14
323.789
323.64
323.618
323.95
324.391
325.107
325.92
326.958
328.078
329.373
330.728
332.209
333.785
335.483
337.258
339.136
341.079
343.126
345.232
347.437
349.713
352.11
354.62
357.325
360.234
363.411
366.861
370.943
376.071
382.685
387.546
389.336
408.742
413.577
415.632
419.72
422.176
426.153
428.85
432.691
435.536
439.242
442.171
445.776
448.809
452.34
455.431
458.889
462.001
465.382
468.482
471.773
474.831
478.019
481.005
484.071
486.954
489.876
492.631
495.381
497.968
500.519
502.901
505.216
507.352
509.391
511.238
512.959
514.489
515.945
517.173
518.267
519.104
519.747
520.065
520.189
520.154
519.651
519.011
517.956
516.7
515.066
513.194
510.972
508.498
505.705
502.66
499.331
495.769
491.965
487.997
483.833
479.529
475.046
470.443
465.727
460.941
456.096
451.216
446.405
441.632
436.98
432.438
428.078
423.878
419.909
416.063
412.46
409.006
405.793
402.733
399.89
397.134
394.579
392.089
389.749
387.44
385.252
383.06
380.942
378.798
376.708
374.606
372.601
370.666
369.209
368.131
367.734
368.525
372.296
375.414
376.307
424.007
429.834
432.337
437.329
440.428
445.336
448.836
453.667
457.466
462.251
466.288
471.06
475.294
480.075
484.471
489.275
493.806
498.641
503.282
508.151
512.883
517.784
522.587
527.515
532.37
537.316
542.205
547.157
552.064
557.013
561.923
566.854
571.742
576.628
581.461
586.267
591.016
595.777
600.465
605.129
609.699
614.208
618.603
622.905
627.063
631.082
634.94
638.613
642.096
645.354
648.386
651.154
653.657
655.858
657.751
659.304
660.506
661.275
661.632
661.73
661.312
660.562
659.404
657.838
655.824
653.36
650.427
647.025
643.15
638.807
633.999
628.735
623.024
616.884
610.426
603.591
596.44
589.009
581.269
573.308
565.066
556.674
548.033
539.266
530.269
521.086
511.651
501.983
491.912
481.375
470.443
458.942
446.896
434.242
421.654
408.887
398.114
391.489
388.645
387.37
424.944
430.619
433.089
437.995
441.1
445.957
449.513
454.352
458.27
463.142
467.369
472.31
476.807
481.852
486.605
491.781
496.774
502.101
507.324
512.816
518.261
523.929
529.59
535.437
541.306
547.336
553.405
559.613
565.873
572.254
578.697
585.245
591.855
598.56
605.327
612.179
619.094
626.084
633.125
640.232
647.38
654.58
661.812
669.08
676.368
683.676
690.988
698.296
705.584
712.84
720.072
727.256
734.39
741.457
748.451
755.356
762.171
768.871
775.453
781.884
788.141
794.246
800.146
805.821
811.227
816.334
821.097
825.481
829.437
832.928
835.905
838.325
840.135
841.085
841.459
841.437
839.989
838.101
834.87
830.875
825.504
819.082
811.169
801.932
791.034
778.568
764.37
748.268
730.3
710.205
687.902
662.965
635.101
603.804
569.917
532.879
495.706
460.59
435.398
418.707
433.175
437.713
439.734
443.758
446.328
450.324
453.278
457.271
460.532
464.559
468.082
472.186
475.954
480.172
484.177
488.536
492.775
497.301
501.776
506.493
511.21
516.14
521.11
526.273
531.508
536.925
542.438
548.124
553.923
559.889
565.982
572.243
578.644
585.219
591.951
598.866
605.956
613.241
620.7
628.354
636.194
644.233
652.462
660.887
669.5
678.313
687.358
696.627
706.144
715.896
725.827
735.965
746.275
756.766
767.414
778.212
789.148
800.201
811.362
822.613
833.949
845.356
856.827
868.356
879.931
891.541
903.164
914.784
926.364
937.871
949.345
960.749
972.076
983.286
994.365
1005.25
1015.86
1026.18
1036.05
1045.44
1054.14
1062.03
1068.84
1074.36
1077.72
1079.13
1079.28
1074.75
1067.39
1054.6
1036.62
1011.29
977.618
933.104
877.455
807.511
725.311
634.544
553.243
488.452
480.626
483.38
484.712
487.443
489.263
492.032
494.143
496.949
499.284
502.146
504.679
507.624
510.347
513.39
516.287
519.445
522.518
525.807
529.06
532.496
535.934
539.533
543.163
546.939
550.771
554.739
558.78
562.954
567.219
571.615
576.11
580.741
585.485
590.368
595.377
600.527
605.809
611.233
616.844
622.627
628.61
634.793
641.198
647.836
654.73
661.886
669.278
676.935
684.844
693.029
701.537
710.364
719.536
729.058
738.945
749.2
759.848
770.896
782.361
794.261
806.618
819.452
832.789
846.667
861.096
876.101
891.69
907.884
924.687
942.119
960.247
978.728
997.732
1017.11
1036.86
1056.88
1077.12
1097.54
1118.09
1138.74
1159.46
1180.25
1201.07
1221.92
1242.9
1263.9
1284.74
1304.87
1323.77
1340.11
1349.9
1353.6
1348.67
1321.18
1271.3
1196.1
1093.14
963.588
802.515
630.337
663.952
663.904
664.938
665.699
666.877
668.029
669.247
670.595
671.864
673.33
674.67
676.219
677.644
679.265
680.783
682.472
684.088
685.848
687.563
689.399
691.216
693.133
695.052
697.057
699.081
701.182
703.318
705.527
707.788
710.126
712.529
715.021
717.594
720.264
723.03
725.905
728.898
732.019
735.253
738.617
742.114
745.753
749.542
753.487
757.598
761.877
766.332
770.973
775.81
780.856
786.126
791.627
797.376
803.383
809.668
816.251
823.125
830.313
837.833
845.697
853.921
862.512
871.482
880.951
890.901
901.392
912.429
924.068
936.33
949.267
962.673
976.955
991.965
1007.9
1024.73
1042.58
1061.5
1081.6
1102.95
1125.66
1149.83
1175.57
1203
1232.28
1263.52
1295.3
1327.88
1359.54
1388.77
1413.23
1427.22
1432.37
1430.17
1413.96
1382.08
1321.33
1233.36
1122.27
997.86
848.987
1599.16
1599.92
1599.93
1599.55
1598.97
1598.54
1597.73
1597.27
1596.38
1595.87
1594.94
1594.36
1593.42
1592.76
1591.81
1591.05
1590.09
1589.24
1588.24
1587.3
1586.26
1585.22
1584.13
1583.02
1581.87
1580.68
1579.48
1578.23
1576.99
1575.69
1574.4
1573.06
1571.71
1570.32
1568.92
1567.47
1566.02
1564.52
1563.01
1561.45
1559.88
1558.26
1556.62
1554.93
1553.21
1551.42
1549.56
1547.61
1545.57
1543.39
1541.1
1538.66
1536.09
1533.35
1530.48
1527.46
1524.29
1520.89
1517.23
1513.19
1508.71
1503.63
1497.88
1491.86
1485.43
1478.77
1471.72
1464.37
1456.58
1448.4
1439.76
1430.64
1420.77
1410.36
1399.07
1387.04
1373.98
1359.98
1344.82
1328.52
1310.92
1292.04
1271.74
1250.02
1226.73
1201.61
1173.63
1141.02
1101.99
1054.8
994.409
914.813
814.254
703.943
584.604
535.356
556.093
721.885
886.8
939.95
865.882
324.74
176.608
119.706
95.2677
82.3311
76.1267
73.1587
72.1867
74.0323
80.95
97.4418
118.867
156.195
207.078
271.525
348.954
443.995
560.308
610.275
693.167
329.186
219.152
154.342
121.764
104.135
92.9358
87.465
85.5388
87.5312
99.6444
115.575
144.543
184.719
237.912
299.909
372.33
459.514
544.775
568.576
544.608
318.749
242.283
180.165
147.63
125.463
111.882
105.979
104.31
108.665
120.206
144.108
174.699
218.728
269.494
326.134
390.229
462.594
514.449
522.698
444.656
305.188
256.305
198.174
171.207
146.162
134.089
128.449
126.897
131.249
154.132
177.69
213.925
256.396
302.031
352.206
406.51
455.311
474.282
474.545
388.222
300.44
266.309
214.689
192.004
168.737
159.19
155.458
155.212
175.049
195.445
222.827
257.339
292.784
330.766
370.724
410
432.651
426.515
428.126
360.108
300.386
273.85
232.041
214.544
201.054
197.448
197.43
211.674
227.858
247.868
272.617
299.406
326.748
355.829
383.478
398.88
396.865
368.087
383.708
352.342
312.867
296.074
273.018
265.944
263.417
263.053
269.883
279.118
291.15
305.969
322.323
339.211
355.526
369.795
376.603
374.925
343.788
300.859
349.85
386.931
375.273
371.451
361.665
356.906
351.378
349.173
348.64
350.797
355.102
359.398
364.165
366.782
367.782
366.306
357.944
331.219
277.773
232.737
331.131
499.118
483.879
476.485
457.569
448.671
434.318
427.273
417.588
412.387
404.324
397.843
388.667
378.126
365.44
349.145
316.686
268.285
203.717
161.422
325.109
563.259
541.857
532.195
509.124
498.074
479.419
469.133
452.29
440.72
423.799
409.629
390.396
370.309
341.626
302.078
251.709
197.895
143.533
117.311
328.532
544.388
524.233
515.176
493.419
483.031
465.633
456.311
441.343
431.147
416.486
403.976
387.422
369.675
345.098
309.373
259.59
203.523
143.934
114.954
327.004
457.624
446.432
440.827
424.869
417.575
406.621
401.359
395.688
392.888
389.455
385.975
381.298
374.265
364.775
353.401
326.938
279.303
211.939
170.908
324.704
358.891
343.771
338.777
330.83
327.433
324.328
323.488
326.128
330.998
338.534
346.553
354.797
362.47
366.291
367.64
363.249
339.704
287.118
239.486
325.941
336.646
296.766
279.232
254.03
245.632
242.665
242.473
250.847
261.562
275.557
292.892
311.713
331.947
352.081
370.559
379.75
380.947
352.367
307.807
335.669
346.753
288.152
262.259
221.017
203.603
189.097
184.752
184.268
198.057
215.324
236.793
263.11
291.927
321.652
353.764
385.624
403.672
404.804
374.477
370.312
374.473
289.286
256.007
206.244
184.295
161.462
151.806
147.726
147.127
165.159
186.535
214.593
250.425
287.638
327.701
370.136
413.986
438.707
433.767
420.401
429.541
293.971
246.191
189.988
163.816
140.048
128.539
123.19
121.735
125.943
147.093
171.289
207.622
251.195
298.628
350.839
407.667
460.328
480.544
471.676
531.55
308.199
233.67
173.698
141.91
120.366
107.409
101.727
100.148
104.681
116.006
138.994
169.919
213.826
265.75
324.058
390.648
467.051
518.667
523.088
686.63
318.082
211.24
148.243
116.979
99.8478
89.5099
84.4167
82.6311
84.6761
96.1458
112.06
140.562
180.753
234.217
297.324
371.234
461.067
548.526
570.875
863.368
313.484
170.681
115.73
92.071
79.5853
73.1915
70.4869
69.7048
72.0692
78.7615
94.3695
115.996
152.724
203.745
268.875
347.688
444.743
563.133
613.25
646.054
32.1745
12.7362
11.3229
11.19
11.171
11.1705
11.1708
11.1706
11.1705
11.1705
11.1706
11.1708
11.1705
11.171
11.19
11.3229
12.7362
32.1744
646.054
672.74
55.0629
17.0386
12.087
11.3039
11.1803
11.1547
11.1529
11.1534
11.1536
11.1536
11.1534
11.1529
11.1547
11.1803
11.3039
12.087
17.0386
55.0628
672.74
698.453
71.0936
21.1542
13.3033
11.5874
11.2261
11.1552
11.1382
11.1358
11.1355
11.1355
11.1358
11.1382
11.1552
11.2261
11.5874
13.3033
21.1542
71.0935
698.453
723.136
85.8503
25.1369
14.6461
12.0431
11.3371
11.1684
11.1265
11.1183
11.1171
11.1171
11.1183
11.1265
11.1684
11.3371
12.0431
14.6461
25.1369
85.8502
723.136
746.743
101.867
29.2065
16.0659
12.5885
11.5234
11.2064
11.1273
11.105
11.1003
11.1003
11.105
11.1273
11.2064
11.5234
12.5885
16.0658
29.2065
101.867
746.743
769.31
118.433
33.3669
17.5405
13.1971
11.7624
11.283
11.1366
11.0944
11.0843
11.0843
11.0944
11.1366
11.283
11.7624
13.1971
17.5406
33.3669
118.433
769.31
790.728
134.967
37.5676
19.0511
13.8502
12.0431
11.3872
11.16
11.0918
11.0718
11.0718
11.0918
11.16
11.3872
12.0431
13.8502
19.0511
37.5676
134.968
790.728
810.982
151.251
41.78
20.5851
14.5352
12.3571
11.5178
11.2031
11.0955
11.0625
11.0625
11.0955
11.2031
11.5178
12.3571
14.5352
20.5852
41.7801
151.251
810.982
829.955
167.079
45.9692
22.1303
15.2422
12.6969
11.6708
11.2604
11.1065
11.0594
11.0594
11.1065
11.2604
11.6708
12.6969
15.2422
22.1303
45.9693
167.079
829.955
847.653
182.401
50.1208
23.6797
15.9647
13.0568
11.8431
11.3324
11.129
11.0619
11.0619
11.129
11.3324
11.8431
13.0568
15.9648
23.6797
50.121
182.402
847.653
863.99
197.096
54.2105
25.2248
16.6968
13.4321
12.0315
11.4179
11.1609
11.0697
11.0698
11.1609
11.4179
12.0315
13.4321
16.6968
25.2248
54.2107
197.097
863.99
879.013
211.155
58.232
26.7618
17.4347
13.8192
12.2335
11.5156
11.2021
11.0862
11.0862
11.2021
11.5156
12.2335
13.8193
17.4347
26.7619
58.2322
211.155
879.012
892.663
224.491
62.1652
28.2844
18.1745
14.2149
12.4467
11.6242
11.2528
11.1113
11.1113
11.2528
11.6242
12.4467
14.2149
18.1745
28.2845
62.1654
224.492
892.663
905.026
237.119
66.0089
29.7907
18.9141
14.6169
12.6691
11.7427
11.3126
11.1446
11.1446
11.3126
11.7427
12.6691
14.6169
18.9141
29.7908
66.0091
237.119
905.026
916.067
248.97
69.7458
31.2754
19.6506
15.023
12.899
11.8698
11.381
11.1861
11.1861
11.381
11.8698
12.899
15.0231
19.6507
31.2755
69.746
248.971
916.067
925.904
260.09
73.378
32.7378
20.383
15.4319
13.1352
12.0048
11.4576
11.2357
11.2357
11.4576
12.0048
13.1352
15.4319
20.383
32.7379
73.3781
260.089
925.904
934.512
270.424
76.8907
34.1734
21.1088
15.8418
13.3762
12.1466
11.5418
11.293
11.293
11.5418
12.1466
13.3762
15.8418
21.1088
34.1734
76.8909
270.424
934.512
942.037
280.036
80.289
35.5825
21.8276
16.2519
13.6211
12.2944
11.6331
11.3579
11.3579
11.6331
12.2944
13.6211
16.2519
21.8277
35.5826
80.2891
280.035
942.036
948.451
288.886
83.5604
36.9607
22.5374
16.6609
13.8691
12.4475
11.7309
11.4299
11.4299
11.7309
12.4475
13.8691
16.6609
22.5374
36.9607
83.5605
288.887
948.451
953.925
297.052
86.7122
38.3096
23.2383
17.0685
14.1193
12.6053
11.8348
11.5085
11.5085
11.8348
12.6053
14.1194
17.0685
23.2383
38.3098
86.7123
297.05
953.924
958.416
304.505
89.7342
39.625
23.9283
17.4735
14.3712
12.7671
11.9442
11.5934
11.5934
11.9442
12.7671
14.3712
17.4735
23.9283
39.6249
89.7342
304.506
958.416
962.12
311.327
92.6353
40.9091
24.608
17.8757
14.6241
12.9325
12.0587
11.684
11.684
12.0587
12.9325
14.6242
17.8757
24.6081
40.9094
92.6356
311.325
962.119
964.967
317.505
95.4078
42.158
25.2755
18.2742
14.8776
13.1009
12.1777
11.78
11.78
12.1777
13.1009
14.8776
18.2741
25.2754
42.1578
95.4076
317.506
964.966
967.18
323.104
98.0615
43.3749
25.9318
18.669
15.1313
13.2719
12.3009
11.8809
11.8809
12.3009
13.2719
15.1313
18.6691
25.9319
43.3753
98.062
323.101
967.179
968.649
328.146
100.59
44.5555
26.5749
19.0593
15.3846
13.445
12.4277
11.9862
11.9862
12.4277
13.445
15.3846
19.0592
26.5748
44.5552
100.59
328.149
968.648
969.635
332.655
103.005
45.7042
27.2063
19.4452
15.6374
13.62
12.5579
12.0955
12.0955
12.5579
13.62
15.6374
19.4453
27.2065
45.7047
103.005
332.652
969.634
969.97
336.704
105.3
46.8161
27.8239
19.826
15.8892
13.7964
12.691
12.2085
12.2085
12.691
13.7964
15.8892
19.826
27.8238
46.8158
105.299
336.705
969.969
969.834
340.243
107.488
47.8973
28.4296
20.2021
16.14
13.9741
12.8267
12.3248
12.3248
12.8267
13.9741
16.14
20.2022
28.4298
47.8977
107.488
340.24
969.833
969.425
343.402
109.561
48.9416
29.0211
20.5725
16.3892
14.1525
12.9646
12.4441
12.4441
12.9646
14.1525
16.3892
20.5724
29.021
48.9413
109.56
343.402
969.424
968.579
346.141
111.538
49.9567
29.6007
20.9379
16.637
14.3316
13.1045
12.5659
12.5659
13.1045
14.3316
16.637
20.9379
29.6009
49.9571
111.539
346.14
968.578
967.379
348.533
113.406
50.9355
30.1659
21.2973
16.8828
14.511
13.2461
12.69
12.69
13.2461
14.511
16.8827
21.2972
30.1657
50.9351
113.405
348.532
967.378
965.891
350.553
115.187
51.887
30.7195
21.6515
17.1267
14.6907
13.389
12.8161
12.8161
13.389
14.6907
17.1268
21.6516
30.7197
51.8874
115.188
350.552
965.89
964.155
352.265
116.864
52.803
31.2588
21.9995
17.3684
14.8702
13.5331
12.944
12.944
13.5331
14.8702
17.3684
21.9994
31.2585
52.8026
116.864
352.263
964.154
962.205
353.659
118.465
53.6942
31.7868
22.3422
17.608
15.0495
13.6782
13.0733
13.0733
13.6782
15.0495
17.6081
22.3424
31.787
53.6946
118.465
353.658
962.204
960.074
354.766
119.965
54.5509
32.3006
22.6787
17.8451
15.2284
13.8239
13.2039
13.2039
13.8239
15.2283
17.845
22.6785
32.3003
54.5503
119.964
354.764
960.073
957.789
355.615
121.398
55.3851
32.8038
23.0099
18.0798
15.4067
13.9702
13.3355
13.3355
13.9702
15.4067
18.0799
23.01
32.8041
55.3855
121.399
355.615
957.788
955.382
356.175
122.736
56.1862
33.2931
23.3347
18.3119
15.5842
14.1168
13.468
13.468
14.1168
15.5842
18.3118
23.3345
33.2927
56.1855
122.736
356.173
955.381
952.87
356.558
124.015
56.9674
33.7723
23.6543
18.5414
15.761
14.2636
13.6011
13.6011
14.2636
15.761
18.5415
23.6545
33.7726
56.9678
124.015
356.557
952.869
950.286
356.612
125.204
57.7169
34.2381
23.9677
18.7681
15.9367
14.4103
13.7346
13.7346
14.4103
15.9366
18.768
23.9674
34.2377
57.7162
125.204
356.611
950.286
947.635
356.52
126.341
58.4493
34.6946
24.2759
18.9922
16.1114
14.557
13.8684
13.8684
14.557
16.1115
18.9924
24.2761
34.695
58.4497
126.341
356.519
947.635
944.958
356.291
127.392
59.1512
35.1381
24.578
19.2134
16.2848
14.7033
14.0024
14.0024
14.7033
16.2848
19.2132
24.5777
35.1376
59.1506
127.392
356.29
944.958
942.243
355.82
128.406
59.8394
35.5733
24.8751
19.4319
16.4571
14.8493
14.1364
14.1364
14.8494
16.4572
19.4321
24.8754
35.5737
59.8396
128.405
355.823
942.243
939.539
355.244
129.335
60.4988
35.9959
25.1662
19.6474
16.628
14.9948
14.2703
14.2703
14.9947
16.6279
19.6472
25.1658
35.9953
60.4984
129.336
355.238
939.54
936.82
354.505
130.251
61.1489
36.4112
25.4527
19.8603
16.7975
15.1397
14.404
14.404
15.1398
16.7976
19.8605
25.4531
36.4118
61.149
130.248
354.509
936.819
934.145
353.722
131.1
61.7744
36.815
25.7334
20.0701
16.9655
15.2839
14.5373
14.5373
15.2838
16.9653
20.0699
25.7328
36.8141
61.7739
131.102
353.717
934.146
931.466
352.872
131.986
62.3992
37.2124
26.0097
20.2774
17.132
15.4273
14.6702
14.6703
15.4274
17.1322
20.2777
26.0103
37.2134
62.3998
131.983
352.876
931.464
928.859
352.024
132.869
63.0127
37.5999
26.2805
20.4816
17.2969
15.5699
14.8025
14.8025
15.5698
17.2967
20.4812
26.2798
37.5987
63.012
132.872
352.02
928.861
926.333
351.164
133.826
63.6386
37.9833
26.5474
20.6833
17.4603
15.7116
14.9344
14.9344
15.7117
17.4605
20.6837
26.5483
37.9847
63.6396
133.822
351.166
926.331
923.872
350.422
134.84
64.2639
38.3588
26.8093
20.882
17.622
15.8522
15.0654
15.0654
15.8521
17.6217
20.8815
26.8084
38.3572
64.2628
134.844
350.42
923.874
921.484
349.753
135.976
64.9119
38.7329
27.0679
21.0783
17.7821
15.9919
15.1958
15.1959
15.992
17.7824
21.0789
27.0691
38.7348
64.9134
135.972
349.755
921.482
919.155
349.293
137.189
65.5651
39.1016
27.3221
21.2718
17.9404
16.1304
15.3253
15.3252
16.1303
17.9401
21.2712
27.3209
39.0995
65.5635
137.194
349.293
919.157
916.897
348.942
138.532
66.2459
39.4712
27.5738
21.4631
18.0973
16.2679
15.4541
15.4541
16.2681
18.0977
21.4639
27.5753
39.4739
66.2486
138.529
348.943
916.894
914.693
348.851
139.937
66.9331
39.8374
27.8218
21.6517
18.2523
16.4041
15.5817
15.5816
16.404
18.252
21.6509
27.8202
39.8347
66.9307
139.942
348.853
914.695
912.56
348.916
141.463
67.6494
40.2064
28.0679
21.8384
18.4059
16.5394
15.7086
15.7087
16.5396
18.4065
21.8395
28.07
40.2101
67.6536
141.462
348.918
912.555
910.479
349.098
143.022
68.3711
40.5735
28.3111
22.0226
18.5577
16.6731
15.8342
15.8342
16.6729
18.5572
22.0217
28.3092
40.5702
68.3678
143.027
349.101
910.481
908.471
349.471
144.675
69.1203
40.9447
28.5532
22.2052
18.7081
16.806
15.9592
15.9593
16.8063
18.7089
22.2066
28.556
40.9495
69.1263
144.677
349.481
908.464
906.513
349.99
146.342
69.873
41.315
28.793
22.3855
18.8567
16.9373
16.0827
16.0826
16.937
18.8562
22.3843
28.7906
41.311
69.8692
146.346
349.989
906.515
904.629
350.63
148.077
70.651
41.6902
29.0321
22.5644
19.0041
17.0677
16.2056
16.2058
17.0682
19.0051
22.5664
29.0358
41.6967
70.6597
148.082
350.645
904.621
902.794
351.376
149.806
71.4301
42.065
29.2695
22.7414
19.1497
17.1965
16.3268
16.3268
17.1962
19.1491
22.7399
29.2668
42.0604
71.4258
149.81
351.379
902.795
901.035
352.209
151.58
72.2316
42.4452
29.5067
22.9171
19.2942
17.3245
16.4477
16.4479
17.3252
19.2956
22.9198
29.5118
42.454
72.2443
151.593
352.232
901.022
899.321
353.116
153.335
73.0313
42.8251
29.7426
23.0911
19.437
17.4508
16.5666
16.5665
17.4504
19.4362
23.0895
29.7396
42.8203
73.0274
153.338
353.127
899.319
897.684
354.081
155.115
73.8509
43.2104
29.9786
23.264
19.5787
17.5764
16.6853
16.6856
17.5774
19.5808
23.2679
29.9856
43.2225
73.8691
155.139
354.116
897.665
896.089
355.096
156.864
74.6654
43.5954
30.2137
23.4356
19.7188
17.7001
16.8017
16.8017
17.6998
19.718
23.4339
30.2106
43.591
74.6638
156.872
355.121
896.081
894.571
356.143
158.624
75.4974
43.9856
30.4488
23.6061
19.858
17.8234
16.9184
16.9188
17.8249
19.861
23.6117
30.459
44.003
75.5242
158.662
356.199
894.543
893.092
357.219
160.343
76.3209
44.3755
30.6836
23.7754
19.9955
17.9447
17.0324
17.0324
17.9445
19.995
23.774
30.6809
44.3726
76.3247
160.362
357.27
893.074
891.691
358.306
162.061
77.1596
44.7697
30.918
23.9437
20.1323
18.0658
17.147
17.1477
18.068
20.1368
23.952
30.9329
44.7953
77.2004
162.122
358.398
891.645
890.324
359.406
163.73
77.9865
45.1636
31.1527
24.1111
20.2674
18.1845
17.2585
17.2586
18.1847
20.2674
24.1107
31.1517
45.1649
78.0016
163.77
359.501
890.285
889.034
360.496
165.388
78.8262
45.5607
31.3864
24.2773
20.4018
18.3034
17.3712
17.3723
18.3069
20.4087
24.2899
31.4087
45.5995
78.8897
165.486
360.649
888.96
887.777
361.588
166.991
79.6505
45.9576
31.6208
24.4429
20.5345
18.4196
17.4802
17.4805
18.4206
20.5359
24.4447
31.6239
45.9678
79.6879
167.072
361.761
887.703
886.596
362.651
168.573
80.4852
46.3558
31.8533
24.6068
20.6666
18.5364
17.5911
17.5927
18.5419
20.6774
24.6262
31.8877
46.4162
80.5868
168.732
362.908
886.473
885.444
363.707
170.096
81.3002
46.7537
32.0872
24.7704
20.7968
18.65
17.6973
17.6982
18.6525
20.8012
24.7772
32.099
46.7821
81.3792
170.248
364.014
885.308
884.37
364.714
171.587
82.1232
47.1505
32.3175
24.9319
20.9265
18.7647
17.8065
17.8093
18.7735
20.9437
24.9625
32.3718
47.2471
82.2896
171.851
365.15
884.163
883.325
365.707
173.016
82.9209
47.5468
32.5499
25.0931
21.054
18.8755
17.9101
17.9118
18.881
21.0639
25.1095
32.5789
47.6101
83.076
173.293
366.245
883.08
882.358
366.628
174.398
83.7238
47.9385
32.7764
25.2512
21.1809
18.9879
18.0179
18.0222
19.0024
21.2088
25.3006
32.864
48.0965
84.0017
174.84
367.37
882.005
881.423
367.526
175.718
84.4946
48.3292
33.0056
25.4091
21.305
19.0954
18.1186
18.1218
19.1068
21.3257
25.4439
33.0673
48.4577
84.7865
176.211
368.463
880.988
880.569
368.326
176.968
85.2679
48.7104
33.2251
25.5625
21.4284
19.2053
18.2251
18.232
19.2297
21.4746
25.6436
33.3692
48.9739
85.7388
177.711
369.591
879.966
879.756
369.088
178.155
86.0004
49.0899
33.448
25.7151
21.548
19.309
18.3227
18.3286
19.3311
21.5886
25.7843
33.5707
49.3377
86.5359
179.023
370.709
878.992
879.028
369.708
179.235
86.7309
49.4522
33.6554
25.8611
21.6665
19.4157
18.4282
18.4396
19.4573
21.7443
25.9967
33.8965
49.8988
87.5398
180.493
371.874
877.992
878.361
370.245
180.244
87.4039
49.8078
33.8646
26.0046
21.7796
19.5145
18.5224
18.5332
19.5561
21.8564
26.1371
34.1006
50.2756
88.3774
181.769
373.071
877.027
877.801
370.509
181.062
88.0515
50.1331
34.0507
26.1387
21.8905
19.617
18.6271
18.6462
19.688
22.0231
26.3687
34.4616
50.9067
89.4777
183.242
374.337
876.008
877.341
370.648
181.801
88.6335
50.4535
34.2382
26.2676
21.9941
19.7093
18.7178
18.7372
19.7854
22.136
26.5138
34.6783
51.3155
90.3993
184.529
375.706
874.998
876.998
370.582
182.287
89.1765
50.7245
34.3905
26.3831
22.0936
19.806
18.8223
18.8545
19.9276
22.3205
26.7752
35.0925
52.0566
91.6654
186.067
377.185
873.89
876.826
370.346
182.686
89.6144
50.9804
34.541
26.4878
22.1826
19.8894
18.9092
18.9439
20.0259
22.4393
26.9352
35.3411
52.5303
92.737
187.458
378.884
872.749
876.894
369.757
182.665
89.963
51.153
34.6362
26.5738
22.2641
19.9779
19.0147
19.0696
20.1863
22.6536
27.2446
35.8389
53.445
94.2711
189.172
380.768
871.44
877.137
368.914
182.465
90.1364
51.289
34.7237
26.6386
22.332
20.0508
19.1005
19.1625
20.2921
22.7896
27.4392
36.1556
54.0421
95.5975
190.827
383.062
870.024
877.744
367.138
181.905
90.0736
51.2713
34.7198
26.6786
22.3857
20.1291
19.2099
19.3027
20.4846
23.0544
27.8298
36.7952
55.2366
97.5619
192.911
385.675
868.329
878.574
365.402
181.032
89.8328
51.1759
34.6787
26.6724
22.4235
20.1899
19.2997
19.4102
20.6122
23.2317
28.0961
37.2372
56.068
99.3268
195.099
389.003
866.398
880.332
361.822
179.265
89.2728
50.9541
34.5708
26.6429
22.4386
20.268
19.4328
19.5886
20.8665
23.5951
28.638
38.1302
57.7338
102
197.894
392.892
864.003
882.01
358.717
177.24
88.3278
50.4983
34.3834
26.5724
22.4572
20.3333
19.531
19.7144
21.0492
23.8616
29.0518
38.8279
59.0193
104.556
201.107
397.998
861.145
885.509
352.43
173.988
86.8029
49.8808
34.0494
26.4987
22.4533
20.3986
19.6814
19.94
21.3884
24.3834
29.8925
40.2684
61.6455
108.504
205.253
404.066
857.506
888.444
347.224
170.135
84.8239
48.8869
33.7348
26.3847
22.4237
20.4572
19.8124
20.1306
21.6751
24.8164
30.5758
41.4329
63.7784
112.685
210.612
412.065
853.002
894.533
336.993
164.756
81.9417
47.8469
33.3212
26.2404
22.3903
20.5814
20.0856
20.5299
22.2703
25.7131
31.9973
43.8628
68.1455
118.932
217.452
421.633
847.176
899.251
328.574
158.062
78.7026
46.6179
32.7931
25.9255
22.4413
20.8313
20.4374
20.9889
22.8949
26.5925
33.326
46.0497
71.9314
125.87
226.676
433.911
839.797
909.042
312.383
149.601
74.928
45.0416
32.0411
25.9153
22.6758
21.3792
21.1785
21.9552
24.1835
28.4542
36.1348
50.6569
79.6963
136.319
238.729
448.171
830.182
916.111
299.417
139.528
70.5682
43.1906
31.7164
26.1546
23.3065
22.2961
22.1904
23.177
25.7867
30.4808
39.0628
55.2259
87.0056
148.457
254.914
466.037
817.8
931.53
274.574
127.878
65.465
41.9525
32.0867
27.0548
24.8154
24.2596
24.306
25.625
28.7581
34.8382
45.2923
64.8489
101.506
166.841
275.93
485.827
801.545
940.221
258.999
113.74
61.5678
42.6042
33.6642
29.3243
27.5252
27.0377
27.2036
29.155
33.2448
39.8505
52.3137
75.1507
117.093
188.515
303.201
509.672
780.464
958.825
227.42
103.749
62.8962
45.7986
37.8656
34.2261
33.0014
32.6992
33.4033
35.6253
40.4541
50.8386
66.9398
97.0222
145.046
221.893
337.9
532.606
752.331
960.11
227.38
108.765
70.6426
54.9807
47.9627
44.8626
42.2297
41.2522
41.2135
45.099
53.123
63.9205
85.7388
120.152
177.632
260.47
377.608
556.939
715.142
964.695
290.998
136.807
93.4602
76.0256
66.0614
59.1436
56.243
55.428
57.069
63.1491
71.3273
91.6444
119.242
166.797
231.056
314.905
422.439
567.099
663.053
964.511
285.052
133.569
90.8453
73.8109
64.7251
57.5985
54.6133
53.7368
55.2146
61.6546
69.7592
89.301
117.046
163.806
228.168
312.5
421.491
569.207
665.972
959.685
226.428
108.047
69.711
53.912
46.8208
43.9545
41.4904
40.5184
40.4374
44.0467
52.0515
62.7591
83.9938
118.351
175.498
258.264
375.59
555.982
717.513
958.181
229.035
103.75
62.6669
45.4285
37.4314
33.7372
32.4645
32.1952
32.9726
35.2619
39.9142
50.1657
66.1625
95.6585
143.421
220.009
336.137
531.751
754.099
939.395
260.192
114.691
61.5909
42.5021
33.4929
29.1063
27.2846
26.7889
26.9503
28.7592
32.8945
39.4342
51.7503
74.3493
115.951
187.041
301.403
508.244
781.845
930.657
275.79
128.611
65.8472
41.9512
32.0379
26.9629
24.683
24.1161
24.1737
25.5341
28.5362
34.565
44.9133
64.2849
100.695
165.797
274.721
484.711
802.576
915.478
300.536
140.247
70.8697
43.3377
31.7109
26.1268
23.2522
22.2208
22.1069
23.077
25.6778
30.3206
38.835
54.8738
86.4293
147.6
253.784
464.892
818.604
908.488
313.275
150.157
75.2122
45.1537
32.1051
25.9096
22.6574
21.3393
21.1291
21.8912
24.0912
28.3474
35.9775
50.4074
79.3014
135.766
238.035
447.305
830.781
898.822
329.345
158.592
78.9493
46.7177
32.8329
25.9579
22.4407
20.8156
20.4126
20.9551
22.8483
26.5274
33.2283
45.8892
71.6528
125.378
226.02
433.119
840.26
894.165
337.565
165.128
82.1827
47.9367
33.3658
26.2613
22.3957
20.577
20.0724
20.5091
22.2389
25.6677
31.9277
43.7456
67.936
118.649
217.087
421.048
847.523
888.166
347.725
170.467
85.0054
48.9679
33.7662
26.4043
22.4361
20.4582
19.8078
20.1209
21.6556
24.7863
30.5295
41.355
63.6332
112.39
210.238
411.557
853.269
885.273
352.8
174.226
86.9613
49.9588
34.0826
26.509
22.4612
20.4022
19.6775
19.9308
21.3732
24.3637
29.8611
40.2096
61.5339
108.362
205.058
403.706
857.706
881.835
359.016
177.452
88.4458
50.5542
34.414
26.5879
22.4636
20.3333
19.5304
19.7159
21.04
23.8414
29.0238
38.7886
58.9458
104.381
200.896
397.686
861.298
880.187
362.072
179.417
89.3725
50.9984
34.5933
26.6547
22.4445
20.2689
19.4297
19.5813
20.861
23.5853
28.618
38.0982
57.6786
101.942
197.788
392.683
864.118
878.469
365.59
181.153
89.906
51.2114
34.6968
26.6824
22.4294
20.1919
19.2989
19.4077
20.6075
23.224
28.0836
37.2158
56.0281
99.2191
194.974
388.816
866.485
877.658
367.294
182.005
90.1332
51.3004
34.7347
26.6875
22.39
20.1315
19.2105
19.3018
20.4814
23.0485
27.8201
36.7785
55.2064
97.5372
192.854
385.555
868.396
877.076
369.029
182.538
90.1882
51.3144
34.7367
26.6442
22.3352
20.0517
19.0996
19.1608
20.2897
22.7856
27.4325
36.1439
54.0202
95.5293
190.751
382.949
870.073
876.845
369.852
182.724
89.9935
51.1674
34.6438
26.579
22.2669
19.9794
19.0149
19.0689
20.1844
22.6503
27.2392
35.8297
53.4285
94.2635
189.142
380.702
871.479
876.783
370.416
182.737
89.6456
50.9961
34.5489
26.4915
22.185
19.8906
18.9093
18.9435
20.0248
22.4372
26.9316
35.3347
52.5166
92.693
187.411
378.816
872.776
876.975
370.64
182.318
89.194
50.7325
34.3948
26.386
22.0951
19.8067
18.8223
18.8542
19.9267
22.3187
26.7723
35.0875
52.049
91.6659
186.053
377.149
873.913
877.315
370.7
181.832
88.6527
50.4632
34.2431
26.2699
21.9954
19.71
18.7177
18.7367
19.7846
22.1348
26.5118
34.6746
51.3066
90.3704
184.5
375.665
875.013
877.79
370.545
181.08
88.0616
50.1374
34.0531
26.1403
21.8915
19.6176
18.6274
18.6463
19.6877
22.0222
26.3671
34.4591
50.9039
89.482
183.237
374.319
876.021
878.346
370.286
180.264
87.4167
49.814
33.8676
26.0059
21.7803
19.5148
18.5222
18.5328
19.5556
21.8557
26.136
34.0984
50.2695
88.3578
181.75
373.046
877.035
879.024
369.719
179.241
86.7347
49.4542
33.6565
25.862
21.6671
19.4162
18.4284
18.4397
19.4571
21.7438
25.9958
33.8953
49.8984
87.5455
180.492
371.866
878
879.746
369.11
178.166
86.0072
49.0931
33.4494
25.7158
21.5484
19.3091
18.3226
18.3284
19.3309
21.5882
25.7837
33.5692
49.3334
86.5223
179.01
370.694
878.996
880.567
368.33
176.97
85.2693
48.7114
33.2258
25.563
21.4288
19.2056
18.2252
18.2321
19.2296
21.4743
25.6432
33.3688
48.9747
85.7445
177.713
369.588
879.97
881.417
367.54
175.725
84.4991
48.3313
33.0065
25.4095
21.3052
19.0955
18.1185
18.1217
19.1067
21.3255
25.4436
33.0663
48.4544
84.7766
176.202
368.453
880.99
882.358
366.63
174.399
83.7242
47.9388
32.7767
25.2515
21.1811
18.988
18.0179
18.0222
19.0023
21.2086
25.3004
32.864
48.0978
84.0069
174.842
367.37
882.009
883.321
365.716
173.021
82.9238
47.5482
32.5505
25.0933
21.0541
18.8755
17.9101
17.9118
18.881
21.0638
25.1092
32.5782
47.6076
83.0686
173.286
366.238
883.081
884.371
364.714
171.587
82.123
47.1505
32.3176
24.932
20.9266
18.7648
17.8066
17.8092
18.7734
20.9436
24.9624
32.372
47.2485
82.2941
171.854
365.151
884.165
885.442
363.713
170.099
81.3021
46.7546
32.0876
24.7706
20.7969
18.65
17.6974
17.6982
18.6525
20.8011
24.777
32.0983
46.78
81.3736
170.242
364.009
885.309
886.597
362.65
168.573
80.4848
46.3556
31.8533
24.6069
20.6667
18.5364
17.5911
17.5927
18.5418
20.6774
24.6263
31.888
46.4175
80.5906
168.735
362.909
886.474
887.775
361.592
166.992
79.6517
45.9582
31.6211
24.443
20.5345
18.4196
17.4802
17.4805
18.4205
20.5359
24.4446
31.6234
45.9661
79.6835
167.067
361.757
887.703
889.036
360.495
165.388
78.8258
45.5605
31.3863
24.2773
20.4018
18.3034
17.3712
17.3723
18.3069
20.4087
24.2899
31.409
45.6007
78.8928
165.488
360.65
888.961
890.323
359.408
163.731
77.9873
45.1641
31.1529
24.1112
20.2674
18.1845
17.2585
17.2586
18.1847
20.2674
24.1105
31.1512
45.1635
77.9982
163.767
359.498
890.286
891.692
358.304
162.061
77.1592
44.7695
30.918
23.9437
20.1323
18.0658
17.147
17.1477
18.068
20.1368
23.9521
30.9332
44.7963
77.2029
162.124
358.398
891.646
893.091
357.221
160.343
76.3214
44.3758
30.6837
23.7755
19.9955
17.9447
17.0324
17.0324
17.9445
19.9949
23.7739
30.6805
44.3715
76.322
160.359
357.268
893.074
894.572
356.142
158.624
75.4971
43.9854
30.4487
23.606
19.858
17.8235
16.9184
16.9188
17.8249
19.861
23.6118
30.4592
44.0038
75.5264
158.665
356.2
894.543
896.088
355.097
156.864
74.6657
43.5956
30.2138
23.4356
19.7188
17.7001
16.8017
16.8017
17.6998
19.718
23.4338
30.2102
43.5901
74.6616
156.87
355.119
896.082
897.685
354.08
155.115
73.8507
43.2102
29.9785
23.264
19.5787
17.5764
16.6853
16.6856
17.5774
19.5808
23.268
29.9859
43.2233
73.8708
155.14
354.117
897.665
899.32
353.117
153.335
73.0314
42.8252
29.7427
23.0911
19.437
17.4508
16.5665
16.5665
17.4504
19.4362
23.0894
29.7393
42.8196
73.0258
153.337
353.125
899.319
901.035
352.208
151.58
72.2315
42.4451
29.5066
22.917
19.2942
17.3245
16.4477
16.4479
17.3252
19.2957
22.9199
29.512
42.4545
72.2455
151.594
352.232
901.022
902.793
351.376
149.806
71.4301
42.0651
29.2695
22.7414
19.1497
17.1965
16.3268
16.3268
17.1962
19.149
22.7399
29.2666
42.0599
71.4246
149.809
351.377
902.795
904.63
350.63
148.078
70.651
41.6901
29.0321
22.5644
19.0041
17.0677
16.2056
16.2058
17.0682
19.0052
22.5664
29.036
41.6972
70.6607
148.083
350.646
904.62
906.512
349.99
146.341
69.8729
41.3151
28.793
22.3855
18.8568
16.9373
16.0827
16.0826
16.937
18.8561
22.3843
28.7905
41.3106
69.8684
146.345
349.987
906.515
908.471
349.47
144.676
69.1203
40.9446
28.5532
22.2052
18.7081
16.806
15.9592
15.9593
16.8063
18.7089
22.2067
28.5561
40.9499
69.1268
144.677
349.482
908.464
910.478
349.098
143.022
68.3709
40.5736
28.3112
22.0227
18.5577
16.6731
15.8342
15.8342
16.6729
18.5572
22.0216
28.3091
40.5699
68.3675
143.027
349.101
910.482
912.56
348.916
141.464
67.6496
40.2064
28.0679
21.8384
18.4059
16.5394
15.7086
15.7087
16.5396
18.4065
21.8395
28.0701
40.2102
67.6538
141.461
348.918
912.555
914.692
348.851
139.936
66.9329
39.8374
27.8218
21.6517
18.2523
16.4041
15.5817
15.5816
16.404
18.2519
21.6509
27.8201
39.8345
66.9306
139.942
348.852
914.696
916.897
348.941
138.533
66.2462
39.4712
27.5738
21.4631
18.0973
16.2679
15.4541
15.4541
16.2681
18.0977
21.4639
27.5754
39.474
66.2486
138.528
348.943
916.893
919.154
349.293
137.188
65.5648
39.1015
27.3221
21.2718
17.9405
16.1304
15.3253
15.3252
16.1303
17.9401
21.2712
27.3208
39.0994
65.5636
137.195
349.292
919.158
921.485
349.753
135.977
64.9122
38.7329
27.0679
21.0783
17.7821
15.9919
15.1958
15.1959
15.992
17.7824
21.0789
27.0691
38.7349
64.9133
135.971
349.755
921.481
923.871
350.422
134.839
64.2636
38.3588
26.8093
20.882
17.622
15.8522
15.0654
15.0654
15.8521
17.6217
20.8815
26.8083
38.3573
64.2631
134.845
350.42
923.874
926.333
351.163
133.827
63.6389
37.9833
26.5474
20.6833
17.4603
15.7116
14.9344
14.9344
15.7117
17.4605
20.6837
26.5483
37.9846
63.6393
133.821
351.167
926.331
928.859
352.024
132.868
63.0124
37.5998
26.2805
20.4816
17.2969
15.5699
14.8026
14.8025
15.5698
17.2967
20.4812
26.2798
37.5988
63.0124
132.873
352.019
928.862
931.466
352.872
131.987
62.3996
37.2125
26.0097
20.2774
17.132
15.4273
14.6702
14.6703
15.4274
17.1322
20.2777
26.0103
37.2134
62.3993
131.982
352.877
931.464
934.144
353.722
131.098
61.774
36.8149
25.7333
20.0701
16.9655
15.2839
14.5373
14.5373
15.2838
16.9653
20.0699
25.7328
36.8142
61.7744
131.103
353.715
934.147
936.821
354.504
130.252
61.1492
36.4113
25.4527
19.8603
16.7975
15.1397
14.404
14.404
15.1398
16.7976
19.8605
25.4531
36.4118
61.1486
130.247
354.511
936.819
939.539
355.245
129.335
60.4984
35.9959
25.1662
19.6474
16.628
14.9948
14.2703
14.2703
14.9947
16.6279
19.6472
25.1659
35.9955
60.4989
129.338
355.237
939.541
942.244
355.819
128.407
59.8397
35.5734
24.8752
19.4319
16.4571
14.8493
14.1364
14.1364
14.8494
16.4572
19.4321
24.8754
35.5736
59.8391
128.403
355.825
942.242
944.957
356.292
127.392
59.1509
35.138
24.5779
19.2134
16.2848
14.7033
14.0024
14.0024
14.7033
16.2848
19.2132
24.5777
35.1378
59.1512
127.394
356.29
944.958
947.635
356.52
126.342
58.4496
34.6947
24.276
18.9922
16.1114
14.557
13.8684
13.8684
14.557
16.1115
18.9923
24.2761
34.6948
58.4491
126.34
356.519
947.634
950.286
356.613
125.203
57.7166
34.238
23.9676
18.7681
15.9367
14.4103
13.7346
13.7346
14.4103
15.9366
18.768
23.9675
34.2378
57.7168
125.205
356.611
950.287
952.87
356.557
124.016
56.9676
33.7724
23.6544
18.5414
15.761
14.2636
13.6011
13.6011
14.2636
15.761
18.5415
23.6545
33.7724
56.9672
124.014
356.558
952.869
955.381
356.175
122.736
56.1859
33.293
23.3347
18.3118
15.5842
14.1168
13.468
13.468
14.1168
15.5842
18.3118
23.3346
33.2929
56.1861
122.737
356.172
955.382
957.789
355.615
121.399
55.3854
32.8039
23.0099
18.0798
15.4067
13.9702
13.3355
13.3355
13.9702
15.4067
18.0799
23.0099
32.8038
55.3849
121.398
355.617
957.788
960.073
354.766
119.964
54.5506
32.3005
22.6787
17.8451
15.2283
13.8239
13.2039
13.2039
13.8239
15.2283
17.845
22.6786
32.3005
54.5508
119.965
354.762
960.073
962.205
353.658
118.465
53.6944
31.7869
22.3423
17.608
15.0495
13.6782
13.0733
13.0733
13.6782
15.0495
17.6081
22.3423
31.7868
53.6941
118.464
353.661
962.204
964.155
352.265
116.864
52.8028
31.2587
21.9995
17.3684
14.8702
13.5331
12.944
12.944
13.5331
14.8702
17.3684
21.9994
31.2587
52.8029
116.864
352.261
964.155
965.891
350.552
115.188
51.8872
30.7196
21.6515
17.1267
14.6907
13.389
12.8161
12.8161
13.389
14.6907
17.1268
21.6515
30.7196
51.8871
115.187
350.555
965.89
967.379
348.534
113.406
50.9352
30.1658
21.2973
16.8828
14.511
13.2461
12.69
12.69
13.2461
14.511
16.8827
21.2972
30.1658
50.9353
113.406
348.53
967.378
968.579
346.14
111.539
49.9569
29.6008
20.9379
16.637
14.3316
13.1045
12.5659
12.5659
13.1045
14.3316
16.637
20.9379
29.6008
49.9568
111.538
346.143
968.578
969.424
343.403
109.561
48.9414
29.021
20.5725
16.3892
14.1525
12.9646
12.4441
12.4441
12.9646
14.1525
16.3892
20.5725
29.021
48.9415
109.561
343.399
969.424
969.833
340.241
107.488
47.8976
28.4297
20.2021
16.14
13.9741
12.8267
12.3248
12.3248
12.8267
13.9741
16.14
20.2021
28.4297
47.8974
107.488
340.244
969.833
969.97
336.705
105.299
46.8159
27.8239
19.826
15.8892
13.7964
12.691
12.2085
12.2085
12.691
13.7964
15.8892
19.826
27.8239
46.8161
105.3
336.702
969.969
969.635
332.653
103.005
45.7045
27.2064
19.4453
15.6374
13.62
12.5579
12.0955
12.0955
12.5579
13.62
15.6374
19.4453
27.2064
45.7044
103.005
332.655
969.634
968.648
328.147
100.59
44.5553
26.5748
19.0592
15.3846
13.445
12.4277
11.9862
11.9862
12.4277
13.445
15.3846
19.0592
26.5749
44.5554
100.59
328.146
968.648
967.18
323.102
98.0618
43.3751
25.9318
18.669
15.1313
13.2719
12.3009
11.8809
11.8809
12.3009
13.2719
15.1313
18.669
25.9319
43.3752
98.0619
323.103
967.179
964.967
317.506
95.4074
42.1578
25.2754
18.2741
14.8776
13.1009
12.1777
11.78
11.78
12.1777
13.1009
14.8776
18.2741
25.2754
42.1578
95.4074
317.505
964.966
962.12
311.325
92.6355
40.9093
24.608
17.8757
14.6242
12.9325
12.0587
11.684
11.684
12.0587
12.9325
14.6242
17.8757
24.6081
40.9094
92.6357
311.325
962.119
958.416
304.506
89.7339
39.6248
23.9282
17.4734
14.3712
12.7671
11.9442
11.5934
11.5934
11.9442
12.7671
14.3712
17.4734
23.9282
39.6248
89.734
304.506
958.416
953.925
297.051
86.7123
38.3098
23.2383
17.0685
14.1194
12.6053
11.8348
11.5085
11.5085
11.8348
12.6053
14.1194
17.0685
23.2384
38.3099
86.7125
297.05
953.924
948.451
288.886
83.5603
36.9607
22.5374
16.6609
13.8691
12.4475
11.7309
11.4299
11.4299
11.7309
12.4475
13.8691
16.6609
22.5374
36.9606
83.5603
288.887
948.451
942.037
280.035
80.2892
35.5826
21.8277
16.2519
13.6211
12.2944
11.6331
11.3579
11.3579
11.6331
12.2944
13.6211
16.2519
21.8277
35.5826
80.2892
280.035
942.036
934.512
270.424
76.8907
34.1733
21.1088
15.8417
13.3762
12.1466
11.5418
11.293
11.293
11.5418
12.1466
13.3762
15.8417
21.1088
34.1734
76.8908
270.424
934.512
925.904
260.09
73.3782
32.7379
20.383
15.4319
13.1352
12.0048
11.4576
11.2357
11.2357
11.4576
12.0048
13.1352
15.4319
20.383
32.7379
73.3782
260.089
925.904
916.067
248.971
69.7458
31.2754
19.6506
15.023
12.899
11.8698
11.381
11.1861
11.1861
11.381
11.8698
12.899
15.023
19.6506
31.2754
69.7459
248.971
916.067
905.026
237.119
66.0091
29.7908
18.9141
14.6169
12.6691
11.7427
11.3126
11.1446
11.1446
11.3126
11.7427
12.6691
14.6169
18.9141
29.7908
66.0091
237.119
905.026
892.663
224.492
62.1652
28.2844
18.1745
14.2149
12.4467
11.6242
11.2528
11.1113
11.1113
11.2528
11.6242
12.4467
14.2149
18.1745
28.2845
62.1653
224.491
892.663
879.013
211.155
58.2322
26.7619
17.4347
13.8193
12.2335
11.5156
11.2021
11.0862
11.0862
11.2021
11.5156
12.2335
13.8193
17.4347
26.7619
58.2321
211.155
879.012
863.991
197.096
54.2105
25.2247
16.6968
13.4321
12.0315
11.4179
11.1609
11.0698
11.0698
11.1609
11.4179
12.0315
13.4322
16.6968
25.2248
54.2106
197.096
863.99
847.653
182.401
50.1209
23.6797
15.9648
13.0568
11.8431
11.3324
11.129
11.0619
11.0619
11.129
11.3324
11.8431
13.0568
15.9648
23.6797
50.1209
182.401
847.653
829.955
167.079
45.9692
22.1303
15.2422
12.6968
11.6708
11.2604
11.1065
11.0594
11.0594
11.1065
11.2604
11.6708
12.6969
15.2422
22.1303
45.9692
167.079
829.955
810.982
151.251
41.7801
20.5851
14.5352
12.3571
11.5178
11.2031
11.0955
11.0625
11.0625
11.0955
11.2031
11.5178
12.3571
14.5352
20.5851
41.7801
151.251
810.982
790.728
134.968
37.5676
19.0511
13.8502
12.0431
11.3872
11.16
11.0918
11.0718
11.0718
11.0918
11.16
11.3872
12.0431
13.8502
19.0511
37.5677
134.968
790.728
769.31
118.433
33.3669
17.5406
13.1971
11.7624
11.283
11.1366
11.0944
11.0843
11.0843
11.0944
11.1366
11.283
11.7624
13.1971
17.5406
33.3669
118.433
769.31
746.743
101.867
29.2065
16.0659
12.5885
11.5234
11.2064
11.1273
11.105
11.1003
11.1003
11.105
11.1273
11.2064
11.5234
12.5885
16.0659
29.2065
101.867
746.743
723.136
85.8503
25.1369
14.6461
12.0431
11.3371
11.1684
11.1265
11.1183
11.1171
11.1171
11.1183
11.1265
11.1684
11.3371
12.0431
14.6461
25.1369
85.8504
723.136
698.453
71.0936
21.1542
13.3033
11.5874
11.2261
11.1552
11.1382
11.1358
11.1355
11.1355
11.1358
11.1382
11.1552
11.2261
11.5874
13.3033
21.1542
71.0936
698.453
672.74
55.0628
17.0386
12.087
11.3039
11.1803
11.1547
11.1529
11.1534
11.1536
11.1536
11.1534
11.1529
11.1547
11.1803
11.3039
12.087
17.0386
55.0628
672.74
646.053
32.1745
12.7362
11.3229
11.19
11.171
11.1705
11.1708
11.1706
11.1705
11.1705
11.1706
11.1708
11.1705
11.171
11.19
11.3229
12.7362
32.1745
646.054
)
;

boundaryField
{
    outlet
    {
        type            inletOutlet;
        inletValue      uniform 1;
        value           nonuniform List<scalar> 
20
(
1644.76
690.449
501.572
452.504
441.276
431.334
400.926
353.403
292.496
236.927
263.898
322.982
372.601
408.742
424.007
424.944
433.175
480.626
663.952
1599.16
)
;
    }
    inlet1
    {
        type            turbulentMixingLengthFrequencyInlet;
        mixingLength    0.01;
        phi             phi;
        k               k;
        value           uniform 11.1803;
    }
    inlet2
    {
        type            turbulentMixingLengthFrequencyInlet;
        mixingLength    0.01;
        phi             phi;
        k               k;
        value           uniform 11.1803;
    }
    frontAndBack
    {
        type            empty;
    }
    defaultFaces
    {
        type            omegaWallFunction;
        Cmu             0.09;
        kappa           0.41;
        E               9.8;
        beta1           0.075;
        value           nonuniform List<scalar> 
620
(
1644.76
1645.8
1645.91
1645.84
1645.31
1645.07
1644.36
1644.01
1643.21
1642.8
1641.94
1641.44
1640.56
1639.96
1639.05
1638.34
1637.41
1636.6
1635.63
1634.72
1633.72
1632.74
1631.7
1630.65
1629.57
1628.46
1627.34
1626.17
1625
1623.77
1622.53
1621.24
1619.94
1618.57
1617.19
1615.74
1614.27
1612.73
1611.14
1609.47
1607.74
1605.89
1603.96
1601.9
1599.7
1597.36
1594.84
1592.14
1589.24
1586.11
1582.74
1579.11
1575.18
1570.87
1566.15
1560.91
1555.56
1549.79
1543.87
1537.54
1531.05
1524.2
1517.12
1509.72
1502
1493.96
1485.55
1476.78
1467.5
1457.76
1447.49
1436.65
1425.2
1413.11
1400.34
1386.9
1372.77
1357.97
1342.55
1326.55
1310.01
1292.95
1275.16
1255.93
1234.69
1212.25
1187.55
1159.83
1127.62
1088.68
1039.45
973.937
884.683
765.135
612.1
538.04
566.003
735.273
892.973
942.85
1599.16
1599.92
1599.93
1599.55
1598.97
1598.54
1597.73
1597.27
1596.38
1595.87
1594.94
1594.36
1593.42
1592.76
1591.81
1591.05
1590.09
1589.24
1588.24
1587.3
1586.26
1585.22
1584.13
1583.02
1581.87
1580.68
1579.48
1578.23
1576.99
1575.69
1574.4
1573.06
1571.71
1570.32
1568.92
1567.47
1566.02
1564.52
1563.01
1561.45
1559.88
1558.26
1556.62
1554.93
1553.21
1551.42
1549.56
1547.61
1545.57
1543.39
1541.1
1538.66
1536.09
1533.35
1530.48
1527.46
1524.29
1520.89
1517.23
1513.19
1508.71
1503.63
1497.88
1491.86
1485.43
1478.77
1471.72
1464.37
1456.58
1448.4
1439.76
1430.64
1420.77
1410.36
1399.07
1387.04
1373.98
1359.98
1344.82
1328.52
1310.92
1292.04
1271.74
1250.02
1226.73
1201.61
1173.63
1141.02
1101.99
1054.8
994.409
914.813
814.254
703.943
584.604
535.356
556.093
721.885
886.8
939.95
610.275
568.576
522.698
474.545
428.126
383.708
349.85
331.131
325.109
328.532
327.004
324.704
325.941
335.669
370.312
420.401
471.676
523.088
570.875
613.25
646.054
672.74
698.453
723.136
746.743
769.31
790.728
810.982
829.955
847.653
863.99
879.013
892.663
905.026
916.067
925.904
934.512
942.037
948.451
953.925
958.416
962.12
964.967
967.18
968.649
969.635
969.97
969.834
969.425
968.579
967.379
965.891
964.155
962.205
960.074
957.789
955.382
952.87
950.286
947.635
944.958
942.243
939.539
936.82
934.145
931.466
928.859
926.333
923.872
921.484
919.155
916.897
914.693
912.56
910.479
908.471
906.513
904.629
902.794
901.035
899.321
897.684
896.089
894.571
893.092
891.691
890.324
889.034
887.777
886.596
885.444
884.37
883.325
882.358
881.423
880.569
879.756
879.028
878.361
877.801
877.341
876.998
876.826
876.894
877.137
877.744
878.574
880.332
882.01
885.509
888.444
894.533
899.251
909.042
916.111
931.53
940.221
958.825
960.11
964.695
646.054
672.74
698.453
723.136
746.743
769.31
790.728
810.982
829.955
847.653
863.99
879.012
892.663
905.026
916.067
925.904
934.512
942.036
948.451
953.924
958.416
962.119
964.966
967.179
968.648
969.634
969.969
969.833
969.424
968.578
967.378
965.89
964.154
962.204
960.073
957.788
955.381
952.869
950.286
947.635
944.958
942.243
939.54
936.819
934.146
931.464
928.861
926.331
923.874
921.482
919.157
916.894
914.695
912.555
910.481
908.464
906.515
904.621
902.795
901.022
899.319
897.665
896.081
894.543
893.074
891.645
890.285
888.96
887.703
886.473
885.308
884.163
883.08
882.005
880.988
879.966
878.992
877.992
877.027
876.008
874.998
873.89
872.749
871.44
870.024
868.329
866.398
864.003
861.145
857.506
853.002
847.176
839.797
830.182
817.8
801.545
780.464
752.331
715.142
663.053
964.511
959.685
958.181
939.395
930.657
915.478
908.488
898.822
894.165
888.166
885.273
881.835
880.187
878.469
877.658
877.076
876.845
876.783
876.975
877.315
877.79
878.346
879.024
879.746
880.567
881.417
882.358
883.321
884.371
885.442
886.597
887.775
889.036
890.323
891.692
893.091
894.572
896.088
897.685
899.32
901.035
902.793
904.63
906.512
908.471
910.478
912.56
914.692
916.897
919.154
921.485
923.871
926.333
928.859
931.466
934.144
936.821
939.539
942.244
944.957
947.635
950.286
952.87
955.381
957.789
960.073
962.205
964.155
965.891
967.379
968.579
969.424
969.833
969.97
969.635
968.648
967.18
964.967
962.12
958.416
953.925
948.451
942.037
934.512
925.904
916.067
905.026
892.663
879.013
863.991
847.653
829.955
810.982
790.728
769.31
746.743
723.136
698.453
672.74
646.053
665.972
717.513
754.099
781.845
802.576
818.604
830.781
840.26
847.523
853.269
857.706
861.298
864.118
866.485
868.396
870.073
871.479
872.776
873.913
875.013
876.021
877.035
878
878.996
879.97
880.99
882.009
883.081
884.165
885.309
886.474
887.703
888.961
890.286
891.646
893.074
894.543
896.082
897.665
899.319
901.022
902.795
904.62
906.515
908.464
910.482
912.555
914.696
916.893
919.158
921.481
923.874
926.331
928.862
931.464
934.147
936.819
939.541
942.242
944.958
947.634
950.287
952.869
955.382
957.788
960.073
962.204
964.155
965.89
967.378
968.578
969.424
969.833
969.969
969.634
968.648
967.179
964.966
962.119
958.416
953.924
948.451
942.036
934.512
925.904
916.067
905.026
892.663
879.012
863.99
847.653
829.955
810.982
790.728
769.31
746.743
723.136
698.453
672.74
646.054
)
;
    }
}


// ************************************************************************* //
