/*--------------------------------*- C++ -*----------------------------------*\
| =========                 |                                                 |
| \\      /  F ield         | OpenFOAM: The Open Source CFD Toolbox           |
|  \\    /   O peration     | Version:  2.1.0                                 |
|   \\  /    A nd           | Web:      www.OpenFOAM.org                      |
|    \\/     M anipulation  |                                                 |
\*---------------------------------------------------------------------------*/
FoamFile
{
    version     2.0;
    format      ascii;
    class       volScalarField;
    location    "0.4";
    object      nut;
}
// * * * * * * * * * * * * * * * * * * * * * * * * * * * * * * * * * * * * * //

dimensions      [0 2 -1 0 0 0 0];

internalField   nonuniform List<scalar> 
6400
(
7.08876e-06
7.10727e-06
7.1192e-06
7.13478e-06
7.14862e-06
7.16648e-06
7.18105e-06
7.19991e-06
7.21517e-06
7.23485e-06
7.25089e-06
7.271e-06
7.288e-06
7.30839e-06
7.32642e-06
7.34708e-06
7.36615e-06
7.38716e-06
7.40727e-06
7.42877e-06
7.44995e-06
7.47212e-06
7.49443e-06
7.51747e-06
7.541e-06
7.56506e-06
7.58983e-06
7.61505e-06
7.64112e-06
7.66761e-06
7.69503e-06
7.72289e-06
7.75174e-06
7.78107e-06
7.81141e-06
7.84231e-06
7.87424e-06
7.90679e-06
7.94037e-06
7.97453e-06
8.00958e-06
8.04518e-06
8.08153e-06
8.11834e-06
8.15573e-06
8.19342e-06
8.23149e-06
8.2697e-06
8.30806e-06
8.34641e-06
8.38471e-06
8.42277e-06
8.46032e-06
8.49646e-06
8.53079e-06
8.56235e-06
8.59365e-06
8.62465e-06
8.65548e-06
8.6859e-06
8.71638e-06
8.74695e-06
8.77759e-06
8.80853e-06
8.83909e-06
8.8701e-06
8.90056e-06
8.93131e-06
8.96055e-06
8.9889e-06
9.01608e-06
9.04151e-06
9.06543e-06
9.08742e-06
9.10783e-06
9.12688e-06
9.14527e-06
9.16418e-06
9.18509e-06
9.21038e-06
9.24242e-06
9.2839e-06
9.33505e-06
9.38906e-06
9.43816e-06
9.50261e-06
9.5704e-06
9.63373e-06
9.6697e-06
9.63351e-06
9.43824e-06
8.9152e-06
7.8245e-06
5.9721e-06
3.46415e-06
2.31885e-06
2.40644e-06
3.78121e-06
3.87689e-06
4.18279e-06
7.53722e-05
7.58325e-05
7.59204e-05
7.62205e-05
7.63206e-05
7.65713e-05
7.66919e-05
7.69094e-05
7.70472e-05
7.72413e-05
7.73903e-05
7.75672e-05
7.77215e-05
7.78848e-05
7.80394e-05
7.81911e-05
7.8342e-05
7.84832e-05
7.86272e-05
7.8758e-05
7.8893e-05
7.90136e-05
7.9139e-05
7.92503e-05
7.93663e-05
7.94699e-05
7.95769e-05
7.96722e-05
7.97693e-05
7.98554e-05
7.99413e-05
8.00167e-05
8.00899e-05
8.01526e-05
8.02111e-05
8.02586e-05
8.02997e-05
8.03288e-05
8.03529e-05
8.03665e-05
8.03711e-05
8.03622e-05
8.0341e-05
8.03036e-05
8.025e-05
8.01764e-05
8.00816e-05
7.9962e-05
7.98154e-05
7.96389e-05
7.94302e-05
7.9188e-05
7.89196e-05
7.8617e-05
7.82754e-05
7.7756e-05
7.70626e-05
7.63302e-05
7.55546e-05
7.47365e-05
7.38724e-05
7.29735e-05
7.20277e-05
7.10505e-05
7.00233e-05
6.89588e-05
6.7844e-05
6.66928e-05
6.5489e-05
6.42257e-05
6.29071e-05
6.15253e-05
6.00789e-05
5.85643e-05
5.69785e-05
5.53209e-05
5.35896e-05
5.17871e-05
4.99138e-05
4.79754e-05
4.59759e-05
4.39251e-05
4.18322e-05
3.97016e-05
3.75123e-05
3.52359e-05
3.28749e-05
3.04108e-05
2.7836e-05
2.51466e-05
2.2359e-05
1.95095e-05
1.66796e-05
1.40144e-05
1.15049e-05
9.23571e-06
7.49391e-06
6.29032e-06
5.67937e-06
6.86489e-06
0.000115184
0.000115445
0.000115549
0.000115661
0.000115751
0.000115824
0.000115904
0.000115948
0.000116016
0.000116036
0.000116087
0.000116085
0.000116116
0.00011609
0.000116096
0.000116046
0.000116022
0.000115944
0.000115888
0.000115781
0.000115687
0.000115545
0.000115412
0.000115236
0.000115064
0.000114857
0.000114653
0.000114417
0.000114178
0.000113911
0.000113636
0.000113335
0.000113023
0.000112685
0.000112334
0.000111957
0.000111564
0.000111146
0.000110701
0.000110227
0.00010973
0.000109201
0.000108645
0.000108054
0.000107429
0.000106767
0.000106063
0.000105315
0.000104517
0.000103663
0.000102748
0.000101514
0.000100017
9.84824e-05
9.69038e-05
9.52976e-05
9.36563e-05
9.19853e-05
9.02812e-05
8.85465e-05
8.67897e-05
8.50195e-05
8.31858e-05
8.13423e-05
7.9449e-05
7.75392e-05
7.55879e-05
7.36175e-05
7.16114e-05
6.95842e-05
6.75237e-05
6.54384e-05
6.33191e-05
6.11708e-05
5.89863e-05
5.67691e-05
5.45137e-05
5.22243e-05
4.98982e-05
4.75412e-05
4.51546e-05
4.27475e-05
4.03251e-05
3.78992e-05
3.54842e-05
3.31068e-05
3.07706e-05
2.84968e-05
2.62846e-05
2.41453e-05
2.20505e-05
2.00205e-05
1.80283e-05
1.59876e-05
1.39441e-05
1.19351e-05
1.0136e-05
8.62426e-06
8.1252e-06
1.13128e-05
0.000136992
0.000136708
0.0001366
0.000136328
0.00013622
0.000135923
0.00013579
0.000135473
0.000135303
0.000134969
0.000134759
0.000134404
0.000134151
0.000133774
0.000133477
0.000133074
0.000132731
0.000132297
0.000131907
0.000131437
0.000130996
0.000130484
0.000129984
0.000129414
0.000128681
0.000127663
0.000126632
0.000125563
0.00012448
0.000123363
0.00012223
0.000121065
0.000119881
0.000118665
0.000117429
0.000116161
0.000114871
0.000113549
0.000112204
0.000110828
0.000109423
0.000107991
0.000106529
0.000105039
0.000103519
0.000101971
0.000100393
9.87879e-05
9.71536e-05
9.54847e-05
9.37937e-05
9.21013e-05
9.03686e-05
8.86273e-05
8.68566e-05
8.50764e-05
8.32704e-05
8.1448e-05
7.95977e-05
7.77266e-05
7.58276e-05
7.39109e-05
7.19684e-05
7.00115e-05
6.80304e-05
6.60383e-05
6.40264e-05
6.20085e-05
5.99784e-05
5.79493e-05
5.59176e-05
5.38961e-05
5.18836e-05
4.98916e-05
4.79202e-05
4.59798e-05
4.40699e-05
4.21991e-05
4.03657e-05
3.85748e-05
3.68225e-05
3.51104e-05
3.34273e-05
3.17735e-05
3.01571e-05
2.85454e-05
2.69451e-05
2.53481e-05
2.37476e-05
2.21366e-05
2.05107e-05
1.88659e-05
1.71923e-05
1.54688e-05
1.37035e-05
1.19796e-05
1.051e-05
9.77504e-06
1.19115e-05
1.20611e-05
0.000139009
0.000139093
0.000138844
0.000138694
0.000137944
0.000137354
0.000136459
0.000135679
0.000134734
0.00013385
0.000132876
0.000131922
0.000130919
0.000129909
0.000128872
0.000127812
0.000126737
0.000125629
0.000124511
0.000123355
0.000122191
0.000120988
0.000119775
0.000118524
0.000117266
0.000115981
0.000114683
0.000113356
0.000112018
0.000110653
0.000109276
0.000107873
0.000106458
0.000105018
0.000103565
0.000102088
0.000100595
9.90744e-05
9.75487e-05
9.60132e-05
9.44418e-05
9.28675e-05
9.12667e-05
8.96584e-05
8.80298e-05
8.63922e-05
8.47393e-05
8.30783e-05
8.14067e-05
7.97297e-05
7.80475e-05
7.63625e-05
7.46731e-05
7.29809e-05
7.12827e-05
6.95856e-05
6.78891e-05
6.61979e-05
6.4511e-05
6.28334e-05
6.11649e-05
5.95104e-05
5.78694e-05
5.62469e-05
5.46414e-05
5.30582e-05
5.14949e-05
4.99561e-05
4.84387e-05
4.69464e-05
4.54705e-05
4.40198e-05
4.25982e-05
4.11819e-05
3.97933e-05
3.84111e-05
3.70465e-05
3.56837e-05
3.43294e-05
3.29699e-05
3.16094e-05
3.02395e-05
2.88625e-05
2.74775e-05
2.60873e-05
2.46914e-05
2.33026e-05
2.19136e-05
2.0544e-05
1.91925e-05
1.78767e-05
1.65959e-05
1.53715e-05
1.41872e-05
1.30994e-05
1.22689e-05
1.20813e-05
1.37497e-05
1.37872e-05
1.4134e-05
0.000125897
0.000125269
0.000124872
0.000124343
0.000123439
0.000122553
0.000121486
0.000120446
0.00011932
0.000118203
0.000117048
0.000115884
0.000114707
0.00011351
0.000112314
0.000111089
0.000109873
0.000108627
0.000107392
0.000106126
0.000104868
0.000103588
0.000102315
0.000101028
9.97291e-05
9.84182e-05
9.70972e-05
9.57638e-05
9.44256e-05
9.30714e-05
9.17141e-05
9.03402e-05
8.89641e-05
8.75724e-05
8.61797e-05
8.47732e-05
8.3367e-05
8.19501e-05
8.05358e-05
7.91125e-05
7.76927e-05
7.62703e-05
7.48514e-05
7.34342e-05
7.20224e-05
7.06156e-05
6.92165e-05
6.78249e-05
6.64432e-05
6.50708e-05
6.37094e-05
6.23575e-05
6.10178e-05
5.96888e-05
5.83721e-05
5.70675e-05
5.57754e-05
5.45002e-05
5.32401e-05
5.19894e-05
5.07556e-05
4.95309e-05
4.83193e-05
4.71153e-05
4.59216e-05
4.47347e-05
4.35554e-05
4.23818e-05
4.12143e-05
4.00518e-05
3.88948e-05
3.77453e-05
3.66032e-05
3.54684e-05
3.43417e-05
3.32215e-05
3.21127e-05
3.10125e-05
2.99318e-05
2.88624e-05
2.78133e-05
2.67801e-05
2.577e-05
2.47792e-05
2.38143e-05
2.28709e-05
2.19496e-05
2.10518e-05
2.01913e-05
1.93668e-05
1.85963e-05
1.78854e-05
1.72644e-05
1.67664e-05
1.65228e-05
1.66361e-05
1.60617e-05
1.58181e-05
1.57932e-05
1.32091e-05
0.000110458
0.000109288
0.000108753
0.000107899
0.000106985
0.000105916
0.000104856
0.000103705
0.00010259
0.000101408
0.000100271
9.90776e-05
9.79297e-05
9.67326e-05
9.55795e-05
9.43825e-05
9.32276e-05
9.20343e-05
9.08809e-05
8.96944e-05
8.85492e-05
8.73722e-05
8.62274e-05
8.50606e-05
8.39212e-05
8.27635e-05
8.16307e-05
8.04852e-05
7.93619e-05
7.8228e-05
7.71142e-05
7.59919e-05
7.48878e-05
7.37771e-05
7.26831e-05
7.15839e-05
7.04998e-05
6.94117e-05
6.83372e-05
6.7255e-05
6.61899e-05
6.51289e-05
6.40705e-05
6.30198e-05
6.19732e-05
6.09326e-05
5.98969e-05
5.88661e-05
5.78408e-05
5.68203e-05
5.58053e-05
5.47956e-05
5.37926e-05
5.27964e-05
5.18109e-05
5.08304e-05
4.98558e-05
4.88895e-05
4.79315e-05
4.69808e-05
4.60435e-05
4.51164e-05
4.4205e-05
4.33054e-05
4.24225e-05
4.15539e-05
4.07111e-05
3.98842e-05
3.90844e-05
3.83029e-05
3.75501e-05
3.68156e-05
3.61071e-05
3.54169e-05
3.47517e-05
3.41034e-05
3.34768e-05
3.28619e-05
3.22642e-05
3.12924e-05
3.0342e-05
2.93945e-05
2.8469e-05
2.75475e-05
2.6649e-05
2.57562e-05
2.48883e-05
2.40289e-05
2.31994e-05
2.23858e-05
2.16123e-05
2.08686e-05
2.01789e-05
1.95437e-05
1.90033e-05
1.85994e-05
1.83386e-05
1.82358e-05
1.89308e-05
1.49387e-05
9.98181e-05
9.80646e-05
9.75153e-05
9.64425e-05
9.5604e-05
9.44438e-05
9.34993e-05
9.23371e-05
9.13619e-05
9.02295e-05
8.92562e-05
8.81609e-05
8.71998e-05
8.61407e-05
8.51942e-05
8.41669e-05
8.32342e-05
8.22333e-05
8.13116e-05
8.03305e-05
7.94157e-05
7.82234e-05
7.70049e-05
7.57307e-05
7.45168e-05
7.32737e-05
7.21001e-05
7.08931e-05
6.97604e-05
6.85986e-05
6.75138e-05
6.64048e-05
6.53741e-05
6.43238e-05
6.33504e-05
6.23611e-05
6.14483e-05
6.05233e-05
5.96733e-05
5.88146e-05
5.80267e-05
5.72306e-05
5.65016e-05
5.57637e-05
5.50897e-05
5.44071e-05
5.37838e-05
5.3152e-05
5.25743e-05
5.19876e-05
5.14485e-05
5.0903e-05
5.03933e-05
4.98761e-05
4.93898e-05
4.88964e-05
4.84262e-05
4.7947e-05
4.74821e-05
4.70052e-05
4.65371e-05
4.60543e-05
4.55758e-05
4.50706e-05
4.45758e-05
4.40834e-05
4.3558e-05
4.30533e-05
4.25245e-05
4.20114e-05
4.14783e-05
4.09571e-05
4.04197e-05
3.98904e-05
3.93479e-05
3.88105e-05
3.82618e-05
3.77153e-05
3.71599e-05
3.66012e-05
3.60321e-05
3.54501e-05
3.48539e-05
3.42391e-05
3.36051e-05
3.29459e-05
3.22622e-05
3.15478e-05
3.08067e-05
3.00364e-05
2.92478e-05
2.84478e-05
2.76601e-05
2.69065e-05
2.62835e-05
2.58207e-05
2.54425e-05
2.5608e-05
2.61407e-05
2.05175e-05
8.28131e-05
8.07506e-05
7.99143e-05
7.83596e-05
7.74918e-05
7.60455e-05
7.51521e-05
7.38061e-05
7.28957e-05
7.16206e-05
7.07392e-05
6.95211e-05
6.867e-05
6.75123e-05
6.66949e-05
6.56005e-05
6.48207e-05
6.37921e-05
6.30541e-05
6.20935e-05
6.14017e-05
6.05114e-05
5.98741e-05
5.90638e-05
5.84834e-05
5.77543e-05
5.72334e-05
5.65816e-05
5.61207e-05
5.55426e-05
5.51393e-05
5.46309e-05
5.42808e-05
5.38376e-05
5.35369e-05
5.31561e-05
5.28984e-05
5.25739e-05
5.23529e-05
5.20783e-05
5.1888e-05
5.1654e-05
5.14896e-05
5.12881e-05
5.11446e-05
5.09684e-05
5.08384e-05
5.06731e-05
5.05605e-05
5.04371e-05
5.03118e-05
5.01852e-05
5.00617e-05
4.99579e-05
4.98504e-05
4.97553e-05
4.96619e-05
4.95764e-05
4.94994e-05
4.94282e-05
4.9368e-05
4.93124e-05
4.92693e-05
4.92296e-05
4.92037e-05
4.91799e-05
4.91719e-05
4.91671e-05
4.91751e-05
4.91879e-05
4.92121e-05
4.92416e-05
4.92813e-05
4.93263e-05
4.93801e-05
4.94385e-05
4.95037e-05
4.95715e-05
4.96433e-05
4.9715e-05
4.97861e-05
4.98515e-05
4.99096e-05
4.99534e-05
4.99798e-05
4.99798e-05
4.99486e-05
4.9875e-05
4.97534e-05
4.9574e-05
4.93339e-05
4.90295e-05
4.86677e-05
4.82582e-05
4.78311e-05
4.74655e-05
4.73344e-05
4.74529e-05
4.79941e-05
3.97823e-05
7.40757e-05
7.22194e-05
7.14763e-05
7.00816e-05
6.93822e-05
6.80681e-05
6.74082e-05
6.61814e-05
6.55597e-05
6.44243e-05
6.38436e-05
6.27979e-05
6.22617e-05
6.13041e-05
6.08145e-05
5.9943e-05
5.95011e-05
5.8713e-05
5.83192e-05
5.76112e-05
5.7265e-05
5.66336e-05
5.63333e-05
5.57739e-05
5.55166e-05
5.50241e-05
5.4806e-05
5.43749e-05
5.41924e-05
5.38232e-05
5.36619e-05
5.33539e-05
5.3203e-05
5.29616e-05
5.28296e-05
5.26451e-05
5.25168e-05
5.23801e-05
5.22544e-05
5.21571e-05
5.20656e-05
5.19884e-05
5.19255e-05
5.18709e-05
5.18363e-05
5.18035e-05
5.1795e-05
5.17851e-05
5.18021e-05
5.18151e-05
5.18545e-05
5.18914e-05
5.19558e-05
5.202e-05
5.21094e-05
5.2201e-05
5.23164e-05
5.24356e-05
5.25773e-05
5.27236e-05
5.28923e-05
5.30664e-05
5.32632e-05
5.34668e-05
5.36931e-05
5.39271e-05
5.41839e-05
5.44493e-05
5.47376e-05
5.50357e-05
5.5357e-05
5.56895e-05
5.60458e-05
5.64152e-05
5.68091e-05
5.72183e-05
5.76531e-05
5.81056e-05
5.85853e-05
5.90857e-05
5.96155e-05
6.01696e-05
6.0756e-05
6.13712e-05
6.20229e-05
6.27091e-05
6.34375e-05
6.42083e-05
6.50307e-05
6.59062e-05
6.6845e-05
6.78507e-05
6.89341e-05
7.01007e-05
7.13589e-05
7.27005e-05
7.41141e-05
7.55767e-05
7.63004e-05
6.62064e-05
7.96212e-05
7.76067e-05
7.68023e-05
7.52718e-05
7.44913e-05
7.30489e-05
7.22938e-05
7.09443e-05
7.02188e-05
6.89653e-05
6.82738e-05
6.71184e-05
6.64643e-05
6.5408e-05
6.47991e-05
6.38361e-05
6.32776e-05
6.24038e-05
6.18985e-05
6.11102e-05
6.06585e-05
5.99514e-05
5.95522e-05
5.89216e-05
5.85725e-05
5.80131e-05
5.77108e-05
5.72172e-05
5.69574e-05
5.65234e-05
5.63012e-05
5.59215e-05
5.57312e-05
5.54009e-05
5.52364e-05
5.49498e-05
5.48056e-05
5.45545e-05
5.4419e-05
5.42229e-05
5.40919e-05
5.39416e-05
5.38133e-05
5.36671e-05
5.35765e-05
5.3458e-05
5.33873e-05
5.32934e-05
5.32429e-05
5.31734e-05
5.31437e-05
5.3099e-05
5.30908e-05
5.3072e-05
5.30855e-05
5.30908e-05
5.31302e-05
5.31621e-05
5.32275e-05
5.32864e-05
5.33763e-05
5.34631e-05
5.35796e-05
5.36947e-05
5.38392e-05
5.39835e-05
5.41563e-05
5.43304e-05
5.4532e-05
5.47365e-05
5.49673e-05
5.52026e-05
5.54635e-05
5.57305e-05
5.60224e-05
5.63224e-05
5.66477e-05
5.69836e-05
5.73452e-05
5.77203e-05
5.81224e-05
5.85413e-05
5.8989e-05
5.94575e-05
5.99574e-05
6.04827e-05
6.10432e-05
6.16342e-05
6.2264e-05
6.29297e-05
6.36395e-05
6.44001e-05
6.52264e-05
6.61255e-05
6.71209e-05
6.82302e-05
6.94986e-05
7.08981e-05
7.19385e-05
6.30728e-05
9.82883e-05
9.60718e-05
9.51593e-05
9.34455e-05
9.247e-05
9.08461e-05
8.98163e-05
8.8271e-05
8.72004e-05
8.57296e-05
8.46296e-05
8.32367e-05
8.21149e-05
8.07682e-05
7.96793e-05
7.83784e-05
7.73208e-05
7.60725e-05
7.50516e-05
7.38614e-05
7.28827e-05
7.17548e-05
7.08233e-05
6.97609e-05
6.88809e-05
6.78863e-05
6.7059e-05
6.61349e-05
6.53659e-05
6.45109e-05
6.38014e-05
6.30155e-05
6.23655e-05
6.16478e-05
6.10558e-05
6.04022e-05
5.98648e-05
5.92722e-05
5.87862e-05
5.82507e-05
5.78106e-05
5.73277e-05
5.69233e-05
5.64839e-05
5.61115e-05
5.57084e-05
5.53624e-05
5.49881e-05
5.46619e-05
5.43092e-05
5.39968e-05
5.36598e-05
5.33442e-05
5.3019e-05
5.27405e-05
5.24085e-05
5.2137e-05
5.18209e-05
5.15567e-05
5.12721e-05
5.10046e-05
5.07113e-05
5.04677e-05
5.01906e-05
4.99561e-05
4.96942e-05
4.9468e-05
4.92219e-05
4.90066e-05
4.87715e-05
4.85594e-05
4.83284e-05
4.81154e-05
4.7882e-05
4.766e-05
4.74158e-05
4.7177e-05
4.69136e-05
4.66494e-05
4.6358e-05
4.60624e-05
4.57388e-05
4.5406e-05
4.50441e-05
4.46689e-05
4.42648e-05
4.38455e-05
4.33997e-05
4.29411e-05
4.24622e-05
4.19787e-05
4.14772e-05
4.09745e-05
4.04995e-05
4.00838e-05
3.97914e-05
3.97174e-05
3.99844e-05
4.06282e-05
3.43433e-05
0.000105863
0.000104314
0.000103657
0.000102533
0.00010162
0.000100397
9.93703e-05
9.81315e-05
9.70634e-05
9.58422e-05
9.47651e-05
9.35736e-05
9.2502e-05
9.13396e-05
9.02803e-05
8.9146e-05
8.81003e-05
8.69927e-05
8.59614e-05
8.4879e-05
8.38628e-05
8.28042e-05
8.18031e-05
8.07661e-05
7.97789e-05
7.87569e-05
7.77877e-05
7.67916e-05
7.58309e-05
7.48522e-05
7.39068e-05
7.29468e-05
7.20173e-05
7.1076e-05
7.01632e-05
6.92427e-05
6.8341e-05
6.74222e-05
6.65219e-05
6.56106e-05
6.47175e-05
6.3819e-05
6.29395e-05
6.20594e-05
6.12001e-05
6.03438e-05
5.95127e-05
5.86872e-05
5.78903e-05
5.71002e-05
5.63398e-05
5.55893e-05
5.48689e-05
5.41593e-05
5.3479e-05
5.28125e-05
5.218e-05
5.15149e-05
5.07712e-05
5.00208e-05
4.92839e-05
4.8538e-05
4.78015e-05
4.70476e-05
4.62995e-05
4.5531e-05
4.47676e-05
4.39783e-05
4.31811e-05
4.23791e-05
4.15933e-05
4.07709e-05
3.99736e-05
3.91463e-05
3.83426e-05
3.75139e-05
3.67074e-05
3.58811e-05
3.50768e-05
3.4258e-05
3.34552e-05
3.26407e-05
3.18443e-05
3.10419e-05
3.02609e-05
2.94805e-05
2.87188e-05
2.7963e-05
2.7232e-05
2.65181e-05
2.58402e-05
2.51973e-05
2.46099e-05
2.40787e-05
2.36981e-05
2.33871e-05
2.33605e-05
2.36351e-05
2.43787e-05
1.89154e-05
0.000119931
0.000118779
0.000118242
0.000117344
0.000116363
0.00011523
0.00011409
0.000112848
0.000111638
0.000110349
0.000109103
0.0001078
0.000106541
0.000105228
0.00010396
0.00010264
0.000101361
0.000100035
9.87457e-05
9.7415e-05
9.6117e-05
9.47827e-05
9.34779e-05
9.21438e-05
9.08335e-05
8.94989e-05
8.81873e-05
8.68547e-05
8.55422e-05
8.42127e-05
8.29028e-05
8.158e-05
8.02753e-05
7.89611e-05
7.76647e-05
7.63627e-05
7.50799e-05
7.37962e-05
7.25304e-05
7.12655e-05
7.00167e-05
6.87697e-05
6.75357e-05
6.63066e-05
6.50969e-05
6.3881e-05
6.26856e-05
6.14871e-05
6.03058e-05
5.9125e-05
5.79599e-05
5.67969e-05
5.56482e-05
5.45031e-05
5.33718e-05
5.22453e-05
5.11342e-05
5.00315e-05
4.89463e-05
4.78722e-05
4.68139e-05
4.57595e-05
4.4722e-05
4.36941e-05
4.26853e-05
4.16893e-05
4.07138e-05
3.97617e-05
3.88342e-05
3.79299e-05
3.70523e-05
3.62006e-05
3.53772e-05
3.45814e-05
3.38083e-05
3.30623e-05
3.23386e-05
3.16409e-05
3.09637e-05
3.03096e-05
2.96684e-05
2.90481e-05
2.8438e-05
2.78452e-05
2.68371e-05
2.58613e-05
2.49057e-05
2.39974e-05
2.31139e-05
2.22824e-05
2.14825e-05
2.07432e-05
2.00419e-05
1.94171e-05
1.88179e-05
1.8409e-05
1.81785e-05
1.79914e-05
1.87252e-05
1.44604e-05
0.000136452
0.000135812
0.000135394
0.000134804
0.000133821
0.000132831
0.000131663
0.000130503
0.000129266
0.000128023
0.000126752
0.000125461
0.000124164
0.000122836
0.000121513
0.000120154
0.000118806
0.000117419
0.000116044
0.000114632
0.000113232
0.000111797
0.00011036
0.000108911
0.000107471
0.000105996
0.000104536
0.000103049
0.000101574
0.000100078
9.85861e-05
9.70709e-05
9.55564e-05
9.40212e-05
9.24857e-05
9.09323e-05
8.93829e-05
8.78251e-05
8.62712e-05
8.47115e-05
8.31546e-05
8.15922e-05
8.00359e-05
7.84755e-05
7.69237e-05
7.53705e-05
7.38281e-05
7.2288e-05
7.0761e-05
6.92402e-05
6.77343e-05
6.62382e-05
6.47588e-05
6.32916e-05
6.18414e-05
6.04046e-05
5.89859e-05
5.75796e-05
5.61899e-05
5.48199e-05
5.34641e-05
5.21292e-05
5.08125e-05
4.95137e-05
4.82311e-05
4.69625e-05
4.57072e-05
4.44627e-05
4.32285e-05
4.20024e-05
4.07846e-05
3.95728e-05
3.83679e-05
3.71689e-05
3.59818e-05
3.48017e-05
3.3631e-05
3.24674e-05
3.13126e-05
3.01692e-05
2.90363e-05
2.79209e-05
2.6819e-05
2.57394e-05
2.46747e-05
2.36327e-05
2.26081e-05
2.16085e-05
2.06268e-05
1.96718e-05
1.87544e-05
1.78765e-05
1.7055e-05
1.63893e-05
1.59569e-05
1.61265e-05
1.60762e-05
1.58671e-05
1.58835e-05
1.31652e-05
0.000148136
0.00014826
0.000147982
0.000147772
0.000146953
0.000146262
0.000145277
0.000144386
0.000143347
0.000142352
0.000141282
0.00014022
0.00013912
0.000138006
0.000136873
0.000135712
0.000134544
0.00013334
0.000132133
0.000130887
0.000129639
0.000128352
0.000127061
0.000125734
0.0001244
0.000123029
0.000121652
0.000120239
0.000118824
0.000117383
0.000115932
0.000114453
0.000112966
0.000111454
0.000109932
0.000108385
0.00010683
0.000105252
0.000103655
0.000102042
0.000100432
9.87828e-05
9.7131e-05
9.54514e-05
9.37648e-05
9.20546e-05
9.03355e-05
8.85962e-05
8.68478e-05
8.50828e-05
8.331e-05
8.15248e-05
7.97349e-05
7.79393e-05
7.61412e-05
7.4341e-05
7.25431e-05
7.074e-05
6.89414e-05
6.7141e-05
6.53501e-05
6.35667e-05
6.17989e-05
6.00439e-05
5.83101e-05
5.65943e-05
5.49034e-05
5.32354e-05
5.15949e-05
4.99806e-05
4.83952e-05
4.68371e-05
4.53068e-05
4.37968e-05
4.23144e-05
4.08651e-05
3.94172e-05
3.80035e-05
3.65888e-05
3.51938e-05
3.37912e-05
3.23943e-05
3.0982e-05
2.95641e-05
2.81231e-05
2.66697e-05
2.51975e-05
2.37102e-05
2.22171e-05
2.07136e-05
1.92175e-05
1.7724e-05
1.62312e-05
1.48031e-05
1.34837e-05
1.24381e-05
1.20865e-05
1.36399e-05
1.38502e-05
1.43367e-05
0.000141739
0.000141413
0.000141284
0.000140957
0.000140815
0.000140464
0.000140291
0.000139924
0.000139715
0.000139336
0.000139086
0.000138691
0.0001384
0.000137985
0.000137651
0.000137212
0.000136834
0.000136367
0.000135944
0.000135446
0.000134976
0.00013444
0.000133921
0.000133343
0.00013277
0.000132142
0.000131507
0.000130817
0.000129906
0.000128745
0.00012757
0.000126362
0.000125142
0.000123895
0.000122636
0.000121354
0.000120052
0.000118721
0.000117369
0.00011599
0.000114589
0.000113155
0.0001117
0.000110211
0.0001087
0.000107156
0.000105586
0.000103984
0.000102355
0.000100695
9.90075e-05
9.72891e-05
9.55335e-05
9.37557e-05
9.19705e-05
9.01378e-05
8.83024e-05
8.64262e-05
8.45424e-05
8.26256e-05
8.06985e-05
7.87426e-05
7.67732e-05
7.47732e-05
7.27518e-05
7.07075e-05
6.86412e-05
6.65578e-05
6.44551e-05
6.23416e-05
6.02151e-05
5.80867e-05
5.59556e-05
5.38341e-05
5.17228e-05
4.96344e-05
4.75696e-05
4.55399e-05
4.35454e-05
4.15946e-05
3.96859e-05
3.78235e-05
3.60024e-05
3.42221e-05
3.24644e-05
3.07335e-05
2.90422e-05
2.73259e-05
2.56252e-05
2.3898e-05
2.21532e-05
2.03533e-05
1.84851e-05
1.65496e-05
1.46247e-05
1.27037e-05
1.10438e-05
1.00821e-05
1.19768e-05
1.21314e-05
0.000117076
0.000117305
0.000117393
0.000117469
0.000117538
0.000117576
0.000117633
0.000117645
0.000117688
0.000117678
0.000117704
0.000117673
0.000117678
0.000117627
0.00011761
0.000117539
0.000117497
0.000117405
0.000117335
0.000117219
0.000117119
0.000116975
0.000116841
0.000116668
0.000116497
0.000116289
0.000116079
0.000115835
0.000115586
0.000115312
0.000115034
0.000114732
0.000114423
0.000114091
0.000113748
0.00011338
0.000113004
0.000112607
0.00011219
0.000111749
0.000111286
0.000110796
0.00011028
0.000109732
0.000109154
0.000108542
0.000107904
0.000107235
0.000106537
0.000105802
0.000105026
0.000104203
0.000103328
0.000102398
0.000101398
9.99253e-05
9.8337e-05
9.66831e-05
9.49998e-05
9.32624e-05
9.1496e-05
8.96857e-05
8.78568e-05
8.59919e-05
8.41043e-05
8.21928e-05
8.02157e-05
7.82217e-05
7.61747e-05
7.41048e-05
7.19908e-05
6.98514e-05
6.76661e-05
6.54524e-05
6.31914e-05
6.08955e-05
5.85492e-05
5.61615e-05
5.37209e-05
5.12354e-05
4.86991e-05
4.61218e-05
4.35044e-05
4.08612e-05
3.82012e-05
3.55455e-05
3.29106e-05
3.03224e-05
2.78087e-05
2.53843e-05
2.30312e-05
2.07515e-05
1.85424e-05
1.63021e-05
1.4136e-05
1.21334e-05
1.03203e-05
8.92261e-06
8.38019e-06
1.15394e-05
7.50432e-05
7.54844e-05
7.55674e-05
7.58422e-05
7.59335e-05
7.61597e-05
7.62696e-05
7.64643e-05
7.65902e-05
7.67635e-05
7.69001e-05
7.70583e-05
7.72005e-05
7.73478e-05
7.74912e-05
7.76298e-05
7.77708e-05
7.79014e-05
7.80372e-05
7.81597e-05
7.82878e-05
7.84017e-05
7.85201e-05
7.86244e-05
7.8732e-05
7.88263e-05
7.89227e-05
7.90075e-05
7.9094e-05
7.91711e-05
7.92485e-05
7.93168e-05
7.93836e-05
7.9441e-05
7.94951e-05
7.95393e-05
7.95787e-05
7.96069e-05
7.96314e-05
7.96455e-05
7.96538e-05
7.9652e-05
7.96429e-05
7.96239e-05
7.9597e-05
7.95606e-05
7.9515e-05
7.94534e-05
7.93771e-05
7.92805e-05
7.91634e-05
7.90212e-05
7.88525e-05
7.86536e-05
7.84231e-05
7.81633e-05
7.78872e-05
7.75784e-05
7.72467e-05
7.68741e-05
7.64637e-05
7.59945e-05
7.51822e-05
7.43017e-05
7.33505e-05
7.23655e-05
7.13166e-05
7.02308e-05
6.90799e-05
6.78742e-05
6.66052e-05
6.52891e-05
6.38798e-05
6.24044e-05
6.08362e-05
5.91865e-05
5.74372e-05
5.55955e-05
5.36495e-05
5.16064e-05
4.94603e-05
4.72201e-05
4.48861e-05
4.24706e-05
3.99807e-05
3.7432e-05
3.48133e-05
3.21448e-05
2.93539e-05
2.64761e-05
2.35079e-05
2.04777e-05
1.74981e-05
1.46415e-05
1.19499e-05
9.59514e-06
7.77337e-06
6.54348e-06
5.87405e-06
6.77639e-06
6.9799e-06
6.99693e-06
7.00916e-06
7.02299e-06
7.0373e-06
7.05408e-06
7.06855e-06
7.08686e-06
7.10188e-06
7.12099e-06
7.13686e-06
7.15644e-06
7.17332e-06
7.19323e-06
7.21116e-06
7.2314e-06
7.25036e-06
7.27097e-06
7.29093e-06
7.31201e-06
7.33293e-06
7.3546e-06
7.37648e-06
7.3989e-06
7.42182e-06
7.44517e-06
7.46926e-06
7.49375e-06
7.51915e-06
7.54496e-06
7.57175e-06
7.599e-06
7.62728e-06
7.6561e-06
7.686e-06
7.71655e-06
7.74826e-06
7.78073e-06
7.81446e-06
7.84907e-06
7.88503e-06
7.922e-06
7.96038e-06
7.9999e-06
8.04087e-06
8.083e-06
8.12645e-06
8.17092e-06
8.21671e-06
8.26347e-06
8.31155e-06
8.36068e-06
8.41123e-06
8.46314e-06
8.5168e-06
8.57236e-06
8.62977e-06
8.68816e-06
8.74766e-06
8.8067e-06
8.86519e-06
8.92104e-06
8.9739e-06
9.03056e-06
9.08685e-06
9.14769e-06
9.20927e-06
9.27543e-06
9.34289e-06
9.41475e-06
9.48945e-06
9.56843e-06
9.64834e-06
9.73351e-06
9.81987e-06
9.91101e-06
1.0004e-05
1.01015e-05
1.02019e-05
1.03076e-05
1.04178e-05
1.05356e-05
1.06612e-05
1.07982e-05
1.09474e-05
1.1108e-05
1.12626e-05
1.1371e-05
1.13914e-05
1.12575e-05
1.07977e-05
9.77706e-06
8.05729e-06
5.93176e-06
3.62371e-06
2.63832e-06
2.55742e-06
3.91826e-06
4.01879e-06
4.33108e-06
1.09392e-05
2.07729e-06
2.60059e-06
3.51742e-06
4.54832e-06
5.62302e-06
6.48727e-06
7.33689e-06
8.15022e-06
8.90638e-06
9.61995e-06
1.03376e-05
1.14559e-05
1.33343e-05
1.54688e-05
1.78505e-05
1.75975e-05
1.5543e-05
1.02883e-05
3.99587e-06
5.87917e-06
2.18611e-06
2.47511e-06
3.18426e-06
4.05628e-06
4.86388e-06
5.6932e-06
6.55229e-06
7.41567e-06
8.29927e-06
9.27454e-06
1.03717e-05
1.20247e-05
1.40976e-05
1.70515e-05
1.83231e-05
1.74933e-05
1.47085e-05
9.53391e-06
3.96734e-06
4.94591e-06
2.69534e-06
2.90115e-06
3.41671e-06
4.01097e-06
4.71736e-06
5.48164e-06
6.31627e-06
7.22211e-06
8.38949e-06
9.50959e-06
1.10203e-05
1.29378e-05
1.58341e-05
1.80248e-05
1.83043e-05
1.71514e-05
1.40039e-05
8.87182e-06
3.84052e-06
5.05641e-06
3.43949e-06
3.63818e-06
3.87592e-06
4.36888e-06
4.92957e-06
5.67435e-06
6.58271e-06
7.71546e-06
9.48849e-06
1.12177e-05
1.29519e-05
1.57378e-05
1.82178e-05
1.91957e-05
1.88197e-05
1.70295e-05
1.32361e-05
7.97912e-06
3.26005e-06
5.68873e-06
4.47723e-06
4.61703e-06
4.63447e-06
5.1948e-06
5.69382e-06
6.5866e-06
7.84423e-06
9.60054e-06
1.3108e-05
1.47754e-05
1.70875e-05
1.93493e-05
2.04348e-05
2.04369e-05
1.92187e-05
1.65387e-05
1.2492e-05
6.88225e-06
2.37883e-06
6.89557e-06
5.97736e-06
6.04879e-06
6.02794e-06
6.77376e-06
7.77021e-06
9.35332e-06
1.16081e-05
1.61246e-05
1.95195e-05
2.09931e-05
2.23846e-05
2.30749e-05
2.28738e-05
2.16745e-05
1.91029e-05
1.59599e-05
1.1558e-05
5.15166e-06
1.4709e-06
9.04411e-06
8.62832e-06
8.85999e-06
9.46617e-06
1.11854e-05
1.3676e-05
1.70876e-05
2.204e-05
2.87841e-05
2.94339e-05
2.91145e-05
2.83227e-05
2.69189e-05
2.47814e-05
2.16843e-05
1.85268e-05
1.48216e-05
1.01119e-05
3.82712e-06
7.21297e-07
1.46619e-05
1.61422e-05
1.73708e-05
1.96691e-05
2.32006e-05
2.75266e-05
3.31008e-05
4.00668e-05
3.99383e-05
3.77747e-05
3.42847e-05
3.16684e-05
2.81083e-05
2.49251e-05
2.08573e-05
1.70836e-05
1.29222e-05
8.10813e-06
2.7821e-06
2.7633e-07
3.25388e-05
3.54962e-05
3.67229e-05
3.91845e-05
4.3639e-05
4.79822e-05
5.20385e-05
4.78101e-05
4.4189e-05
4.02614e-05
3.63884e-05
3.25952e-05
2.83823e-05
2.33282e-05
1.85655e-05
1.4069e-05
1.01928e-05
6.4859e-06
2.43533e-06
1.249e-07
5.28271e-05
5.57113e-05
5.59652e-05
5.74686e-05
6.23194e-05
5.94484e-05
5.51557e-05
5.01989e-05
4.61076e-05
4.11513e-05
3.7069e-05
3.18978e-05
2.70277e-05
1.97632e-05
1.4051e-05
9.6727e-06
7.66337e-06
6.27254e-06
3.07642e-06
2.04538e-07
5.03384e-05
5.30706e-05
5.3438e-05
5.50212e-05
5.98174e-05
5.77913e-05
5.36774e-05
4.8917e-05
4.50584e-05
4.02697e-05
3.65897e-05
3.14639e-05
2.76231e-05
2.04849e-05
1.48282e-05
9.80992e-06
7.28114e-06
5.30179e-06
2.35826e-06
1.66915e-07
2.80168e-05
3.09128e-05
3.22721e-05
3.47457e-05
3.91443e-05
4.36852e-05
4.96396e-05
4.56365e-05
4.26531e-05
3.84304e-05
3.56733e-05
3.13256e-05
2.83465e-05
2.39303e-05
1.93639e-05
1.4607e-05
1.0011e-05
5.50099e-06
1.69513e-06
1.13549e-07
1.31005e-05
1.40423e-05
1.5019e-05
1.70644e-05
2.02271e-05
2.42747e-05
2.95362e-05
3.64234e-05
3.97681e-05
3.61563e-05
3.40277e-05
3.06165e-05
2.76768e-05
2.45095e-05
2.12682e-05
1.73756e-05
1.29815e-05
7.81495e-06
2.37441e-06
1.45687e-07
8.63793e-06
8.11593e-06
8.26315e-06
8.65816e-06
1.00764e-05
1.22191e-05
1.52199e-05
1.98397e-05
2.63191e-05
2.7484e-05
2.77791e-05
2.75902e-05
2.66679e-05
2.47326e-05
2.14479e-05
1.86207e-05
1.48289e-05
1.00178e-05
3.48973e-06
3.83455e-07
6.73712e-06
5.80475e-06
5.86915e-06
5.83183e-06
6.51298e-06
7.37295e-06
8.75874e-06
1.07482e-05
1.48365e-05
1.81934e-05
1.9983e-05
2.1732e-05
2.27511e-05
2.27843e-05
2.18399e-05
1.89574e-05
1.58311e-05
1.14939e-05
5.11481e-06
1.18035e-06
5.62043e-06
4.42668e-06
4.56433e-06
4.60691e-06
5.15441e-06
5.64442e-06
6.48857e-06
7.64079e-06
9.24661e-06
1.23711e-05
1.415e-05
1.65251e-05
1.90578e-05
2.03533e-05
2.04607e-05
1.9354e-05
1.64131e-05
1.24356e-05
6.93438e-06
2.22789e-06
5.04232e-06
3.43511e-06
3.63724e-06
3.91548e-06
4.41459e-06
4.99462e-06
5.72908e-06
6.61084e-06
7.68785e-06
9.33945e-06
1.09282e-05
1.26828e-05
1.54292e-05
1.8128e-05
1.92549e-05
1.88985e-05
1.70966e-05
1.31896e-05
8.03161e-06
3.20879e-06
5.04791e-06
2.73348e-06
2.93258e-06
3.46316e-06
4.09246e-06
4.80689e-06
5.58396e-06
6.42157e-06
7.31341e-06
8.42165e-06
9.50509e-06
1.09534e-05
1.28382e-05
1.5663e-05
1.80418e-05
1.8394e-05
1.72086e-05
1.3949e-05
8.94608e-06
3.79949e-06
6.12085e-06
2.24204e-06
2.53628e-06
3.25411e-06
4.13355e-06
4.9848e-06
5.81984e-06
6.68694e-06
7.55707e-06
8.43088e-06
9.36887e-06
1.04308e-05
1.20464e-05
1.40896e-05
1.69966e-05
1.83777e-05
1.75188e-05
1.47198e-05
9.58583e-06
3.95315e-06
1.0972e-05
2.13825e-06
2.66053e-06
3.59594e-06
4.64392e-06
5.72211e-06
6.63776e-06
7.48935e-06
8.31118e-06
9.06895e-06
9.77598e-06
1.04647e-05
1.15081e-05
1.33026e-05
1.54668e-05
1.78814e-05
1.76248e-05
1.55209e-05
1.03487e-05
3.99027e-06
1.23421e-06
0.000116558
0.000294184
0.000330906
0.00033481
0.000335356
0.000335357
0.000335342
0.000335343
0.000335345
0.000335345
0.000335343
0.000335342
0.000335357
0.000335356
0.00033481
0.000330906
0.000294184
0.000116558
1.23421e-06
1.36973e-06
6.81669e-05
0.000219584
0.000309504
0.000330909
0.000334527
0.000335273
0.000335315
0.000335296
0.000335287
0.000335287
0.000335296
0.000335315
0.000335273
0.000334527
0.000330909
0.000309504
0.000219584
6.81671e-05
1.36973e-06
1.51338e-06
5.28962e-05
0.00017646
0.00028058
0.000322148
0.000332504
0.000334604
0.0003351
0.000335168
0.000335172
0.000335172
0.000335168
0.0003351
0.000334604
0.000332504
0.000322148
0.00028058
0.00017646
5.28962e-05
1.51338e-06
1.65541e-06
4.39377e-05
0.000148161
0.000254263
0.0003093
0.000328588
0.000333554
0.000334803
0.000335047
0.00033508
0.00033508
0.000335047
0.000334803
0.000333554
0.000328588
0.0003093
0.000254263
0.000148161
4.39378e-05
1.65541e-06
1.79644e-06
3.71607e-05
0.000127215
0.000231225
0.000295243
0.000322611
0.000331765
0.000334129
0.0003348
0.00033494
0.00033494
0.0003348
0.000334129
0.000331765
0.000322611
0.000295243
0.000231225
0.000127215
3.71607e-05
1.79644e-06
1.93636e-06
3.20661e-05
0.000111061
0.00021123
0.000280971
0.000315385
0.000328853
0.0003332
0.000334472
0.00033478
0.00033478
0.000334472
0.0003332
0.000328853
0.000315385
0.000280971
0.00021123
0.000111061
3.20661e-05
1.93636e-06
2.07395e-06
2.82176e-05
9.83553e-05
0.000193939
0.000267068
0.000307358
0.000325176
0.000331844
0.000333904
0.000334513
0.000334513
0.000333904
0.000331844
0.000325176
0.000307358
0.000267068
0.000193939
9.83551e-05
2.82175e-05
2.07395e-06
2.2085e-06
2.52343e-05
8.81453e-05
0.000178946
0.000253826
0.000298867
0.000320816
0.000329912
0.000333144
0.000334153
0.000334153
0.000333144
0.000329912
0.000320816
0.000298867
0.000253826
0.000178945
8.81452e-05
2.52343e-05
2.2085e-06
2.33869e-06
2.28835e-05
7.98178e-05
0.000165915
0.000241396
0.00029018
0.000315929
0.000327568
0.000332164
0.000333602
0.000333602
0.000332164
0.000327568
0.000315929
0.00029018
0.000241396
0.000165914
7.98175e-05
2.28834e-05
2.33869e-06
2.46393e-06
2.09831e-05
7.29048e-05
0.000154522
0.000229814
0.000281486
0.000310645
0.000324815
0.000330837
0.000332879
0.000332879
0.000330837
0.000324815
0.000310644
0.000281486
0.000229814
0.000154522
7.29047e-05
2.09831e-05
2.46394e-06
2.58306e-06
1.94332e-05
6.71022e-05
0.000144522
0.000219081
0.000272922
0.000305083
0.000321705
0.000329233
0.000331992
0.000331992
0.000329233
0.000321705
0.000305083
0.000272922
0.00021908
0.000144521
6.71019e-05
1.94332e-05
2.58306e-06
2.6958e-06
1.81416e-05
6.21631e-05
0.000135686
0.000209149
0.000264573
0.000299342
0.000318291
0.000327354
0.000330843
0.000330843
0.000327354
0.000318291
0.000299342
0.000264572
0.000209149
0.000135686
6.21629e-05
1.81416e-05
2.6958e-06
2.80121e-06
1.70616e-05
5.79248e-05
0.000127849
0.000199976
0.0002565
0.000293505
0.000314624
0.000325205
0.000329432
0.000329432
0.000325205
0.000314624
0.000293505
0.0002565
0.000199976
0.000127849
5.79246e-05
1.70616e-05
2.80121e-06
2.89938e-06
1.61474e-05
5.42479e-05
0.000120854
0.000191497
0.000248734
0.000287635
0.000310748
0.000322803
0.000327776
0.000327776
0.000322803
0.000310748
0.000287635
0.000248734
0.000191496
0.000120853
5.42478e-05
1.61475e-05
2.89938e-06
2.9896e-06
1.53692e-05
5.10398e-05
0.000114588
0.00018366
0.000241296
0.000281785
0.000306709
0.00032017
0.000325879
0.000325879
0.00032017
0.000306709
0.000281785
0.000241296
0.00018366
0.000114588
5.10397e-05
1.53691e-05
2.98961e-06
3.07233e-06
1.47003e-05
4.82151e-05
0.000108945
0.000176405
0.000234187
0.00027599
0.000302543
0.000317329
0.000323751
0.000323751
0.000317329
0.000302543
0.00027599
0.000234186
0.000176404
0.000108945
4.82151e-05
1.47003e-05
3.07233e-06
3.14699e-06
1.41264e-05
4.57183e-05
0.000103848
0.000169683
0.000227409
0.000270283
0.000298286
0.000314304
0.000321405
0.000321405
0.000314304
0.000298286
0.000270283
0.000227409
0.000169684
0.000103848
4.57182e-05
1.41263e-05
3.14699e-06
3.21437e-06
1.36291e-05
4.34948e-05
9.92214e-05
0.000163443
0.000220951
0.000264684
0.000293966
0.000311117
0.000318858
0.000318858
0.000311116
0.000293966
0.000264683
0.00022095
0.000163443
9.92211e-05
4.34948e-05
1.36291e-05
3.21437e-06
3.27398e-06
1.32006e-05
4.15088e-05
9.50118e-05
0.000157646
0.000214806
0.000259209
0.00028961
0.000307792
0.00031613
0.00031613
0.000307792
0.00028961
0.000259209
0.000214806
0.000157646
9.50119e-05
4.15088e-05
1.32006e-05
3.27398e-06
3.3269e-06
1.2828e-05
3.97248e-05
9.11642e-05
0.000152247
0.000208958
0.000253868
0.000285237
0.00030435
0.000313237
0.000313237
0.00030435
0.000285236
0.000253867
0.000208958
0.000152246
9.11639e-05
3.97247e-05
1.2828e-05
3.3269e-06
3.37259e-06
1.25072e-05
3.81177e-05
8.76416e-05
0.000147215
0.000203397
0.000248669
0.000280867
0.000300814
0.000310202
0.000310202
0.000300814
0.000280867
0.000248669
0.000203397
0.000147215
8.76418e-05
3.81178e-05
1.25073e-05
3.37258e-06
3.41241e-06
1.22288e-05
3.66646e-05
8.44032e-05
0.000142514
0.000198103
0.000243616
0.000276515
0.000297202
0.000307044
0.000307043
0.000297202
0.000276515
0.000243615
0.000198103
0.000142513
8.44029e-05
3.66644e-05
1.22288e-05
3.4124e-06
3.44566e-06
1.19915e-05
3.53461e-05
8.14222e-05
0.000138119
0.000193068
0.000238711
0.000272195
0.000293532
0.00030378
0.00030378
0.000293532
0.000272195
0.000238711
0.000193068
0.00013812
8.14223e-05
3.53462e-05
1.19915e-05
3.44566e-06
3.47402e-06
1.1787e-05
3.41488e-05
7.86677e-05
0.000134
0.000188273
0.000233954
0.000267917
0.00028982
0.00030043
0.00030043
0.00028982
0.000267917
0.000233953
0.000188272
0.000134
7.86673e-05
3.41486e-05
1.1787e-05
3.47402e-06
3.49649e-06
1.16128e-05
3.30554e-05
7.61203e-05
0.00013014
0.000183708
0.000229345
0.000263691
0.000286082
0.00029701
0.00029701
0.000286082
0.000263691
0.000229345
0.000183708
0.00013014
7.61205e-05
3.30556e-05
1.16128e-05
3.49648e-06
3.51512e-06
1.14699e-05
3.20599e-05
7.37559e-05
0.000126509
0.000179355
0.00022488
0.000259524
0.000282329
0.000293536
0.000293536
0.000282329
0.000259523
0.000224879
0.000179355
0.000126509
7.37554e-05
3.20596e-05
1.14698e-05
3.51511e-06
3.52846e-06
1.13481e-05
3.11462e-05
7.15605e-05
0.000123098
0.000175208
0.000220558
0.000255421
0.000278574
0.000290022
0.000290022
0.000278574
0.000255422
0.000220559
0.000175208
0.000123098
7.15608e-05
3.11465e-05
1.13484e-05
3.52845e-06
3.53792e-06
1.12566e-05
3.03131e-05
6.95147e-05
0.00011988
0.000171249
0.000216375
0.000251388
0.000274828
0.000286482
0.000286482
0.000274828
0.000251388
0.000216375
0.000171248
0.00011988
6.95143e-05
3.03128e-05
1.12564e-05
3.53792e-06
3.54511e-06
1.11809e-05
2.95464e-05
6.7609e-05
0.00011685
0.000167472
0.000212329
0.000247429
0.000271099
0.000282927
0.000282927
0.000271099
0.000247429
0.000212329
0.000167472
0.00011685
6.76094e-05
2.95467e-05
1.11813e-05
3.5451e-06
3.54863e-06
1.11324e-05
2.88463e-05
6.58267e-05
0.000113984
0.000163861
0.000208412
0.000243546
0.000267396
0.000279367
0.000279367
0.000267396
0.000243546
0.000208412
0.000163861
0.000113984
6.58264e-05
2.88461e-05
1.11321e-05
3.54863e-06
3.54914e-06
1.10972e-05
2.82015e-05
6.4162e-05
0.000111278
0.000160413
0.000204626
0.000239742
0.000263725
0.000275812
0.000275812
0.000263725
0.000239742
0.000204626
0.000160414
0.000111279
6.41625e-05
2.82019e-05
1.10977e-05
3.54913e-06
3.54717e-06
1.1088e-05
2.76133e-05
6.26001e-05
0.000108713
0.000157112
0.00020096
0.000236017
0.000260092
0.000272271
0.000272271
0.000260092
0.000236016
0.00020096
0.000157112
0.000108713
6.25999e-05
2.76131e-05
1.10876e-05
3.54716e-06
3.54301e-06
1.10901e-05
2.70718e-05
6.11384e-05
0.000106287
0.000153956
0.000197416
0.000232373
0.000256502
0.00026875
0.00026875
0.000256502
0.000232374
0.000197417
0.000153957
0.000106287
6.11388e-05
2.70722e-05
1.10907e-05
3.54301e-06
3.53695e-06
1.11176e-05
2.65795e-05
5.97629e-05
0.000103981
0.00015093
0.000193986
0.00022881
0.00025296
0.000265256
0.000265256
0.00025296
0.00022881
0.000193985
0.00015093
0.00010398
5.97627e-05
2.65793e-05
1.1117e-05
3.53694e-06
3.52924e-06
1.11552e-05
2.61275e-05
5.84739e-05
0.000101795
0.000148034
0.000190668
0.000225329
0.000249468
0.000261794
0.000261794
0.000249469
0.000225329
0.000190668
0.000148035
0.000101796
5.84744e-05
2.61279e-05
1.1156e-05
3.52924e-06
3.52011e-06
1.12181e-05
2.57191e-05
5.7258e-05
9.9714e-05
0.000145254
0.000187455
0.000221928
0.00024603
0.000258369
0.000258369
0.00024603
0.000221927
0.000187454
0.000145253
9.97135e-05
5.72578e-05
2.5719e-05
1.12174e-05
3.5201e-06
3.5098e-06
1.12908e-05
2.53463e-05
5.6118e-05
9.77382e-05
0.000142589
0.000184347
0.000218608
0.000242649
0.000254986
0.000254986
0.000242649
0.000218608
0.000184347
0.00014259
9.77392e-05
5.61186e-05
2.53467e-05
1.12916e-05
3.5098e-06
3.49846e-06
1.13887e-05
2.5013e-05
5.50408e-05
9.58515e-05
0.000140027
0.000181336
0.000215366
0.000239324
0.000251646
0.000251646
0.000239324
0.000215365
0.000181335
0.000140026
9.58507e-05
5.50405e-05
2.50129e-05
1.13879e-05
3.49845e-06
3.48635e-06
1.14968e-05
2.47118e-05
5.40313e-05
9.40584e-05
0.00013757
0.000178422
0.000212203
0.00023606
0.000248354
0.000248354
0.00023606
0.000212204
0.000178423
0.000137571
9.40596e-05
5.40319e-05
2.4712e-05
1.14977e-05
3.48635e-06
3.4735e-06
1.16329e-05
2.44468e-05
5.30749e-05
9.23429e-05
0.000135204
0.000175598
0.000209117
0.000232855
0.00024511
0.00024511
0.000232854
0.000209116
0.000175597
0.000135203
9.23418e-05
5.30745e-05
2.44469e-05
1.16319e-05
3.47349e-06
3.46025e-06
1.17719e-05
2.4212e-05
5.21804e-05
9.07106e-05
0.000132932
0.000172864
0.000206107
0.000229711
0.000241918
0.000241918
0.000229712
0.000206108
0.000172865
0.000132933
9.07122e-05
5.21813e-05
2.4212e-05
1.17731e-05
3.46026e-06
3.44652e-06
1.19449e-05
2.40092e-05
5.13304e-05
8.9147e-05
0.000130742
0.000170212
0.000203169
0.000226628
0.000238778
0.000238778
0.000226627
0.000203168
0.000170211
0.00013074
8.91455e-05
5.13298e-05
2.40097e-05
1.19436e-05
3.44651e-06
3.43268e-06
1.21199e-05
2.38418e-05
5.05359e-05
8.76589e-05
0.000128637
0.000167644
0.000200306
0.000223606
0.000235692
0.000235693
0.000223607
0.000200307
0.000167646
0.000128639
8.76611e-05
5.05371e-05
2.38414e-05
1.21214e-05
3.43269e-06
3.41854e-06
1.23293e-05
2.3691e-05
4.97793e-05
8.62315e-05
0.000126606
0.000165152
0.000197512
0.000220645
0.00023266
0.00023266
0.000220644
0.000197511
0.00016515
0.000126603
8.62294e-05
4.97781e-05
2.36916e-05
1.23278e-05
3.41853e-06
3.40457e-06
1.2538e-05
2.35713e-05
4.90699e-05
8.4871e-05
0.000124652
0.000162737
0.000194789
0.000217745
0.000229684
0.000229684
0.000217746
0.000194791
0.00016274
0.000124655
8.48739e-05
4.90718e-05
2.35728e-05
1.25397e-05
3.40459e-06
3.39042e-06
1.2781e-05
2.34712e-05
4.8391e-05
8.35634e-05
0.000122764
0.000160393
0.000192132
0.000214904
0.000226761
0.000226761
0.000214903
0.00019213
0.00016039
0.000122761
8.35604e-05
4.83893e-05
2.34695e-05
1.27793e-05
3.3904e-06
3.37667e-06
1.28382e-05
2.33868e-05
4.77479e-05
8.23147e-05
0.000120946
0.00015812
0.000189542
0.000212125
0.000223895
0.000223895
0.000212126
0.000189544
0.000158123
0.00012095
8.23182e-05
4.77502e-05
2.33886e-05
1.28398e-05
3.37669e-06
3.36344e-06
1.28995e-05
2.33105e-05
4.71246e-05
8.11106e-05
0.000119188
0.000155913
0.000187015
0.000209402
0.000221082
0.000221082
0.000209401
0.000187013
0.000155909
0.000119184
8.11068e-05
4.71224e-05
2.33086e-05
1.28978e-05
3.36342e-06
3.35058e-06
1.296e-05
2.32364e-05
4.65279e-05
7.99574e-05
0.000117493
0.000153771
0.000184552
0.00020674
0.000218326
0.000218327
0.000206741
0.000184554
0.000153775
0.000117498
7.99617e-05
4.65304e-05
2.32384e-05
1.29618e-05
3.3506e-06
3.33817e-06
1.30287e-05
2.31604e-05
4.59428e-05
7.88405e-05
0.000115851
0.000151689
0.000182148
0.000204133
0.000215622
0.000215622
0.000204131
0.000182145
0.000151685
0.000115845
7.88356e-05
4.59399e-05
2.31581e-05
1.30269e-05
3.33815e-06
3.32609e-06
1.30964e-05
2.30807e-05
4.53794e-05
7.77671e-05
0.000114265
0.000149668
0.000179805
0.000201584
0.000212975
0.000212976
0.000201585
0.000179808
0.000149673
0.000114271
7.77724e-05
4.53825e-05
2.30832e-05
1.30984e-05
3.32612e-06
3.31445e-06
1.31721e-05
2.29965e-05
4.48236e-05
7.67231e-05
0.000112725
0.000147702
0.000177517
0.000199088
0.000210378
0.000210377
0.000199085
0.000177513
0.000147696
0.000112718
7.67168e-05
4.48199e-05
2.29935e-05
1.31701e-05
3.31443e-06
3.30311e-06
1.32463e-05
2.29085e-05
4.42881e-05
7.57166e-05
0.000111235
0.000145792
0.000175287
0.000196648
0.000207837
0.000207837
0.00019665
0.000175291
0.000145798
0.000111242
7.5723e-05
4.42916e-05
2.29116e-05
1.32485e-05
3.30315e-06
3.29221e-06
1.33279e-05
2.28167e-05
4.37579e-05
7.47344e-05
0.000109787
0.000143931
0.000173109
0.000194259
0.000205343
0.000205342
0.000194256
0.000173103
0.000143924
0.000109778
7.47264e-05
4.37536e-05
2.2813e-05
1.33256e-05
3.29218e-06
3.28159e-06
1.3407e-05
2.2723e-05
4.32483e-05
7.37849e-05
0.000108382
0.000142122
0.000170984
0.000191925
0.000202906
0.000202906
0.000191927
0.000170989
0.000142129
0.000108391
7.37925e-05
4.32519e-05
2.27268e-05
1.34095e-05
3.28164e-06
3.27144e-06
1.34936e-05
2.26297e-05
4.27429e-05
7.28564e-05
0.000107014
0.000140359
0.000168909
0.000189638
0.000200513
0.000200511
0.000189634
0.000168902
0.000140349
0.000107002
7.28462e-05
4.27381e-05
2.2625e-05
1.34911e-05
3.27141e-06
3.26156e-06
1.35764e-05
2.25352e-05
4.22597e-05
7.19575e-05
0.000105684
0.000138642
0.000166884
0.000187404
0.000198175
0.000198176
0.000187407
0.00016689
0.00013865
0.000105694
7.19666e-05
4.2263e-05
2.25399e-05
1.35791e-05
3.26162e-06
3.25216e-06
1.36665e-05
2.2445e-05
4.17787e-05
7.10772e-05
0.000104387
0.000136967
0.000164904
0.000185215
0.000195879
0.000195877
0.000185209
0.000164895
0.000136953
0.000104371
7.10639e-05
4.17737e-05
2.24389e-05
1.36639e-05
3.25214e-06
3.24302e-06
1.37518e-05
2.23538e-05
4.13235e-05
7.0223e-05
0.000103124
0.000135334
0.000162972
0.000183077
0.000193638
0.000193639
0.00018308
0.000162979
0.000135344
0.000103136
7.02339e-05
4.13261e-05
2.23598e-05
1.37547e-05
3.24311e-06
3.23438e-06
1.38443e-05
2.22712e-05
4.08705e-05
6.93874e-05
0.000101892
0.000133739
0.000161082
0.00018098
0.000191434
0.000191431
0.000180972
0.000161069
0.000133722
0.000101871
6.93693e-05
4.08639e-05
2.22633e-05
1.38416e-05
3.23437e-06
3.22598e-06
1.39311e-05
2.21868e-05
4.04355e-05
6.85723e-05
0.00010069
0.000132184
0.000159237
0.000178933
0.000189285
0.000189287
0.000178937
0.000159244
0.000132195
0.000100704
6.85856e-05
4.04415e-05
2.21941e-05
1.39342e-05
3.2261e-06
3.21809e-06
1.40252e-05
2.2114e-05
4.0013e-05
6.77764e-05
9.95177e-05
0.000130664
0.000157431
0.000176924
0.00018717
0.000187166
0.000176913
0.000157413
0.00013064
9.94906e-05
6.77523e-05
3.99995e-05
2.21043e-05
1.40222e-05
3.2181e-06
3.21041e-06
1.41125e-05
2.2039e-05
3.96034e-05
6.69989e-05
9.83719e-05
0.000129179
0.000155667
0.000174964
0.000185111
0.000185112
0.000174967
0.000155674
0.000129191
9.83869e-05
6.70136e-05
3.96128e-05
2.20473e-05
1.41158e-05
3.21058e-06
3.20324e-06
1.42073e-05
2.1978e-05
3.92101e-05
6.62412e-05
9.72542e-05
0.000127728
0.000153939
0.000173037
0.000183079
0.000183074
0.000173022
0.000153914
0.000127696
9.7218e-05
6.62093e-05
3.91902e-05
2.19664e-05
1.42041e-05
3.2033e-06
3.19625e-06
1.42944e-05
2.19142e-05
3.88275e-05
6.55003e-05
9.61598e-05
0.000126309
0.000152251
0.00017116
0.000181105
0.000181106
0.000171162
0.000152257
0.00012632
9.6174e-05
6.55144e-05
3.88374e-05
2.1923e-05
1.42981e-05
3.1965e-06
3.18977e-06
1.43895e-05
2.18661e-05
3.84619e-05
6.47796e-05
9.50931e-05
0.000124923
0.000150597
0.000169311
0.000179153
0.000179145
0.00016929
0.000150562
0.000124878
9.50437e-05
6.47369e-05
3.84347e-05
2.18523e-05
1.43861e-05
3.18992e-06
3.18344e-06
1.44758e-05
2.18143e-05
3.81066e-05
6.40743e-05
9.40468e-05
0.000123565
0.000148981
0.000167512
0.000177261
0.00017726
0.000167511
0.000148982
0.000123572
9.40571e-05
6.4085e-05
3.81151e-05
2.18231e-05
1.44798e-05
3.18383e-06
3.17761e-06
1.45706e-05
2.178e-05
3.77688e-05
6.339e-05
9.30285e-05
0.00012224
0.000147396
0.000165738
0.000175383
0.000175372
0.000165706
0.000147345
0.000122175
9.29597e-05
6.33318e-05
3.77322e-05
2.17633e-05
1.45669e-05
3.17793e-06
3.1719e-06
1.46556e-05
2.17404e-05
3.7441e-05
6.27199e-05
9.20279e-05
0.00012094
0.000145848
0.000164014
0.00017357
0.000173567
0.000164007
0.00014584
0.000120936
9.20285e-05
6.2722e-05
3.74444e-05
2.17487e-05
1.46599e-05
3.17252e-06
3.16667e-06
1.47497e-05
2.17204e-05
3.7131e-05
6.20718e-05
9.10568e-05
0.000119672
0.000144329
0.000162309
0.000171763
0.000171747
0.000162262
0.000144254
0.000119578
9.09584e-05
6.19902e-05
3.7082e-05
2.16999e-05
1.47457e-05
3.16727e-06
3.16151e-06
1.4833e-05
2.16934e-05
3.68312e-05
6.1437e-05
9.01005e-05
0.000118428
0.000142847
0.000160658
0.000170026
0.000170019
0.000160638
0.000142821
0.000118403
9.00809e-05
6.14218e-05
3.68243e-05
2.16999e-05
1.48376e-05
3.16252e-06
3.1568e-06
1.49261e-05
2.16879e-05
3.65491e-05
6.08259e-05
8.91765e-05
0.000117216
0.000141391
0.00015902
0.000168285
0.00016826
0.000158947
0.000141278
0.000117076
8.90322e-05
6.07079e-05
3.64809e-05
2.1662e-05
1.49218e-05
3.1579e-06
3.15213e-06
1.50075e-05
2.16733e-05
3.62778e-05
6.02272e-05
8.82644e-05
0.000116026
0.000139972
0.000157439
0.000166622
0.000166607
0.000157397
0.000139913
0.000115962
8.82066e-05
6.01795e-05
3.62525e-05
2.16767e-05
1.50123e-05
3.15381e-06
3.14786e-06
1.50995e-05
2.16829e-05
3.60238e-05
5.96545e-05
8.73889e-05
0.00011487
0.000138578
0.000155867
0.000164941
0.000164903
0.000155752
0.000138403
0.000114657
8.71722e-05
5.94788e-05
3.59253e-05
2.16491e-05
1.50945e-05
3.14983e-06
3.14357e-06
1.51786e-05
2.16807e-05
3.57818e-05
5.90936e-05
8.65224e-05
0.000113736
0.000137225
0.000154357
0.000163349
0.000163322
0.000154271
0.000137104
0.0001136
8.63954e-05
5.89873e-05
3.57242e-05
2.16783e-05
1.51834e-05
3.14641e-06
3.13962e-06
1.52695e-05
2.17058e-05
3.55558e-05
5.8562e-05
8.5699e-05
0.00011264
0.000135895
0.000152848
0.000161726
0.000161667
0.000152662
0.000135618
0.000112306
8.53656e-05
5.82933e-05
3.54086e-05
2.16603e-05
1.52634e-05
3.1431e-06
3.13558e-06
1.53466e-05
2.17162e-05
3.53438e-05
5.80416e-05
8.48817e-05
0.000111566
0.000134609
0.000151411
0.000160204
0.000160157
0.000151249
0.000134379
0.000111302
8.46312e-05
5.78322e-05
3.52309e-05
2.17038e-05
1.53506e-05
3.14041e-06
3.13175e-06
1.54378e-05
2.17581e-05
3.51453e-05
5.75554e-05
8.41181e-05
0.000110536
0.000133348
0.000149968
0.000158634
0.000158542
0.000149665
0.000132902
0.000110006
8.35931e-05
5.71348e-05
3.49182e-05
2.1695e-05
1.54281e-05
3.13784e-06
3.12763e-06
1.55139e-05
2.17818e-05
3.49652e-05
5.70823e-05
8.33614e-05
0.000109534
0.000132139
0.000148608
0.000157185
0.000157101
0.000148315
0.000131717
0.000109046
8.2892e-05
5.66914e-05
3.47574e-05
2.17525e-05
1.55132e-05
3.13602e-06
3.12334e-06
1.56079e-05
2.18439e-05
3.47991e-05
5.66527e-05
8.26736e-05
0.000108583
0.000130957
0.000147236
0.000155665
0.000155518
0.000146739
0.00013023
0.000107728
8.18268e-05
5.59767e-05
3.44343e-05
2.17525e-05
1.55877e-05
3.13437e-06
3.1187e-06
1.56925e-05
2.18832e-05
3.46546e-05
5.62339e-05
8.19918e-05
0.000107669
0.000129839
0.000145964
0.000154288
0.000154143
0.000145445
0.000129087
0.000106795
8.11439e-05
5.55399e-05
3.42827e-05
2.18231e-05
1.56706e-05
3.13364e-06
3.11358e-06
1.58021e-05
2.19697e-05
3.45215e-05
5.58718e-05
8.14018e-05
0.000106818
0.000128757
0.000144677
0.000152822
0.000152585
0.000143861
0.000127567
0.000105429
8.00251e-05
5.47695e-05
3.39325e-05
2.1831e-05
1.57416e-05
3.13321e-06
3.10794e-06
1.59013e-05
2.20272e-05
3.44226e-05
5.55257e-05
8.08196e-05
0.000106026
0.000127758
0.000143513
0.000151525
0.000151274
0.000142613
0.000126446
0.000104498
7.93304e-05
5.43298e-05
3.37812e-05
2.19128e-05
1.58216e-05
3.13401e-06
3.10178e-06
1.60317e-05
2.21465e-05
3.43393e-05
5.5264e-05
8.03721e-05
0.000105313
0.000126814
0.000142333
0.000150113
0.000149727
0.000140994
0.000124857
0.000103044
7.81235e-05
5.34594e-05
3.3386e-05
2.1927e-05
1.58877e-05
3.13537e-06
3.09384e-06
1.61546e-05
2.22384e-05
3.43141e-05
5.50324e-05
7.9939e-05
0.000104708
0.000125988
0.000141321
0.000148922
0.00014849
0.000139779
0.000123722
0.000102077
7.73655e-05
5.30012e-05
3.32264e-05
2.20191e-05
1.59623e-05
3.13843e-06
3.08478e-06
1.63165e-05
2.23764e-05
3.4336e-05
5.49515e-05
7.97264e-05
0.000104201
0.000125264
0.000140302
0.000147586
0.000146953
0.000138098
0.000122026
0.000100476
7.60247e-05
5.19792e-05
3.27648e-05
2.20445e-05
1.60168e-05
3.14255e-06
3.07232e-06
1.64754e-05
2.24817e-05
3.44052e-05
5.49368e-05
7.95933e-05
0.000103941
0.000124703
0.00013951
0.00014654
0.00014579
0.000136892
0.000120811
9.94317e-05
7.51773e-05
5.14744e-05
3.25914e-05
2.215e-05
1.60782e-05
3.14915e-06
3.06077e-06
1.6673e-05
2.26747e-05
3.45643e-05
5.50405e-05
7.96594e-05
0.000103782
0.00012438
0.000133498
0.000144262
0.000144319
0.000135105
0.000118709
9.75858e-05
7.35476e-05
5.02264e-05
3.20369e-05
2.21902e-05
1.61112e-05
3.15773e-06
3.04033e-06
1.6902e-05
2.28501e-05
3.48147e-05
5.53967e-05
7.99042e-05
0.000103996
0.000124289
0.000138378
0.000120648
8.83903e-05
8.75198e-05
0.000101489
9.45178e-05
7.0418e-05
4.85153e-05
3.18566e-05
2.23108e-05
1.615e-05
3.17022e-06
3.02398e-06
1.719e-05
2.31436e-05
3.52672e-05
5.59228e-05
8.06971e-05
0.000100305
8.79468e-05
8.21288e-05
9.04046e-05
0.000103376
9.54816e-05
7.79815e-05
6.61737e-05
5.57066e-05
4.22178e-05
2.96697e-05
2.23705e-05
1.61477e-05
3.18639e-06
2.99021e-06
1.7477e-05
2.33862e-05
3.58384e-05
5.69899e-05
7.99351e-05
7.56547e-05
7.38191e-05
7.08919e-05
6.73029e-05
6.47955e-05
6.3091e-05
6.05321e-05
5.54913e-05
4.71465e-05
3.6894e-05
2.76639e-05
2.20437e-05
1.61423e-05
3.20867e-06
2.9644e-06
1.79065e-05
2.38303e-05
3.68187e-05
5.83088e-05
5.7188e-05
5.37914e-05
5.25284e-05
5.23983e-05
5.23119e-05
5.1953e-05
5.08715e-05
4.85567e-05
4.46093e-05
3.88251e-05
3.17207e-05
2.53214e-05
2.15051e-05
1.60716e-05
3.23703e-06
2.9074e-06
1.82573e-05
2.42872e-05
3.80645e-05
4.42768e-05
4.10488e-05
3.9988e-05
3.98591e-05
4.01621e-05
4.04582e-05
4.05078e-05
3.99433e-05
3.84698e-05
3.57764e-05
3.19122e-05
2.74207e-05
2.34094e-05
2.10136e-05
1.59669e-05
3.27451e-06
2.86153e-06
1.87988e-05
2.50978e-05
3.39247e-05
3.11464e-05
2.98478e-05
2.98364e-05
3.04369e-05
3.10697e-05
3.15709e-05
3.17935e-05
3.15151e-05
3.06224e-05
2.89648e-05
2.64504e-05
2.34773e-05
2.12486e-05
2.04101e-05
1.57387e-05
3.3216e-06
2.76271e-06
1.87767e-05
2.48442e-05
2.37192e-05
2.21607e-05
2.20002e-05
2.25816e-05
2.33192e-05
2.40697e-05
2.46923e-05
2.51053e-05
2.51361e-05
2.46534e-05
2.34831e-05
2.19228e-05
2.04836e-05
1.98124e-05
1.99237e-05
1.54217e-05
3.38234e-06
2.67768e-06
1.81921e-05
1.83472e-05
1.63242e-05
1.58807e-05
1.62927e-05
1.7139e-05
1.81117e-05
1.8966e-05
1.96562e-05
2.00966e-05
2.02332e-05
1.99744e-05
1.94622e-05
1.86531e-05
1.8025e-05
1.82246e-05
1.92226e-05
1.50135e-05
3.45792e-06
2.49399e-06
1.47912e-05
1.21816e-05
1.12767e-05
1.16097e-05
1.23516e-05
1.33247e-05
1.42117e-05
1.49794e-05
1.56783e-05
1.62134e-05
1.6534e-05
1.65644e-05
1.62365e-05
1.60043e-05
1.62893e-05
1.75139e-05
1.87469e-05
1.43456e-05
3.55477e-06
2.2998e-06
9.70108e-06
7.85676e-06
7.84657e-06
8.48943e-06
9.35028e-06
1.03202e-05
1.12287e-05
1.2103e-05
1.28464e-05
1.34093e-05
1.37637e-05
1.38882e-05
1.41437e-05
1.45e-05
1.53434e-05
1.68376e-05
1.79596e-05
1.34858e-05
3.67058e-06
1.92396e-06
4.79764e-06
4.88733e-06
5.54892e-06
6.4109e-06
7.3877e-06
8.34368e-06
9.27204e-06
1.00292e-05
1.07599e-05
1.13772e-05
1.18965e-05
1.24281e-05
1.28398e-05
1.36238e-05
1.51283e-05
1.78267e-05
1.6921e-05
1.24199e-05
3.81133e-06
1.69776e-06
2.39007e-06
3.11908e-06
4.25526e-06
5.31724e-06
6.30503e-06
7.26202e-06
8.02373e-06
8.77603e-06
9.47279e-06
1.01237e-05
1.0702e-05
1.12247e-05
1.21956e-05
1.40871e-05
1.65525e-05
1.75961e-05
1.57885e-05
1.13632e-05
3.92471e-06
1.7181e-06
2.46681e-06
3.20141e-06
4.359e-06
5.44102e-06
6.44577e-06
7.39925e-06
8.18344e-06
8.94327e-06
9.64252e-06
1.02867e-05
1.08618e-05
1.1376e-05
1.22661e-05
1.40416e-05
1.64904e-05
1.76037e-05
1.57558e-05
1.14035e-05
3.92145e-06
1.9435e-06
4.95217e-06
5.01043e-06
5.66139e-06
6.5353e-06
7.53361e-06
8.50903e-06
9.44847e-06
1.02174e-05
1.09532e-05
1.15672e-05
1.20525e-05
1.2568e-05
1.29728e-05
1.36825e-05
1.51133e-05
1.77917e-05
1.69056e-05
1.24965e-05
3.80614e-06
2.31504e-06
1.00061e-05
8.07004e-06
8.0298e-06
8.66797e-06
9.5329e-06
1.05135e-05
1.14257e-05
1.23053e-05
1.30506e-05
1.36208e-05
1.39669e-05
1.40566e-05
1.42514e-05
1.45892e-05
1.5377e-05
1.68201e-05
1.79743e-05
1.35322e-05
3.6641e-06
2.50431e-06
1.50749e-05
1.25207e-05
1.15451e-05
1.18537e-05
1.25881e-05
1.35699e-05
1.44665e-05
1.52369e-05
1.5924e-05
1.6447e-05
1.67382e-05
1.67767e-05
1.64046e-05
1.61262e-05
1.6349e-05
1.75348e-05
1.87473e-05
1.44003e-05
3.54924e-06
2.68447e-06
1.83213e-05
1.87778e-05
1.67213e-05
1.62209e-05
1.66111e-05
1.74498e-05
1.84164e-05
1.9273e-05
1.9961e-05
2.04119e-05
2.05201e-05
2.02219e-05
1.96802e-05
1.88225e-05
1.81448e-05
1.82813e-05
1.92597e-05
1.50385e-05
3.45297e-06
2.7683e-06
1.8804e-05
2.52391e-05
2.42865e-05
2.264e-05
2.24313e-05
2.29933e-05
2.37289e-05
2.44664e-05
2.50775e-05
2.54589e-05
2.5476e-05
2.49838e-05
2.37641e-05
2.2147e-05
2.06261e-05
1.98911e-05
1.99456e-05
1.54432e-05
3.37847e-06
2.86555e-06
1.87857e-05
2.50423e-05
3.46661e-05
3.18423e-05
3.04478e-05
3.03871e-05
3.09503e-05
3.15773e-05
3.20671e-05
3.22966e-05
3.19712e-05
3.10246e-05
2.93234e-05
2.67376e-05
2.36846e-05
2.13518e-05
2.04514e-05
1.57569e-05
3.31836e-06
2.91057e-06
1.82388e-05
2.42566e-05
3.79613e-05
4.52815e-05
4.1893e-05
4.07326e-05
4.05441e-05
4.08321e-05
4.11102e-05
4.10958e-05
4.04934e-05
3.8991e-05
3.62358e-05
3.22708e-05
2.76445e-05
2.35242e-05
2.10427e-05
1.59768e-05
3.272e-06
2.96665e-06
1.78871e-05
2.38068e-05
3.67367e-05
5.81858e-05
5.83527e-05
5.49883e-05
5.37509e-05
5.34465e-05
5.32686e-05
5.28794e-05
5.16033e-05
4.90901e-05
4.50726e-05
3.92417e-05
3.19961e-05
2.54451e-05
2.15457e-05
1.60801e-05
3.23501e-06
2.99204e-06
1.74618e-05
2.3372e-05
3.57835e-05
5.68901e-05
8.14806e-05
7.78833e-05
7.34071e-05
6.84803e-05
6.62013e-05
6.59598e-05
6.57073e-05
6.30031e-05
5.66234e-05
4.75126e-05
3.71202e-05
2.77788e-05
2.20696e-05
1.61463e-05
3.20711e-06
3.0253e-06
1.71767e-05
2.31335e-05
3.52242e-05
5.58456e-05
8.06097e-05
9.59294e-05
9.11484e-05
0.000100383
0.0001123
0.000100195
8.10517e-05
7.20465e-05
6.74041e-05
5.76514e-05
4.28195e-05
2.97921e-05
2.23719e-05
1.61518e-05
3.18516e-06
3.04143e-06
1.68921e-05
2.28408e-05
3.47837e-05
5.53414e-05
7.98256e-05
0.000103911
0.000124225
0.000119344
9.1497e-05
9.52369e-05
0.000123343
0.000117737
9.06599e-05
6.78765e-05
4.84551e-05
3.18862e-05
2.23131e-05
1.61515e-05
3.16929e-06
3.06157e-06
1.66645e-05
2.26688e-05
3.45386e-05
5.5003e-05
7.96115e-05
0.00010373
0.000124324
0.000138745
0.000145333
0.000144304
0.000124937
0.000112199
9.76385e-05
7.35913e-05
5.02575e-05
3.20393e-05
2.21919e-05
1.61134e-05
3.15702e-06
3.073e-06
1.6469e-05
2.24776e-05
3.43874e-05
5.49039e-05
7.95505e-05
0.000103895
0.000124664
0.000139488
0.00014654
0.000145803
0.000136916
0.000120845
9.94611e-05
7.52083e-05
5.14979e-05
3.26152e-05
2.2152e-05
1.60785e-05
3.14861e-06
3.08527e-06
1.63121e-05
2.23737e-05
3.43218e-05
5.49283e-05
7.96975e-05
0.000104167
0.000125235
0.000140281
0.000147575
0.000146951
0.000138105
0.000122042
0.000100502
7.60504e-05
5.19989e-05
3.27641e-05
2.20461e-05
1.60179e-05
3.14214e-06
3.09425e-06
1.615e-05
2.22351e-05
3.43018e-05
5.5009e-05
7.99101e-05
0.000104685
0.000125964
0.000141304
0.000148918
0.000148495
0.000139792
0.00012374
0.000102096
7.73833e-05
5.3016e-05
3.32441e-05
2.20207e-05
1.5962e-05
3.13811e-06
3.10208e-06
1.60293e-05
2.21452e-05
3.43325e-05
5.52535e-05
8.0358e-05
0.000105294
0.000126799
0.000142322
0.000150109
0.000149727
0.000141
0.00012487
0.000103061
7.81404e-05
5.34714e-05
3.33838e-05
2.19282e-05
1.58883e-05
3.13513e-06
3.10814e-06
1.58985e-05
2.20241e-05
3.44149e-05
5.5511e-05
8.08021e-05
0.000106012
0.000127745
0.000143505
0.000151526
0.000151281
0.000142622
0.000126456
0.000104509
7.93412e-05
5.43405e-05
3.3794e-05
2.19139e-05
1.58212e-05
3.13381e-06
3.11381e-06
1.5801e-05
2.19698e-05
3.4518e-05
5.58663e-05
8.1394e-05
0.000106807
0.000128747
0.000144668
0.000152816
0.000152581
0.000143864
0.000127574
0.000105439
8.00348e-05
5.4775e-05
3.39293e-05
2.18317e-05
1.5742e-05
3.13308e-06
3.11881e-06
1.56908e-05
2.18811e-05
3.46494e-05
5.62242e-05
8.19805e-05
0.00010766
0.000129832
0.000145961
0.000154291
0.000154149
0.000145451
0.000129094
0.000106802
8.11509e-05
5.55478e-05
3.4292e-05
2.18238e-05
1.56702e-05
3.13352e-06
3.1235e-06
1.56076e-05
2.18443e-05
3.47974e-05
5.66499e-05
8.26696e-05
0.000108577
0.000130951
0.00014723
0.000155661
0.000155517
0.000146741
0.000130235
0.000107734
8.1832e-05
5.59782e-05
3.44308e-05
2.17528e-05
1.5588e-05
3.13429e-06
3.1277e-06
1.55132e-05
2.17801e-05
3.49614e-05
5.70757e-05
8.33541e-05
0.000109528
0.000132135
0.000148606
0.000157186
0.000157104
0.000148318
0.000131721
0.00010905
8.28967e-05
5.66978e-05
3.47643e-05
2.1753e-05
1.55128e-05
3.13595e-06
3.13183e-06
1.54378e-05
2.17588e-05
3.51452e-05
5.75545e-05
8.41164e-05
0.000110533
0.000133344
0.000149964
0.000158632
0.000158542
0.000149666
0.000132904
0.00011001
8.35954e-05
5.71343e-05
3.49149e-05
2.16952e-05
1.54283e-05
3.13781e-06
3.1356e-06
1.53459e-05
2.17149e-05
3.53413e-05
5.80378e-05
8.48777e-05
0.000111563
0.000134607
0.00015141
0.000160205
0.000160158
0.000151251
0.000134381
0.000111305
8.46347e-05
5.78373e-05
3.52362e-05
2.17041e-05
1.53502e-05
3.14037e-06
3.13967e-06
1.52699e-05
2.17065e-05
3.55561e-05
5.85619e-05
8.56981e-05
0.000112638
0.000135893
0.000152847
0.000161725
0.000161667
0.000152663
0.000135619
0.000112308
8.53663e-05
5.82917e-05
3.54055e-05
2.16603e-05
1.52637e-05
3.14308e-06
3.14357e-06
1.51781e-05
2.16796e-05
3.57799e-05
5.90909e-05
8.65197e-05
0.000113734
0.000137223
0.000154356
0.000163349
0.000163323
0.000154272
0.000137105
0.000113602
8.63981e-05
5.89914e-05
3.57284e-05
2.16785e-05
1.51831e-05
3.14639e-06
3.1479e-06
1.50999e-05
2.16836e-05
3.60243e-05
5.96548e-05
8.73887e-05
0.00011487
0.000138578
0.000155866
0.000164941
0.000164903
0.000155752
0.000138404
0.000114657
8.71718e-05
5.94767e-05
3.59225e-05
2.1649e-05
1.50947e-05
3.14982e-06
3.15212e-06
1.50071e-05
2.16724e-05
3.62763e-05
6.02252e-05
8.82626e-05
0.000116024
0.000139971
0.000157439
0.000166622
0.000166607
0.000157397
0.000139914
0.000115963
8.82089e-05
6.01829e-05
3.62557e-05
2.1677e-05
1.5012e-05
3.1538e-06
3.15683e-06
1.49265e-05
2.16886e-05
3.65498e-05
6.08264e-05
8.91766e-05
0.000117215
0.00014139
0.00015902
0.000168284
0.00016826
0.000158948
0.000141278
0.000117076
8.90313e-05
6.07056e-05
3.64784e-05
2.16619e-05
1.49219e-05
3.1579e-06
3.1615e-06
1.48326e-05
2.16926e-05
3.683e-05
6.14355e-05
9.00992e-05
0.000118427
0.000142846
0.000160658
0.000170026
0.000170019
0.000160639
0.000142822
0.000118404
9.00828e-05
6.14248e-05
3.6827e-05
2.17002e-05
1.48374e-05
3.16251e-06
3.16669e-06
1.475e-05
2.17211e-05
3.71318e-05
6.20725e-05
9.10571e-05
0.000119672
0.000144328
0.000162309
0.000171762
0.000171746
0.000162262
0.000144254
0.000119578
9.09572e-05
6.1988e-05
3.70799e-05
2.16997e-05
1.47458e-05
3.16727e-06
3.17189e-06
1.46552e-05
2.17398e-05
3.744e-05
6.27188e-05
9.2027e-05
0.000120939
0.000145848
0.000164014
0.00017357
0.000173567
0.000164007
0.000145841
0.000120937
9.20302e-05
6.27246e-05
3.74466e-05
2.17489e-05
1.46597e-05
3.17251e-06
3.17763e-06
1.45709e-05
2.17806e-05
3.77695e-05
6.33907e-05
9.3029e-05
0.00012224
0.000147396
0.000165738
0.000175383
0.000175372
0.000165706
0.000147345
0.000122175
9.29585e-05
6.33298e-05
3.77305e-05
2.17631e-05
1.4567e-05
3.17793e-06
3.18344e-06
1.44755e-05
2.18137e-05
3.81058e-05
6.40734e-05
9.40461e-05
0.000123565
0.000148981
0.000167512
0.000177261
0.00017726
0.000167512
0.000148983
0.000123573
9.40587e-05
6.40873e-05
3.81169e-05
2.18234e-05
1.44797e-05
3.18383e-06
3.18978e-06
1.43898e-05
2.18667e-05
3.84626e-05
6.47803e-05
9.50935e-05
0.000124923
0.000150597
0.000169311
0.000179152
0.000179145
0.00016929
0.000150562
0.000124877
9.50425e-05
6.47351e-05
3.84333e-05
2.18521e-05
1.43862e-05
3.18993e-06
3.19624e-06
1.42942e-05
2.19137e-05
3.88268e-05
6.54996e-05
9.61593e-05
0.000126309
0.000152251
0.00017116
0.000181105
0.000181106
0.000171162
0.000152257
0.000126321
9.61755e-05
6.55163e-05
3.88388e-05
2.19232e-05
1.4298e-05
3.1965e-06
3.20325e-06
1.42076e-05
2.19785e-05
3.92107e-05
6.62418e-05
9.72547e-05
0.000127729
0.000153939
0.000173037
0.000183079
0.000183074
0.000173022
0.000153914
0.000127695
9.72168e-05
6.62077e-05
3.91891e-05
2.19662e-05
1.42042e-05
3.2033e-06
3.2104e-06
1.41122e-05
2.20386e-05
3.96028e-05
6.69984e-05
9.83715e-05
0.000129179
0.000155667
0.000174964
0.000185111
0.000185112
0.000174967
0.000155674
0.000129191
9.83882e-05
6.70152e-05
3.9614e-05
2.20476e-05
1.41158e-05
3.21057e-06
3.21809e-06
1.40255e-05
2.21145e-05
4.00135e-05
6.7777e-05
9.95181e-05
0.000130664
0.000157431
0.000176924
0.00018717
0.000187166
0.000176913
0.000157413
0.000130639
9.94896e-05
6.77509e-05
3.99985e-05
2.2104e-05
1.40223e-05
3.2181e-06
3.22598e-06
1.39309e-05
2.21864e-05
4.04354e-05
6.85718e-05
0.00010069
0.000132183
0.000159237
0.000178933
0.000189285
0.000189287
0.000178937
0.000159244
0.000132195
0.000100705
6.8587e-05
4.04425e-05
2.21944e-05
1.39341e-05
3.2261e-06
3.23439e-06
1.38446e-05
2.22715e-05
4.08706e-05
6.93878e-05
0.000101892
0.00013374
0.000161082
0.00018098
0.000191434
0.000191431
0.000180972
0.000161069
0.000133721
0.00010187
6.93681e-05
4.0863e-05
2.22631e-05
1.38416e-05
3.23437e-06
3.24302e-06
1.37516e-05
2.23535e-05
4.13235e-05
7.02227e-05
0.000103123
0.000135334
0.000162972
0.000183077
0.000193638
0.000193639
0.00018308
0.000162979
0.000135344
0.000103137
7.02351e-05
4.1327e-05
2.236e-05
1.37546e-05
3.24311e-06
3.25217e-06
1.36667e-05
2.24453e-05
4.17788e-05
7.10775e-05
0.000104387
0.000136967
0.000164904
0.000185215
0.000195879
0.000195877
0.000185209
0.000164894
0.000136953
0.000104371
7.10629e-05
4.1773e-05
2.24387e-05
1.36639e-05
3.25214e-06
3.26155e-06
1.35762e-05
2.2535e-05
4.22597e-05
7.19573e-05
0.000105684
0.000138642
0.000166884
0.000187404
0.000198175
0.000198176
0.000187407
0.00016689
0.000138651
0.000105695
7.19676e-05
4.22638e-05
2.25402e-05
1.3579e-05
3.26162e-06
3.27144e-06
1.34938e-05
2.26299e-05
4.2743e-05
7.28566e-05
0.000107014
0.000140359
0.000168909
0.000189638
0.000200513
0.000200511
0.000189634
0.000168901
0.000140348
0.000107001
7.28453e-05
4.27375e-05
2.26247e-05
1.34912e-05
3.27141e-06
3.28159e-06
1.34068e-05
2.27228e-05
4.32483e-05
7.37848e-05
0.000108382
0.000142122
0.000170984
0.000191925
0.000202906
0.000202906
0.000191927
0.000170989
0.00014213
0.000108392
7.37934e-05
4.32526e-05
2.27271e-05
1.34094e-05
3.28164e-06
3.29221e-06
1.33281e-05
2.28168e-05
4.37579e-05
7.47345e-05
0.000109787
0.000143932
0.000173109
0.000194259
0.000205343
0.000205342
0.000194256
0.000173103
0.000143923
0.000109777
7.47257e-05
4.3753e-05
2.28128e-05
1.33256e-05
3.29218e-06
3.3031e-06
1.32461e-05
2.29084e-05
4.42881e-05
7.57165e-05
0.000111235
0.000145792
0.000175287
0.000196648
0.000207837
0.000207837
0.00019665
0.000175291
0.000145798
0.000111243
7.57237e-05
4.42921e-05
2.29118e-05
1.32485e-05
3.30315e-06
3.31446e-06
1.31723e-05
2.29966e-05
4.48236e-05
7.67232e-05
0.000112725
0.000147702
0.000177517
0.000199088
0.000210378
0.000210377
0.000199085
0.000177513
0.000147696
0.000112718
7.67162e-05
4.48195e-05
2.29934e-05
1.31701e-05
3.31443e-06
3.32609e-06
1.30962e-05
2.30807e-05
4.53795e-05
7.7767e-05
0.000114265
0.000149668
0.000179805
0.000201584
0.000212975
0.000212976
0.000201585
0.000179808
0.000149673
0.000114271
7.77729e-05
4.53829e-05
2.30834e-05
1.30985e-05
3.32612e-06
3.33817e-06
1.30289e-05
2.31605e-05
4.59428e-05
7.88406e-05
0.000115851
0.000151689
0.000182148
0.000204133
0.000215622
0.000215622
0.000204131
0.000182145
0.000151684
0.000115845
7.8835e-05
4.59395e-05
2.31579e-05
1.30268e-05
3.33815e-06
3.35057e-06
1.29598e-05
2.32364e-05
4.65279e-05
7.99574e-05
0.000117493
0.000153771
0.000184552
0.00020674
0.000218326
0.000218327
0.000206741
0.000184554
0.000153775
0.000117498
7.99621e-05
4.65308e-05
2.32386e-05
1.29619e-05
3.3506e-06
3.36344e-06
1.28996e-05
2.33106e-05
4.71246e-05
8.11106e-05
0.000119188
0.000155913
0.000187015
0.000209402
0.000221082
0.000221082
0.000209401
0.000187012
0.000155909
0.000119184
8.11064e-05
4.71221e-05
2.33085e-05
1.28977e-05
3.36342e-06
3.37667e-06
1.2838e-05
2.33868e-05
4.7748e-05
8.23147e-05
0.000120946
0.00015812
0.000189542
0.000212125
0.000223895
0.000223895
0.000212126
0.000189544
0.000158124
0.000120951
8.23185e-05
4.77504e-05
2.33887e-05
1.284e-05
3.3767e-06
3.39042e-06
1.27811e-05
2.34713e-05
4.8391e-05
8.35634e-05
0.000122764
0.000160393
0.000192132
0.000214904
0.000226761
0.00022676
0.000214903
0.00019213
0.00016039
0.000122761
8.35602e-05
4.83891e-05
2.34694e-05
1.27792e-05
3.3904e-06
3.40457e-06
1.25379e-05
2.35713e-05
4.907e-05
8.48711e-05
0.000124652
0.000162737
0.000194789
0.000217745
0.000229684
0.000229684
0.000217746
0.000194791
0.00016274
0.000124655
8.4874e-05
4.90719e-05
2.35729e-05
1.25399e-05
3.40459e-06
3.41854e-06
1.23295e-05
2.36909e-05
4.97793e-05
8.62315e-05
0.000126606
0.000165152
0.000197512
0.000220645
0.00023266
0.00023266
0.000220644
0.000197511
0.00016515
0.000126603
8.62292e-05
4.9778e-05
2.36917e-05
1.23276e-05
3.41852e-06
3.43268e-06
1.21197e-05
2.3842e-05
5.0536e-05
8.76591e-05
0.000128637
0.000167644
0.000200306
0.000223606
0.000235692
0.000235693
0.000223607
0.000200307
0.000167646
0.000128639
8.76612e-05
5.05371e-05
2.38413e-05
1.21216e-05
3.43269e-06
3.44652e-06
1.19451e-05
2.40092e-05
5.13303e-05
8.91469e-05
0.000130742
0.000170212
0.000203169
0.000226628
0.000238778
0.000238778
0.000226627
0.000203168
0.00017021
0.00013074
8.91454e-05
5.13297e-05
2.40098e-05
1.19434e-05
3.44651e-06
3.46025e-06
1.17718e-05
2.42121e-05
5.21806e-05
9.07107e-05
0.000132932
0.000172864
0.000206107
0.000229711
0.000241918
0.000241918
0.000229712
0.000206108
0.000172865
0.000132933
9.07122e-05
5.21812e-05
2.42119e-05
1.17733e-05
3.46026e-06
3.47351e-06
1.1633e-05
2.44468e-05
5.30747e-05
9.23428e-05
0.000135204
0.000175598
0.000209117
0.000232855
0.00024511
0.00024511
0.000232854
0.000209116
0.000175597
0.000135203
9.23419e-05
5.30746e-05
2.4447e-05
1.16317e-05
3.47349e-06
3.48634e-06
1.14967e-05
2.47118e-05
5.40314e-05
9.40585e-05
0.00013757
0.000178422
0.000212203
0.00023606
0.000248354
0.000248354
0.00023606
0.000212204
0.000178423
0.000137571
9.40595e-05
5.40318e-05
2.4712e-05
1.1498e-05
3.48635e-06
3.49846e-06
1.13888e-05
2.5013e-05
5.50406e-05
9.58513e-05
0.000140027
0.000181336
0.000215366
0.000239324
0.000251646
0.000251646
0.000239324
0.000215365
0.000181335
0.000140027
9.58509e-05
5.50406e-05
2.5013e-05
1.13877e-05
3.49845e-06
3.5098e-06
1.12907e-05
2.53464e-05
5.61182e-05
9.77384e-05
0.000142589
0.000184347
0.000218608
0.000242649
0.000254986
0.000254986
0.000242649
0.000218608
0.000184347
0.00014259
9.7739e-05
5.61184e-05
2.53467e-05
1.12919e-05
3.5098e-06
3.52011e-06
1.12183e-05
2.57192e-05
5.72579e-05
9.97139e-05
0.000145254
0.000187455
0.000221928
0.00024603
0.000258369
0.000258369
0.00024603
0.000221927
0.000187454
0.000145253
9.97137e-05
5.72579e-05
2.5719e-05
1.12172e-05
3.5201e-06
3.52924e-06
1.11551e-05
2.61275e-05
5.84741e-05
0.000101796
0.000148034
0.000190668
0.000225329
0.000249468
0.000261794
0.000261794
0.000249469
0.000225329
0.000190668
0.000148035
0.000101796
5.84743e-05
2.6128e-05
1.11563e-05
3.52924e-06
3.53695e-06
1.11177e-05
2.65796e-05
5.97628e-05
0.00010398
0.00015093
0.000193985
0.00022881
0.00025296
0.000265256
0.000265256
0.00025296
0.00022881
0.000193985
0.00015093
0.00010398
5.97629e-05
2.65793e-05
1.11168e-05
3.53694e-06
3.54301e-06
1.109e-05
2.70718e-05
6.11385e-05
0.000106287
0.000153956
0.000197416
0.000232373
0.000256502
0.00026875
0.00026875
0.000256502
0.000232374
0.000197417
0.000153957
0.000106287
6.11386e-05
2.70723e-05
1.1091e-05
3.54301e-06
3.54717e-06
1.10882e-05
2.76134e-05
6.26e-05
0.000108713
0.000157112
0.00020096
0.000236017
0.000260092
0.000272271
0.000272271
0.000260092
0.000236016
0.00020096
0.000157112
0.000108713
6.26e-05
2.7613e-05
1.10873e-05
3.54716e-06
3.54914e-06
1.10971e-05
2.82015e-05
6.41622e-05
0.000111278
0.000160413
0.000204626
0.000239742
0.000263725
0.000275812
0.000275812
0.000263725
0.000239742
0.000204626
0.000160414
0.000111278
6.41623e-05
2.8202e-05
1.1098e-05
3.54914e-06
3.54863e-06
1.11326e-05
2.88464e-05
6.58266e-05
0.000113984
0.000163861
0.000208412
0.000243546
0.000267396
0.000279367
0.000279367
0.000267396
0.000243546
0.000208412
0.000163861
0.000113984
6.58265e-05
2.88459e-05
1.11318e-05
3.54863e-06
3.54511e-06
1.11808e-05
2.95464e-05
6.76092e-05
0.00011685
0.000167472
0.000212329
0.000247429
0.000271099
0.000282927
0.000282927
0.000271099
0.000247429
0.000212329
0.000167472
0.00011685
6.76092e-05
2.95469e-05
1.11816e-05
3.5451e-06
3.53792e-06
1.12568e-05
3.03131e-05
6.95146e-05
0.00011988
0.000171248
0.000216375
0.000251388
0.000274828
0.000286482
0.000286482
0.000274828
0.000251388
0.000216375
0.000171248
0.00011988
6.95145e-05
3.03126e-05
1.12561e-05
3.53792e-06
3.52845e-06
1.1348e-05
3.11462e-05
7.15607e-05
0.000123098
0.000175208
0.000220559
0.000255421
0.000278574
0.000290022
0.000290022
0.000278574
0.000255421
0.000220558
0.000175208
0.000123098
7.15607e-05
3.11467e-05
1.13487e-05
3.52845e-06
3.51511e-06
1.14701e-05
3.20599e-05
7.37557e-05
0.000126509
0.000179355
0.000224879
0.000259524
0.000282329
0.000293536
0.000293536
0.000282329
0.000259523
0.000224879
0.000179355
0.000126509
7.37557e-05
3.20595e-05
1.14695e-05
3.51511e-06
3.49649e-06
1.16127e-05
3.30554e-05
7.61204e-05
0.00013014
0.000183708
0.000229345
0.000263691
0.000286082
0.00029701
0.00029701
0.000286082
0.000263691
0.000229345
0.000183708
0.00013014
7.61204e-05
3.30558e-05
1.16129e-05
3.49648e-06
3.47402e-06
1.1787e-05
3.41489e-05
7.86676e-05
0.000134
0.000188273
0.000233954
0.000267917
0.00028982
0.00030043
0.00030043
0.00028982
0.000267917
0.000233953
0.000188272
0.000134
7.86675e-05
3.41485e-05
1.1787e-05
3.47402e-06
3.44566e-06
1.19915e-05
3.53461e-05
8.14223e-05
0.00013812
0.000193068
0.000238711
0.000272195
0.000293532
0.00030378
0.00030378
0.000293532
0.000272195
0.000238711
0.000193068
0.000138119
8.14223e-05
3.53464e-05
1.19916e-05
3.44565e-06
3.4124e-06
1.22288e-05
3.66646e-05
8.44032e-05
0.000142513
0.000198103
0.000243615
0.000276515
0.000297202
0.000307043
0.000307043
0.000297202
0.000276515
0.000243615
0.000198103
0.000142513
8.4403e-05
3.66643e-05
1.22288e-05
3.4124e-06
3.37259e-06
1.25072e-05
3.81177e-05
8.76418e-05
0.000147215
0.000203397
0.000248669
0.000280867
0.000300814
0.000310202
0.000310202
0.000300814
0.000280867
0.000248669
0.000203397
0.000147215
8.76418e-05
3.81179e-05
1.25073e-05
3.37258e-06
3.3269e-06
1.2828e-05
3.97248e-05
9.11641e-05
0.000152246
0.000208958
0.000253868
0.000285237
0.00030435
0.000313237
0.000313237
0.00030435
0.000285236
0.000253867
0.000208958
0.000152246
9.1164e-05
3.97246e-05
1.2828e-05
3.3269e-06
3.27398e-06
1.32006e-05
4.15088e-05
9.50119e-05
0.000157646
0.000214806
0.000259209
0.00028961
0.000307792
0.00031613
0.00031613
0.000307792
0.00028961
0.000259209
0.000214806
0.000157646
9.50119e-05
4.1509e-05
1.32007e-05
3.27398e-06
3.21437e-06
1.36291e-05
4.34948e-05
9.92212e-05
0.000163443
0.000220951
0.000264684
0.000293966
0.000311117
0.000318858
0.000318858
0.000311117
0.000293966
0.000264684
0.000220951
0.000163443
9.92212e-05
4.34946e-05
1.36291e-05
3.21437e-06
3.14699e-06
1.41264e-05
4.57183e-05
0.000103849
0.000169684
0.000227409
0.000270283
0.000298286
0.000314304
0.000321405
0.000321405
0.000314304
0.000298286
0.000270283
0.000227409
0.000169683
0.000103848
4.57184e-05
1.41264e-05
3.14699e-06
3.07233e-06
1.47003e-05
4.82151e-05
0.000108945
0.000176404
0.000234186
0.00027599
0.000302543
0.000317329
0.000323751
0.000323751
0.000317329
0.000302543
0.00027599
0.000234186
0.000176404
0.000108945
4.8215e-05
1.47003e-05
3.07233e-06
2.98961e-06
1.53691e-05
5.10397e-05
0.000114588
0.00018366
0.000241296
0.000281785
0.000306709
0.00032017
0.000325879
0.000325879
0.00032017
0.000306709
0.000281785
0.000241296
0.00018366
0.000114588
5.10398e-05
1.53692e-05
2.98961e-06
2.89938e-06
1.61475e-05
5.42478e-05
0.000120853
0.000191497
0.000248734
0.000287635
0.000310748
0.000322803
0.000327776
0.000327776
0.000322803
0.000310748
0.000287635
0.000248734
0.000191497
0.000120853
5.42478e-05
1.61475e-05
2.89938e-06
2.80121e-06
1.70616e-05
5.79247e-05
0.000127849
0.000199976
0.0002565
0.000293505
0.000314624
0.000325205
0.000329432
0.000329432
0.000325205
0.000314624
0.000293505
0.0002565
0.000199976
0.000127849
5.79247e-05
1.70616e-05
2.80121e-06
2.6958e-06
1.81416e-05
6.2163e-05
0.000135686
0.000209149
0.000264573
0.000299342
0.000318291
0.000327354
0.000330843
0.000330843
0.000327354
0.000318291
0.000299342
0.000264572
0.000209149
0.000135686
6.2163e-05
1.81416e-05
2.6958e-06
2.58306e-06
1.94332e-05
6.71021e-05
0.000144522
0.000219081
0.000272922
0.000305083
0.000321705
0.000329233
0.000331992
0.000331992
0.000329233
0.000321705
0.000305083
0.000272922
0.000219081
0.000144522
6.71021e-05
1.94332e-05
2.58306e-06
2.46393e-06
2.09831e-05
7.29047e-05
0.000154522
0.000229814
0.000281486
0.000310645
0.000324815
0.000330837
0.000332879
0.000332879
0.000330837
0.000324815
0.000310644
0.000281486
0.000229814
0.000154522
7.29047e-05
2.09831e-05
2.46394e-06
2.33869e-06
2.28834e-05
7.98177e-05
0.000165915
0.000241396
0.00029018
0.000315929
0.000327568
0.000332164
0.000333602
0.000333602
0.000332164
0.000327568
0.000315929
0.00029018
0.000241396
0.000165915
7.98176e-05
2.28834e-05
2.33869e-06
2.2085e-06
2.52343e-05
8.81453e-05
0.000178945
0.000253826
0.000298867
0.000320816
0.000329912
0.000333144
0.000334153
0.000334153
0.000333144
0.000329912
0.000320816
0.000298867
0.000253826
0.000178945
8.81452e-05
2.52343e-05
2.20851e-06
2.07395e-06
2.82176e-05
9.83553e-05
0.000193939
0.000267068
0.000307358
0.000325176
0.000331844
0.000333904
0.000334513
0.000334513
0.000333904
0.000331844
0.000325176
0.000307358
0.000267068
0.000193939
9.83552e-05
2.82176e-05
2.07395e-06
1.93636e-06
3.20661e-05
0.000111061
0.00021123
0.000280971
0.000315385
0.000328853
0.0003332
0.000334472
0.00033478
0.00033478
0.000334472
0.0003332
0.000328853
0.000315385
0.000280971
0.00021123
0.000111061
3.20661e-05
1.93636e-06
1.79644e-06
3.71607e-05
0.000127215
0.000231225
0.000295243
0.000322611
0.000331765
0.000334129
0.0003348
0.00033494
0.00033494
0.0003348
0.000334129
0.000331765
0.000322611
0.000295243
0.000231225
0.000127215
3.71607e-05
1.79644e-06
1.65541e-06
4.39377e-05
0.000148161
0.000254263
0.0003093
0.000328588
0.000333554
0.000334803
0.000335047
0.00033508
0.00033508
0.000335047
0.000334803
0.000333554
0.000328588
0.0003093
0.000254263
0.000148161
4.39377e-05
1.65541e-06
1.51338e-06
5.28962e-05
0.00017646
0.00028058
0.000322148
0.000332504
0.000334604
0.0003351
0.000335168
0.000335172
0.000335172
0.000335168
0.0003351
0.000334604
0.000332504
0.000322148
0.00028058
0.00017646
5.28961e-05
1.51338e-06
1.36973e-06
6.8167e-05
0.000219584
0.000309504
0.000330909
0.000334527
0.000335273
0.000335315
0.000335296
0.000335287
0.000335287
0.000335296
0.000335315
0.000335273
0.000334527
0.000330909
0.000309504
0.000219584
6.8167e-05
1.36973e-06
1.23421e-06
0.000116558
0.000294184
0.000330906
0.00033481
0.000335356
0.000335357
0.000335342
0.000335343
0.000335345
0.000335345
0.000335343
0.000335342
0.000335357
0.000335356
0.00033481
0.000330906
0.000294184
0.000116558
1.23421e-06
)
;

boundaryField
{
    outlet
    {
        type            calculated;
        value           nonuniform List<scalar> 
20
(
7.09031e-06
7.53722e-05
0.000115184
0.000136992
0.00013961
0.000126384
0.000110852
0.000100208
8.28131e-05
7.40757e-05
7.96212e-05
9.82883e-05
0.000106198
0.000120329
0.000136988
0.000148805
0.000141739
0.000117076
7.50432e-05
6.98145e-06
)
;
    }
    inlet1
    {
        type            calculated;
        value           nonuniform List<scalar> 
20
(
1.16508e-06
0.00021037
0.000211615
0.000274866
0.00033541
0.00033541
0.00033541
0.00033541
0.00033541
0.00033541
0.00033541
0.00033541
0.00033541
0.00033541
0.00033541
0.00033541
0.000274867
0.000211616
0.000210371
1.16508e-06
)
;
    }
    inlet2
    {
        type            calculated;
        value           nonuniform List<scalar> 
20
(
1.16508e-06
0.00021037
0.000211615
0.000274867
0.00033541
0.00033541
0.00033541
0.00033541
0.00033541
0.00033541
0.00033541
0.00033541
0.00033541
0.00033541
0.00033541
0.00033541
0.000274868
0.000211616
0.00021037
1.16508e-06
)
;
    }
    frontAndBack
    {
        type            empty;
    }
    defaultFaces
    {
        type            nutkWallFunction;
        Cmu             0.09;
        kappa           0.41;
        E               9.8;
        value           nonuniform List<scalar> 
620
(
2.28783e-06
2.28954e-06
2.2897e-06
2.28948e-06
2.28854e-06
2.28809e-06
2.28682e-06
2.2862e-06
2.28477e-06
2.28405e-06
2.28253e-06
2.28167e-06
2.28011e-06
2.27907e-06
2.27747e-06
2.27625e-06
2.27461e-06
2.27321e-06
2.27152e-06
2.26995e-06
2.26819e-06
2.26648e-06
2.26466e-06
2.26282e-06
2.26093e-06
2.25899e-06
2.25703e-06
2.25498e-06
2.25293e-06
2.25077e-06
2.24861e-06
2.24634e-06
2.24406e-06
2.24167e-06
2.23925e-06
2.23672e-06
2.23414e-06
2.23144e-06
2.22868e-06
2.22577e-06
2.22275e-06
2.21955e-06
2.21619e-06
2.21261e-06
2.20881e-06
2.20474e-06
2.20039e-06
2.19571e-06
2.19068e-06
2.18526e-06
2.17943e-06
2.17315e-06
2.16637e-06
2.15893e-06
2.15078e-06
2.14175e-06
2.13224e-06
2.12222e-06
2.11171e-06
2.10067e-06
2.08914e-06
2.07711e-06
2.06456e-06
2.05151e-06
2.03782e-06
2.0236e-06
2.00866e-06
1.9931e-06
1.97663e-06
1.9593e-06
1.94102e-06
1.92166e-06
1.90122e-06
1.87956e-06
1.85668e-06
1.8325e-06
1.80704e-06
1.7803e-06
1.75235e-06
1.72327e-06
1.69313e-06
1.66195e-06
1.62939e-06
1.59419e-06
1.55498e-06
1.51347e-06
1.4676e-06
1.41587e-06
1.35539e-06
1.28175e-06
1.18773e-06
1.06079e-06
8.84025e-07
6.38151e-07
2.9878e-07
1.19585e-07
1.89799e-07
5.75897e-07
9.01868e-07
1.00089e-06
2.21057e-06
2.21182e-06
2.21183e-06
2.21107e-06
2.21004e-06
2.20921e-06
2.20776e-06
2.20689e-06
2.20527e-06
2.20431e-06
2.20264e-06
2.20156e-06
2.19987e-06
2.19863e-06
2.19692e-06
2.19553e-06
2.19379e-06
2.19223e-06
2.19043e-06
2.18871e-06
2.18684e-06
2.18497e-06
2.183e-06
2.18099e-06
2.17894e-06
2.17681e-06
2.17466e-06
2.17244e-06
2.17022e-06
2.16792e-06
2.16562e-06
2.16323e-06
2.16085e-06
2.15837e-06
2.15589e-06
2.15332e-06
2.15074e-06
2.14808e-06
2.14541e-06
2.14265e-06
2.13987e-06
2.137e-06
2.1341e-06
2.13111e-06
2.12805e-06
2.12487e-06
2.12158e-06
2.1181e-06
2.11447e-06
2.1106e-06
2.10653e-06
2.10219e-06
2.09761e-06
2.09275e-06
2.08763e-06
2.08228e-06
2.07664e-06
2.07055e-06
2.06401e-06
2.05675e-06
2.04872e-06
2.03958e-06
2.02925e-06
2.01866e-06
2.00718e-06
1.99543e-06
1.98284e-06
1.96985e-06
1.95594e-06
1.94142e-06
1.926e-06
1.90973e-06
1.89209e-06
1.87346e-06
1.85321e-06
1.83162e-06
1.80814e-06
1.78294e-06
1.75557e-06
1.72611e-06
1.69423e-06
1.65994e-06
1.62297e-06
1.58331e-06
1.54063e-06
1.49439e-06
1.4426e-06
1.38159e-06
1.30833e-06
1.21889e-06
1.10277e-06
9.46795e-07
7.43377e-07
5.09327e-07
2.35214e-07
1.12829e-07
1.65332e-07
5.47208e-07
8.89537e-07
9.9519e-07
2.96271e-07
1.96097e-07
7.97405e-08
0
0
0
0
0
0
0
0
0
0
0
0
0
0
8.09339e-08
2.01831e-07
3.03323e-07
3.79116e-07
4.39268e-07
4.96141e-07
5.49854e-07
6.005e-07
6.48317e-07
6.93206e-07
7.35242e-07
7.74284e-07
8.1043e-07
8.43574e-07
8.73871e-07
9.0126e-07
9.25954e-07
9.47922e-07
9.67427e-07
9.84445e-07
9.99284e-07
1.01191e-06
1.02266e-06
1.03147e-06
1.03872e-06
1.04429e-06
1.04862e-06
1.05149e-06
1.05342e-06
1.05407e-06
1.05381e-06
1.05301e-06
1.05136e-06
1.04901e-06
1.0461e-06
1.04271e-06
1.03889e-06
1.03471e-06
1.03024e-06
1.02552e-06
1.02059e-06
1.01551e-06
1.0103e-06
1.00503e-06
9.9969e-07
9.94362e-07
9.89e-07
9.83719e-07
9.78427e-07
9.73274e-07
9.68276e-07
9.63401e-07
9.5867e-07
9.5405e-07
9.49569e-07
9.45191e-07
9.40952e-07
9.36813e-07
9.32816e-07
9.28916e-07
9.25163e-07
9.21503e-07
9.17993e-07
9.14571e-07
9.11301e-07
9.08113e-07
9.05078e-07
9.02119e-07
8.99313e-07
8.96576e-07
8.93992e-07
8.9147e-07
8.89102e-07
8.86792e-07
8.84636e-07
8.82538e-07
8.80595e-07
8.78717e-07
8.77e-07
8.75365e-07
8.73903e-07
8.72561e-07
8.71434e-07
8.70508e-07
8.69817e-07
8.69471e-07
8.69608e-07
8.70098e-07
8.7132e-07
8.72989e-07
8.76525e-07
8.79897e-07
8.86923e-07
8.92812e-07
9.05006e-07
9.14436e-07
9.33958e-07
9.48013e-07
9.7856e-07
9.9571e-07
1.03227e-06
1.03479e-06
1.04376e-06
3.79117e-07
4.39267e-07
4.96141e-07
5.49854e-07
6.005e-07
6.48317e-07
6.93206e-07
7.35242e-07
7.74284e-07
8.10429e-07
8.43574e-07
8.7387e-07
9.0126e-07
9.25954e-07
9.47922e-07
9.67426e-07
9.84444e-07
9.99282e-07
1.0119e-06
1.02266e-06
1.03147e-06
1.03872e-06
1.04429e-06
1.04862e-06
1.05149e-06
1.05342e-06
1.05407e-06
1.05381e-06
1.05301e-06
1.05136e-06
1.04901e-06
1.0461e-06
1.0427e-06
1.03889e-06
1.03471e-06
1.03024e-06
1.02552e-06
1.02058e-06
1.01551e-06
1.0103e-06
1.00504e-06
9.99688e-07
9.94364e-07
9.88997e-07
9.83723e-07
9.78423e-07
9.73278e-07
9.68271e-07
9.63406e-07
9.58664e-07
9.54056e-07
9.49561e-07
9.45198e-07
9.40942e-07
9.3682e-07
9.32802e-07
9.28922e-07
9.25144e-07
9.21506e-07
9.17967e-07
9.14568e-07
9.11263e-07
9.08099e-07
9.0502e-07
9.02083e-07
8.99222e-07
8.96499e-07
8.93843e-07
8.91322e-07
8.88855e-07
8.86519e-07
8.84219e-07
8.82045e-07
8.79887e-07
8.77843e-07
8.75787e-07
8.73828e-07
8.71818e-07
8.69876e-07
8.67825e-07
8.6579e-07
8.63558e-07
8.61257e-07
8.58618e-07
8.55762e-07
8.5234e-07
8.48439e-07
8.43597e-07
8.37814e-07
8.30441e-07
8.213e-07
8.09454e-07
7.9441e-07
7.74742e-07
7.49297e-07
7.15689e-07
6.7173e-07
6.1237e-07
5.32502e-07
4.17514e-07
1.04341e-06
1.03395e-06
1.03101e-06
9.94081e-07
9.76833e-07
9.46755e-07
9.32855e-07
9.13578e-07
9.04267e-07
8.92252e-07
8.86451e-07
8.79546e-07
8.76233e-07
8.72778e-07
8.71147e-07
8.69974e-07
8.69509e-07
8.69386e-07
8.69771e-07
8.70456e-07
8.7141e-07
8.72529e-07
8.73893e-07
8.75346e-07
8.76997e-07
8.78705e-07
8.80595e-07
8.8253e-07
8.84637e-07
8.86787e-07
8.89104e-07
8.91467e-07
8.93994e-07
8.96573e-07
8.99316e-07
9.02117e-07
9.05081e-07
9.08111e-07
9.11303e-07
9.14569e-07
9.17994e-07
9.21502e-07
9.25164e-07
9.28915e-07
9.32817e-07
9.36812e-07
9.40953e-07
9.4519e-07
9.4957e-07
9.54049e-07
9.58671e-07
9.634e-07
9.68276e-07
9.73273e-07
9.78427e-07
9.83718e-07
9.89e-07
9.94361e-07
9.99691e-07
1.00503e-06
1.0103e-06
1.01551e-06
1.02059e-06
1.02552e-06
1.03024e-06
1.03471e-06
1.03889e-06
1.04271e-06
1.0461e-06
1.04901e-06
1.05136e-06
1.05301e-06
1.05381e-06
1.05407e-06
1.05342e-06
1.05149e-06
1.04862e-06
1.04429e-06
1.03872e-06
1.03147e-06
1.02266e-06
1.0119e-06
9.99283e-07
9.84445e-07
9.67426e-07
9.47922e-07
9.25954e-07
9.0126e-07
8.73871e-07
8.43574e-07
8.1043e-07
7.74284e-07
7.35242e-07
6.93206e-07
6.48317e-07
6.005e-07
5.49854e-07
4.96141e-07
4.39267e-07
3.79116e-07
4.24098e-07
5.37671e-07
6.16137e-07
6.74635e-07
7.17834e-07
7.50959e-07
7.75974e-07
7.9536e-07
8.10163e-07
8.21843e-07
8.30848e-07
8.38124e-07
8.43832e-07
8.48616e-07
8.52476e-07
8.55862e-07
8.58697e-07
8.61313e-07
8.63603e-07
8.65821e-07
8.67851e-07
8.69892e-07
8.71834e-07
8.73837e-07
8.75797e-07
8.77847e-07
8.79893e-07
8.82047e-07
8.84224e-07
8.8652e-07
8.88858e-07
8.91323e-07
8.93846e-07
8.96499e-07
8.99224e-07
9.02083e-07
9.05022e-07
9.08099e-07
9.11264e-07
9.14568e-07
9.17967e-07
9.21506e-07
9.25145e-07
9.28922e-07
9.32803e-07
9.3682e-07
9.40942e-07
9.45198e-07
9.49561e-07
9.54057e-07
9.58664e-07
9.63407e-07
9.6827e-07
9.73279e-07
9.78423e-07
9.83723e-07
9.88996e-07
9.94365e-07
9.99687e-07
1.00504e-06
1.0103e-06
1.01551e-06
1.02058e-06
1.02552e-06
1.03023e-06
1.03471e-06
1.03889e-06
1.04271e-06
1.0461e-06
1.04901e-06
1.05136e-06
1.05301e-06
1.05381e-06
1.05407e-06
1.05342e-06
1.05149e-06
1.04862e-06
1.04429e-06
1.03872e-06
1.03147e-06
1.02266e-06
1.0119e-06
9.99283e-07
9.84444e-07
9.67426e-07
9.47921e-07
9.25954e-07
9.01259e-07
8.7387e-07
8.43574e-07
8.10429e-07
7.74284e-07
7.35242e-07
6.93206e-07
6.48317e-07
6.005e-07
5.49854e-07
4.96141e-07
4.39267e-07
3.79116e-07
)
;
    }
}


// ************************************************************************* //
