/*--------------------------------*- C++ -*----------------------------------*\
| =========                 |                                                 |
| \\      /  F ield         | OpenFOAM: The Open Source CFD Toolbox           |
|  \\    /   O peration     | Version:  2.1.0                                 |
|   \\  /    A nd           | Web:      www.OpenFOAM.org                      |
|    \\/     M anipulation  |                                                 |
\*---------------------------------------------------------------------------*/
FoamFile
{
    version     2.0;
    format      ascii;
    class       volScalarField;
    location    "0.4";
    object      omega;
}
// * * * * * * * * * * * * * * * * * * * * * * * * * * * * * * * * * * * * * //

dimensions      [0 0 -1 0 0 0 0];

internalField   nonuniform List<scalar> 
6400
(
1644.79
1645.78
1645.86
1645.74
1645.2
1644.94
1644.21
1643.86
1643.04
1642.62
1641.75
1641.26
1640.36
1639.76
1638.85
1638.15
1637.21
1636.4
1635.43
1634.53
1633.52
1632.54
1631.5
1630.45
1629.36
1628.25
1627.12
1625.95
1624.77
1623.54
1622.3
1621
1619.7
1618.33
1616.94
1615.49
1614.02
1612.48
1610.89
1609.23
1607.5
1605.67
1603.75
1601.7
1599.53
1597.21
1594.72
1592.05
1589.18
1586.09
1582.76
1579.18
1575.32
1571.08
1566.44
1561.3
1555.89
1550.2
1544.23
1537.96
1531.43
1524.61
1517.51
1510.12
1502.39
1494.36
1485.94
1477.17
1467.9
1458.16
1447.9
1437.05
1425.61
1413.51
1400.74
1387.28
1373.13
1358.3
1342.83
1326.78
1310.19
1293.06
1275.23
1256.01
1234.68
1212.18
1187.43
1159.65
1127.37
1088.35
1039.04
973.413
884.069
764.493
611.3
537.991
565.958
735.236
892.967
942.85
689.573
689.747
690.948
691.879
693.221
694.56
695.95
697.496
698.948
700.62
702.152
703.917
705.543
707.388
709.116
711.036
712.871
714.869
716.811
718.89
720.943
723.111
725.278
727.547
729.841
732.23
734.665
737.196
739.792
742.483
745.256
748.128
751.095
754.171
757.359
760.669
764.111
767.698
771.41
775.264
779.263
783.417
787.732
792.216
796.879
801.728
806.772
812.02
817.483
823.169
829.091
835.261
841.673
848.331
855.247
862.417
869.913
877.748
885.942
894.51
903.486
912.892
922.764
933.131
944.038
955.533
967.537
980.011
993.057
1006.82
1021.3
1036.57
1052.68
1069.69
1087.69
1106.74
1126.95
1148.42
1171.27
1195.65
1221.74
1249.83
1279.48
1309.89
1342.02
1374.77
1407.74
1439.68
1469.34
1495.09
1513.75
1522.32
1524.03
1509.71
1474.38
1395.11
1285.12
1150.81
1005.87
848.252
500.508
503.628
505.114
508.145
510.149
513.218
515.543
518.652
521.227
524.399
527.193
530.454
533.455
536.828
540.033
543.541
546.951
550.616
554.232
558.06
561.883
565.892
569.928
574.132
578.392
582.806
587.294
591.931
596.663
601.543
606.536
611.679
616.95
622.376
627.943
633.672
639.551
645.595
651.848
658.285
664.911
671.755
678.814
686.106
693.638
701.422
709.469
717.791
726.396
735.295
744.492
753.992
763.809
773.953
784.435
795.272
806.492
818.108
830.139
842.598
855.505
868.872
882.712
897.036
911.85
927.156
942.996
959.401
976.275
993.502
1011.09
1028.95
1047.06
1065.34
1083.77
1102.29
1120.88
1139.52
1158.21
1176.97
1195.82
1214.78
1233.87
1253.13
1272.53
1291.87
1310.98
1329.35
1346.29
1360.64
1368.52
1371.36
1364.89
1338.72
1290.16
1210.44
1102.04
960.843
797.29
628.063
451.297
456.237
458.424
462.789
465.558
469.899
473.084
477.428
480.953
485.346
489.169
493.653
497.752
502.365
506.73
511.503
516.129
521.089
525.982
531.158
536.325
541.738
547.186
552.853
558.585
564.517
570.538
576.746
583.063
589.562
596.187
602.992
609.939
617.067
624.35
631.819
639.454
647.28
655.265
663.45
671.833
680.39
689.135
698.058
707.158
716.429
725.867
735.463
745.209
755.097
765.117
775.258
785.511
795.867
806.313
816.846
827.453
838.13
848.861
859.639
870.448
881.28
892.114
902.939
913.727
924.46
935.147
945.781
956.327
966.774
977.087
987.254
997.218
1006.92
1016.35
1025.39
1034.02
1042.08
1049.53
1056.17
1061.9
1066.51
1069.52
1070.89
1071.2
1068.68
1063.83
1055.78
1044.35
1028.7
1008.27
982.067
948.849
906.835
854.016
788.616
712.076
629.125
552.92
496.64
440.023
446.046
448.66
453.888
457.169
462.35
466.102
471.262
475.388
480.569
485.014
490.256
494.982
500.319
505.303
510.759
515.981
521.575
527.025
532.775
538.445
544.359
550.238
556.32
562.399
568.649
574.922
581.342
587.793
594.369
600.983
607.703
614.461
621.308
628.192
635.148
642.135
649.177
656.241
663.341
670.447
677.582
684.713
691.852
698.973
706.082
713.156
720.198
727.186
734.122
740.988
747.782
754.488
761.104
767.604
774.002
780.288
786.434
792.406
798.179
803.727
809.012
814.006
818.667
822.962
826.849
830.288
833.234
835.641
837.464
838.483
838.907
838.947
837.715
835.988
833.088
829.455
824.643
818.916
811.973
803.966
794.698
784.258
772.606
759.783
745.705
730.58
714.248
696.866
678.236
658.347
636.822
613.527
587.734
558.798
527.576
495.165
465.331
444.227
432.58
430.367
436.285
438.821
443.913
447.039
452.051
455.569
460.493
464.298
469.157
473.183
478.001
482.202
487
491.341
496.131
500.582
505.372
509.91
514.7
519.301
524.092
528.736
533.519
538.186
542.952
547.62
552.406
557.123
561.918
566.647
571.419
576.122
580.838
585.477
590.098
594.63
599.116
603.497
607.802
611.984
616.06
619.98
623.773
627.376
630.823
634.05
637.085
639.87
642.426
644.7
646.704
648.391
649.768
650.789
651.504
651.854
651.973
651.753
651.019
649.966
648.409
646.469
644.03
641.167
637.814
634.02
629.75
625.038
619.872
614.279
608.304
601.965
595.262
588.278
580.969
573.441
565.644
557.737
549.66
541.505
533.281
525.069
516.871
508.749
500.671
492.562
484.425
476.334
468.155
459.906
451.424
442.679
433.489
423.991
414.652
406.895
403.188
402.153
402.134
400.607
405.365
407.382
411.429
413.826
417.785
420.411
424.247
427.017
430.727
433.588
437.177
440.088
443.561
446.49
449.849
452.765
456.008
458.885
462.006
464.819
467.811
470.526
473.347
475.931
478.559
480.977
483.439
485.698
487.943
489.976
491.947
493.691
495.336
496.738
498.006
499.017
499.865
500.443
500.757
500.875
500.863
500.403
499.849
498.898
497.802
496.344
494.711
492.745
490.592
488.134
485.489
482.573
479.483
476.185
472.724
469.045
465.242
461.268
457.207
453.043
448.831
444.574
440.307
436.031
431.782
427.644
423.585
419.695
415.936
412.395
409.009
405.842
402.859
400.118
397.573
395.269
393.138
391.273
389.564
388.124
386.833
385.775
384.843
384.094
383.426
382.878
382.358
381.882
381.383
380.896
380.408
380.107
379.994
380.502
381.781
384.311
388.905
392.604
393.666
353.685
357.036
358.415
361.126
362.595
365.157
366.633
368.993
370.425
372.557
373.901
375.799
377.017
378.674
379.735
381.141
382.018
383.16
383.827
384.691
385.123
385.649
385.89
386.016
386.043
385.886
385.558
385.041
384.289
383.379
382.214
380.911
379.348
377.663
375.735
373.705
371.448
369.108
366.568
363.964
361.203
358.396
355.457
352.517
349.477
346.473
343.409
340.416
337.402
334.491
331.598
328.812
326.136
323.611
321.215
318.992
316.937
315.087
313.437
312.018
310.829
309.892
309.206
308.856
308.716
308.713
309.169
309.688
310.617
311.64
313.029
314.532
316.358
318.309
320.546
322.911
325.526
328.266
331.207
334.282
337.541
340.905
344.413
347.99
351.665
355.37
359.12
362.856
366.594
370.293
373.982
377.659
381.394
385.234
389.411
394.197
399.8
406.785
412.338
414.602
293.449
294.464
294.833
295.449
295.728
296.101
296.252
296.339
296.341
296.212
295.91
295.591
295.01
294.474
293.629
292.861
291.765
290.761
289.428
288.192
286.639
285.184
283.455
281.817
279.957
278.165
276.198
274.295
272.263
270.305
268.259
266.302
264.298
262.398
260.482
258.682
256.907
255.258
253.674
252.224
250.876
249.671
248.597
247.679
246.914
246.319
245.907
245.706
245.636
245.74
246.134
246.685
247.451
248.381
249.517
250.828
252.34
254.032
255.92
257.993
260.259
262.712
265.356
268.193
271.218
274.444
277.85
281.446
285.235
289.211
293.389
297.76
302.342
307.123
312.126
317.337
322.78
328.442
334.347
340.479
346.861
353.478
360.349
367.459
374.817
382.405
390.223
398.244
406.459
414.835
423.359
432.009
440.787
449.711
458.853
468.435
479.164
490.788
502.459
508.222
237.239
235.983
235.43
234.276
233.549
232.334
231.462
230.186
229.204
227.874
226.807
225.449
224.323
222.959
221.804
220.46
219.307
218.009
216.889
215.664
214.608
213.484
212.524
211.526
210.689
209.839
209.15
208.471
207.954
207.465
207.14
206.879
206.758
206.715
206.766
206.987
207.282
207.736
208.279
208.974
209.773
210.717
211.766
212.956
214.257
215.696
217.249
218.938
220.742
222.685
224.748
226.948
229.26
231.705
234.265
236.957
239.769
242.715
245.782
248.989
252.321
255.798
259.406
263.165
267.062
271.119
275.324
279.698
284.232
288.949
293.84
298.928
304.208
309.703
315.41
321.353
327.534
333.974
340.682
347.681
354.981
362.609
370.582
378.928
387.67
396.841
406.473
416.609
427.291
438.574
450.52
463.203
476.711
491.151
506.638
523.256
541.001
559.492
574.192
580.75
262.551
262.011
261.701
261.071
260.54
259.781
259.042
258.136
257.207
256.146
255.044
253.829
252.584
251.231
249.861
248.409
246.94
245.42
243.886
242.333
240.771
239.218
237.666
236.151
234.649
233.208
231.795
230.464
229.178
227.991
226.868
225.859
224.93
224.129
223.427
222.863
222.415
222.129
221.992
221.951
222.085
222.395
222.819
223.417
224.135
225.025
226.04
227.222
228.534
230.01
231.617
233.386
235.288
237.347
239.548
241.904
244.383
247.025
249.786
252.714
255.76
258.977
262.317
265.83
269.473
273.292
277.25
281.39
285.679
290.158
294.801
299.643
304.663
309.896
315.33
320.994
326.877
333.01
339.387
346.039
352.964
360.192
367.729
375.606
383.831
392.439
401.446
410.886
420.782
431.174
442.095
453.612
465.8
478.744
492.578
507.445
523.441
540.216
553.977
560.207
321.794
323.497
324.158
325.363
325.952
326.956
327.44
328.205
328.566
329.071
329.294
329.438
329.463
329.36
329.022
328.663
328.012
327.379
326.431
325.519
324.29
323.102
321.609
320.16
318.424
316.734
314.794
312.888
310.761
308.684
306.411
304.202
301.829
299.534
297.109
294.774
292.344
290.022
287.648
285.396
283.135
281.012
278.95
277.045
275.237
273.603
272.098
270.785
269.63
268.683
267.917
267.373
267.091
266.982
266.996
267.408
267.861
268.672
269.56
270.779
272.102
273.727
275.476
277.502
279.669
282.094
284.672
287.472
290.428
293.59
296.908
300.424
304.09
307.952
311.965
316.17
320.523
325.061
329.746
334.608
339.595
344.735
349.989
355.378
360.864
366.466
372.148
377.924
383.768
389.693
395.689
401.761
407.917
414.341
421.15
428.77
437.505
447.791
458.684
464.41
371.863
375.329
376.77
379.592
381.17
383.856
385.481
387.99
389.61
391.928
393.515
395.651
397.188
399.121
400.552
402.269
403.549
405.031
406.121
407.346
408.211
409.157
409.767
410.412
410.739
410.98
411.058
411.058
410.735
410.376
409.718
408.996
407.994
406.913
405.57
404.142
402.435
400.578
398.457
396.199
393.7
391.08
388.252
385.331
382.236
379.071
375.794
372.47
369.089
365.696
362.296
358.923
355.587
352.31
349.101
346.016
343.064
340.284
337.645
335.219
332.967
330.951
329.141
327.592
326.266
325.208
324.367
323.783
323.478
323.357
323.353
323.748
324.192
324.96
325.776
326.856
327.98
329.309
330.667
332.176
333.757
335.477
337.256
339.151
341.095
343.155
345.259
347.473
349.745
352.146
354.651
357.355
360.259
363.443
366.893
370.981
376.109
382.723
387.582
389.372
408.506
413.319
415.365
419.434
421.876
425.835
428.514
432.335
435.159
438.841
441.756
445.354
448.368
451.888
454.958
458.402
461.491
464.854
467.929
471.199
474.23
477.395
480.352
483.393
486.245
489.139
491.865
494.585
497.139
499.659
502.007
504.29
506.391
508.398
510.209
511.897
513.418
514.837
516.046
517.102
517.913
518.515
518.808
518.917
518.829
518.32
517.64
516.577
515.292
513.652
511.761
509.539
507.056
504.268
501.225
497.908
494.357
490.577
486.627
482.493
478.215
473.762
469.19
464.513
459.763
454.961
450.129
445.367
440.645
436.046
431.557
427.253
423.106
419.187
415.391
411.838
408.429
405.266
402.246
399.451
396.732
394.222
391.767
389.47
387.192
385.042
382.879
380.796
378.676
376.616
374.533
372.552
370.635
369.183
368.132
367.743
368.556
372.32
375.443
376.336
424.29
430.106
432.604
437.588
440.679
445.578
449.068
453.89
457.678
462.453
466.477
471.238
475.457
480.225
484.603
489.393
493.903
498.722
503.342
508.192
512.901
517.781
522.559
527.465
532.294
537.215
542.078
547.005
551.884
556.806
561.688
566.59
571.447
576.302
581.101
585.874
590.606
595.332
599.996
604.625
609.166
613.639
618.002
622.266
626.39
630.372
634.194
637.831
641.276
644.499
647.494
650.23
652.697
654.867
656.728
658.252
659.426
660.164
660.503
660.589
660.134
659.399
658.212
656.654
654.62
652.162
649.218
645.825
641.947
637.617
632.813
627.567
621.869
615.76
609.325
602.525
595.405
588.014
580.314
572.398
564.204
555.863
547.278
538.568
529.632
520.511
511.142
501.54
491.529
481.055
470.184
458.744
446.755
434.145
421.608
408.864
398.12
391.508
388.67
387.398
425.492
431.171
433.642
438.552
441.657
446.517
450.072
454.915
458.833
463.708
467.93
472.871
477.363
482.406
487.152
492.324
497.309
502.63
507.843
513.328
518.762
524.419
530.067
535.903
541.757
547.772
553.824
560.017
566.257
572.621
579.042
585.57
592.157
598.84
605.583
612.412
619.301
626.265
633.279
640.357
647.477
654.645
661.847
669.082
676.337
683.61
690.888
698.158
705.406
712.629
719.822
726.971
734.068
741.099
748.058
754.927
761.709
768.375
774.926
781.325
787.55
793.63
799.498
805.148
810.524
815.606
820.34
824.699
828.629
832.098
835.053
837.453
839.244
840.18
840.547
840.506
839.058
837.161
833.936
829.942
824.584
818.175
810.284
801.073
790.212
777.793
763.645
747.604
729.709
709.689
687.469
662.615
634.835
603.611
569.778
532.808
495.664
460.593
435.407
418.737
433.762
438.31
440.334
444.364
446.936
450.938
453.892
457.889
461.148
465.177
468.702
472.808
476.577
480.796
484.801
489.161
493.399
497.926
502.399
507.117
511.832
516.761
521.729
526.892
532.125
537.54
543.05
548.733
554.527
560.489
566.576
572.832
579.227
585.796
592.522
599.43
606.512
613.789
621.239
628.884
636.713
644.74
652.955
661.365
669.96
678.763
687.794
697.054
706.561
716.282
726.193
736.299
746.582
757.04
767.656
778.417
789.317
800.331
811.455
822.667
833.965
845.332
856.766
868.258
879.797
891.372
902.958
914.542
926.082
937.55
948.996
960.365
971.663
982.842
993.892
1004.74
1015.33
1025.62
1035.47
1044.83
1053.5
1061.37
1068.17
1073.68
1077.02
1078.44
1078.59
1074.08
1066.75
1054
1036.08
1010.83
977.23
932.802
877.215
807.375
725.208
634.502
553.238
488.468
481.184
483.944
485.279
488.014
489.835
492.608
494.72
497.529
499.864
502.729
505.263
508.21
510.934
513.978
516.876
520.035
523.108
526.398
529.65
533.086
536.523
540.122
543.751
547.526
551.356
555.322
559.362
563.535
567.799
572.191
576.686
581.314
586.058
590.94
595.948
601.097
606.379
611.804
617.415
623.199
629.183
635.368
641.775
648.417
655.316
662.466
669.857
677.506
685.407
693.596
702.1
710.926
720.095
729.614
739.496
749.744
760.386
771.423
782.88
794.769
807.116
819.937
833.262
847.131
861.544
876.536
892.106
908.282
925.063
942.476
960.569
979.021
997.98
1017.32
1037.02
1056.99
1077.19
1097.56
1118.05
1138.66
1159.33
1180.08
1200.85
1221.68
1242.62
1263.6
1284.42
1304.53
1323.44
1339.78
1349.6
1353.32
1348.49
1321.07
1271.29
1196.08
1093.14
963.559
802.477
630.344
664.64
664.589
665.619
666.378
667.554
668.703
669.919
671.263
672.53
673.992
675.33
676.876
678.299
679.915
681.43
683.114
684.726
686.481
688.192
690.023
691.834
693.746
695.659
697.658
699.678
701.773
703.904
706.109
708.367
710.7
713.103
715.593
718.166
720.834
723.6
726.475
729.468
732.59
735.825
739.191
742.69
746.331
750.123
754.07
758.183
762.462
766.92
771.562
776.403
781.454
786.727
792.232
797.985
803.997
810.287
816.876
823.751
830.944
838.467
846.332
854.557
863.145
872.111
881.6
891.545
902.051
913.084
924.735
936.996
949.945
963.344
977.633
992.637
1008.57
1025.39
1043.25
1062.16
1082.26
1103.6
1126.3
1150.46
1176.2
1203.63
1232.94
1264.12
1295.9
1328.44
1360.08
1389.29
1413.73
1427.71
1432.86
1430.65
1414.4
1382.44
1321.54
1233.49
1122.32
997.855
848.99
1600.53
1601.25
1601.25
1600.82
1600.23
1599.76
1598.93
1598.43
1597.51
1596.96
1596.01
1595.39
1594.42
1593.72
1592.74
1591.95
1590.95
1590.06
1589.04
1588.06
1586.99
1585.92
1584.8
1583.65
1582.48
1581.27
1580.04
1578.78
1577.51
1576.2
1574.89
1573.53
1572.17
1570.76
1569.35
1567.89
1566.42
1564.9
1563.38
1561.81
1560.23
1558.6
1556.95
1555.25
1553.51
1551.71
1549.84
1547.86
1545.8
1543.6
1541.29
1538.83
1536.23
1533.47
1530.58
1527.54
1524.35
1520.9
1517.2
1513.09
1508.55
1503.38
1497.55
1491.58
1485.1
1478.49
1471.4
1464.09
1456.27
1448.13
1439.48
1430.37
1420.5
1410.1
1398.81
1386.79
1373.74
1359.76
1344.61
1328.35
1310.79
1291.96
1271.72
1250.09
1226.89
1201.87
1173.98
1141.32
1102.39
1055.31
994.983
915.497
814.919
704.475
584.582
535.356
556.095
721.912
886.813
939.96
865.883
324.736
176.606
119.705
95.2664
82.3311
76.1285
73.1608
72.1888
74.0337
80.9539
97.4565
118.883
156.216
207.1
271.547
348.975
444.027
560.309
610.229
693.166
329.18
219.148
154.338
121.762
104.137
92.9373
87.4669
85.541
87.5356
99.6558
115.589
144.563
184.743
237.945
299.948
372.374
459.549
544.766
568.516
544.598
318.742
242.276
180.161
147.629
125.463
111.882
105.981
104.313
108.672
120.217
144.13
174.723
218.762
269.528
326.161
390.248
462.631
514.419
522.602
444.642
305.179
256.297
198.169
171.204
146.161
134.09
128.452
126.901
131.259
154.156
177.715
213.956
256.43
302.064
352.247
406.575
455.329
474.226
474.423
388.207
300.431
266.302
214.684
192.001
168.737
159.192
155.462
155.218
175.073
195.466
222.856
257.372
292.821
330.807
370.767
410.023
432.641
426.439
427.96
360.096
300.377
273.842
232.035
214.538
201.053
197.451
197.437
211.697
227.883
247.898
272.653
299.443
326.785
355.858
383.494
398.89
396.814
367.988
383.608
352.331
312.857
296.065
273.018
265.952
263.431
263.069
269.907
279.144
291.178
305.998
322.352
339.234
355.542
369.803
376.609
374.914
343.716
300.766
349.882
386.912
375.256
371.437
361.653
356.894
351.371
349.168
348.637
350.796
355.101
359.398
364.165
366.783
367.783
366.305
357.927
331.145
277.69
232.726
331.146
499.085
483.849
476.459
457.547
448.652
434.303
427.261
417.579
412.382
404.322
397.846
388.673
378.138
365.45
349.161
316.705
268.374
203.89
161.558
324.992
563.283
541.883
532.223
509.156
498.107
479.456
469.171
452.33
440.762
423.843
409.676
390.444
370.362
341.698
302.167
251.812
198.004
143.451
116.978
328.216
544.424
524.268
515.209
493.45
483.06
465.659
456.335
441.363
431.165
416.5
403.988
387.43
369.682
345.105
309.392
259.643
203.559
143.668
114.363
326.69
457.658
446.464
440.846
424.887
417.591
406.633
401.369
395.695
392.893
389.455
385.975
381.295
374.263
364.772
353.394
326.933
279.346
212.032
170.844
324.536
358.922
343.808
338.817
330.865
327.466
324.359
323.517
326.153
331.022
338.554
346.57
354.809
362.477
366.294
367.642
363.24
339.646
287.045
239.431
325.83
336.665
296.785
279.251
254.051
245.655
242.688
242.496
250.871
261.585
275.58
292.913
311.733
331.963
352.093
370.567
379.756
380.952
352.342
307.742
335.569
346.769
288.168
262.273
221.03
203.616
189.111
184.767
184.285
198.077
215.343
236.812
263.13
291.945
321.667
353.776
385.632
403.672
404.799
374.426
370.218
374.49
289.301
256.019
206.254
184.303
161.47
151.815
147.736
147.139
165.176
186.55
214.611
250.444
287.654
327.714
370.149
413.989
438.697
433.745
420.33
429.562
293.985
246.204
189.998
163.824
140.055
128.545
123.197
121.743
125.956
147.107
171.3
207.637
251.214
298.64
350.853
407.683
460.328
480.527
471.633
531.569
308.211
233.678
173.709
141.918
120.374
107.412
101.73
100.151
104.687
116.022
139.007
169.925
213.842
265.765
324.068
390.655
467.058
518.653
523.057
686.645
318.097
211.246
148.249
116.985
99.8556
89.516
84.4205
82.6334
84.6735
96.1516
112.078
140.571
180.759
234.232
297.34
371.247
461.078
548.52
570.852
863.374
313.506
170.69
115.734
92.0739
79.5877
73.1977
70.4931
69.7105
72.0708
78.7565
94.3769
116.011
152.731
203.753
268.886
347.697
444.751
563.131
613.233
646.053
32.1745
12.7362
11.3229
11.19
11.171
11.1705
11.1708
11.1706
11.1705
11.1705
11.1706
11.1708
11.1705
11.171
11.19
11.3229
12.7362
32.1745
646.053
672.74
55.0629
17.0386
12.087
11.3039
11.1803
11.1547
11.1529
11.1534
11.1536
11.1536
11.1534
11.1529
11.1547
11.1803
11.3039
12.087
17.0386
55.0627
672.74
698.453
71.0937
21.1542
13.3033
11.5874
11.2261
11.1552
11.1382
11.1358
11.1355
11.1355
11.1358
11.1382
11.1552
11.2261
11.5874
13.3033
21.1542
71.0937
698.453
723.136
85.8503
25.1369
14.6461
12.0431
11.3371
11.1684
11.1265
11.1183
11.1171
11.1171
11.1183
11.1265
11.1684
11.3371
12.0431
14.6461
25.1368
85.8501
723.136
746.742
101.867
29.2065
16.0658
12.5885
11.5234
11.2064
11.1273
11.105
11.1003
11.1003
11.105
11.1273
11.2064
11.5234
12.5885
16.0658
29.2065
101.867
746.743
769.31
118.433
33.3669
17.5406
13.1971
11.7624
11.283
11.1366
11.0944
11.0843
11.0843
11.0944
11.1366
11.283
11.7624
13.1971
17.5405
33.3669
118.433
769.31
790.729
134.968
37.5677
19.0511
13.8502
12.0431
11.3872
11.16
11.0918
11.0718
11.0718
11.0918
11.16
11.3872
12.0431
13.8502
19.0511
37.5677
134.968
790.729
810.982
151.251
41.7801
20.5851
14.5352
12.3571
11.5178
11.2031
11.0955
11.0625
11.0625
11.0955
11.2031
11.5178
12.3571
14.5352
20.5852
41.7801
151.251
810.982
829.955
167.078
45.9691
22.1303
15.2422
12.6968
11.6708
11.2604
11.1065
11.0594
11.0594
11.1065
11.2604
11.6708
12.6968
15.2422
22.1303
45.9692
167.079
829.955
847.653
182.401
50.1208
23.6797
15.9647
13.0568
11.8431
11.3324
11.129
11.0619
11.0619
11.129
11.3324
11.8431
13.0568
15.9648
23.6797
50.1209
182.401
847.653
863.991
197.096
54.2105
25.2247
16.6968
13.4321
12.0315
11.4179
11.1609
11.0697
11.0697
11.1609
11.4179
12.0315
13.4321
16.6968
25.2248
54.2107
197.097
863.991
879.013
211.155
58.2321
26.7619
17.4347
13.8193
12.2335
11.5156
11.2021
11.0862
11.0862
11.2021
11.5156
12.2335
13.8193
17.4347
26.762
58.2323
211.155
879.012
892.663
224.491
62.1652
28.2844
18.1745
14.2149
12.4467
11.6242
11.2528
11.1113
11.1113
11.2528
11.6242
12.4467
14.2149
18.1745
28.2844
62.1653
224.492
892.663
905.026
237.119
66.0089
29.7907
18.9141
14.6169
12.6691
11.7427
11.3126
11.1446
11.1446
11.3126
11.7427
12.6691
14.617
18.9141
29.7909
66.0092
237.119
905.026
916.068
248.971
69.7458
31.2754
19.6506
15.023
12.899
11.8698
11.381
11.1861
11.1861
11.381
11.8698
12.899
15.023
19.6506
31.2754
69.7459
248.971
916.067
925.904
260.09
73.3781
32.7379
20.383
15.4319
13.1352
12.0048
11.4576
11.2357
11.2357
11.4576
12.0048
13.1352
15.4319
20.383
32.738
73.3783
260.089
925.904
934.512
270.424
76.8907
34.1734
21.1088
15.8417
13.3762
12.1466
11.5418
11.293
11.293
11.5418
12.1466
13.3762
15.8417
21.1088
34.1733
76.8907
270.424
934.512
942.037
280.035
80.2891
35.5825
21.8276
16.2519
13.6211
12.2944
11.6331
11.3579
11.3579
11.6331
12.2944
13.6211
16.2519
21.8277
35.5827
80.2893
280.035
942.036
948.451
288.886
83.5603
36.9607
22.5374
16.6609
13.8691
12.4475
11.7309
11.4299
11.4299
11.7309
12.4475
13.8691
16.6609
22.5374
36.9606
83.5603
288.886
948.45
953.925
297.051
86.7122
38.3097
23.2383
17.0685
14.1194
12.6053
11.8348
11.5085
11.5085
11.8348
12.6053
14.1194
17.0685
23.2384
38.3099
86.7125
297.051
953.924
958.416
304.506
89.7341
39.6249
23.9283
17.4735
14.3712
12.7671
11.9442
11.5934
11.5934
11.9442
12.7671
14.3712
17.4734
23.9282
39.6249
89.734
304.506
958.416
962.12
311.326
92.6355
40.9093
24.608
17.8757
14.6242
12.9325
12.0587
11.684
11.684
12.0587
12.9325
14.6242
17.8757
24.6081
40.9094
92.6358
311.326
962.12
964.967
317.505
95.4076
42.1579
25.2754
18.2741
14.8776
13.1009
12.1777
11.78
11.78
12.1777
13.1009
14.8776
18.2741
25.2754
42.1579
95.4075
317.505
964.966
967.18
323.103
98.0617
43.3751
25.9318
18.669
15.1313
13.2719
12.3009
11.8809
11.8809
12.3009
13.2719
15.1313
18.669
25.9319
43.3752
98.0621
323.103
967.179
968.649
328.147
100.59
44.5553
26.5749
19.0592
15.3846
13.445
12.4277
11.9862
11.9862
12.4277
13.445
15.3846
19.0592
26.5748
44.5553
100.59
328.146
968.648
969.635
332.654
103.005
45.7044
27.2064
19.4453
15.6374
13.62
12.5579
12.0955
12.0955
12.5579
13.62
15.6374
19.4453
27.2065
45.7046
103.005
332.655
969.634
969.97
336.705
105.299
46.816
27.8239
19.826
15.8892
13.7964
12.691
12.2085
12.2085
12.691
13.7964
15.8892
19.826
27.8238
46.816
105.299
336.703
969.969
969.834
340.242
107.488
47.8975
28.4297
20.2021
16.14
13.9741
12.8267
12.3248
12.3248
12.8267
13.9741
16.14
20.2021
28.4298
47.8976
107.488
340.243
969.833
969.425
343.403
109.561
48.9414
29.021
20.5725
16.3892
14.1525
12.9646
12.4441
12.4441
12.9646
14.1525
16.3892
20.5725
29.021
48.9414
109.561
343.4
969.424
968.579
346.141
111.539
49.9568
29.6007
20.9379
16.637
14.3316
13.1045
12.5659
12.5659
13.1045
14.3316
16.637
20.9379
29.6008
49.9569
111.539
346.142
968.578
967.379
348.534
113.406
50.9353
30.1659
21.2973
16.8828
14.511
13.2461
12.69
12.69
13.2461
14.511
16.8827
21.2972
30.1658
50.9352
113.406
348.53
967.378
965.891
350.552
115.188
51.8872
30.7196
21.6515
17.1267
14.6907
13.389
12.8161
12.8161
13.389
14.6907
17.1268
21.6515
30.7196
51.8872
115.187
350.554
965.89
964.155
352.265
116.864
52.8029
31.2587
21.9995
17.3684
14.8702
13.5331
12.944
12.944
13.5331
14.8702
17.3684
21.9994
31.2586
52.8029
116.864
352.261
964.154
962.205
353.658
118.465
53.6943
31.7868
22.3423
17.608
15.0495
13.6782
13.0733
13.0733
13.6782
15.0495
17.6081
22.3423
31.7869
53.6942
118.464
353.66
962.204
960.073
354.766
119.965
54.5507
32.3006
22.6787
17.8451
15.2284
13.8239
13.2039
13.2039
13.8239
15.2283
17.845
22.6786
32.3005
54.5507
119.965
354.762
960.073
957.789
355.615
121.399
55.3852
32.8038
23.0099
18.0798
15.4067
13.9702
13.3355
13.3355
13.9702
15.4067
18.0799
23.0099
32.8039
55.3851
121.398
355.617
957.788
955.381
356.175
122.736
56.186
33.293
23.3347
18.3118
15.5842
14.1168
13.468
13.468
14.1168
15.5842
18.3118
23.3346
33.2929
56.186
122.736
356.172
955.382
952.87
356.557
124.016
56.9675
33.7724
23.6544
18.5414
15.761
14.2636
13.6011
13.6011
14.2636
15.761
18.5415
23.6545
33.7725
56.9674
124.015
356.558
952.869
950.286
356.613
125.204
57.7167
34.238
23.9676
18.7681
15.9367
14.4103
13.7346
13.7346
14.4103
15.9366
18.768
23.9675
34.2378
57.7167
125.204
356.611
950.286
947.635
356.52
126.341
58.4494
34.6947
24.2759
18.9922
16.1114
14.557
13.8684
13.8684
14.557
16.1114
18.9923
24.2761
34.6948
58.4492
126.34
356.519
947.634
944.957
356.291
127.392
59.1511
35.1381
24.5779
19.2134
16.2848
14.7033
14.0024
14.0024
14.7033
16.2848
19.2132
24.5777
35.1378
59.1512
127.393
356.29
944.958
942.244
355.82
128.406
59.8395
35.5733
24.8751
19.4319
16.4571
14.8493
14.1364
14.1364
14.8494
16.4572
19.4321
24.8754
35.5735
59.8391
128.404
355.824
942.242
939.539
355.244
129.335
60.4987
35.9959
25.1662
19.6474
16.628
14.9948
14.2703
14.2703
14.9947
16.6279
19.6472
25.1659
35.9955
60.4988
129.338
355.237
939.54
936.82
354.505
130.251
61.149
36.4113
25.4527
19.8603
16.7975
15.1397
14.404
14.404
15.1398
16.7976
19.8605
25.4531
36.4117
61.1486
130.247
354.51
936.819
934.145
353.722
131.099
61.7743
36.8149
25.7334
20.0701
16.9655
15.2839
14.5373
14.5373
15.2838
16.9653
20.0699
25.7329
36.8142
61.7744
131.103
353.715
934.147
931.466
352.872
131.987
62.3993
37.2125
26.0097
20.2774
17.132
15.4273
14.6702
14.6703
15.4274
17.1322
20.2777
26.0103
37.2132
62.3992
131.982
352.876
931.464
928.859
352.024
132.869
63.0126
37.5999
26.2805
20.4816
17.2969
15.5699
14.8026
14.8025
15.5698
17.2967
20.4812
26.2799
37.5989
63.0127
132.873
352.019
928.861
926.333
351.164
133.826
63.6387
37.9833
26.5474
20.6833
17.4603
15.7116
14.9344
14.9344
15.7117
17.4605
20.6837
26.5482
37.9844
63.6388
133.82
351.166
926.331
923.871
350.422
134.84
64.2638
38.3588
26.8093
20.882
17.622
15.8522
15.0654
15.0654
15.8521
17.6217
20.8815
26.8084
38.3575
64.2636
134.846
350.42
923.874
921.484
349.753
135.976
64.912
38.7329
27.0679
21.0783
17.7821
15.9919
15.1958
15.1959
15.992
17.7824
21.0789
27.069
38.7346
64.9128
135.971
349.755
921.481
919.155
349.293
137.189
65.565
39.1016
27.3221
21.2718
17.9404
16.1304
15.3253
15.3252
16.1303
17.9402
21.2712
27.321
39.0997
65.5642
137.195
349.293
919.158
916.897
348.942
138.533
66.246
39.4712
27.5738
21.4631
18.0973
16.2679
15.4541
15.4541
16.2681
18.0977
21.4639
27.5752
39.4736
66.2479
138.528
348.943
916.893
914.693
348.851
139.937
66.9331
39.8374
27.8218
21.6517
18.2523
16.4041
15.5817
15.5816
16.404
18.252
21.651
27.8203
39.835
66.9315
139.943
348.853
914.696
912.56
348.916
141.463
67.6495
40.2064
28.0679
21.8384
18.4059
16.5394
15.7086
15.7087
16.5396
18.4065
21.8394
28.0699
40.2098
67.6528
141.46
348.918
912.555
910.479
349.098
143.022
68.3711
40.5735
28.3112
22.0226
18.5577
16.6731
15.8342
15.8342
16.6729
18.5572
22.0217
28.3093
40.5704
68.3687
143.028
349.101
910.482
908.471
349.471
144.676
69.1203
40.9447
28.5532
22.2052
18.7081
16.806
15.9592
15.9593
16.8063
18.7088
22.2066
28.5559
40.9493
69.1256
144.675
349.481
908.464
906.513
349.99
146.342
69.873
41.315
28.793
22.3855
18.8567
16.9373
16.0827
16.0826
16.937
18.8562
22.3844
28.7907
41.3112
69.8697
146.347
349.989
906.515
904.629
350.63
148.077
70.651
41.6902
29.0321
22.5644
19.0041
17.0677
16.2056
16.2058
17.0682
19.0051
22.5664
29.0357
41.6965
70.6592
148.081
350.645
904.62
902.794
351.376
149.806
71.4301
42.065
29.2695
22.7414
19.1497
17.1965
16.3268
16.3268
17.1962
19.1491
22.74
29.2668
42.0606
71.4262
149.811
351.378
902.795
901.035
352.209
151.58
72.2316
42.4452
29.5067
22.9171
19.2942
17.3245
16.4477
16.4479
17.3252
19.2956
22.9198
29.5117
42.4538
72.2438
151.592
352.231
901.021
899.321
353.116
153.335
73.0313
42.8251
29.7426
23.0911
19.437
17.4508
16.5666
16.5665
17.4504
19.4362
23.0895
29.7396
42.8205
73.0278
153.339
353.127
899.319
897.684
354.081
155.115
73.8509
43.2104
29.9786
23.264
19.5787
17.5764
16.6853
16.6856
17.5774
19.5808
23.2679
29.9856
43.2224
73.8688
155.138
354.116
897.665
896.089
355.096
156.864
74.6654
43.5954
30.2137
23.4356
19.7188
17.7001
16.8017
16.8017
17.6998
19.7181
23.4339
30.2106
43.5911
74.664
156.873
355.121
896.082
894.571
356.143
158.624
75.4974
43.9856
30.4488
23.6061
19.858
17.8234
16.9184
16.9188
17.8249
19.861
23.6117
30.4589
44.0028
75.524
158.662
356.199
894.542
893.092
357.219
160.343
76.3209
44.3755
30.6836
23.7754
19.9955
17.9447
17.0324
17.0324
17.9445
19.995
23.7741
30.681
44.3728
76.325
160.362
357.27
893.074
891.691
358.306
162.061
77.1596
44.7697
30.918
23.9437
20.1323
18.0658
17.147
17.1477
18.068
20.1368
23.952
30.9329
44.7951
77.2
162.122
358.397
891.645
890.324
359.406
163.73
77.9865
45.1636
31.1527
24.1111
20.2674
18.1845
17.2585
17.2586
18.1847
20.2674
24.1107
31.1517
45.165
78.0019
163.77
359.501
890.286
889.034
360.496
165.388
78.8262
45.5607
31.3864
24.2773
20.4018
18.3034
17.3712
17.3723
18.3069
20.4087
24.2899
31.4087
45.5994
78.8894
165.486
360.649
888.96
887.777
361.588
166.991
79.6505
45.9575
31.6208
24.4429
20.5345
18.4196
17.4802
17.4805
18.4206
20.536
24.4447
31.624
45.9679
79.6881
167.071
361.761
887.703
886.596
362.651
168.573
80.4852
46.3558
31.8533
24.6068
20.6666
18.5364
17.5911
17.5927
18.5419
20.6774
24.6262
31.8877
46.4161
80.5865
168.732
362.908
886.472
885.444
363.707
170.096
81.3002
46.7537
32.0872
24.7704
20.7968
18.65
17.6973
17.6982
18.6525
20.8012
24.7772
32.099
46.7822
81.3795
170.248
364.014
885.308
884.37
364.714
171.587
82.1232
47.1505
32.3175
24.9319
20.9265
18.7647
17.8065
17.8093
18.7735
20.9437
24.9625
32.3718
47.247
82.2893
171.851
365.15
884.163
883.325
365.707
173.016
82.9209
47.5468
32.5499
25.0931
21.054
18.8755
17.9101
17.9118
18.881
21.0639
25.1095
32.579
47.6103
83.0763
173.292
366.245
883.08
882.358
366.628
174.398
83.7238
47.9385
32.7764
25.2513
21.1809
18.9879
18.0179
18.0222
19.0024
21.2088
25.3006
32.864
48.0964
84.0013
174.839
367.37
882.005
881.423
367.526
175.718
84.4946
48.3292
33.0055
25.4091
21.305
19.0954
18.1186
18.1218
19.1068
21.3257
25.444
33.0674
48.4578
84.7869
176.211
368.463
880.988
880.569
368.326
176.968
85.2679
48.7104
33.2251
25.5625
21.4284
19.2053
18.2251
18.232
19.2297
21.4746
25.6436
33.3692
48.9738
85.7383
177.711
369.591
879.965
879.756
369.087
178.155
86.0003
49.0899
33.448
25.7151
21.5481
19.309
18.3227
18.3286
19.3311
21.5886
25.7843
33.5707
49.3379
86.5365
179.023
370.71
878.992
879.029
369.708
179.235
86.7309
49.4522
33.6553
25.8611
21.6665
19.4157
18.4282
18.4396
19.4573
21.7443
25.9967
33.8965
49.8987
87.5393
180.493
371.874
877.992
878.362
370.244
180.244
87.4039
49.8078
33.8646
26.0045
21.7796
19.5145
18.5224
18.5331
19.5561
21.8564
26.1371
34.1006
50.2758
88.3781
181.769
373.072
877.027
877.802
370.509
181.061
88.0514
50.1331
34.0507
26.1387
21.8905
19.617
18.6272
18.6463
19.6881
22.0232
26.3687
34.4617
50.9067
89.477
183.242
374.337
876.008
877.341
370.647
181.801
88.6334
50.4534
34.2382
26.2675
21.9941
19.7094
18.7178
18.7372
19.7854
22.136
26.5138
34.6783
51.3157
90.4004
184.53
375.706
874.998
876.998
370.581
182.287
89.1764
50.7245
34.3904
26.383
22.0935
19.8058
18.822
18.8543
19.9275
22.3205
26.7752
35.0925
52.0566
91.6644
186.067
377.185
873.89
876.826
370.345
182.685
89.6142
50.9804
34.5409
26.4878
22.1827
19.8896
18.9094
18.9442
20.0262
22.4394
26.9353
35.3412
52.5305
92.7383
187.458
378.885
872.748
876.894
369.757
182.664
89.9628
51.1529
34.6361
26.5738
22.2643
19.9782
19.015
19.0698
20.1863
22.6535
27.2446
35.839
53.4451
94.2701
189.171
380.769
871.44
877.137
368.913
182.465
90.1362
51.2889
34.7236
26.6385
22.3317
20.0502
19.0997
19.1615
20.2918
22.7895
27.4392
36.1556
54.0423
95.5994
190.828
383.063
870.024
877.745
367.137
181.905
90.0734
51.2712
34.7198
26.6785
22.3854
20.1291
19.2102
19.3038
20.4851
23.0546
27.8298
36.7953
55.2367
97.5603
192.911
385.675
868.329
878.574
365.402
181.031
89.8325
51.1758
34.6786
26.6724
22.4242
20.1911
19.3017
19.4113
20.6122
23.2316
28.096
37.2374
56.0684
99.3296
195.101
389.005
866.397
880.332
361.821
179.264
89.2727
50.954
34.5707
26.643
22.4389
20.2666
19.4293
19.5829
20.8678
23.5993
28.64
38.1306
57.7343
101.999
197.894
392.894
864.002
882.01
358.715
177.24
88.3275
50.4983
34.3835
26.5727
22.4572
20.3313
19.5319
19.7207
21.0487
23.8578
29.0493
38.829
59.0217
104.559
201.109
397.999
861.144
885.51
352.427
173.986
86.8014
49.8801
34.0499
26.4977
22.4536
20.3996
19.6804
19.9375
21.3859
24.3854
29.8955
40.2681
61.6443
108.502
205.253
404.067
857.505
888.446
347.221
170.133
84.822
48.8855
33.734
26.3846
22.4244
20.4579
19.8141
20.1318
21.6743
24.8156
30.575
41.4326
63.7789
112.689
210.614
412.067
853
894.535
336.992
164.755
81.9409
47.8461
33.3206
26.2404
22.3909
20.5821
20.0858
20.5293
22.2707
25.7133
31.997
43.8639
68.147
118.932
217.454
421.637
847.174
899.253
328.573
158.062
78.7028
46.6182
32.7934
25.9258
22.4419
20.8317
20.4372
20.9887
22.8962
26.5931
33.326
46.0511
71.9337
125.877
226.682
433.916
839.794
909.044
312.382
149.601
74.9283
45.0419
32.0413
25.9155
22.676
21.3788
21.1779
21.9559
24.1857
28.4551
36.136
50.6594
79.7036
136.319
238.732
448.177
830.178
916.113
299.414
139.526
70.5674
43.1903
31.7163
26.1546
23.3063
22.2956
22.1901
23.1777
25.786
30.4819
39.0645
55.2282
87.0035
148.465
254.922
466.042
817.795
931.533
274.571
127.875
65.4636
41.9521
32.0865
27.0547
24.8151
24.2596
24.3056
25.6225
28.7589
34.8394
45.2945
64.8524
101.516
166.845
275.937
485.835
801.538
940.223
258.996
113.737
61.5669
42.6038
33.6639
29.3241
27.5253
27.0381
27.2042
29.159
33.2457
39.8522
52.3168
75.1551
117.093
188.527
303.215
509.679
780.454
958.827
227.419
103.748
62.8955
45.7982
37.8655
34.2267
33.003
32.7003
33.4036
35.6234
40.4555
50.8423
66.9463
97.032
145.066
221.906
337.912
532.617
752.32
960.112
227.38
108.764
70.6423
54.9805
47.9624
44.8616
42.2293
41.2531
41.2153
45.1058
53.1296
63.9256
85.7463
120.165
177.639
260.489
377.634
556.947
715.122
964.696
290.994
136.806
93.4599
76.0255
66.0604
59.1456
56.2464
55.4321
57.0743
63.1526
71.3293
91.6581
119.259
166.826
231.092
314.939
422.455
567.108
663.027
964.513
285.06
133.571
90.848
73.8128
64.7241
57.5995
54.6157
53.7402
55.2218
61.6582
69.7556
89.3055
117.057
163.816
228.18
312.513
421.498
569.208
665.96
959.686
226.429
108.048
69.7123
53.9137
46.8226
43.9552
41.4898
40.5173
40.436
44.0487
52.0593
62.7618
83.9927
118.356
175.502
258.272
375.599
555.986
717.505
958.182
229.033
103.75
62.6674
45.4291
37.4321
33.7382
32.4666
32.1971
32.9745
35.2614
39.9121
50.1698
66.1682
95.6623
143.429
220.014
336.143
531.755
754.093
939.397
260.191
114.69
61.591
42.5025
33.4933
29.1066
27.2847
26.7895
26.9512
28.7603
32.8947
39.4347
51.7518
74.3521
115.952
187.047
301.41
508.249
781.841
930.659
275.788
128.61
65.8468
41.9514
32.0381
26.9632
24.6836
24.1166
24.1744
25.5352
28.5377
34.5648
44.914
64.2872
100.699
165.8
274.725
484.715
802.573
915.48
300.534
140.245
70.8691
43.3375
31.7109
26.1268
23.2525
22.221
22.1072
23.0776
25.6756
30.3205
38.835
54.8747
86.4309
147.604
253.788
464.896
818.602
908.49
313.272
150.156
75.2112
45.1534
32.1048
25.9094
22.6576
21.3394
21.1292
21.8918
24.0944
28.3471
35.9774
50.4079
79.3022
135.767
238.037
447.307
830.779
898.824
329.343
158.591
78.9484
46.7174
32.8326
25.9575
22.4407
20.8156
20.4125
20.9549
22.8486
26.5275
33.2283
45.8895
71.6533
125.379
226.022
433.12
840.259
894.166
337.562
165.127
82.1818
47.9364
33.3657
26.2609
22.3957
20.5769
20.0722
20.5088
22.2393
25.6681
31.9278
43.7458
67.9363
118.649
217.087
421.049
847.522
888.166
347.723
170.466
85.0047
48.9674
33.7661
26.4041
22.4365
20.4588
19.808
20.1203
21.6549
24.7861
30.5298
41.3555
63.6337
112.392
210.24
411.558
853.268
885.274
352.799
174.225
86.9607
49.9584
34.0816
26.5088
22.4618
20.4015
19.6771
19.9322
21.3754
24.3648
29.8599
40.2083
61.534
108.362
205.059
403.707
857.706
881.836
359.015
177.452
88.4454
50.5542
34.4139
26.588
22.4639
20.334
19.5321
19.715
21.035
23.8417
29.0272
38.7906
58.9457
104.381
200.897
397.687
861.297
880.188
362.072
179.416
89.3723
50.9983
34.5934
26.6547
22.4443
20.2684
19.4287
19.5816
20.8628
23.5854
28.6175
38.0982
57.6789
101.942
197.788
392.683
864.118
878.469
365.589
181.152
89.9059
51.2113
34.6967
26.6824
22.4295
20.192
19.2991
19.4073
20.6074
23.224
28.0837
37.2159
56.0282
99.2198
194.974
388.816
866.485
877.659
367.293
182.005
90.1331
51.3003
34.7347
26.6874
22.3897
20.1313
19.2104
19.3022
20.4814
23.0486
27.8201
36.7785
55.2065
97.537
192.854
385.556
868.396
877.076
369.028
182.538
90.1881
51.3143
34.7366
26.6442
22.3356
20.0521
19.0998
19.1606
20.2897
22.7856
27.4325
36.1439
54.0203
95.5297
190.751
382.949
870.073
876.845
369.851
182.723
89.9934
51.1673
34.6438
26.5788
22.2666
19.9792
19.0149
19.0691
20.1845
22.6503
27.2393
35.8297
53.4286
94.2632
189.142
380.702
871.479
876.784
370.416
182.737
89.6455
50.9961
34.5489
26.4915
22.185
19.8906
18.9092
18.9432
20.0247
22.4372
26.9316
35.3347
52.5167
92.6934
187.411
378.816
872.776
876.975
370.64
182.318
89.1939
50.7324
34.3948
26.386
22.0951
19.8069
18.8226
18.8545
19.9268
22.3188
26.7723
35.0875
52.049
91.6656
186.053
377.149
873.913
877.315
370.699
181.832
88.6527
50.4632
34.243
26.2698
21.9953
19.7098
18.7174
18.7365
19.7845
22.1347
26.5118
34.6746
51.3066
90.3707
184.5
375.665
875.013
877.79
370.545
181.08
88.0615
50.1374
34.0531
26.1404
21.8916
19.6178
18.6275
18.6463
19.6877
22.0222
26.367
34.459
50.9038
89.4818
183.237
374.319
876.021
878.346
370.286
180.264
87.4166
49.814
33.8676
26.0059
21.7802
19.5147
18.5222
18.5328
19.5556
21.8558
26.136
34.0984
50.2695
88.358
181.75
373.046
877.035
879.024
369.719
179.241
86.7347
49.4542
33.6565
25.862
21.6671
19.4162
18.4284
18.4396
19.457
21.7437
25.9958
33.8953
49.8984
87.5452
180.492
371.866
878
879.746
369.109
178.166
86.0072
49.093
33.4494
25.7158
21.5484
19.3091
18.3226
18.3285
19.3309
21.5882
25.7837
33.5693
49.3334
86.5225
179.011
370.694
878.996
880.567
368.33
176.97
85.2693
48.7114
33.2258
25.563
21.4288
19.2055
18.2252
18.232
19.2296
21.4743
25.6432
33.3688
48.9746
85.7443
177.712
369.588
879.97
881.417
367.54
175.725
84.4991
48.3313
33.0065
25.4095
21.3052
19.0955
18.1186
18.1217
19.1067
21.3255
25.4436
33.0664
48.4545
84.7768
176.202
368.453
880.99
882.358
366.63
174.399
83.7242
47.9388
32.7767
25.2515
21.1811
18.988
18.0179
18.0222
19.0023
21.2086
25.3004
32.8639
48.0977
84.0067
174.842
367.37
882.008
883.321
365.716
173.021
82.9238
47.5482
32.5505
25.0933
21.0541
18.8756
17.9101
17.9118
18.881
21.0638
25.1092
32.5782
47.6076
83.0688
173.286
366.238
883.081
884.371
364.714
171.587
82.123
47.1505
32.3176
24.932
20.9266
18.7648
17.8066
17.8093
18.7734
20.9436
24.9624
32.372
47.2484
82.294
171.853
365.151
884.165
885.442
363.713
170.099
81.3021
46.7546
32.0876
24.7706
20.7969
18.65
17.6973
17.6981
18.6525
20.8011
24.777
32.0984
46.7801
81.3738
170.243
364.009
885.309
886.597
362.65
168.573
80.4848
46.3556
31.8533
24.6069
20.6667
18.5364
17.5911
17.5927
18.5419
20.6774
24.6263
31.888
46.4174
80.5904
168.735
362.909
886.474
887.775
361.592
166.992
79.6517
45.9582
31.6211
24.443
20.5345
18.4196
17.4802
17.4805
18.4205
20.5359
24.4446
31.6234
45.9662
79.6837
167.067
361.757
887.703
889.036
360.495
165.388
78.8258
45.5605
31.3863
24.2773
20.4018
18.3034
17.3713
17.3723
18.3069
20.4087
24.2899
31.409
45.6006
78.8927
165.488
360.65
888.961
890.323
359.408
163.731
77.9873
45.164
31.1528
24.1112
20.2674
18.1845
17.2585
17.2586
18.1847
20.2674
24.1106
31.1512
45.1636
77.9984
163.767
359.498
890.286
891.692
358.304
162.061
77.1592
44.7695
30.918
23.9437
20.1323
18.0658
17.147
17.1477
18.068
20.1368
23.9521
30.9332
44.7962
77.2028
162.124
358.398
891.646
893.091
357.221
160.343
76.3214
44.3758
30.6837
23.7755
19.9955
17.9447
17.0324
17.0324
17.9445
19.9949
23.7739
30.6805
44.3716
76.3222
160.359
357.268
893.074
894.572
356.142
158.624
75.497
43.9854
30.4487
23.606
19.858
17.8234
16.9184
16.9188
17.8249
19.861
23.6118
30.4592
44.0038
75.5262
158.664
356.2
894.543
896.088
355.097
156.864
74.6657
43.5956
30.2138
23.4356
19.7188
17.7001
16.8017
16.8017
17.6998
19.718
23.4338
30.2103
43.5902
74.6618
156.87
355.119
896.082
897.685
354.08
155.115
73.8507
43.2102
29.9785
23.264
19.5787
17.5764
16.6853
16.6856
17.5774
19.5808
23.268
29.9859
43.2232
73.8706
155.14
354.117
897.665
899.32
353.117
153.335
73.0314
42.8252
29.7427
23.0911
19.437
17.4508
16.5666
16.5665
17.4504
19.4362
23.0894
29.7393
42.8197
73.026
153.337
353.125
899.319
901.035
352.208
151.58
72.2315
42.4451
29.5066
22.917
19.2942
17.3245
16.4477
16.4479
17.3252
19.2957
22.9199
29.5119
42.4545
72.2453
151.594
352.232
901.022
902.793
351.376
149.806
71.4301
42.0651
29.2695
22.7414
19.1497
17.1965
16.3268
16.3268
17.1962
19.149
22.7399
29.2666
42.06
71.4248
149.809
351.377
902.795
904.63
350.629
148.078
70.651
41.6901
29.0321
22.5644
19.0041
17.0677
16.2056
16.2058
17.0682
19.0052
22.5664
29.036
41.6971
70.6605
148.082
350.646
904.62
906.512
349.99
146.341
69.8729
41.3151
28.793
22.3855
18.8568
16.9373
16.0827
16.0826
16.937
18.8562
22.3843
28.7905
41.3107
69.8685
146.346
349.987
906.515
908.471
349.47
144.676
69.1204
40.9446
28.5532
22.2052
18.7081
16.806
15.9592
15.9593
16.8063
18.7089
22.2067
28.5561
40.9498
69.1267
144.676
349.481
908.464
910.478
349.098
143.022
68.3709
40.5736
28.3112
22.0227
18.5577
16.6731
15.8342
15.8342
16.6729
18.5572
22.0216
28.3091
40.57
68.3677
143.027
349.101
910.482
912.56
348.916
141.464
67.6496
40.2064
28.0679
21.8384
18.4059
16.5394
15.7086
15.7087
16.5396
18.4065
21.8395
28.0701
40.2102
67.6536
141.46
348.918
912.555
914.692
348.851
139.936
66.9329
39.8374
27.8218
21.6517
18.2523
16.4041
15.5817
15.5816
16.404
18.252
21.6509
27.8202
39.8346
66.9308
139.943
348.852
914.696
916.897
348.942
138.533
66.2462
39.4712
27.5738
21.4631
18.0973
16.2679
15.4541
15.4541
16.2681
18.0977
21.4639
27.5754
39.4739
66.2484
138.528
348.943
916.893
919.154
349.293
137.188
65.5648
39.1015
27.3221
21.2718
17.9405
16.1304
15.3253
15.3252
16.1303
17.9401
21.2712
27.3209
39.0995
65.5637
137.195
349.292
919.158
921.485
349.753
135.977
64.9122
38.7329
27.0679
21.0783
17.7821
15.9919
15.1958
15.1959
15.992
17.7824
21.0789
27.0691
38.7349
64.9132
135.971
349.755
921.481
923.871
350.422
134.839
64.2635
38.3588
26.8093
20.882
17.622
15.8522
15.0654
15.0654
15.8521
17.6217
20.8815
26.8084
38.3573
64.2633
134.845
350.42
923.874
926.333
351.163
133.827
63.6389
37.9833
26.5474
20.6833
17.4603
15.7116
14.9344
14.9344
15.7117
17.4605
20.6837
26.5483
37.9846
63.6391
133.82
351.167
926.33
928.859
352.024
132.868
63.0124
37.5998
26.2805
20.4816
17.2969
15.5699
14.8026
14.8025
15.5698
17.2967
20.4812
26.2798
37.5988
63.0126
132.874
352.019
928.862
931.466
352.872
131.987
62.3996
37.2125
26.0097
20.2774
17.132
15.4273
14.6702
14.6703
15.4274
17.1322
20.2777
26.0103
37.2133
62.3992
131.982
352.877
931.464
934.144
353.722
131.098
61.774
36.8149
25.7333
20.0701
16.9655
15.2839
14.5373
14.5373
15.2838
16.9653
20.0699
25.7328
36.8142
61.7745
131.103
353.715
934.147
936.821
354.505
130.252
61.1492
36.4113
25.4527
19.8603
16.7975
15.1397
14.404
14.404
15.1398
16.7976
19.8605
25.4531
36.4117
61.1485
130.247
354.511
936.819
939.539
355.245
129.335
60.4984
35.9959
25.1662
19.6474
16.628
14.9948
14.2703
14.2703
14.9947
16.6279
19.6472
25.1659
35.9955
60.499
129.338
355.236
939.541
942.244
355.819
128.407
59.8397
35.5734
24.8752
19.4319
16.4571
14.8493
14.1364
14.1364
14.8494
16.4572
19.4321
24.8754
35.5735
59.839
128.403
355.826
942.242
944.957
356.291
127.392
59.1509
35.138
24.5779
19.2134
16.2848
14.7033
14.0024
14.0024
14.7033
16.2848
19.2132
24.5777
35.1378
59.1514
127.394
356.29
944.959
947.635
356.52
126.342
58.4496
34.6947
24.276
18.9922
16.1114
14.557
13.8684
13.8684
14.557
16.1114
18.9923
24.2761
34.6948
58.4489
126.339
356.519
947.634
950.286
356.613
125.203
57.7165
34.238
23.9676
18.7681
15.9367
14.4103
13.7346
13.7346
14.4103
15.9366
18.768
23.9675
34.2379
57.7169
125.205
356.611
950.287
952.87
356.557
124.016
56.9677
33.7724
23.6544
18.5414
15.761
14.2636
13.6011
13.6011
14.2636
15.761
18.5415
23.6544
33.7724
56.9671
124.014
356.558
952.869
955.381
356.175
122.736
56.1859
33.293
23.3347
18.3118
15.5842
14.1168
13.468
13.468
14.1168
15.5842
18.3118
23.3346
33.2929
56.1862
122.737
356.171
955.382
957.789
355.614
121.399
55.3854
32.8039
23.0099
18.0798
15.4067
13.9702
13.3355
13.3355
13.9702
15.4067
18.0799
23.0099
32.8038
55.3849
121.397
355.617
957.788
960.073
354.766
119.964
54.5505
32.3005
22.6787
17.8451
15.2283
13.8239
13.2039
13.2039
13.8239
15.2283
17.845
22.6786
32.3005
54.5509
119.965
354.761
960.073
962.205
353.657
118.465
53.6945
31.7869
22.3423
17.608
15.0495
13.6782
13.0733
13.0733
13.6782
15.0495
17.6081
22.3423
31.7868
53.694
118.464
353.661
962.204
964.155
352.266
116.864
52.8027
31.2586
21.9995
17.3684
14.8702
13.5331
12.944
12.944
13.5331
14.8702
17.3684
21.9995
31.2587
52.8031
116.864
352.26
964.155
965.891
350.551
115.188
51.8873
30.7196
21.6515
17.1267
14.6907
13.389
12.8161
12.8161
13.389
14.6907
17.1268
21.6515
30.7195
51.8869
115.187
350.556
965.89
967.379
348.534
113.406
50.9352
30.1658
21.2972
16.8828
14.511
13.2461
12.69
12.69
13.2461
14.511
16.8828
21.2973
30.1659
50.9355
113.406
348.529
967.378
968.579
346.14
111.539
49.957
29.6008
20.9379
16.637
14.3316
13.1045
12.5659
12.5659
13.1045
14.3316
16.637
20.9379
29.6007
49.9567
111.538
346.144
968.578
969.424
343.403
109.56
48.9413
29.021
20.5725
16.3892
14.1525
12.9646
12.4441
12.4441
12.9646
14.1525
16.3892
20.5725
29.0211
48.9416
109.561
343.398
969.424
969.833
340.241
107.488
47.8976
28.4297
20.2021
16.14
13.9741
12.8267
12.3248
12.3248
12.8267
13.9741
16.14
20.2021
28.4297
47.8974
107.488
340.245
969.833
969.97
336.705
105.299
46.8159
27.8238
19.826
15.8892
13.7964
12.691
12.2085
12.2085
12.691
13.7964
15.8892
19.826
27.8239
46.8162
105.3
336.701
969.969
969.635
332.653
103.005
45.7045
27.2064
19.4453
15.6374
13.62
12.5579
12.0955
12.0955
12.5579
13.62
15.6374
19.4453
27.2064
45.7043
103.005
332.656
969.634
968.648
328.148
100.59
44.5552
26.5748
19.0592
15.3846
13.445
12.4277
11.9862
11.9862
12.4277
13.445
15.3846
19.0593
26.5749
44.5554
100.59
328.144
968.648
967.18
323.102
98.0618
43.3752
25.9318
18.669
15.1313
13.2719
12.3009
11.8809
11.8809
12.3009
13.2719
15.1313
18.669
25.9318
43.375
98.0618
323.104
967.179
964.967
317.506
95.4073
42.1578
25.2754
18.2741
14.8776
13.1009
12.1777
11.78
11.78
12.1777
13.1009
14.8776
18.2742
25.2755
42.158
95.4076
317.504
964.966
962.12
311.325
92.6355
40.9094
24.608
17.8757
14.6242
12.9325
12.0587
11.684
11.684
12.0587
12.9325
14.6242
17.8757
24.608
40.9093
92.6356
311.327
962.12
958.416
304.506
89.7339
39.6248
23.9282
17.4734
14.3712
12.7671
11.9442
11.5934
11.5934
11.9442
12.7671
14.3712
17.4735
23.9283
39.6249
89.734
304.504
958.416
953.925
297.051
86.7123
38.3098
23.2383
17.0685
14.1194
12.6053
11.8348
11.5085
11.5085
11.8348
12.6053
14.1194
17.0685
23.2383
38.3097
86.7124
297.052
953.924
948.451
288.886
83.5602
36.9606
22.5374
16.6609
13.8691
12.4475
11.7309
11.4299
11.4299
11.7309
12.4475
13.8691
16.6609
22.5374
36.9607
83.5603
288.885
948.45
942.037
280.035
80.2892
35.5826
21.8277
16.2519
13.6211
12.2944
11.6331
11.3579
11.3579
11.6331
12.2944
13.6211
16.2519
21.8277
35.5826
80.2893
280.036
942.036
934.512
270.424
76.8907
34.1733
21.1088
15.8417
13.3762
12.1466
11.5418
11.293
11.293
11.5418
12.1466
13.3762
15.8418
21.1088
34.1734
76.8907
270.424
934.512
925.904
260.09
73.3782
32.738
20.383
15.4319
13.1352
12.0048
11.4576
11.2357
11.2357
11.4576
12.0048
13.1352
15.4319
20.383
32.738
73.3783
260.09
925.904
916.067
248.971
69.7458
31.2754
19.6506
15.023
12.899
11.8698
11.381
11.1861
11.1861
11.381
11.8698
12.899
15.023
19.6506
31.2754
69.7458
248.971
916.067
905.026
237.119
66.0091
29.7908
18.9141
14.6169
12.6691
11.7427
11.3126
11.1446
11.1446
11.3126
11.7427
12.6691
14.6169
18.9141
29.7908
66.0091
237.119
905.026
892.663
224.492
62.1652
28.2844
18.1745
14.2149
12.4467
11.6242
11.2528
11.1113
11.1113
11.2528
11.6242
12.4467
14.2149
18.1745
28.2844
62.1652
224.492
892.663
879.013
211.155
58.2322
26.7619
17.4347
13.8193
12.2335
11.5156
11.2021
11.0862
11.0862
11.2021
11.5156
12.2335
13.8193
17.4347
26.7619
58.2323
211.155
879.012
863.991
197.096
54.2106
25.2247
16.6968
13.4321
12.0315
11.4179
11.1609
11.0697
11.0698
11.1609
11.4179
12.0315
13.4321
16.6968
25.2247
54.2106
197.097
863.991
847.653
182.401
50.1209
23.6797
15.9648
13.0568
11.8431
11.3324
11.129
11.0619
11.0619
11.129
11.3324
11.8431
13.0568
15.9648
23.6797
50.1209
182.401
847.653
829.955
167.079
45.9691
22.1303
15.2422
12.6968
11.6708
11.2604
11.1065
11.0594
11.0594
11.1065
11.2604
11.6708
12.6968
15.2422
22.1303
45.9691
167.079
829.955
810.982
151.251
41.7801
20.5852
14.5352
12.3571
11.5178
11.2031
11.0955
11.0625
11.0625
11.0955
11.2031
11.5178
12.3571
14.5352
20.5852
41.7801
151.251
810.982
790.729
134.968
37.5677
19.0511
13.8502
12.0431
11.3872
11.16
11.0918
11.0718
11.0718
11.0918
11.16
11.3872
12.0431
13.8502
19.0511
37.5677
134.968
790.729
769.31
118.433
33.3669
17.5406
13.1971
11.7624
11.283
11.1366
11.0944
11.0843
11.0843
11.0944
11.1366
11.283
11.7624
13.1971
17.5406
33.3669
118.433
769.31
746.743
101.867
29.2065
16.0658
12.5885
11.5234
11.2064
11.1273
11.105
11.1003
11.1003
11.105
11.1273
11.2064
11.5234
12.5885
16.0658
29.2065
101.867
746.742
723.136
85.8503
25.1369
14.6461
12.0431
11.3371
11.1684
11.1265
11.1183
11.1171
11.1171
11.1183
11.1265
11.1684
11.3371
12.0431
14.6461
25.1369
85.8503
723.136
698.453
71.0937
21.1542
13.3033
11.5874
11.2261
11.1552
11.1382
11.1358
11.1355
11.1355
11.1358
11.1382
11.1552
11.2261
11.5874
13.3033
21.1542
71.0937
698.453
672.74
55.0628
17.0386
12.087
11.3039
11.1803
11.1547
11.1529
11.1534
11.1536
11.1536
11.1534
11.1529
11.1547
11.1803
11.3039
12.087
17.0386
55.0628
672.74
646.053
32.1745
12.7362
11.3229
11.19
11.171
11.1705
11.1708
11.1706
11.1705
11.1705
11.1706
11.1708
11.1705
11.171
11.19
11.3229
12.7362
32.1745
646.053
)
;

boundaryField
{
    outlet
    {
        type            inletOutlet;
        inletValue      uniform 1;
        value           nonuniform List<scalar> 
20
(
1644.79
689.573
500.508
451.297
440.023
430.367
400.607
353.685
293.449
237.239
262.551
321.794
371.863
408.506
424.29
425.492
433.762
481.184
664.64
1600.53
)
;
    }
    inlet1
    {
        type            turbulentMixingLengthFrequencyInlet;
        mixingLength    0.01;
        phi             phi;
        k               k;
        value           uniform 11.1803;
    }
    inlet2
    {
        type            turbulentMixingLengthFrequencyInlet;
        mixingLength    0.01;
        phi             phi;
        k               k;
        value           uniform 11.1803;
    }
    frontAndBack
    {
        type            empty;
    }
    defaultFaces
    {
        type            omegaWallFunction;
        Cmu             0.09;
        kappa           0.41;
        E               9.8;
        beta1           0.075;
        value           nonuniform List<scalar> 
620
(
1644.79
1645.78
1645.86
1645.74
1645.2
1644.94
1644.21
1643.86
1643.04
1642.62
1641.75
1641.26
1640.36
1639.76
1638.85
1638.15
1637.21
1636.4
1635.43
1634.53
1633.52
1632.54
1631.5
1630.45
1629.36
1628.25
1627.12
1625.95
1624.77
1623.54
1622.3
1621
1619.7
1618.33
1616.94
1615.49
1614.02
1612.48
1610.89
1609.23
1607.5
1605.67
1603.75
1601.7
1599.53
1597.21
1594.72
1592.05
1589.18
1586.09
1582.76
1579.18
1575.32
1571.08
1566.44
1561.3
1555.89
1550.2
1544.23
1537.96
1531.43
1524.61
1517.51
1510.12
1502.39
1494.36
1485.94
1477.17
1467.9
1458.16
1447.9
1437.05
1425.61
1413.51
1400.74
1387.28
1373.13
1358.3
1342.83
1326.78
1310.19
1293.06
1275.23
1256.01
1234.68
1212.18
1187.43
1159.65
1127.37
1088.35
1039.04
973.413
884.069
764.493
611.3
537.991
565.958
735.236
892.967
942.85
1600.53
1601.25
1601.25
1600.82
1600.23
1599.76
1598.93
1598.43
1597.51
1596.96
1596.01
1595.39
1594.42
1593.72
1592.74
1591.95
1590.95
1590.06
1589.04
1588.06
1586.99
1585.92
1584.8
1583.65
1582.48
1581.27
1580.04
1578.78
1577.51
1576.2
1574.89
1573.53
1572.17
1570.76
1569.35
1567.89
1566.42
1564.9
1563.38
1561.81
1560.23
1558.6
1556.95
1555.25
1553.51
1551.71
1549.84
1547.86
1545.8
1543.6
1541.29
1538.83
1536.23
1533.47
1530.58
1527.54
1524.35
1520.9
1517.2
1513.09
1508.55
1503.38
1497.55
1491.58
1485.1
1478.49
1471.4
1464.09
1456.27
1448.13
1439.48
1430.37
1420.5
1410.1
1398.81
1386.79
1373.74
1359.76
1344.61
1328.35
1310.79
1291.96
1271.72
1250.09
1226.89
1201.87
1173.98
1141.32
1102.39
1055.31
994.983
915.497
814.919
704.475
584.582
535.356
556.095
721.912
886.813
939.96
610.229
568.516
522.602
474.423
427.96
383.608
349.882
331.146
324.992
328.216
326.69
324.536
325.83
335.569
370.218
420.33
471.633
523.057
570.852
613.233
646.053
672.74
698.453
723.136
746.742
769.31
790.729
810.982
829.955
847.653
863.991
879.013
892.663
905.026
916.068
925.904
934.512
942.037
948.451
953.925
958.416
962.12
964.967
967.18
968.649
969.635
969.97
969.834
969.425
968.579
967.379
965.891
964.155
962.205
960.073
957.789
955.381
952.87
950.286
947.635
944.957
942.244
939.539
936.82
934.145
931.466
928.859
926.333
923.871
921.484
919.155
916.897
914.693
912.56
910.479
908.471
906.513
904.629
902.794
901.035
899.321
897.684
896.089
894.571
893.092
891.691
890.324
889.034
887.777
886.596
885.444
884.37
883.325
882.358
881.423
880.569
879.756
879.029
878.362
877.802
877.341
876.998
876.826
876.894
877.137
877.745
878.574
880.332
882.01
885.51
888.446
894.535
899.253
909.044
916.113
931.533
940.223
958.827
960.112
964.696
646.053
672.74
698.453
723.136
746.743
769.31
790.729
810.982
829.955
847.653
863.991
879.012
892.663
905.026
916.067
925.904
934.512
942.036
948.45
953.924
958.416
962.12
964.966
967.179
968.648
969.634
969.969
969.833
969.424
968.578
967.378
965.89
964.154
962.204
960.073
957.788
955.382
952.869
950.286
947.634
944.958
942.242
939.54
936.819
934.147
931.464
928.861
926.331
923.874
921.481
919.158
916.893
914.696
912.555
910.482
908.464
906.515
904.62
902.795
901.021
899.319
897.665
896.082
894.542
893.074
891.645
890.286
888.96
887.703
886.472
885.308
884.163
883.08
882.005
880.988
879.965
878.992
877.992
877.027
876.008
874.998
873.89
872.748
871.44
870.024
868.329
866.397
864.002
861.144
857.505
853
847.174
839.794
830.178
817.795
801.538
780.454
752.32
715.122
663.027
964.513
959.686
958.182
939.397
930.659
915.48
908.49
898.824
894.166
888.166
885.274
881.836
880.188
878.469
877.659
877.076
876.845
876.784
876.975
877.315
877.79
878.346
879.024
879.746
880.567
881.417
882.358
883.321
884.371
885.442
886.597
887.775
889.036
890.323
891.692
893.091
894.572
896.088
897.685
899.32
901.035
902.793
904.63
906.512
908.471
910.478
912.56
914.692
916.897
919.154
921.485
923.871
926.333
928.859
931.466
934.144
936.821
939.539
942.244
944.957
947.635
950.286
952.87
955.381
957.789
960.073
962.205
964.155
965.891
967.379
968.579
969.424
969.833
969.97
969.635
968.648
967.18
964.967
962.12
958.416
953.925
948.451
942.037
934.512
925.904
916.067
905.026
892.663
879.013
863.991
847.653
829.955
810.982
790.729
769.31
746.743
723.136
698.453
672.74
646.053
665.96
717.505
754.093
781.841
802.573
818.602
830.779
840.259
847.522
853.268
857.706
861.297
864.118
866.485
868.396
870.073
871.479
872.776
873.913
875.013
876.021
877.035
878
878.996
879.97
880.99
882.008
883.081
884.165
885.309
886.474
887.703
888.961
890.286
891.646
893.074
894.543
896.082
897.665
899.319
901.022
902.795
904.62
906.515
908.464
910.482
912.555
914.696
916.893
919.158
921.481
923.874
926.33
928.862
931.464
934.147
936.819
939.541
942.242
944.959
947.634
950.287
952.869
955.382
957.788
960.073
962.204
964.155
965.89
967.378
968.578
969.424
969.833
969.969
969.634
968.648
967.179
964.966
962.12
958.416
953.924
948.45
942.036
934.512
925.904
916.067
905.026
892.663
879.012
863.991
847.653
829.955
810.982
790.729
769.31
746.742
723.136
698.453
672.74
646.053
)
;
    }
}


// ************************************************************************* //
