/*--------------------------------*- C++ -*----------------------------------*\
| =========                 |                                                 |
| \\      /  F ield         | OpenFOAM: The Open Source CFD Toolbox           |
|  \\    /   O peration     | Version:  2.1.0                                 |
|   \\  /    A nd           | Web:      www.OpenFOAM.org                      |
|    \\/     M anipulation  |                                                 |
\*---------------------------------------------------------------------------*/
FoamFile
{
    version     2.0;
    format      ascii;
    class       volScalarField;
    location    "0.18";
    object      C0;
}
// * * * * * * * * * * * * * * * * * * * * * * * * * * * * * * * * * * * * * //

dimensions      [0 0 0 0 0 0 0];

internalField   nonuniform List<scalar> 
6400
(
9.13997e-11
1.07513e-10
1.30592e-10
1.59277e-10
1.94103e-10
2.36167e-10
2.8686e-10
3.47846e-10
4.21091e-10
5.08913e-10
6.14036e-10
7.39662e-10
8.89542e-10
1.06806e-09
1.28035e-09
1.53239e-09
1.83114e-09
2.18469e-09
2.60243e-09
3.09525e-09
3.67573e-09
4.35842e-09
5.1601e-09
6.10006e-09
7.20052e-09
8.48699e-09
9.98868e-09
1.17391e-08
1.37764e-08
1.61444e-08
1.88929e-08
2.20785e-08
2.57658e-08
3.0028e-08
3.49483e-08
4.06209e-08
4.71523e-08
5.46632e-08
6.32898e-08
7.31855e-08
8.45236e-08
9.74992e-08
1.12332e-07
1.29268e-07
1.48584e-07
1.70592e-07
1.95641e-07
2.24121e-07
2.56471e-07
2.93182e-07
3.34804e-07
3.8195e-07
4.3531e-07
4.95652e-07
5.63838e-07
6.40828e-07
7.27698e-07
8.25647e-07
9.36018e-07
1.06031e-06
1.20019e-06
1.35753e-06
1.53443e-06
1.7332e-06
1.95646e-06
2.20713e-06
2.48845e-06
2.80406e-06
3.15803e-06
3.55493e-06
3.99983e-06
4.49844e-06
5.05714e-06
5.68307e-06
6.38425e-06
7.16964e-06
8.04933e-06
9.03463e-06
1.01383e-05
1.13746e-05
1.27597e-05
1.4312e-05
1.60521e-05
1.80039e-05
2.01945e-05
2.26558e-05
2.54249e-05
2.85469e-05
3.20769e-05
3.60851e-05
4.06645e-05
4.59446e-05
5.21155e-05
5.94657e-05
6.84292e-05
7.96469e-05
9.39697e-05
0.000112507
0.000136166
0.000163763
1.00847e-10
1.18903e-10
1.44475e-10
1.7616e-10
2.14589e-10
2.60978e-10
3.16857e-10
3.84052e-10
4.64717e-10
5.61392e-10
6.77063e-10
8.15231e-10
9.80001e-10
1.17617e-09
1.40934e-09
1.68605e-09
2.01389e-09
2.4017e-09
2.85972e-09
3.3998e-09
4.03567e-09
4.78316e-09
5.66052e-09
6.68876e-09
7.89203e-09
9.29804e-09
1.09385e-08
1.28498e-08
1.50734e-08
1.76568e-08
2.06537e-08
2.41259e-08
2.81429e-08
3.27842e-08
3.81396e-08
4.43111e-08
5.14137e-08
5.95776e-08
6.895e-08
7.96964e-08
9.20038e-08
1.06082e-07
1.22168e-07
1.40528e-07
1.61458e-07
1.85295e-07
2.12414e-07
2.43235e-07
2.78228e-07
3.17922e-07
3.62906e-07
4.1384e-07
4.71463e-07
5.36599e-07
6.10169e-07
6.93204e-07
7.86855e-07
8.92404e-07
1.01129e-06
1.14511e-06
1.29565e-06
1.46491e-06
1.65513e-06
1.86878e-06
2.10866e-06
2.37787e-06
2.67988e-06
3.01857e-06
3.39829e-06
3.82389e-06
4.3008e-06
4.83509e-06
5.43358e-06
6.10387e-06
6.8545e-06
7.69504e-06
8.63625e-06
9.6902e-06
1.08705e-05
1.21925e-05
1.36735e-05
1.53332e-05
1.71939e-05
1.92813e-05
2.1625e-05
2.42594e-05
2.72251e-05
3.05709e-05
3.43566e-05
3.86573e-05
4.35709e-05
4.9229e-05
5.58172e-05
6.36072e-05
7.30012e-05
8.45669e-05
9.89409e-05
0.000116721
0.000137801
0.000159862
1.18001e-10
1.39419e-10
1.69444e-10
2.06527e-10
2.51452e-10
3.05646e-10
3.7089e-10
4.493e-10
5.43376e-10
6.5606e-10
7.90809e-10
9.51674e-10
1.1434e-09
1.37153e-09
1.64254e-09
1.96396e-09
2.34456e-09
2.7945e-09
3.32558e-09
3.95144e-09
4.68785e-09
5.553e-09
6.56782e-09
7.75641e-09
9.14644e-09
1.07696e-08
1.26623e-08
1.4866e-08
1.7428e-08
2.04025e-08
2.3851e-08
2.78435e-08
3.24594e-08
3.7789e-08
4.39342e-08
5.10108e-08
5.91493e-08
6.84972e-08
7.9221e-08
9.1508e-08
1.05569e-07
1.21642e-07
1.39993e-07
1.60922e-07
1.84764e-07
2.11896e-07
2.4274e-07
2.77767e-07
3.17506e-07
3.62547e-07
4.13549e-07
4.71252e-07
5.36477e-07
6.10145e-07
6.93282e-07
7.87032e-07
8.92674e-07
1.01163e-06
1.1455e-06
1.29604e-06
1.46523e-06
1.65529e-06
1.86866e-06
2.1081e-06
2.37666e-06
2.67775e-06
3.0152e-06
3.39325e-06
3.81666e-06
4.29073e-06
4.82141e-06
5.41532e-06
6.07989e-06
6.82341e-06
7.65518e-06
8.58561e-06
9.62638e-06
1.07906e-05
1.20931e-05
1.35505e-05
1.51816e-05
1.70078e-05
1.90534e-05
2.13462e-05
2.39185e-05
2.68076e-05
3.00575e-05
3.37204e-05
3.78598e-05
4.25535e-05
4.78995e-05
5.4024e-05
6.10927e-05
6.93261e-05
7.90112e-05
9.04802e-05
0.000104008
0.000119637
0.000136669
0.000152836
1.4205e-10
1.68117e-10
2.04347e-10
2.48973e-10
3.02982e-10
3.68095e-10
4.46439e-10
5.40541e-10
6.53384e-10
7.88471e-10
9.49916e-10
1.14254e-09
1.37199e-09
1.64485e-09
1.9688e-09
2.35277e-09
2.80716e-09
3.34401e-09
3.97727e-09
4.72307e-09
5.60004e-09
6.62964e-09
7.83655e-09
9.24915e-09
1.09e-08
1.28264e-08
1.50709e-08
1.76823e-08
2.07162e-08
2.42357e-08
2.83128e-08
3.30293e-08
3.84778e-08
4.47633e-08
5.20047e-08
6.03363e-08
6.99096e-08
8.08956e-08
9.34867e-08
1.079e-07
1.24378e-07
1.43195e-07
1.64658e-07
1.8911e-07
2.16937e-07
2.48569e-07
2.84489e-07
3.25236e-07
3.71411e-07
4.23686e-07
4.82808e-07
5.49615e-07
6.25035e-07
7.10106e-07
8.05983e-07
9.13951e-07
1.03544e-06
1.17205e-06
1.32555e-06
1.49791e-06
1.69132e-06
1.90822e-06
2.15134e-06
2.42369e-06
2.72863e-06
3.0699e-06
3.45166e-06
3.87855e-06
4.35572e-06
4.88891e-06
5.48452e-06
6.14968e-06
6.89234e-06
7.72135e-06
8.64658e-06
9.67908e-06
1.08311e-05
1.21166e-05
1.35508e-05
1.51513e-05
1.69374e-05
1.89312e-05
2.11577e-05
2.36455e-05
2.64269e-05
2.95397e-05
3.30274e-05
3.6941e-05
4.13407e-05
4.62979e-05
5.1898e-05
5.8243e-05
6.54532e-05
7.36652e-05
8.30159e-05
9.35963e-05
0.00010543
0.000118265
0.000131301
0.000142724
1.72008e-10
2.03861e-10
2.47801e-10
3.01804e-10
3.67111e-10
4.45801e-10
5.40436e-10
6.54051e-10
7.90221e-10
9.53148e-10
1.14776e-09
1.37984e-09
1.65612e-09
1.98447e-09
2.37409e-09
2.83561e-09
3.38144e-09
4.02591e-09
4.78564e-09
5.67979e-09
6.73048e-09
7.96317e-09
9.40712e-09
1.10959e-08
1.3068e-08
1.53675e-08
1.80447e-08
2.11568e-08
2.47693e-08
2.89565e-08
3.38027e-08
3.94037e-08
4.58678e-08
5.33178e-08
6.1892e-08
7.17467e-08
8.30581e-08
9.60243e-08
1.10868e-07
1.2784e-07
1.4722e-07
1.69322e-07
1.945e-07
2.23147e-07
2.55702e-07
2.92657e-07
3.34559e-07
3.8202e-07
4.35718e-07
4.96412e-07
5.64942e-07
6.42244e-07
7.29358e-07
8.27438e-07
9.37767e-07
1.06177e-06
1.20101e-06
1.35725e-06
1.53243e-06
1.72869e-06
1.94841e-06
2.19423e-06
2.46907e-06
2.77616e-06
3.11908e-06
3.5018e-06
3.9287e-06
4.40464e-06
4.93501e-06
5.52575e-06
6.18348e-06
6.91549e-06
7.72989e-06
8.63565e-06
9.64269e-06
1.0762e-05
1.20059e-05
1.33878e-05
1.49229e-05
1.66279e-05
1.85215e-05
2.06246e-05
2.29606e-05
2.55557e-05
2.84397e-05
3.16462e-05
3.52132e-05
3.91842e-05
4.36083e-05
4.85412e-05
5.40446e-05
6.0185e-05
6.70291e-05
7.46335e-05
8.30242e-05
9.2159e-05
0.000101938
0.000112035
0.000121727
0.000129519
2.06213e-10
2.44702e-10
2.97435e-10
3.6212e-10
4.40294e-10
5.34444e-10
6.4762e-10
7.83429e-10
9.46118e-10
1.14067e-09
1.37294e-09
1.64976e-09
1.97912e-09
2.37033e-09
2.83423e-09
3.38341e-09
4.03246e-09
4.79829e-09
5.70044e-09
6.76143e-09
8.00723e-09
9.46767e-09
1.1177e-08
1.31746e-08
1.55052e-08
1.82203e-08
2.13784e-08
2.50462e-08
2.92994e-08
3.42242e-08
3.99182e-08
4.64918e-08
5.40699e-08
6.27934e-08
7.28212e-08
8.43322e-08
9.75275e-08
1.12633e-07
1.29901e-07
1.49617e-07
1.72096e-07
1.97694e-07
2.26806e-07
2.59874e-07
2.97389e-07
3.39897e-07
3.88006e-07
4.42392e-07
5.03804e-07
5.73072e-07
6.51117e-07
7.38957e-07
8.37719e-07
9.48649e-07
1.07313e-06
1.21267e-06
1.36896e-06
1.54384e-06
1.73937e-06
1.95778e-06
2.20157e-06
2.47346e-06
2.77645e-06
3.11387e-06
3.48934e-06
3.90687e-06
4.37087e-06
4.88617e-06
5.45808e-06
6.09245e-06
6.79569e-06
7.57484e-06
8.43763e-06
9.39252e-06
1.04488e-05
1.16167e-05
1.29073e-05
1.4333e-05
1.59071e-05
1.76443e-05
1.95608e-05
2.16742e-05
2.4004e-05
2.65715e-05
2.94004e-05
3.25164e-05
3.59482e-05
3.97268e-05
4.3886e-05
4.84611e-05
5.3488e-05
5.90001e-05
6.50226e-05
7.15638e-05
7.86008e-05
8.60485e-05
9.37641e-05
0.000101442
0.000108448
0.000113462
2.4189e-10
2.8734e-10
3.49222e-10
4.25004e-10
5.1653e-10
6.26711e-10
7.59091e-10
9.17864e-10
1.10796e-09
1.33516e-09
1.60624e-09
1.92912e-09
2.31303e-09
2.76873e-09
3.30873e-09
3.94754e-09
4.70196e-09
5.59144e-09
6.63839e-09
7.86866e-09
9.31198e-09
1.10025e-08
1.29793e-08
1.52871e-08
1.79771e-08
2.11076e-08
2.4745e-08
2.89647e-08
3.38525e-08
3.95053e-08
4.6033e-08
5.35596e-08
6.22249e-08
7.21864e-08
8.36213e-08
9.67283e-08
1.11731e-07
1.28878e-07
1.48449e-07
1.70756e-07
1.96146e-07
2.25007e-07
2.57769e-07
2.94911e-07
3.36965e-07
3.84518e-07
4.38223e-07
4.98801e-07
5.67048e-07
6.43844e-07
7.30159e-07
8.27061e-07
9.35726e-07
1.05745e-06
1.19365e-06
1.34589e-06
1.51588e-06
1.7055e-06
1.91681e-06
2.15205e-06
2.4137e-06
2.70445e-06
3.02724e-06
3.38528e-06
3.78209e-06
4.22148e-06
4.70761e-06
5.24502e-06
5.83863e-06
6.49379e-06
7.21632e-06
8.01251e-06
8.88918e-06
9.85371e-06
1.09141e-05
1.20788e-05
1.33573e-05
1.47594e-05
1.62958e-05
1.7978e-05
1.98182e-05
2.18294e-05
2.40254e-05
2.64207e-05
2.9031e-05
3.18724e-05
3.4962e-05
3.83174e-05
4.19563e-05
4.58953e-05
5.0149e-05
5.47272e-05
5.96318e-05
6.48511e-05
7.03554e-05
7.60771e-05
8.18514e-05
8.7424e-05
9.22409e-05
9.51433e-05
2.74954e-10
3.26884e-10
3.97209e-10
4.83204e-10
5.86999e-10
7.11885e-10
8.61853e-10
1.04162e-09
1.25672e-09
1.51365e-09
1.82e-09
2.18464e-09
2.61791e-09
3.13183e-09
3.74035e-09
4.45966e-09
5.30848e-09
6.30841e-09
7.48436e-09
8.865e-09
1.04832e-08
1.23768e-08
1.45889e-08
1.71688e-08
2.01728e-08
2.36648e-08
2.77178e-08
3.24141e-08
3.78474e-08
4.41232e-08
5.1361e-08
5.96952e-08
6.9277e-08
8.02765e-08
9.28842e-08
1.07314e-07
1.23803e-07
1.4262e-07
1.64061e-07
1.88456e-07
2.16173e-07
2.4762e-07
2.83249e-07
3.2356e-07
3.69107e-07
4.20501e-07
4.78414e-07
5.43587e-07
6.16837e-07
6.99058e-07
7.91232e-07
8.94436e-07
1.00985e-06
1.13875e-06
1.28256e-06
1.44279e-06
1.62114e-06
1.8194e-06
2.03956e-06
2.28377e-06
2.55435e-06
2.85383e-06
3.18493e-06
3.5506e-06
3.95404e-06
4.39866e-06
4.88816e-06
5.42651e-06
6.01796e-06
6.66705e-06
7.37864e-06
8.15791e-06
9.01035e-06
9.94178e-06
1.09584e-05
1.20666e-05
1.32731e-05
1.45852e-05
1.60101e-05
1.75553e-05
1.92286e-05
2.10377e-05
2.29904e-05
2.50939e-05
2.73555e-05
2.97818e-05
3.23789e-05
3.51521e-05
3.81056e-05
4.12415e-05
4.45592e-05
4.80541e-05
5.17165e-05
5.55304e-05
5.94731e-05
6.35094e-05
6.74851e-05
7.1193e-05
7.41853e-05
7.55309e-05
3.00474e-10
3.5742e-10
4.34221e-10
5.28026e-10
6.41181e-10
7.77262e-10
9.40588e-10
1.13626e-09
1.37026e-09
1.6496e-09
1.98246e-09
2.3784e-09
2.84854e-09
3.40581e-09
4.06521e-09
4.84407e-09
5.76246e-09
6.84351e-09
8.11383e-09
9.60401e-09
1.13491e-08
1.33893e-08
1.57705e-08
1.8545e-08
2.17724e-08
2.55204e-08
2.98657e-08
3.48954e-08
4.07078e-08
4.74138e-08
5.51383e-08
6.4022e-08
7.42225e-08
8.59166e-08
9.93023e-08
1.146e-07
1.32057e-07
1.51946e-07
1.74574e-07
2.00277e-07
2.29431e-07
2.62449e-07
2.9979e-07
3.41958e-07
3.89508e-07
4.43051e-07
5.03257e-07
5.70858e-07
6.46659e-07
7.31536e-07
8.26446e-07
9.3243e-07
1.05062e-06
1.18225e-06
1.32865e-06
1.49126e-06
1.67164e-06
1.87147e-06
2.09257e-06
2.33688e-06
2.6065e-06
2.90365e-06
3.23074e-06
3.59032e-06
3.9851e-06
4.41796e-06
4.89196e-06
5.41032e-06
5.97642e-06
6.5938e-06
7.26617e-06
7.99737e-06
8.79134e-06
9.65214e-06
1.05839e-05
1.15907e-05
1.26767e-05
1.38459e-05
1.51022e-05
1.64491e-05
1.78899e-05
1.94274e-05
2.10638e-05
2.28008e-05
2.46386e-05
2.65758e-05
2.86089e-05
3.07339e-05
3.29449e-05
3.52338e-05
3.75902e-05
4.00003e-05
4.24473e-05
4.49113e-05
4.73709e-05
4.98038e-05
5.21446e-05
5.41896e-05
5.56489e-05
5.58989e-05
3.13727e-10
3.73274e-10
4.534e-10
5.51197e-10
6.6912e-10
8.10881e-10
9.80961e-10
1.18464e-09
1.42812e-09
1.71863e-09
2.06467e-09
2.47608e-09
2.96435e-09
3.54283e-09
4.22695e-09
5.03458e-09
5.98637e-09
7.10607e-09
8.42102e-09
9.96261e-09
1.17668e-08
1.38746e-08
1.6333e-08
1.91954e-08
2.25226e-08
2.63835e-08
3.08563e-08
3.60291e-08
4.20018e-08
4.88866e-08
5.68098e-08
6.5913e-08
7.6355e-08
8.83134e-08
1.01986e-07
1.17595e-07
1.35384e-07
1.55628e-07
1.78627e-07
2.04716e-07
2.34265e-07
2.67681e-07
3.0541e-07
3.47944e-07
3.95823e-07
4.49636e-07
5.10027e-07
5.77697e-07
6.53411e-07
7.37997e-07
8.32353e-07
9.37453e-07
1.05434e-06
1.18416e-06
1.32811e-06
1.4875e-06
1.66372e-06
1.85827e-06
2.07273e-06
2.30878e-06
2.5682e-06
2.85289e-06
3.16481e-06
3.50606e-06
3.8788e-06
4.28528e-06
4.72783e-06
5.20887e-06
5.73082e-06
6.29618e-06
6.90742e-06
7.56699e-06
8.27731e-06
9.04065e-06
9.85916e-06
1.07347e-05
1.1669e-05
1.26632e-05
1.37182e-05
1.4834e-05
1.60102e-05
1.72455e-05
1.85377e-05
1.98834e-05
2.12779e-05
2.27153e-05
2.41886e-05
2.56866e-05
2.71949e-05
2.86996e-05
3.01842e-05
3.16299e-05
3.30146e-05
3.43129e-05
3.54958e-05
3.653e-05
3.73748e-05
3.79757e-05
3.8161e-05
3.76603e-05
3.11701e-10
3.70816e-10
4.50376e-10
5.47476e-10
6.64548e-10
8.05271e-10
9.74086e-10
1.17623e-09
1.41784e-09
1.70609e-09
2.04937e-09
2.45746e-09
2.94172e-09
3.51533e-09
4.19359e-09
4.99415e-09
5.9374e-09
7.04683e-09
8.3494e-09
9.87609e-09
1.16623e-08
1.37486e-08
1.61811e-08
1.90125e-08
2.23023e-08
2.61184e-08
3.05374e-08
3.56457e-08
4.15411e-08
4.83332e-08
5.61453e-08
6.51154e-08
7.53982e-08
8.7166e-08
1.00611e-07
1.15947e-07
1.3341e-07
1.53264e-07
1.75799e-07
2.01335e-07
2.30224e-07
2.62853e-07
2.99646e-07
3.41069e-07
3.87627e-07
4.39872e-07
4.98404e-07
5.63873e-07
6.36982e-07
7.18491e-07
8.09215e-07
9.10032e-07
1.02188e-06
1.14576e-06
1.28275e-06
1.43397e-06
1.60063e-06
1.78398e-06
1.98536e-06
2.20616e-06
2.44782e-06
2.71184e-06
2.99978e-06
3.3132e-06
3.65373e-06
4.02297e-06
4.42256e-06
4.85408e-06
5.31907e-06
5.81901e-06
6.35524e-06
6.92897e-06
7.54119e-06
8.19266e-06
8.88381e-06
9.61469e-06
1.03849e-05
1.11935e-05
1.20388e-05
1.29186e-05
1.38296e-05
1.47678e-05
1.5728e-05
1.67038e-05
1.76877e-05
1.86708e-05
1.96428e-05
2.05915e-05
2.15041e-05
2.23618e-05
2.31426e-05
2.38278e-05
2.43953e-05
2.48195e-05
2.50715e-05
2.512e-05
2.49333e-05
2.44835e-05
2.37525e-05
2.2778e-05
2.94869e-10
3.50625e-10
4.25853e-10
5.17718e-10
6.285e-10
7.6168e-10
9.21468e-10
1.11283e-09
1.34158e-09
1.61455e-09
1.93967e-09
2.32623e-09
2.78501e-09
3.32854e-09
3.9713e-09
4.73008e-09
5.62423e-09
6.67602e-09
7.91108e-09
9.35877e-09
1.10527e-08
1.30314e-08
1.53385e-08
1.8024e-08
2.11444e-08
2.47639e-08
2.8955e-08
3.37996e-08
3.939e-08
4.58297e-08
5.32352e-08
6.17366e-08
7.14793e-08
8.26255e-08
9.53554e-08
1.09869e-07
1.26389e-07
1.45159e-07
1.66451e-07
1.9056e-07
2.17815e-07
2.48572e-07
2.83221e-07
3.22188e-07
3.65937e-07
4.14968e-07
4.69824e-07
5.3109e-07
5.99394e-07
6.75412e-07
7.59864e-07
8.53517e-07
9.57186e-07
1.07173e-06
1.19807e-06
1.33714e-06
1.48994e-06
1.65751e-06
1.84091e-06
2.04124e-06
2.25961e-06
2.49715e-06
2.755e-06
3.03426e-06
3.33604e-06
3.66136e-06
4.01122e-06
4.38649e-06
4.78794e-06
5.21617e-06
5.67159e-06
6.15439e-06
6.66444e-06
7.20129e-06
7.76411e-06
8.35157e-06
8.96184e-06
9.59246e-06
1.02403e-05
1.09015e-05
1.15713e-05
1.22441e-05
1.29134e-05
1.35717e-05
1.42102e-05
1.48194e-05
1.53886e-05
1.5906e-05
1.63589e-05
1.67329e-05
1.70126e-05
1.71739e-05
1.72014e-05
1.7077e-05
1.67821e-05
1.6301e-05
1.5628e-05
1.47794e-05
1.38174e-05
1.28824e-05
2.6682e-10
3.17032e-10
3.85064e-10
4.68228e-10
5.6855e-10
6.89185e-10
8.33959e-10
1.00739e-09
1.21476e-09
1.46229e-09
1.7572e-09
2.10795e-09
2.52436e-09
3.01783e-09
3.6016e-09
4.29096e-09
5.10354e-09
6.0597e-09
7.18279e-09
8.49964e-09
1.0041e-08
1.18418e-08
1.39422e-08
1.63876e-08
1.92298e-08
2.25274e-08
2.63464e-08
3.07618e-08
3.58576e-08
4.17284e-08
4.84803e-08
5.62318e-08
6.51154e-08
7.52785e-08
8.6885e-08
1.00117e-07
1.15174e-07
1.3228e-07
1.51677e-07
1.73634e-07
1.98445e-07
2.26429e-07
2.57937e-07
2.93347e-07
3.3307e-07
3.7755e-07
4.27265e-07
4.82727e-07
5.44484e-07
6.13119e-07
6.89251e-07
7.73535e-07
8.66658e-07
9.69342e-07
1.08234e-06
1.20642e-06
1.34239e-06
1.49105e-06
1.65325e-06
1.8298e-06
2.02152e-06
2.22922e-06
2.45366e-06
2.69557e-06
2.9556e-06
3.23432e-06
3.53219e-06
3.84952e-06
4.18649e-06
4.54303e-06
4.91887e-06
5.31343e-06
5.72585e-06
6.15484e-06
6.59875e-06
7.05542e-06
7.52217e-06
7.99574e-06
8.47226e-06
8.94715e-06
9.41518e-06
9.87034e-06
1.03059e-05
1.07145e-05
1.10878e-05
1.14172e-05
1.16932e-05
1.1906e-05
1.20456e-05
1.21015e-05
1.20632e-05
1.192e-05
1.1655e-05
1.1262e-05
1.07358e-05
1.00768e-05
9.29918e-06
8.44046e-06
7.57798e-06
6.84638e-06
2.32406e-10
2.75867e-10
3.3507e-10
4.07536e-10
4.94988e-10
6.00177e-10
7.2645e-10
8.77757e-10
1.05874e-09
1.27483e-09
1.53238e-09
1.8388e-09
2.20271e-09
2.63412e-09
3.14465e-09
3.74774e-09
4.4589e-09
5.29602e-09
6.27965e-09
7.4334e-09
8.7843e-09
1.03632e-08
1.22054e-08
1.4351e-08
1.68455e-08
1.97405e-08
2.30945e-08
2.69733e-08
3.1451e-08
3.66111e-08
4.25469e-08
4.93629e-08
5.71759e-08
6.61156e-08
7.63261e-08
8.79673e-08
1.01216e-07
1.16266e-07
1.33331e-07
1.52646e-07
1.74468e-07
1.99075e-07
2.26771e-07
2.57886e-07
2.92774e-07
3.31818e-07
3.75427e-07
4.24039e-07
4.7812e-07
5.38163e-07
6.04687e-07
6.78237e-07
7.59382e-07
8.4871e-07
9.46827e-07
1.05435e-06
1.17191e-06
1.30013e-06
1.43963e-06
1.59102e-06
1.75487e-06
1.93172e-06
2.12206e-06
2.3263e-06
2.54477e-06
2.77768e-06
3.02513e-06
3.28704e-06
3.56315e-06
3.85299e-06
4.15584e-06
4.47067e-06
4.79616e-06
5.13062e-06
5.47194e-06
5.81761e-06
6.16462e-06
6.50947e-06
6.84815e-06
7.17608e-06
7.48817e-06
7.77879e-06
8.04184e-06
8.27077e-06
8.45868e-06
8.59845e-06
8.68286e-06
8.70482e-06
8.65761e-06
8.5351e-06
8.33219e-06
8.04503e-06
7.66852e-06
7.19947e-06
6.64318e-06
6.01012e-06
5.32219e-06
4.61791e-06
3.95951e-06
3.44146e-06
1.96409e-10
2.32859e-10
2.8282e-10
3.44068e-10
4.18014e-10
5.0698e-10
6.13805e-10
7.41844e-10
8.95039e-10
1.07801e-09
1.29614e-09
1.55575e-09
1.86416e-09
2.22991e-09
2.66287e-09
3.17449e-09
3.77801e-09
4.48864e-09
5.32395e-09
6.30405e-09
7.45201e-09
8.7942e-09
1.03607e-08
1.21858e-08
1.43084e-08
1.67726e-08
1.96284e-08
2.29319e-08
2.67468e-08
3.11441e-08
3.62039e-08
4.20156e-08
4.86787e-08
5.63043e-08
6.50155e-08
7.49487e-08
8.62546e-08
9.9099e-08
1.13664e-07
1.3015e-07
1.48773e-07
1.69772e-07
1.93404e-07
2.19946e-07
2.49699e-07
2.82984e-07
3.20144e-07
3.61546e-07
4.07576e-07
4.58643e-07
5.15174e-07
5.77615e-07
6.46426e-07
7.22081e-07
8.0506e-07
8.9585e-07
9.94933e-07
1.10278e-06
1.21986e-06
1.34659e-06
1.48338e-06
1.63055e-06
1.78841e-06
1.95714e-06
2.13686e-06
2.32756e-06
2.52908e-06
2.74113e-06
2.96322e-06
3.19464e-06
3.43444e-06
3.68143e-06
3.9341e-06
4.19062e-06
4.4488e-06
4.7061e-06
4.95958e-06
5.20588e-06
5.44124e-06
5.6615e-06
5.86213e-06
6.03827e-06
6.18476e-06
6.29629e-06
6.36746e-06
6.39296e-06
6.36775e-06
6.2873e-06
6.14793e-06
5.94712e-06
5.68387e-06
5.35914e-06
4.97623e-06
4.53536e-06
4.04591e-06
3.52145e-06
2.98351e-06
2.46274e-06
2.0005e-06
1.65249e-06
1.62583e-10
1.92494e-10
2.33773e-10
2.84465e-10
3.45699e-10
4.19391e-10
5.07898e-10
6.14011e-10
7.41006e-10
8.92726e-10
1.07366e-09
1.28906e-09
1.54503e-09
1.84866e-09
2.20822e-09
2.63322e-09
3.13471e-09
3.72539e-09
4.41991e-09
5.23506e-09
6.19011e-09
7.30708e-09
8.61112e-09
1.01308e-08
1.18988e-08
1.39518e-08
1.63317e-08
1.90855e-08
2.22662e-08
2.59335e-08
3.01542e-08
3.5003e-08
4.05633e-08
4.69277e-08
5.41993e-08
6.24919e-08
7.19312e-08
8.26558e-08
9.48175e-08
1.08583e-07
1.24132e-07
1.41664e-07
1.61391e-07
1.83544e-07
2.08371e-07
2.36138e-07
2.67126e-07
3.01638e-07
3.39989e-07
3.82511e-07
4.29553e-07
4.81473e-07
5.38641e-07
6.01431e-07
6.70225e-07
7.45397e-07
8.2732e-07
9.16349e-07
1.01282e-06
1.11704e-06
1.22927e-06
1.34972e-06
1.47854e-06
1.61581e-06
1.7615e-06
1.91548e-06
2.07748e-06
2.2471e-06
2.42376e-06
2.60667e-06
2.79487e-06
2.98712e-06
3.18195e-06
3.37761e-06
3.57205e-06
3.76293e-06
3.94758e-06
4.12302e-06
4.28597e-06
4.43286e-06
4.55989e-06
4.66306e-06
4.73823e-06
4.78128e-06
4.78816e-06
4.75511e-06
4.67881e-06
4.55664e-06
4.38703e-06
4.16978e-06
3.9064e-06
3.60054e-06
3.25823e-06
2.88551e-06
2.48938e-06
2.08303e-06
1.68428e-06
1.31512e-06
1.00083e-06
7.7073e-07
1.33371e-10
1.57669e-10
1.91451e-10
2.33025e-10
2.83278e-10
3.43777e-10
4.16463e-10
5.03636e-10
6.07997e-10
7.32716e-10
8.815e-10
1.05868e-09
1.2693e-09
1.51923e-09
1.81527e-09
2.16532e-09
2.57849e-09
3.06531e-09
3.63787e-09
4.31008e-09
5.09789e-09
6.01954e-09
7.09584e-09
8.35051e-09
9.81048e-09
1.15063e-08
1.34726e-08
1.57483e-08
1.83775e-08
2.14094e-08
2.48996e-08
2.89099e-08
3.35092e-08
3.87745e-08
4.4791e-08
5.16528e-08
5.94641e-08
6.83393e-08
7.84038e-08
8.97949e-08
1.02662e-07
1.17168e-07
1.33488e-07
1.51812e-07
1.72343e-07
1.95298e-07
2.20909e-07
2.4942e-07
2.81089e-07
3.16184e-07
3.54987e-07
3.97784e-07
4.44871e-07
4.96545e-07
5.53104e-07
6.14842e-07
6.82042e-07
7.54974e-07
8.33883e-07
9.18986e-07
1.01046e-06
1.10844e-06
1.21299e-06
1.3241e-06
1.4417e-06
1.5656e-06
1.6955e-06
1.83097e-06
1.97143e-06
2.11614e-06
2.26419e-06
2.41444e-06
2.56557e-06
2.71602e-06
2.864e-06
3.00746e-06
3.14412e-06
3.27146e-06
3.38674e-06
3.48703e-06
3.56923e-06
3.63015e-06
3.66656e-06
3.67531e-06
3.6534e-06
3.59818e-06
3.50747e-06
3.37983e-06
3.21479e-06
3.0132e-06
2.77759e-06
2.51236e-06
2.22389e-06
1.92069e-06
1.60827e-06
1.29701e-06
1.00076e-06
7.35268e-07
5.16596e-07
3.59946e-07
1.10165e-10
1.30005e-10
1.57826e-10
1.92153e-10
2.33683e-10
2.83707e-10
3.43831e-10
4.15968e-10
5.02364e-10
6.05654e-10
7.28924e-10
8.75777e-10
1.05041e-09
1.25772e-09
1.50338e-09
1.79395e-09
2.13705e-09
2.54145e-09
3.01724e-09
3.57604e-09
4.23115e-09
4.9978e-09
5.89339e-09
6.93771e-09
8.15328e-09
9.56564e-09
1.12037e-08
1.31001e-08
1.52915e-08
1.78193e-08
2.07297e-08
2.40746e-08
2.79115e-08
3.23047e-08
3.73254e-08
4.30522e-08
4.95721e-08
5.69804e-08
6.53819e-08
7.48909e-08
8.56318e-08
9.77399e-08
1.11361e-07
1.26652e-07
1.43783e-07
1.62931e-07
1.84289e-07
2.08057e-07
2.34448e-07
2.63681e-07
2.95985e-07
3.31594e-07
3.70746e-07
4.13681e-07
4.60635e-07
5.11841e-07
5.6752e-07
6.2788e-07
6.93106e-07
7.63356e-07
8.38753e-07
9.19373e-07
1.00524e-06
1.09632e-06
1.19251e-06
1.29359e-06
1.39928e-06
1.50918e-06
1.62274e-06
1.73931e-06
1.85806e-06
1.97802e-06
2.09802e-06
2.21674e-06
2.33266e-06
2.44404e-06
2.54901e-06
2.64547e-06
2.73118e-06
2.80379e-06
2.8608e-06
2.89971e-06
2.918e-06
2.91323e-06
2.88317e-06
2.82587e-06
2.73982e-06
2.62414e-06
2.47875e-06
2.30469e-06
2.10446e-06
1.8821e-06
1.64323e-06
1.39519e-06
1.14459e-06
8.97909e-07
6.65937e-07
4.60788e-07
2.94747e-07
1.77939e-07
9.37531e-11
1.104e-10
1.33983e-10
1.63173e-10
1.98527e-10
2.41137e-10
2.92375e-10
3.53879e-10
4.27573e-10
5.15718e-10
6.20961e-10
7.46393e-10
8.95621e-10
1.07284e-09
1.28294e-09
1.53155e-09
1.82522e-09
2.1715e-09
2.57908e-09
3.05795e-09
3.61958e-09
4.27708e-09
5.04543e-09
5.94171e-09
6.98535e-09
8.19835e-09
9.60566e-09
1.12354e-08
1.31194e-08
1.52931e-08
1.77966e-08
2.06745e-08
2.39766e-08
2.77583e-08
3.20811e-08
3.70127e-08
4.26283e-08
4.901e-08
5.62481e-08
6.4441e-08
7.36961e-08
8.41295e-08
9.58668e-08
1.09043e-07
1.23802e-07
1.40299e-07
1.58696e-07
1.79166e-07
2.01889e-07
2.27051e-07
2.54847e-07
2.85475e-07
3.19135e-07
3.56027e-07
3.96349e-07
4.40294e-07
4.88044e-07
5.39766e-07
5.95609e-07
6.55695e-07
7.20113e-07
7.88914e-07
8.62099e-07
9.39616e-07
1.02135e-06
1.1071e-06
1.1966e-06
1.28947e-06
1.38523e-06
1.48328e-06
1.58291e-06
1.68324e-06
1.78327e-06
1.88186e-06
1.97771e-06
2.06935e-06
2.15518e-06
2.23347e-06
2.30237e-06
2.35992e-06
2.4041e-06
2.43288e-06
2.44425e-06
2.43628e-06
2.40722e-06
2.35556e-06
2.28016e-06
2.18035e-06
2.05612e-06
1.90828e-06
1.73882e-06
1.55104e-06
1.34951e-06
1.13953e-06
9.28262e-07
7.19953e-07
5.22696e-07
3.46529e-07
2.02766e-07
1.0159e-07
8.47853e-11
9.96042e-11
1.20836e-10
1.47199e-10
1.79159e-10
2.17698e-10
2.64063e-10
3.19738e-10
3.86476e-10
4.66331e-10
5.61712e-10
6.75435e-10
8.10783e-10
9.71582e-10
1.16228e-09
1.38802e-09
1.65477e-09
1.96941e-09
2.33989e-09
2.77531e-09
3.28616e-09
3.88441e-09
4.58376e-09
5.39982e-09
6.35034e-09
7.45547e-09
8.73802e-09
1.02237e-08
1.19417e-08
1.39244e-08
1.62085e-08
1.88349e-08
2.18492e-08
2.53022e-08
2.92499e-08
3.37548e-08
3.88854e-08
4.4717e-08
5.13324e-08
5.88217e-08
6.7283e-08
7.68227e-08
8.75556e-08
9.96052e-08
1.13104e-07
1.28192e-07
1.45018e-07
1.6374e-07
1.84521e-07
2.07532e-07
2.3295e-07
2.60953e-07
2.91724e-07
3.25443e-07
3.6229e-07
4.02438e-07
4.4605e-07
4.93273e-07
5.4424e-07
5.99054e-07
6.57793e-07
7.20494e-07
7.87153e-07
8.57713e-07
9.32061e-07
1.01001e-06
1.0913e-06
1.17558e-06
1.26239e-06
1.3512e-06
1.44133e-06
1.53199e-06
1.62227e-06
1.71112e-06
1.79736e-06
1.87969e-06
1.95666e-06
2.02673e-06
2.08824e-06
2.13946e-06
2.17863e-06
2.20396e-06
2.21368e-06
2.20612e-06
2.17977e-06
2.13332e-06
2.06578e-06
1.97655e-06
1.86552e-06
1.73326e-06
1.58122e-06
1.41212e-06
1.23005e-06
1.03997e-06
8.47905e-07
6.58052e-07
4.76736e-07
3.1204e-07
1.73994e-07
7.37729e-08
0.000186286
0.000185695
0.000181748
0.000176855
0.000171693
0.000166531
0.0001615
0.000156663
0.000152035
0.000147592
0.000143278
0.000139009
0.00013469
0.000130215
0.000125488
0.00012044
0.000115075
0.00010955
0.000104321
0.000100471
0.000175084
0.000174372
0.000169991
0.00016453
0.000158862
0.00015331
0.000147999
0.00014297
0.000138213
0.000133682
0.000129307
0.000124997
0.000120651
0.000116166
0.000111451
0.000106451
0.000101188
9.58407e-05
9.08875e-05
8.73832e-05
0.000162695
0.000161213
0.000156542
0.000150837
0.000144964
0.000139267
0.000133874
0.000128814
0.000124063
0.000119562
0.000115232
0.000110979
0.000106701
0.000102302
9.76985e-05
9.28497e-05
8.7794e-05
8.27222e-05
7.81118e-05
7.49493e-05
0.000148447
0.000146151
0.000141334
0.000135672
0.000129899
0.000124329
0.000119082
0.000114181
0.000109594
0.000105261
0.0001011
9.70176e-05
9.29191e-05
8.87146e-05
8.43339e-05
7.97483e-05
7.50092e-05
7.03144e-05
6.61266e-05
6.3348e-05
0.000132088
0.000129231
0.000124495
0.000119143
0.000113746
0.000108561
0.000103685
9.91358e-05
9.48816e-05
9.08629e-05
8.70029e-05
8.32166e-05
7.94172e-05
7.55263e-05
7.14854e-05
6.72783e-05
6.29668e-05
5.87518e-05
5.50712e-05
5.2718e-05
0.000113786
0.000110726
0.000106342
0.000101549
9.67662e-05
9.21847e-05
8.78785e-05
8.38568e-05
8.00905e-05
7.65267e-05
7.30981e-05
6.97309e-05
6.63505e-05
6.28904e-05
5.93043e-05
5.55868e-05
5.18079e-05
4.81672e-05
4.5069e-05
4.31626e-05
9.40835e-05
9.11792e-05
8.74e-05
8.33729e-05
7.93875e-05
7.55767e-05
7.19917e-05
6.86357e-05
6.54841e-05
6.24933e-05
5.96076e-05
5.67669e-05
5.39109e-05
5.09856e-05
4.79558e-05
4.48251e-05
4.16683e-05
3.8677e-05
3.62086e-05
3.47423e-05
7.38478e-05
7.13871e-05
6.83957e-05
6.52691e-05
6.21928e-05
5.9252e-05
5.64797e-05
5.38757e-05
5.14195e-05
4.9078e-05
4.68106e-05
4.45723e-05
4.23169e-05
4.00034e-05
3.76063e-05
3.51351e-05
3.26634e-05
3.03653e-05
2.85307e-05
2.74711e-05
5.41728e-05
5.23307e-05
5.02103e-05
4.80277e-05
4.58872e-05
4.3837e-05
4.18944e-05
4.00594e-05
3.83184e-05
3.66498e-05
3.50272e-05
3.34205e-05
3.17984e-05
3.0133e-05
2.84074e-05
2.66319e-05
2.48715e-05
2.32675e-05
2.20244e-05
2.13187e-05
3.62277e-05
3.50533e-05
3.37793e-05
3.24853e-05
3.12142e-05
2.99891e-05
2.88181e-05
2.77017e-05
2.66325e-05
2.56001e-05
2.45904e-05
2.35882e-05
2.2577e-05
2.15426e-05
2.04767e-05
1.93869e-05
1.83182e-05
1.73586e-05
1.66289e-05
1.62198e-05
2.17097e-05
2.11038e-05
2.05136e-05
1.99261e-05
1.93453e-05
1.87748e-05
1.82168e-05
1.76712e-05
1.71361e-05
1.66086e-05
1.60854e-05
1.5563e-05
1.50391e-05
1.45128e-05
1.39877e-05
1.34731e-05
1.29878e-05
1.25633e-05
1.22495e-05
1.2079e-05
1.21998e-05
1.19409e-05
1.17358e-05
1.15416e-05
1.13465e-05
1.11467e-05
1.09416e-05
1.0731e-05
1.05153e-05
1.02956e-05
1.00734e-05
9.85111e-06
9.63284e-06
9.42423e-06
9.23321e-06
9.06923e-06
8.9403e-06
8.84973e-06
8.7985e-06
8.7856e-06
6.43695e-06
6.35836e-06
6.33717e-06
6.32847e-06
6.31735e-06
6.29827e-06
6.26907e-06
6.22943e-06
6.18063e-06
6.12506e-06
6.06594e-06
6.00771e-06
5.95636e-06
5.91932e-06
5.90522e-06
5.92251e-06
5.97584e-06
6.06009e-06
6.15468e-06
6.22838e-06
3.1966e-06
3.19349e-06
3.23891e-06
3.29591e-06
3.35162e-06
3.40081e-06
3.44129e-06
3.47267e-06
3.49599e-06
3.51339e-06
3.5283e-06
3.54518e-06
3.56965e-06
3.60855e-06
3.66951e-06
3.75971e-06
3.88275e-06
4.03287e-06
4.18568e-06
4.29405e-06
1.49985e-06
1.51755e-06
1.57231e-06
1.63705e-06
1.7021e-06
1.76328e-06
1.81874e-06
1.86804e-06
1.91188e-06
1.95194e-06
1.99092e-06
2.03241e-06
2.0809e-06
2.14182e-06
2.22118e-06
2.32469e-06
2.4555e-06
2.60933e-06
2.7656e-06
2.87646e-06
6.69353e-07
6.85388e-07
7.28227e-07
7.793e-07
8.31783e-07
8.82602e-07
9.30326e-07
9.74554e-07
1.01571e-06
1.05496e-06
1.09421e-06
1.13601e-06
1.18362e-06
1.24098e-06
1.31248e-06
1.4024e-06
1.51335e-06
1.64278e-06
1.77569e-06
1.87309e-06
2.87744e-07
2.96298e-07
3.23803e-07
3.57812e-07
3.93615e-07
4.2906e-07
4.63142e-07
4.95563e-07
5.26577e-07
5.56927e-07
5.87838e-07
6.21012e-07
6.58645e-07
7.03407e-07
7.58342e-07
8.26491e-07
9.09897e-07
1.00721e-06
1.10839e-06
1.18524e-06
1.2212e-07
1.2406e-07
1.39501e-07
1.5982e-07
1.81757e-07
2.03901e-07
2.25632e-07
2.4677e-07
2.67464e-07
2.88158e-07
3.09596e-07
3.32837e-07
3.59273e-07
3.90635e-07
4.28934e-07
4.76245e-07
5.3407e-07
6.01789e-07
6.73082e-07
7.28928e-07
5.32204e-08
5.12495e-08
5.90795e-08
7.02451e-08
8.26024e-08
9.53313e-08
1.08094e-07
1.20792e-07
1.33507e-07
1.46487e-07
1.60161e-07
1.75154e-07
1.92306e-07
2.12686e-07
2.37572e-07
2.68329e-07
3.06034e-07
3.50501e-07
3.97962e-07
4.36147e-07
2.40934e-08
2.13541e-08
2.5068e-08
3.07525e-08
3.72215e-08
4.40559e-08
5.10821e-08
5.82462e-08
6.55864e-08
7.32344e-08
8.14246e-08
9.05082e-08
1.00968e-07
1.13435e-07
1.28683e-07
1.47582e-07
1.70899e-07
1.98748e-07
2.2918e-07
2.54766e-07
0.001
0.001
0.001
0.001
0.001
0.001
0.001
0.001
0.001
0.001
0.001
0.001
0.001
0.001
0.001
0.001
0.001
0.001
0.001
0.001
0.001
0.001
0.001
0.001
0.001
0.001
0.001
0.001
0.001
0.001
0.001
0.001
0.001
0.001
0.001
0.001
0.001
0.001
0.001
0.001
0.001
0.001
0.001
0.001
0.001
0.001
0.001
0.001
0.001
0.001
0.001
0.001
0.001
0.001
0.001
0.001
0.001
0.001
0.001
0.001
0.001
0.001
0.001
0.001
0.001
0.001
0.001
0.001
0.001
0.001
0.001
0.001
0.001
0.001
0.001
0.001
0.001
0.001
0.001
0.001
0.001
0.001
0.001
0.001
0.001
0.001
0.001
0.001
0.001
0.001
0.001
0.001
0.001
0.001
0.001
0.001
0.001
0.001
0.001
0.001
0.001
0.001
0.001
0.001
0.001
0.001
0.001
0.001
0.001
0.001
0.001
0.001
0.001
0.001
0.001
0.001
0.001
0.001
0.001
0.001
0.001
0.001
0.001
0.001
0.001
0.001
0.001
0.001
0.001
0.001
0.001
0.001
0.001
0.001
0.001
0.001
0.001
0.001
0.001
0.001
0.001
0.001
0.001
0.001
0.001
0.001
0.001
0.001
0.001
0.001
0.001
0.001
0.001
0.001
0.001
0.001
0.001
0.001
0.001
0.001
0.001
0.001
0.001
0.001
0.001
0.001
0.001
0.001
0.001
0.001
0.001
0.001
0.001
0.001
0.001
0.001
0.001
0.001
0.001
0.001
0.001
0.001
0.001
0.001
0.001
0.001
0.001
0.001
0.001
0.001
0.001
0.001
0.001
0.001
0.001
0.001
0.001
0.001
0.001
0.001
0.001
0.001
0.001
0.001
0.001
0.001
0.001
0.001
0.001
0.001
0.001
0.001
0.001
0.001
0.001
0.001
0.001
0.001
0.001
0.001
0.001
0.001
0.001
0.001
0.001
0.001
0.001
0.001
0.001
0.001
0.001
0.001
0.001
0.001
0.001
0.001
0.001
0.001
0.001
0.001
0.001
0.001
0.001
0.001
0.001
0.001
0.001
0.001
0.001
0.001
0.001
0.001
0.001
0.001
0.001
0.001
0.001
0.001
0.001
0.001
0.001
0.001
0.001
0.001
0.001
0.001
0.001
0.001
0.001
0.001
0.001
0.001
0.001
0.001
0.001
0.001
0.001
0.001
0.001
0.001
0.001
0.001
0.001
0.001
0.001
0.001
0.001
0.001
0.001
0.001
0.001
0.001
0.001
0.001
0.001
0.001
0.001
0.001
0.001
0.001
0.001
0.001
0.001
0.001
0.001
0.001
0.001
0.001
0.001
0.001
0.001
0.001
0.001
0.001
0.001
0.001
0.001
0.001
0.001
0.001
0.001
0.001
0.001
0.001
0.001
0.001
0.001
0.001
0.001
0.001
0.001
0.001
0.001
0.001
0.001
0.001
0.001
0.001
0.001
0.001
0.001
0.001
0.001
0.001
0.001
0.001
0.001
0.001
0.001
0.001
0.001
0.001
0.001
0.001
0.001
0.001
0.001
0.001
0.001
0.001
0.001
0.001
0.001
0.001
0.001
0.001
0.001
0.001
0.001
0.001
0.001
0.001
0.001
0.001
0.001
0.001
0.001
0.001
0.001
0.001
0.001
0.001
0.001
0.001
0.001
0.001
0.001
0.001
0.001
0.001
0.001
0.001
0.001
0.001
0.001
0.001
0.001
0.001
0.001
0.001
0.001
0.001
0.001
0.001
0.001
0.001
0.001
0.001
0.001
0.001
0.001
0.001
0.001
0.001
0.001
0.001
0.001
0.001
0.001
0.001
0.001
0.001
0.001
0.001
0.001
0.001
0.001
0.001
0.001
0.001
0.001
0.001
0.001
0.001
0.001
0.001
0.001
0.001
0.001
0.001
0.001
0.001
0.001
0.001
0.001
0.001
0.001
0.001
0.001
0.001
0.001
0.001
0.001
0.001
0.001
0.001
0.001
0.001
0.001
0.001
0.001
0.001
0.001
0.001
0.001
0.001
0.001
0.001
0.001
0.001
0.001
0.001
0.001
0.001
0.001
0.001
0.001
0.001
0.001
0.001
0.001
0.001
0.001
0.001
0.001
0.001
0.001
0.001
0.001
0.001
0.001
0.001
0.001
0.001
0.001
0.001
0.001
0.001
0.001
0.001
0.001
0.001
0.001
0.001
0.001
0.001
0.001
0.001
0.001
0.001
0.001
0.001
0.001
0.001
0.001
0.001
0.001
0.001
0.001
0.001
0.001
0.001
0.001
0.001
0.001
0.001
0.001
0.001
0.001
0.001
0.001
0.001
0.001
0.001
0.001
0.001
0.001
0.001
0.001
0.001
0.000999999
0.000999999
0.000999999
0.000999999
0.000999999
0.000999999
0.000999999
0.000999999
0.000999999
0.000999999
0.000999999
0.000999999
0.000999999
0.000999999
0.000999999
0.000999999
0.000999999
0.000999999
0.000999999
0.000999999
0.000999999
0.000999999
0.000999999
0.000999999
0.000999999
0.000999999
0.000999999
0.000999999
0.000999999
0.000999999
0.000999999
0.000999999
0.000999999
0.000999999
0.000999999
0.000999999
0.000999999
0.000999999
0.000999999
0.000999999
0.000999999
0.000999999
0.000999999
0.000999999
0.000999999
0.000999999
0.000999999
0.000999999
0.000999999
0.000999999
0.000999999
0.000999999
0.000999999
0.000999999
0.000999999
0.000999999
0.000999999
0.000999999
0.000999999
0.000999999
0.000999998
0.000999998
0.000999998
0.000999998
0.000999998
0.000999998
0.000999998
0.000999998
0.000999998
0.000999998
0.000999998
0.000999998
0.000999998
0.000999998
0.000999998
0.000999998
0.000999998
0.000999998
0.000999998
0.000999998
0.000999997
0.000999997
0.000999997
0.000999997
0.000999997
0.000999997
0.000999997
0.000999997
0.000999997
0.000999997
0.000999997
0.000999997
0.000999997
0.000999997
0.000999997
0.000999997
0.000999997
0.000999997
0.000999997
0.000999997
0.000999995
0.000999995
0.000999996
0.000999996
0.000999996
0.000999996
0.000999996
0.000999996
0.000999996
0.000999996
0.000999996
0.000999996
0.000999996
0.000999996
0.000999996
0.000999996
0.000999996
0.000999996
0.000999995
0.000999995
0.000999993
0.000999993
0.000999994
0.000999994
0.000999994
0.000999994
0.000999994
0.000999994
0.000999994
0.000999994
0.000999994
0.000999994
0.000999994
0.000999994
0.000999994
0.000999994
0.000999994
0.000999994
0.000999993
0.000999993
0.00099999
0.00099999
0.000999991
0.000999991
0.000999991
0.000999991
0.000999991
0.000999992
0.000999992
0.000999992
0.000999992
0.000999992
0.000999992
0.000999991
0.000999991
0.000999991
0.000999991
0.000999991
0.00099999
0.00099999
0.000999986
0.000999986
0.000999987
0.000999987
0.000999987
0.000999988
0.000999988
0.000999988
0.000999988
0.000999988
0.000999988
0.000999988
0.000999988
0.000999988
0.000999988
0.000999987
0.000999987
0.000999987
0.000999986
0.000999986
0.00099998
0.00099998
0.000999981
0.000999981
0.000999982
0.000999982
0.000999983
0.000999983
0.000999983
0.000999983
0.000999983
0.000999983
0.000999983
0.000999983
0.000999982
0.000999982
0.000999981
0.000999981
0.00099998
0.00099998
0.000999972
0.000999972
0.000999973
0.000999974
0.000999974
0.000999975
0.000999975
0.000999976
0.000999976
0.000999976
0.000999976
0.000999976
0.000999976
0.000999975
0.000999975
0.000999974
0.000999974
0.000999973
0.000999972
0.000999972
0.00099996
0.000999961
0.000999962
0.000999963
0.000999964
0.000999965
0.000999965
0.000999966
0.000999966
0.000999966
0.000999966
0.000999966
0.000999966
0.000999965
0.000999965
0.000999964
0.000999963
0.000999962
0.000999961
0.00099996
0.000999944
0.000999945
0.000999947
0.000999948
0.00099995
0.000999951
0.000999951
0.000999952
0.000999952
0.000999953
0.000999953
0.000999952
0.000999952
0.000999951
0.000999951
0.00099995
0.000999948
0.000999947
0.000999945
0.000999944
0.000999922
0.000999924
0.000999926
0.000999928
0.00099993
0.000999931
0.000999933
0.000999933
0.000999934
0.000999934
0.000999934
0.000999934
0.000999933
0.000999933
0.000999931
0.00099993
0.000999928
0.000999926
0.000999924
0.000999922
0.000999893
0.000999895
0.000999898
0.000999901
0.000999904
0.000999906
0.000999907
0.000999908
0.000999909
0.000999909
0.000999909
0.000999909
0.000999908
0.000999907
0.000999906
0.000999904
0.000999901
0.000999898
0.000999895
0.000999893
0.000999853
0.000999857
0.000999861
0.000999865
0.000999868
0.000999871
0.000999873
0.000999874
0.000999875
0.000999876
0.000999876
0.000999875
0.000999874
0.000999873
0.000999871
0.000999868
0.000999865
0.000999861
0.000999857
0.000999853
0.0009998
0.000999805
0.000999811
0.000999816
0.00099982
0.000999824
0.000999827
0.000999829
0.00099983
0.000999831
0.000999831
0.00099983
0.000999829
0.000999827
0.000999824
0.00099982
0.000999816
0.000999811
0.000999805
0.0009998
0.000999729
0.000999736
0.000999744
0.000999751
0.000999757
0.000999762
0.000999766
0.000999769
0.000999771
0.000999772
0.000999772
0.000999771
0.000999769
0.000999766
0.000999762
0.000999757
0.000999751
0.000999744
0.000999736
0.000999729
0.000999636
0.000999646
0.000999656
0.000999665
0.000999673
0.00099968
0.000999685
0.000999689
0.000999692
0.000999693
0.000999693
0.000999692
0.000999689
0.000999685
0.00099968
0.000999673
0.000999665
0.000999656
0.000999645
0.000999636
0.000999514
0.000999527
0.00099954
0.000999553
0.000999564
0.000999573
0.00099958
0.000999585
0.000999589
0.00099959
0.00099959
0.000999589
0.000999585
0.00099958
0.000999573
0.000999564
0.000999553
0.00099954
0.000999527
0.000999514
0.000999356
0.000999372
0.00099939
0.000999406
0.000999421
0.000999433
0.000999442
0.000999449
0.000999454
0.000999456
0.000999456
0.000999454
0.000999449
0.000999442
0.000999433
0.000999421
0.000999406
0.00099939
0.000999372
0.000999356
0.000999151
0.000999172
0.000999195
0.000999217
0.000999236
0.000999252
0.000999264
0.000999274
0.00099928
0.000999283
0.000999283
0.00099928
0.000999273
0.000999264
0.000999252
0.000999236
0.000999217
0.000999195
0.000999171
0.00099915
0.000998887
0.000998914
0.000998945
0.000998974
0.000998998
0.000999019
0.000999035
0.000999047
0.000999056
0.00099906
0.00099906
0.000999055
0.000999047
0.000999035
0.000999019
0.000998998
0.000998973
0.000998945
0.000998914
0.000998887
0.00099855
0.000998586
0.000998626
0.000998663
0.000998695
0.000998721
0.000998743
0.000998759
0.000998769
0.000998774
0.000998774
0.000998769
0.000998758
0.000998743
0.000998721
0.000998695
0.000998662
0.000998625
0.000998585
0.00099855
0.000998124
0.000998169
0.00099822
0.000998268
0.000998309
0.000998344
0.000998371
0.000998392
0.000998405
0.000998412
0.000998412
0.000998405
0.000998392
0.000998371
0.000998344
0.000998309
0.000998268
0.00099822
0.000998169
0.000998123
0.000997586
0.000997644
0.000997709
0.00099777
0.000997823
0.000997867
0.000997903
0.000997929
0.000997946
0.000997955
0.000997955
0.000997946
0.000997929
0.000997902
0.000997867
0.000997823
0.00099777
0.000997709
0.000997643
0.000997586
0.000996913
0.000996986
0.000997069
0.000997147
0.000997214
0.00099727
0.000997315
0.000997348
0.00099737
0.000997381
0.000997381
0.00099737
0.000997348
0.000997315
0.00099727
0.000997214
0.000997146
0.000997069
0.000996986
0.000996913
0.000996077
0.000996168
0.000996273
0.00099637
0.000996455
0.000996526
0.000996582
0.000996624
0.000996652
0.000996666
0.000996666
0.000996652
0.000996624
0.000996582
0.000996526
0.000996455
0.00099637
0.000996272
0.000996167
0.000996076
0.000995043
0.000995157
0.000995287
0.00099541
0.000995516
0.000995605
0.000995675
0.000995728
0.000995763
0.00099578
0.00099578
0.000995762
0.000995728
0.000995675
0.000995604
0.000995515
0.000995409
0.000995286
0.000995155
0.000995041
0.000993773
0.000993914
0.000994076
0.000994229
0.000994361
0.000994471
0.000994559
0.000994624
0.000994668
0.000994689
0.000994689
0.000994667
0.000994624
0.000994558
0.00099447
0.00099436
0.000994227
0.000994075
0.000993912
0.000993771
0.000992223
0.000992397
0.000992597
0.000992785
0.000992949
0.000993085
0.000993193
0.000993274
0.000993328
0.000993354
0.000993354
0.000993327
0.000993273
0.000993192
0.000993084
0.000992947
0.000992783
0.000992595
0.000992395
0.000992221
0.000990344
0.000990556
0.000990802
0.000991032
0.000991233
0.0009914
0.000991533
0.000991632
0.000991698
0.00099173
0.00099173
0.000991697
0.000991631
0.000991531
0.000991398
0.00099123
0.000991029
0.000990799
0.000990553
0.000990341
0.000988078
0.000988336
0.000988635
0.000988916
0.00098916
0.000989364
0.000989526
0.000989647
0.000989727
0.000989766
0.000989766
0.000989726
0.000989645
0.000989524
0.000989361
0.000989157
0.000988912
0.000988632
0.000988332
0.000988074
0.000985365
0.000985676
0.000986037
0.000986377
0.000986673
0.000986919
0.000987115
0.000987261
0.000987358
0.000987406
0.000987406
0.000987357
0.000987259
0.000987113
0.000986916
0.000986669
0.000986372
0.000986032
0.000985671
0.000985359
0.000982135
0.000982508
0.000982941
0.000983349
0.000983705
0.000984001
0.000984237
0.000984412
0.000984529
0.000984586
0.000984586
0.000984527
0.00098441
0.000984233
0.000983996
0.000983699
0.000983343
0.000982935
0.0009825
0.000982127
0.000978312
0.000978756
0.000979274
0.000979761
0.000980185
0.000980539
0.00098082
0.00098103
0.000981168
0.000981237
0.000981236
0.000981166
0.000981026
0.000980815
0.000980533
0.000980178
0.000979752
0.000979265
0.000978747
0.000978302
0.000973817
0.000974343
0.000974956
0.000975533
0.000976036
0.000976456
0.000976789
0.000977038
0.000977202
0.000977283
0.000977282
0.000977199
0.000977033
0.000976783
0.000976447
0.000976026
0.000975522
0.000974944
0.000974329
0.000973803
0.000968561
0.00096918
0.000969903
0.000970582
0.000971175
0.000971669
0.000972062
0.000972354
0.000972547
0.000972643
0.000972641
0.000972543
0.000972347
0.000972052
0.000971658
0.000971162
0.000970567
0.000969886
0.000969162
0.000968543
0.000962455
0.000963179
0.000964024
0.00096482
0.000965513
0.000966091
0.00096655
0.000966891
0.000967117
0.000967229
0.000967227
0.000967112
0.000966882
0.000966537
0.000966075
0.000965495
0.000964799
0.000964001
0.000963155
0.00096243
0.000955403
0.000956244
0.000957227
0.000958152
0.000958958
0.000959629
0.000960162
0.000960558
0.00096082
0.000960949
0.000960947
0.000960813
0.000960546
0.000960145
0.000959608
0.000958933
0.000958124
0.000957196
0.000956212
0.000955369
0.000947309
0.00094828
0.000949415
0.000950483
0.000951413
0.000952187
0.000952802
0.000953259
0.000953561
0.000953709
0.000953706
0.000953551
0.000953243
0.00095278
0.00095216
0.000951381
0.000950446
0.000949374
0.000948236
0.000947263
0.000938073
0.000939187
0.00094049
0.000941716
0.000942783
0.00094367
0.000944374
0.000944897
0.000945242
0.000945412
0.000945408
0.000945229
0.000944876
0.000944345
0.000943634
0.00094274
0.000941667
0.000940436
0.000939129
0.000938012
0.0009276
0.000928871
0.000930357
0.000931754
0.000932969
0.000933979
0.00093478
0.000935374
0.000935766
0.000935958
0.000935953
0.000935749
0.000935347
0.000934742
0.000933931
0.000932912
0.000931689
0.000930285
0.000928793
0.00092752
0.000915798
0.000917238
0.000918922
0.000920503
0.000921878
0.000923019
0.000923923
0.000924594
0.000925036
0.000925252
0.000925245
0.000925015
0.000924559
0.000923874
0.000922957
0.000921804
0.000920418
0.000918827
0.000917136
0.000915692
0.00090258
0.000904201
0.000906096
0.000907874
0.000909418
0.000910699
0.000911713
0.000912465
0.000912959
0.000913201
0.000913192
0.000912932
0.00091242
0.000911651
0.00091062
0.000909323
0.000907764
0.000905973
0.000904067
0.00090244
0.000887868
0.000889681
0.000891799
0.000893785
0.000895508
0.000896936
0.000898065
0.000898901
0.00089945
0.000899717
0.000899706
0.000899415
0.000898843
0.000897985
0.000896835
0.000895387
0.000893645
0.000891641
0.000889508
0.000887688
0.000871597
0.000873611
0.000875963
0.000878167
0.000880076
0.000881655
0.000882903
0.000883826
0.000884431
0.000884724
0.000884709
0.000884387
0.000883753
0.000882802
0.000881527
0.000879921
0.000877988
0.000875762
0.000873391
0.000871367
0.000853717
0.000855939
0.000858534
0.000860962
0.000863062
0.000864797
0.000866166
0.000867176
0.000867837
0.000868156
0.000868137
0.000867781
0.000867083
0.000866037
0.000864634
0.000862866
0.000860735
0.00085828
0.000855661
0.000853427
0.000834198
0.000836633
0.000839475
0.000842131
0.000844424
0.000846316
0.000847805
0.000848903
0.000849619
0.000849962
0.000849938
0.000849547
0.000848784
0.000847642
0.000846109
0.000844177
0.000841846
0.000839155
0.000836284
0.000833834
0.000813031
0.00081568
0.000818772
0.000821656
0.000824142
0.000826187
0.000827795
0.000828976
0.000829745
0.000830111
0.00083008
0.000829654
0.000828826
0.000827587
0.000825925
0.000823828
0.000821296
0.000818369
0.000815243
0.000812576
0.000790234
0.000793095
0.000796434
0.000799542
0.000802214
0.000804408
0.000806128
0.000807388
0.000808205
0.00080859
0.000808551
0.000808089
0.000807197
0.000805864
0.000804076
0.000801818
0.000799086
0.000795925
0.000792544
0.000789661
0.00076585
0.000768918
0.000772495
0.000775819
0.000778668
0.000781001
0.000782823
0.000784154
0.000785013
0.000785413
0.000785364
0.000784866
0.000783912
0.000782489
0.000780579
0.000778165
0.00077524
0.00077185
0.000768219
0.000765124
0.000739954
0.000743217
0.00074702
0.000750545
0.000753557
0.000756014
0.000757926
0.000759317
0.000760209
0.000760619
0.000760557
0.000760023
0.00075901
0.000757502
0.000755478
0.000752917
0.000749808
0.000746198
0.000742327
0.000739028
0.000712648
0.000716092
0.000720102
0.000723808
0.000726963
0.000729526
0.000731512
0.000732948
0.000733862
0.000734274
0.000734195
0.000733626
0.000732558
0.000730972
0.000728844
0.000726147
0.000722868
0.000719051
0.000714952
0.000711459
0.000684066
0.000687672
0.000691865
0.000695726
0.000698999
0.000701644
0.000703682
0.000705147
0.000706069
0.000706474
0.000706373
0.000705769
0.000704651
0.000702996
0.000700775
0.000697957
0.000694523
0.000690515
0.000686205
0.000682533
0.00065437
0.000658115
0.000662461
0.000666446
0.000669807
0.000672506
0.000674572
0.000676042
0.000676957
0.000677343
0.000677216
0.000676577
0.000675413
0.000673698
0.000671398
0.000668474
0.000664903
0.000660726
0.000656223
0.000652389
0.000623746
0.000627603
0.000632068
0.000636143
0.000639556
0.000642278
0.000644341
0.000645793
0.00064668
0.000647034
0.000646874
0.000646199
0.000644994
0.000643229
0.000640863
0.000637852
0.000634165
0.000629838
0.000625165
0.000621189
0.000592408
0.000596345
0.00060089
0.000605014
0.000608442
0.000611149
0.000613178
0.000614584
0.000615421
0.000615728
0.000615524
0.000614811
0.000613569
0.000611763
0.000609346
0.000606265
0.000602482
0.000598029
0.00059321
0.000589112
0.000560584
0.000564568
0.000569151
0.00057328
0.000576681
0.000579336
0.000581294
0.000582623
0.000583384
0.000583625
0.000583368
0.000582612
0.000581335
0.000579496
0.000577039
0.000573905
0.000570047
0.000565492
0.000560551
0.000556354
0.000528522
0.000532516
0.00053709
0.000541178
0.000544508
0.00054707
0.000548922
0.000550139
0.000550797
0.000550949
0.000550624
0.000549818
0.000548505
0.000546637
0.00054415
0.000540977
0.000537062
0.000532426
0.000527389
0.000523116
0.000496478
0.00050044
0.000504955
0.000508952
0.000512167
0.000514596
0.000516305
0.000517379
0.000517902
0.00051794
0.000517526
0.000516658
0.000515303
0.000513405
0.000510893
0.00050769
0.000503733
0.000499037
0.000493928
0.000489603
0.000464716
0.000468601
0.000473002
0.000476857
0.00047991
0.000482167
0.000483698
0.000484594
0.000484951
0.000484846
0.000484318
0.000483367
0.000481956
0.000480021
0.000477483
0.000474255
0.000470265
0.000465525
0.000460367
0.000456015
0.000433503
0.00043726
0.000441489
0.000445146
0.00044799
0.000450032
0.000451347
0.000452032
0.000452191
0.000451911
0.000451241
0.000450182
0.000448694
0.000446706
0.000444131
0.000440873
0.000436854
0.000432081
0.000426896
0.000422538
0.000403099
0.000406678
0.000410672
0.000414072
0.000416654
0.000418435
0.000419491
0.000419926
0.000419853
0.000419368
0.000418526
0.000417329
0.000415735
0.000413669
0.000411036
0.000407735
0.00040368
0.000398881
0.000393686
0.000389345
0.000373756
0.000377104
0.000380795
0.000383875
0.000386138
0.000387603
0.000388351
0.000388493
0.00038815
0.000387427
0.00038638
0.000385011
0.000383276
0.000381099
0.000378378
0.00037501
0.000370906
0.000366079
0.000360887
0.000356581
0.000345708
0.00034877
0.000352089
0.000354779
0.000356655
0.000357741
0.000358123
0.000357922
0.000357266
0.000356264
0.000354973
0.000353394
0.000351481
0.000349153
0.000346308
0.000342841
0.000338666
0.000333803
0.000328622
0.000324367
0.000319167
0.000321887
0.000324757
0.000326977
0.000328386
0.000329018
0.000328967
0.000328365
0.000327347
0.000326019
0.000324438
0.000322604
0.000320468
0.000317946
0.000314936
0.000311335
0.000307063
0.000302151
0.000296984
0.000292792
0.000294317
0.000296633
0.000298967
0.000300621
0.000301467
0.000301554
0.000300993
0.000299923
0.000298482
0.000296775
0.000294853
0.000292714
0.000290305
0.000287544
0.000284327
0.000280556
0.000276158
0.000271184
0.000266032
0.000261914
0.000271312
0.000273147
0.000274835
0.0002758
0.000275963
0.000275398
0.000274235
0.000272621
0.000270693
0.000268549
0.000266234
0.000263739
0.000261011
0.000257966
0.000254503
0.000250527
0.000245979
0.000240929
0.000235792
0.000231755
0.000250259
0.000251506
0.000252397
0.000252515
0.000251846
0.000250502
0.000248633
0.000246394
0.000243915
0.000241281
0.000238528
0.000235637
0.000232552
0.000229187
0.000225445
0.000221239
0.000216523
0.00021139
0.000206272
0.000202326
0.000231201
0.00023169
0.00023157
0.000230631
0.000228952
0.000226693
0.00022402
0.000221086
0.000218007
0.00021485
0.000211632
0.000208325
0.000204865
0.000201165
0.000197132
0.000192685
0.000187797
0.000182584
0.000177496
0.000173652
0.000214076
0.000213537
0.00021211
0.000209866
0.000207001
0.000203711
0.00020017
0.000196512
0.000192826
0.000189151
0.000185483
0.000181776
0.000177957
0.000173937
0.000169624
0.000164948
0.000159901
0.000154624
0.000149578
0.000145849
0.00019856
0.00019678
0.000193769
0.000190021
0.00018586
0.000181505
0.000177109
0.000172767
0.000168528
0.000164396
0.000160338
0.00015629
0.000152166
0.000147872
0.000143317
0.000138438
0.000133243
0.000127896
0.000122868
0.000119224
6.76045e-09
7.25524e-09
8.70609e-09
1.07524e-08
1.31495e-08
1.577e-08
1.85545e-08
2.1487e-08
2.45873e-08
2.79124e-08
3.15604e-08
3.56757e-08
4.04543e-08
4.61465e-08
5.30508e-08
6.1482e-08
7.16705e-08
8.35035e-08
9.59411e-08
1.05832e-07
1.84406e-09
2.04651e-09
2.46453e-09
3.04981e-09
3.75673e-09
4.55611e-09
5.43332e-09
6.38538e-09
7.4201e-09
8.55663e-09
9.8267e-09
1.1276e-08
1.29652e-08
1.49702e-08
1.73785e-08
2.02788e-08
2.37287e-08
2.76745e-08
3.17691e-08
3.50117e-08
5.3799e-10
5.90591e-10
7.02375e-10
8.64257e-10
1.06641e-09
1.3021e-09
1.568e-09
1.86388e-09
2.19253e-09
2.56001e-09
2.97596e-09
3.45399e-09
4.0118e-09
4.67105e-09
5.45636e-09
6.3922e-09
7.4944e-09
8.74712e-09
1.0047e-08
1.10859e-08
1.60867e-10
1.73156e-10
2.01908e-10
2.45614e-10
3.02095e-10
3.69796e-10
4.48001e-10
5.36813e-10
6.37161e-10
7.50865e-10
8.80738e-10
1.03066e-09
1.20558e-09
1.4115e-09
1.65514e-09
1.94324e-09
2.28037e-09
2.6627e-09
3.06104e-09
3.3831e-09
4.84696e-11
5.11708e-11
5.83948e-11
6.99972e-11
8.55055e-11
1.04564e-10
1.27027e-10
1.52962e-10
1.8266e-10
2.16646e-10
2.55713e-10
3.00932e-10
3.53662e-10
4.15519e-10
4.88319e-10
5.73897e-10
6.73586e-10
7.86556e-10
9.04833e-10
1.00152e-09
1.46025e-11
1.51551e-11
1.6936e-11
1.99764e-11
2.41768e-11
2.94566e-11
3.57873e-11
4.31963e-11
5.17689e-11
6.16528e-11
7.30652e-11
8.62967e-11
1.01712e-10
1.19742e-10
1.40871e-10
1.65596e-10
1.94297e-10
2.26809e-10
2.60998e-10
2.89216e-10
4.38159e-12
4.48136e-12
4.91189e-12
5.69946e-12
6.82417e-12
8.26752e-12
1.00241e-11
1.2103e-11
1.45283e-11
1.73404e-11
2.05976e-11
2.43774e-11
2.87766e-11
3.39093e-11
3.99037e-11
4.68921e-11
5.49812e-11
6.41401e-11
7.38054e-11
8.18475e-11
1.30663e-12
1.31986e-12
1.4215e-12
1.62319e-12
1.92129e-12
2.31139e-12
2.79241e-12
3.36706e-12
4.04194e-12
4.82785e-12
5.74023e-12
6.79951e-12
8.0311e-12
9.46501e-12
1.11349e-11
1.30759e-11
1.53172e-11
1.78532e-11
2.05364e-11
2.27836e-11
3.86788e-13
3.8659e-13
4.09868e-13
4.60899e-13
5.39133e-13
6.43498e-13
7.73732e-13
9.30574e-13
1.11579e-12
1.33221e-12
1.58389e-12
1.87615e-12
2.21562e-12
2.61014e-12
3.06854e-12
3.60004e-12
4.21255e-12
4.90512e-12
5.6391e-12
6.25699e-12
1.13587e-13
1.12509e-13
1.17623e-13
1.30364e-13
1.5069e-13
1.78347e-13
2.13255e-13
2.55598e-13
3.05831e-13
3.64692e-13
4.33229e-13
5.12825e-13
6.05198e-13
7.12388e-13
8.36695e-13
9.80574e-13
1.14614e-12
1.33319e-12
1.53158e-12
1.69924e-12
3.30827e-14
3.25168e-14
3.35725e-14
3.67077e-14
4.19364e-14
4.91968e-14
5.84662e-14
6.97864e-14
8.32705e-14
9.91079e-14
1.17569e-13
1.39009e-13
1.63874e-13
1.92691e-13
2.2607e-13
2.64658e-13
3.09012e-13
3.59078e-13
4.1218e-13
4.57181e-13
9.5555e-15
9.33006e-15
9.52619e-15
1.0285e-14
1.16165e-14
1.35053e-14
1.59445e-14
1.89433e-14
2.25297e-14
2.67511e-14
3.16766e-14
3.73977e-14
4.40296e-14
5.17109e-14
6.06017e-14
7.08722e-14
8.26657e-14
9.59647e-14
1.10064e-13
1.22034e-13
2.73712e-15
2.65732e-15
2.68627e-15
2.86641e-15
3.20196e-15
3.68901e-15
4.3254e-15
5.11312e-15
6.05892e-15
7.17473e-15
8.47808e-15
9.99256e-15
1.17481e-14
1.3781e-14
1.6133e-14
1.88483e-14
2.19637e-14
2.54735e-14
2.91916e-14
3.23511e-14
7.77596e-16
7.51195e-16
7.52622e-16
7.94391e-16
8.78035e-16
1.00255e-15
1.16727e-15
1.37257e-15
1.6201e-15
1.91284e-15
2.25527e-15
2.65347e-15
3.11519e-15
3.64984e-15
4.26822e-15
4.98179e-15
5.80001e-15
6.72099e-15
7.69571e-15
8.52428e-15
2.19125e-16
2.10772e-16
2.09481e-16
2.18886e-16
2.395e-16
2.71066e-16
3.13383e-16
3.66513e-16
4.30851e-16
5.07149e-16
5.96549e-16
7.00611e-16
8.2133e-16
9.61131e-16
1.12281e-15
1.30932e-15
1.52308e-15
1.7635e-15
2.01769e-15
2.23377e-15
6.12615e-17
5.87025e-17
5.7921e-17
5.99592e-17
6.4979e-17
7.29162e-17
8.3711e-17
9.73712e-17
1.13991e-16
1.33757e-16
1.56962e-16
1.84003e-16
2.15393e-16
2.51754e-16
2.93807e-16
3.42312e-16
3.97887e-16
4.60351e-16
5.26326e-16
5.82398e-16
1.69954e-17
1.62306e-17
1.59098e-17
1.63282e-17
1.75353e-17
1.9515e-17
2.22504e-17
2.5741e-17
3.00092e-17
3.51018e-17
4.10922e-17
4.8082e-17
5.62021e-17
6.56125e-17
7.6498e-17
8.90537e-17
1.03436e-16
1.19593e-16
1.36641e-16
1.51126e-16
4.67975e-18
4.4557e-18
4.34172e-18
4.42052e-18
4.70685e-18
5.19675e-18
5.88541e-18
6.77222e-18
7.86236e-18
9.16744e-18
1.0706e-17
1.25038e-17
1.45942e-17
1.70182e-17
1.98232e-17
2.30589e-17
2.67648e-17
3.09257e-17
3.53125e-17
3.90387e-17
1.27924e-18
1.21471e-18
1.17725e-18
1.18983e-18
1.25673e-18
1.377e-18
1.54929e-18
1.77333e-18
2.0503e-18
2.38308e-18
2.7763e-18
3.23652e-18
3.77222e-18
4.39384e-18
5.11346e-18
5.94375e-18
6.89463e-18
7.96176e-18
9.08602e-18
1.00407e-17
3.47229e-19
3.2891e-19
3.17201e-19
3.18417e-19
3.33786e-19
3.63073e-19
4.05915e-19
4.62208e-19
5.32225e-19
6.1667e-19
7.16706e-19
8.33985e-19
9.7066e-19
1.12938e-18
1.31323e-18
1.5254e-18
1.76837e-18
2.04094e-18
2.32791e-18
2.57154e-18
9.36047e-20
8.84711e-20
8.49394e-20
8.47311e-20
8.81916e-20
9.52655e-20
1.05855e-19
1.19926e-19
1.3754e-19
1.58869e-19
1.84204e-19
2.1396e-19
2.48682e-19
2.89041e-19
3.35814e-19
3.89809e-19
4.51642e-19
5.20982e-19
5.93943e-19
6.55874e-19
2.50656e-20
2.36434e-20
2.26069e-20
2.24211e-20
2.31818e-20
2.48761e-20
2.74782e-20
3.09774e-20
3.53875e-20
4.07507e-20
4.71391e-20
5.46569e-20
6.34413e-20
7.36615e-20
8.55128e-20
9.91984e-20
1.1487e-19
1.32439e-19
1.50915e-19
1.66598e-19
6.6682e-21
6.27875e-21
5.98119e-21
5.90036e-21
6.06257e-21
6.46491e-21
7.10055e-21
7.96641e-21
9.06556e-21
1.04082e-20
1.20122e-20
1.39037e-20
1.6117e-20
1.86946e-20
2.16855e-20
2.51402e-20
2.90963e-20
3.35297e-20
3.81902e-20
4.21461e-20
1.76258e-21
1.65706e-21
1.57325e-21
1.54436e-21
1.57757e-21
1.67224e-21
1.82662e-21
2.03983e-21
2.31254e-21
2.64722e-21
3.04829e-21
3.52225e-21
4.07766e-21
4.72513e-21
5.47689e-21
6.34549e-21
7.34011e-21
8.45434e-21
9.62525e-21
1.06193e-20
4.63001e-22
4.34673e-22
4.11443e-22
4.02063e-22
4.08472e-22
4.30541e-22
4.6782e-22
5.20068e-22
5.8743e-22
6.70503e-22
7.70377e-22
8.88657e-22
1.02748e-21
1.18947e-21
1.37767e-21
1.59518e-21
1.84423e-21
2.12314e-21
2.41614e-21
2.66495e-21
1.20887e-22
1.13347e-22
1.06995e-22
1.04123e-22
1.05245e-22
1.10338e-22
1.19289e-22
1.32032e-22
1.48599e-22
1.69134e-22
1.93903e-22
2.23303e-22
2.57861e-22
2.9823e-22
3.45157e-22
3.99404e-22
4.61512e-22
5.31044e-22
6.04074e-22
6.66108e-22
3.13768e-23
2.93856e-23
2.76698e-23
2.68245e-23
2.69853e-23
2.81481e-23
3.02849e-23
3.33787e-23
3.74357e-23
4.24907e-23
4.86089e-23
5.58876e-23
6.44568e-23
7.44766e-23
8.61309e-23
9.96058e-23
1.15031e-22
1.32295e-22
1.50424e-22
1.6583e-22
8.09711e-24
7.57523e-24
7.11672e-24
6.87513e-24
6.88584e-24
7.1483e-24
7.6555e-24
8.4031e-24
9.39247e-24
1.06318e-23
1.2137e-23
1.39319e-23
1.60483e-23
1.85255e-23
2.14082e-23
2.47418e-23
2.85574e-23
3.28264e-23
3.73087e-23
4.11196e-23
2.07776e-24
1.94197e-24
1.82064e-24
1.75317e-24
1.74869e-24
1.80717e-24
1.92688e-24
2.10673e-24
2.34698e-24
2.64961e-24
3.01847e-24
3.45935e-24
3.97999e-24
4.58997e-24
5.30017e-24
6.12153e-24
7.06147e-24
8.11277e-24
9.21651e-24
1.01555e-23
5.30219e-25
4.95128e-25
4.63319e-25
4.44826e-25
4.41992e-25
4.54833e-25
4.82929e-25
5.25998e-25
5.84099e-25
6.57705e-25
7.47738e-25
8.55602e-25
9.83179e-25
1.13278e-24
1.30705e-24
1.5086e-24
1.7392e-24
1.99703e-24
2.26772e-24
2.49814e-24
1.34571e-25
1.25564e-25
1.17295e-25
1.12306e-25
1.11194e-25
1.13966e-25
1.20522e-25
1.30791e-25
1.44785e-25
1.62616e-25
1.84505e-25
2.10792e-25
2.41929e-25
2.78475e-25
3.21062e-25
3.7032e-25
4.26662e-25
4.89637e-25
5.55749e-25
6.12067e-25
3.39724e-26
3.16755e-26
2.95433e-26
2.8216e-26
2.78438e-26
2.84306e-26
2.99516e-26
3.23893e-26
3.5746e-26
4.00484e-26
4.53496e-26
5.17306e-26
5.93003e-26
6.81923e-26
7.85578e-26
9.05467e-26
1.04256e-25
1.19574e-25
1.35655e-25
1.49364e-25
8.53129e-27
7.94928e-27
7.40369e-27
7.05481e-27
6.94031e-27
7.06144e-27
7.41224e-27
7.98843e-27
8.7904e-27
9.82445e-27
1.11033e-26
1.26462e-26
1.44791e-26
1.6634e-26
1.91467e-26
2.20528e-26
2.53749e-26
2.90853e-26
3.29807e-26
3.63043e-26
2.13133e-27
1.98477e-27
1.84619e-27
1.75549e-27
1.72206e-27
1.74627e-27
1.82669e-27
1.9623e-27
2.15314e-27
2.4007e-27
2.70799e-27
3.07959e-27
3.52167e-27
4.04179e-27
4.64846e-27
5.35001e-27
6.15169e-27
7.04675e-27
7.98645e-27
8.7889e-27
5.29744e-28
4.9306e-28
4.58109e-28
4.34766e-28
4.25354e-28
4.29981e-28
4.4831e-28
4.80087e-28
5.25321e-28
5.84359e-28
6.57913e-28
7.47061e-28
8.53263e-28
9.78302e-28
1.12418e-27
1.29285e-27
1.48551e-27
1.70052e-27
1.92627e-27
2.11921e-27
1.31005e-28
1.21878e-28
1.13123e-28
1.07171e-28
1.04593e-28
1.0542e-28
1.09571e-28
1.16986e-28
1.27665e-28
1.4169e-28
1.59228e-28
1.80531e-28
2.05943e-28
2.35883e-28
2.70818e-28
3.11202e-28
3.57312e-28
4.08748e-28
4.62754e-28
5.08954e-28
3.22364e-29
2.99788e-29
2.78002e-29
2.62957e-29
2.56048e-29
2.57358e-29
2.66701e-29
2.8393e-29
3.09046e-29
3.42234e-29
3.83886e-29
4.34594e-29
4.9516e-29
5.6656e-29
6.49885e-29
7.46182e-29
8.5608e-29
9.78615e-29
1.10727e-28
1.21744e-28
7.8934e-30
7.33819e-30
6.79955e-30
6.42234e-30
6.24047e-30
6.25616e-30
6.46507e-30
6.86375e-30
7.4521e-30
8.23444e-30
9.21987e-30
1.04222e-29
1.18599e-29
1.35559e-29
1.55352e-29
1.7822e-29
2.04304e-29
2.33374e-29
2.63895e-29
2.90054e-29
1.92338e-30
1.78761e-30
1.65526e-30
1.56142e-30
1.51427e-30
1.5144e-30
1.56081e-30
1.65268e-30
1.78997e-30
1.97368e-30
2.20592e-30
2.48986e-30
2.82982e-30
3.23104e-30
3.69931e-30
4.24014e-30
4.85668e-30
5.54341e-30
6.2644e-30
6.88296e-30
4.66412e-31
4.33395e-31
4.01077e-31
3.77904e-31
3.65844e-31
3.65047e-31
3.75284e-31
3.96366e-31
4.28281e-31
4.71256e-31
5.25776e-31
5.92572e-31
6.72638e-31
7.67174e-31
8.77506e-31
1.00489e-30
1.15001e-30
1.31156e-30
1.48116e-30
1.62681e-30
1.12564e-31
1.04579e-31
9.67346e-32
9.10529e-32
8.8004e-32
8.76269e-32
8.98694e-32
9.46873e-32
1.02078e-31
1.12092e-31
1.24842e-31
1.40494e-31
1.59276e-31
1.81462e-31
2.07352e-31
2.37231e-31
2.71249e-31
3.09093e-31
3.48821e-31
3.8297e-31
2.70379e-32
2.51174e-32
2.32244e-32
2.18409e-32
2.10783e-32
2.09467e-32
2.14343e-32
2.2531e-32
2.42358e-32
2.65606e-32
2.95307e-32
3.31841e-32
3.75724e-32
4.2758e-32
4.88088e-32
5.57883e-32
6.37293e-32
7.25573e-32
8.18235e-32
8.97964e-32
6.46413e-33
6.00469e-33
5.55053e-33
5.21583e-33
5.02698e-33
4.98647e-33
5.09167e-33
5.34028e-33
5.73208e-33
6.26972e-33
6.95892e-33
7.80832e-33
8.82959e-33
1.00368e-32
1.14452e-32
1.30688e-32
1.49148e-32
1.69655e-32
1.91176e-32
2.09711e-32
1.53825e-33
1.42892e-33
1.32058e-33
1.24013e-33
1.19379e-33
1.18216e-33
1.20467e-33
1.26081e-33
1.35051e-33
1.47437e-33
1.63369e-33
1.8304e-33
2.06713e-33
2.34703e-33
2.67351e-33
3.04967e-33
3.47699e-33
3.95135e-33
4.44907e-33
4.87814e-33
3.64367e-34
3.38489e-34
3.12787e-34
2.93572e-34
2.82295e-34
2.79108e-34
2.83885e-34
2.9651e-34
3.1697e-34
3.45397e-34
3.82083e-34
4.2746e-34
4.82117e-34
5.46754e-34
6.22128e-34
7.08918e-34
8.07427e-34
9.16689e-34
1.0313e-33
1.13021e-33
8.59139e-35
7.98206e-35
7.3757e-35
6.91955e-35
6.64732e-35
6.56279e-35
6.66323e-35
6.94605e-35
7.41098e-35
8.06096e-35
8.90245e-35
9.94513e-35
1.1202e-34
1.26887e-34
1.44218e-34
1.6416e-34
1.86774e-34
2.11835e-34
2.38117e-34
2.60816e-34
2.01658e-35
1.87384e-35
1.73157e-35
1.62393e-35
1.55871e-35
1.53685e-35
1.55776e-35
1.62088e-35
1.72613e-35
1.87419e-35
2.06647e-35
2.30512e-35
2.59302e-35
2.93358e-35
3.33044e-35
3.78676e-35
4.30375e-35
4.87615e-35
5.4762e-35
5.99496e-35
4.71202e-36
4.37938e-36
4.04737e-36
3.79484e-36
3.63975e-36
3.58434e-36
3.62741e-36
3.76772e-36
4.00513e-36
4.3411e-36
4.77878e-36
5.32287e-36
5.9797e-36
6.75672e-36
7.66179e-36
8.70168e-36
9.87864e-36
1.11805e-35
1.25446e-35
1.37251e-35
1.09611e-36
1.01899e-36
9.41917e-37
8.83013e-37
8.46388e-37
8.32583e-37
8.41351e-37
8.72424e-37
9.25778e-37
1.00173e-36
1.10097e-36
1.22453e-36
1.37379e-36
1.55036e-36
1.75593e-36
1.99193e-36
2.25876e-36
2.55358e-36
2.86239e-36
3.12985e-36
2.53844e-37
2.36054e-37
2.18259e-37
2.04597e-37
1.96006e-37
1.92616e-37
1.94378e-37
2.01234e-37
2.1318e-37
2.30286e-37
2.52703e-37
2.80654e-37
3.14437e-37
3.54399e-37
4.00902e-37
4.5424e-37
5.14478e-37
5.80965e-37
6.5057e-37
7.10908e-37
5.85276e-38
5.44444e-38
5.03572e-38
4.72063e-38
4.52043e-38
4.43825e-38
4.4731e-38
4.62383e-38
4.89035e-38
5.27418e-38
5.77859e-38
6.40839e-38
7.16999e-38
8.07083e-38
9.11847e-38
1.0319e-37
1.16733e-37
1.31663e-37
1.47284e-37
1.60838e-37
1.34353e-38
1.25028e-38
1.15689e-38
1.08462e-38
1.03827e-38
1.01857e-38
1.02535e-38
1.05836e-38
1.11761e-38
1.20341e-38
1.31647e-38
1.45783e-38
1.62885e-38
1.8311e-38
2.06616e-38
2.33526e-38
2.63846e-38
2.9723e-38
3.32139e-38
3.62452e-38
3.07069e-39
2.85881e-39
2.64653e-39
2.48166e-39
2.37499e-39
2.32827e-39
2.34118e-39
2.41325e-39
2.54447e-39
2.73556e-39
2.98803e-39
3.30406e-39
3.68655e-39
4.1388e-39
4.66408e-39
5.2648e-39
5.94075e-39
6.68409e-39
7.4608e-39
8.13583e-39
6.98778e-40
6.50874e-40
6.0287e-40
5.65463e-40
5.41065e-40
5.30088e-40
5.32485e-40
5.48162e-40
5.77123e-40
6.19522e-40
6.75681e-40
7.46062e-40
8.3127e-40
9.31993e-40
1.04889e-39
1.18244e-39
1.33251e-39
1.49732e-39
1.66939e-39
1.81906e-39
1.58332e-40
1.47555e-40
1.36755e-40
1.28313e-40
1.22766e-40
1.2021e-40
1.2064e-40
1.24039e-40
1.30408e-40
1.39781e-40
1.52225e-40
1.67838e-40
1.86745e-40
2.09087e-40
2.34998e-40
2.64564e-40
2.97743e-40
3.34127e-40
3.72082e-40
4.05122e-40
3.57216e-41
3.33092e-41
3.0892e-41
2.89969e-41
2.77431e-41
2.7153e-41
2.72267e-41
2.79611e-41
2.93568e-41
3.14211e-41
3.41682e-41
3.76181e-41
4.17968e-41
4.67328e-41
5.24526e-41
5.89715e-41
6.62762e-41
7.42745e-41
8.26101e-41
8.98719e-41
8.02488e-42
7.48756e-42
6.94929e-42
6.52612e-42
6.24434e-42
6.1092e-42
6.12096e-42
6.27913e-42
6.58393e-42
7.03689e-42
7.641e-42
8.40035e-42
9.32025e-42
1.04064e-41
1.16639e-41
1.30953e-41
1.46968e-41
1.64476e-41
1.82702e-41
1.98592e-41
1.79514e-42
1.67607e-42
1.55682e-42
1.46282e-42
1.39985e-42
1.36914e-42
1.37079e-42
1.40475e-42
1.47108e-42
1.57011e-42
1.70245e-42
1.86894e-42
2.07065e-42
2.30869e-42
2.58403e-42
2.89703e-42
3.24668e-42
3.62829e-42
4.02509e-42
4.3712e-42
3.9987e-43
3.73619e-43
3.47333e-43
3.26562e-43
3.1257e-43
3.05641e-43
3.05812e-43
3.13081e-43
3.27466e-43
3.49037e-43
3.77919e-43
4.14281e-43
4.58334e-43
5.10295e-43
5.70337e-43
6.38502e-43
7.1452e-43
7.9734e-43
8.83347e-43
9.58398e-43
8.86973e-44
8.29389e-44
7.71747e-44
7.26086e-44
6.9517e-44
6.79646e-44
6.79635e-44
6.95149e-44
7.26238e-44
7.7305e-44
8.35844e-44
9.14952e-44
1.01079e-43
1.12375e-43
1.25416e-43
1.40199e-43
1.56657e-43
1.74554e-43
1.93114e-43
2.09314e-43
1.95921e-44
1.83354e-44
1.70778e-44
1.60793e-44
1.53999e-44
1.50546e-44
1.50466e-44
1.53767e-44
1.60464e-44
1.70586e-44
1.84187e-44
2.0133e-44
2.22096e-44
2.46558e-44
2.74764e-44
3.06693e-44
3.42176e-44
3.80687e-44
4.2056e-44
4.55368e-44
4.30963e-45
4.03678e-45
3.76381e-45
3.54658e-45
3.39811e-45
3.3218e-45
3.31854e-45
3.38861e-45
3.53236e-45
3.75044e-45
4.0439e-45
4.41399e-45
4.86217e-45
5.38975e-45
5.99738e-45
6.68414e-45
7.44591e-45
8.271e-45
9.12381e-45
9.86831e-45
9.44053e-46
8.85115e-46
8.26167e-46
7.79154e-46
7.46887e-46
7.30136e-46
7.29134e-46
7.43968e-46
7.74722e-46
8.21537e-46
8.84619e-46
9.642e-46
1.06055e-45
1.17388e-45
1.30425e-45
1.45135e-45
1.61421e-45
1.79022e-45
1.97181e-45
2.13031e-45
2.05949e-46
1.93283e-46
1.80619e-46
1.70497e-46
1.63522e-46
1.5987e-46
1.59597e-46
1.62729e-46
1.69287e-46
1.79301e-46
1.92809e-46
2.09856e-46
2.30488e-46
2.54735e-46
2.82591e-46
3.13971e-46
3.4864e-46
3.86025e-46
4.24517e-46
4.58106e-46
4.47444e-47
4.20363e-47
3.93295e-47
3.71616e-47
3.56624e-47
3.4871e-47
3.4802e-47
3.54618e-47
3.68556e-47
3.89896e-47
4.18717e-47
4.55091e-47
4.99096e-47
5.50766e-47
6.10046e-47
6.76707e-47
7.502e-47
8.29262e-47
9.1049e-47
9.81338e-47
9.6815e-48
9.1055e-48
8.52994e-48
8.06804e-48
7.74751e-48
7.57717e-48
7.56048e-48
7.69917e-48
7.99445e-48
8.44762e-48
9.06016e-48
9.83334e-48
1.07682e-47
1.18649e-47
1.31212e-47
1.45315e-47
1.60828e-47
1.77476e-47
1.9454e-47
2.09414e-47
2.08632e-48
1.96444e-48
1.84269e-48
1.74479e-48
1.67664e-48
1.6402e-48
1.63632e-48
1.6654e-48
1.72775e-48
1.82364e-48
1.95335e-48
2.11706e-48
2.31489e-48
2.54672e-48
2.81191e-48
3.10902e-48
3.43509e-48
3.7841e-48
4.14095e-48
4.45176e-48
4.47778e-49
4.22122e-49
3.96501e-49
3.7586e-49
3.61449e-49
3.53706e-49
3.52827e-49
3.58915e-49
3.72039e-49
3.92257e-49
4.19618e-49
4.54149e-49
4.95849e-49
5.44658e-49
6.00406e-49
6.6274e-49
7.30988e-49
8.03835e-49
8.78124e-49
9.42764e-49
9.57188e-50
9.03465e-50
8.49831e-50
8.0654e-50
7.76236e-50
7.59887e-50
7.57946e-50
7.70663e-50
7.982e-50
8.40677e-50
8.98182e-50
9.70734e-50
1.05828e-49
1.16064e-49
1.27735e-49
1.40759e-49
1.54982e-49
1.70121e-49
1.85516e-49
1.98896e-49
2.03795e-50
1.92605e-50
1.81437e-50
1.72405e-50
1.66068e-50
1.62638e-50
1.62219e-50
1.64871e-50
1.7063e-50
1.79523e-50
1.91564e-50
2.06749e-50
2.25059e-50
2.46436e-50
2.70772e-50
2.97869e-50
3.27386e-50
3.58708e-50
3.90465e-50
4.18027e-50
4.32177e-51
4.08993e-51
3.85859e-51
3.67119e-51
3.5394e-51
3.4679e-51
3.45905e-51
3.51425e-51
3.63435e-51
3.81986e-51
4.07104e-51
4.38765e-51
4.76905e-51
5.21377e-51
5.71912e-51
6.28054e-51
6.89046e-51
7.53567e-51
8.18776e-51
8.75279e-51
9.12875e-52
8.65099e-52
8.17436e-52
7.78758e-52
7.51507e-52
7.36698e-52
7.3487e-52
7.46341e-52
7.71304e-52
8.0987e-52
8.62072e-52
9.27834e-52
1.00697e-51
1.09911e-51
1.20362e-51
1.31946e-51
1.44495e-51
1.57727e-51
1.71055e-51
1.82582e-51
1.92066e-52
1.82274e-52
1.72507e-52
1.64568e-52
1.58965e-52
1.55918e-52
1.55549e-52
1.57929e-52
1.63102e-52
1.71091e-52
1.819e-52
1.95507e-52
2.11862e-52
2.30877e-52
2.52402e-52
2.76203e-52
3.01912e-52
3.28928e-52
3.56042e-52
3.79444e-52
4.02523e-53
3.82565e-53
3.62659e-53
3.46452e-53
3.34998e-53
3.28772e-53
3.28042e-53
3.32973e-53
3.43661e-53
3.60153e-53
3.82452e-53
4.10497e-53
4.44167e-53
4.83249e-53
5.27402e-53
5.76101e-53
6.28544e-53
6.83457e-53
7.3836e-53
7.85633e-53
8.40311e-54
7.99859e-54
7.59515e-54
7.26614e-54
7.03335e-54
6.90699e-54
6.89297e-54
6.99496e-54
7.21511e-54
7.55439e-54
8.01272e-54
8.58855e-54
9.27898e-54
1.00791e-53
1.0981e-53
1.19732e-53
1.30384e-53
1.41496e-53
1.52561e-53
1.62063e-53
1.74747e-54
1.66594e-54
1.58463e-54
1.51822e-54
1.47119e-54
1.44572e-54
1.44312e-54
1.46418e-54
1.50939e-54
1.57895e-54
1.6728e-54
1.79059e-54
1.93161e-54
2.09474e-54
2.27824e-54
2.47956e-54
2.69498e-54
2.91882e-54
3.14076e-54
3.33078e-54
3.62e-55
3.45664e-55
3.2937e-55
3.1604e-55
3.06597e-55
3.01502e-55
3.01038e-55
3.05382e-55
3.14639e-55
3.28849e-55
3.47999e-55
3.71999e-55
4.00691e-55
4.33819e-55
4.70998e-55
5.11674e-55
5.55048e-55
5.99936e-55
6.44242e-55
6.82047e-55
7.47048e-56
7.14505e-56
6.82043e-56
6.55446e-56
6.36601e-56
6.26484e-56
6.25705e-56
6.34652e-56
6.53547e-56
6.8248e-56
7.21408e-56
7.70126e-56
8.28273e-56
8.95278e-56
9.703e-56
1.05214e-55
1.13909e-55
1.2287e-55
1.31672e-55
1.39154e-55
1.53581e-56
1.47138e-56
1.40708e-56
1.35433e-56
1.31696e-56
1.29703e-56
1.29584e-56
1.31424e-56
1.3527e-56
1.41141e-56
1.49025e-56
1.58877e-56
1.70615e-56
1.84113e-56
1.99189e-56
2.15584e-56
2.32942e-56
2.50748e-56
2.6815e-56
2.82881e-56
3.14549e-57
3.0187e-57
2.89213e-57
2.78814e-57
2.71452e-57
2.67558e-57
2.67409e-57
2.71185e-57
2.7899e-57
2.90861e-57
3.06772e-57
3.26619e-57
3.50222e-57
3.77306e-57
4.07477e-57
4.40186e-57
4.7468e-57
5.09903e-57
5.44137e-57
5.72983e-57
6.41816e-58
6.17023e-58
5.92263e-58
5.71893e-58
5.57487e-58
5.49943e-58
5.49849e-58
5.57589e-58
5.73382e-58
5.97306e-58
6.29298e-58
6.69127e-58
7.16404e-58
7.70531e-58
8.30663e-58
8.9564e-58
9.63891e-58
1.03324e-57
1.10026e-57
1.15643e-57
1.30471e-58
1.25655e-58
1.20842e-58
1.16878e-58
1.14079e-58
1.12631e-58
1.12658e-58
1.14241e-58
1.17428e-58
1.22233e-58
1.28642e-58
1.36605e-58
1.46038e-58
1.56812e-58
1.68747e-58
1.816e-58
1.95045e-58
2.08636e-58
2.21688e-58
2.32568e-58
2.64249e-59
2.54957e-59
2.45663e-59
2.37998e-59
2.32599e-59
2.29848e-59
2.30005e-59
2.33238e-59
2.39648e-59
2.49266e-59
2.6206e-59
2.77921e-59
2.96667e-59
3.18027e-59
3.41619e-59
3.66936e-59
3.93302e-59
4.19813e-59
4.45107e-59
4.66056e-59
5.33231e-60
5.15429e-60
4.97605e-60
4.82891e-60
4.72557e-60
4.67388e-60
4.67921e-60
4.74512e-60
4.87368e-60
5.06556e-60
5.32002e-60
5.63475e-60
6.00588e-60
6.42763e-60
6.89206e-60
7.3886e-60
7.90337e-60
8.41804e-60
8.9057e-60
9.30672e-60
1.0721e-60
1.03824e-60
1.0043e-60
9.76262e-61
9.56641e-61
9.47045e-61
9.4858e-61
9.61989e-61
9.87699e-61
1.02585e-60
1.07628e-60
1.1385e-60
1.21168e-60
1.29463e-60
1.38568e-60
1.48265e-60
1.5827e-60
1.68214e-60
1.77567e-60
1.85197e-60
2.14773e-61
2.08386e-61
2.01971e-61
1.96668e-61
1.92975e-61
1.91217e-61
1.91623e-61
1.94345e-61
1.99471e-61
2.0703e-61
2.16989e-61
2.29243e-61
2.4362e-61
2.59868e-61
2.77644e-61
2.965e-61
3.1586e-61
3.34981e-61
3.52823e-61
3.67252e-61
4.28713e-62
4.16759e-62
4.04732e-62
3.94782e-62
3.87895e-62
3.84728e-62
3.85742e-62
3.91255e-62
4.01447e-62
4.16375e-62
4.3597e-62
4.60013e-62
4.88147e-62
5.19849e-62
5.54412e-62
5.9092e-62
6.2821e-62
6.64799e-62
6.98651e-62
7.25762e-62
8.52718e-63
8.3054e-63
8.08178e-63
7.89672e-63
7.7696e-63
7.71356e-63
7.73801e-63
7.84937e-63
8.05139e-63
8.34523e-63
8.7294e-63
9.19941e-63
9.74783e-63
1.03639e-62
1.10332e-62
1.1737e-62
1.2452e-62
1.31487e-62
1.37874e-62
1.42934e-62
1.69008e-63
1.64933e-63
1.60812e-63
1.57402e-63
1.55081e-63
1.54112e-63
1.54685e-63
1.56929e-63
1.60921e-63
1.66685e-63
1.74191e-63
1.83344e-63
1.93994e-63
2.05919e-63
2.18825e-63
2.32335e-63
2.45982e-63
2.59182e-63
2.71167e-63
2.80546e-63
3.33802e-64
3.26388e-64
3.18869e-64
3.12649e-64
3.08465e-64
3.06837e-64
3.08146e-64
3.12656e-64
3.20522e-64
3.31792e-64
3.46403e-64
3.64165e-64
3.84766e-64
4.07757e-64
4.32541e-64
4.58364e-64
4.84291e-64
5.09175e-64
5.31532e-64
5.48791e-64
6.56989e-65
6.43657e-65
6.30081e-65
6.18861e-65
6.11423e-65
6.08795e-65
6.11734e-65
6.20771e-65
6.36223e-65
6.58184e-65
6.86526e-65
7.20864e-65
7.60563e-65
8.04715e-65
8.52118e-65
9.01259e-65
9.50289e-65
9.96959e-65
1.03842e-64
1.06994e-64
1.28864e-65
1.26496e-65
1.24074e-65
1.22076e-65
1.20775e-65
1.20374e-65
1.21023e-65
1.22829e-65
1.25855e-65
1.3012e-65
1.35598e-65
1.42212e-65
1.49833e-65
1.58279e-65
1.67308e-65
1.7662e-65
1.85849e-65
1.94557e-65
2.02198e-65
2.07907e-65
2.51895e-66
2.47752e-66
2.43489e-66
2.39979e-66
2.37748e-66
2.3719e-66
2.38603e-66
2.422e-66
2.48108e-66
2.56365e-66
2.66917e-66
2.79609e-66
2.94184e-66
3.10276e-66
3.27405e-66
3.44974e-66
3.62266e-66
3.78428e-66
3.92422e-66
4.02674e-66
4.90725e-67
4.83598e-67
4.7621e-67
4.70147e-67
4.6641e-67
4.65767e-67
4.68805e-67
4.75948e-67
4.87447e-67
5.03379e-67
5.23633e-67
5.47898e-67
5.75665e-67
6.06207e-67
6.38571e-67
6.7158e-67
7.03827e-67
7.33666e-67
7.59127e-67
7.77364e-67
9.52793e-68
9.40782e-68
9.28219e-68
9.17948e-68
9.11875e-68
9.11488e-68
9.17946e-68
9.32084e-68
9.54401e-68
9.8504e-68
1.02378e-67
1.07e-67
1.1227e-67
1.18043e-67
1.24134e-67
1.3031e-67
1.36296e-67
1.41776e-67
1.46376e-67
1.49587e-67
1.84375e-68
1.82404e-68
1.80316e-68
1.78618e-68
1.7767e-68
1.7776e-68
1.79119e-68
1.81908e-68
1.86227e-68
1.92101e-68
1.99484e-68
2.08256e-68
2.18217e-68
2.29088e-68
2.40504e-68
2.52011e-68
2.63076e-68
2.73083e-68
2.81334e-68
2.86921e-68
3.55518e-69
3.52396e-69
3.49035e-69
3.46308e-69
3.44905e-69
3.45396e-69
3.48227e-69
3.53715e-69
3.62046e-69
3.73267e-69
3.87289e-69
4.03869e-69
4.22621e-69
4.43002e-69
4.64305e-69
4.85656e-69
5.06019e-69
5.24202e-69
5.38873e-69
5.48462e-69
6.81633e-70
6.76995e-70
6.7178e-70
6.67559e-70
6.65668e-70
6.67209e-70
6.73045e-70
6.83782e-70
6.9977e-70
7.21093e-70
7.47569e-70
7.78727e-70
8.13819e-70
8.51796e-70
8.91303e-70
9.30672e-70
9.6791e-70
1.00074e-69
1.02661e-69
1.04269e-69
1.27422e-70
1.26788e-70
1.26027e-70
1.25416e-70
1.25203e-70
1.25597e-70
1.2676e-70
1.28805e-70
1.31796e-70
1.35748e-70
1.40626e-70
1.46341e-70
1.52751e-70
1.59659e-70
1.66813e-70
1.73899e-70
1.80548e-70
1.86331e-70
1.90778e-70
1.93391e-70
1.87359e-71
1.86685e-71
1.85791e-71
1.85086e-71
1.8493e-71
1.85628e-71
1.87417e-71
1.90464e-71
1.94863e-71
2.00637e-71
2.07731e-71
2.16016e-71
2.2528e-71
2.35233e-71
2.455e-71
2.55621e-71
2.65053e-71
2.73176e-71
2.79308e-71
2.82718e-71
)
;

boundaryField
{
    outlet
    {
        type            zeroGradient;
    }
    inlet1
    {
        type            fixedValue;
        value           uniform 0.001;
    }
    inlet2
    {
        type            fixedValue;
        value           uniform 0;
    }
    frontAndBack
    {
        type            empty;
    }
    defaultFaces
    {
        type            zeroGradient;
    }
}


// ************************************************************************* //
