/*--------------------------------*- C++ -*----------------------------------*\
| =========                 |                                                 |
| \\      /  F ield         | OpenFOAM: The Open Source CFD Toolbox           |
|  \\    /   O peration     | Version:  2.1.0                                 |
|   \\  /    A nd           | Web:      www.OpenFOAM.org                      |
|    \\/     M anipulation  |                                                 |
\*---------------------------------------------------------------------------*/
FoamFile
{
    version     2.0;
    format      ascii;
    class       volScalarField;
    location    "0.18";
    object      nut;
}
// * * * * * * * * * * * * * * * * * * * * * * * * * * * * * * * * * * * * * //

dimensions      [0 2 -1 0 0 0 0];

internalField   nonuniform List<scalar> 
6400
(
6.83326e-06
6.84878e-06
6.85946e-06
6.8714e-06
6.88328e-06
6.89794e-06
6.90966e-06
6.92514e-06
6.93763e-06
6.95322e-06
6.96652e-06
6.9823e-06
6.99632e-06
7.01239e-06
7.02709e-06
7.04357e-06
7.059e-06
7.07599e-06
7.09225e-06
7.10991e-06
7.12709e-06
7.14556e-06
7.16374e-06
7.18314e-06
7.20238e-06
7.22282e-06
7.24318e-06
7.26473e-06
7.28629e-06
7.30904e-06
7.33188e-06
7.35593e-06
7.38014e-06
7.40559e-06
7.43131e-06
7.45823e-06
7.48549e-06
7.51388e-06
7.54261e-06
7.57228e-06
7.60216e-06
7.63278e-06
7.66348e-06
7.69464e-06
7.72572e-06
7.75693e-06
7.78784e-06
7.81856e-06
7.84871e-06
7.87822e-06
7.90651e-06
7.93279e-06
7.95661e-06
7.97948e-06
8.00247e-06
8.02419e-06
8.04599e-06
8.06641e-06
8.08684e-06
8.10649e-06
8.1257e-06
8.144e-06
8.16151e-06
8.17768e-06
8.19315e-06
8.20664e-06
8.21704e-06
8.22586e-06
8.23033e-06
8.23224e-06
8.22923e-06
8.22266e-06
8.21098e-06
8.19524e-06
8.17471e-06
8.15069e-06
8.12341e-06
8.09468e-06
8.06555e-06
8.03796e-06
8.01195e-06
7.98489e-06
7.94849e-06
7.92215e-06
7.89843e-06
7.87828e-06
7.85762e-06
7.82624e-06
7.7687e-06
7.65191e-06
7.41999e-06
6.96068e-06
6.09664e-06
4.63991e-06
2.64931e-06
1.62915e-06
1.83752e-06
2.93621e-06
2.89385e-06
3.1095e-06
7.2579e-05
7.29237e-05
7.29939e-05
7.31991e-05
7.3273e-05
7.34379e-05
7.35242e-05
7.36631e-05
7.37584e-05
7.38799e-05
7.39797e-05
7.40882e-05
7.41877e-05
7.42863e-05
7.43816e-05
7.44715e-05
7.45603e-05
7.46417e-05
7.47232e-05
7.47965e-05
7.48706e-05
7.49376e-05
7.50055e-05
7.50658e-05
7.51269e-05
7.51808e-05
7.52345e-05
7.5281e-05
7.53259e-05
7.53635e-05
7.53976e-05
7.54241e-05
7.54448e-05
7.54573e-05
7.54648e-05
7.54645e-05
7.54577e-05
7.54433e-05
7.54215e-05
7.53915e-05
7.53498e-05
7.52957e-05
7.52267e-05
7.51405e-05
7.50349e-05
7.4907e-05
7.47541e-05
7.45729e-05
7.43614e-05
7.41189e-05
7.38512e-05
7.35459e-05
7.30842e-05
7.24587e-05
7.18018e-05
7.11037e-05
7.03719e-05
6.95981e-05
6.87857e-05
6.79383e-05
6.70556e-05
6.61352e-05
6.51788e-05
6.41765e-05
6.31402e-05
6.20738e-05
6.09452e-05
5.97801e-05
5.85567e-05
5.72862e-05
5.59564e-05
5.45727e-05
5.31277e-05
5.16255e-05
5.00632e-05
4.84449e-05
4.67714e-05
4.50483e-05
4.32798e-05
4.14741e-05
3.96389e-05
3.77774e-05
3.58841e-05
3.39253e-05
3.19161e-05
2.98343e-05
2.76824e-05
2.54452e-05
2.31255e-05
2.07246e-05
1.82716e-05
1.58088e-05
1.34204e-05
1.1218e-05
9.17363e-06
7.29073e-06
5.79093e-06
4.73017e-06
4.1193e-06
4.95124e-06
0.000110663
0.00011078
0.000110822
0.000110823
0.00011084
0.000110804
0.000110802
0.00011074
0.000110718
0.000110634
0.00011059
0.000110485
0.000110415
0.000110289
0.00011019
0.000110041
0.00010991
0.000109736
0.000109572
0.000109369
0.000109171
0.00010894
0.000108715
0.000108461
0.000108207
0.000107925
0.000107641
0.000107335
0.000107022
0.000106688
0.000106345
0.000105983
0.00010561
0.000105218
0.000104804
0.00010437
0.000103911
0.000103428
0.000102916
0.000102375
0.000101812
0.000101221
0.000100604
9.99527e-05
9.92647e-05
9.85363e-05
9.77636e-05
9.69408e-05
9.60571e-05
9.48026e-05
9.33973e-05
9.19509e-05
9.04767e-05
8.89736e-05
8.74408e-05
8.58798e-05
8.42911e-05
8.26806e-05
8.10593e-05
7.93957e-05
7.77092e-05
7.59902e-05
7.42478e-05
7.24758e-05
7.06816e-05
6.88602e-05
6.70166e-05
6.51516e-05
6.3262e-05
6.13514e-05
5.94146e-05
5.74541e-05
5.54648e-05
5.34499e-05
5.14068e-05
4.93378e-05
4.7243e-05
4.5126e-05
4.29901e-05
4.08413e-05
3.86857e-05
3.65315e-05
3.43884e-05
3.22801e-05
3.02079e-05
2.81893e-05
2.62257e-05
2.43267e-05
2.24875e-05
2.06984e-05
1.89408e-05
1.72425e-05
1.5515e-05
1.3765e-05
1.19269e-05
1.00821e-05
8.32387e-06
6.77884e-06
5.99239e-06
7.26345e-06
0.000131159
0.000130727
0.000130554
0.000130164
0.000129972
0.000129562
0.000129332
0.000128907
0.000128632
0.00012819
0.000127868
0.000127406
0.000127037
0.000126552
0.000126135
0.000125622
0.000125153
0.000124606
0.000124083
0.000123491
0.000122906
0.000121939
0.000120944
0.000119915
0.000118878
0.000117816
0.000116737
0.000115635
0.000114516
0.000113374
0.000112212
0.000111027
0.000109822
0.000108595
0.000107342
0.000106071
0.000104771
0.000103452
0.000102105
0.000100738
9.93422e-05
9.79254e-05
9.64804e-05
9.50146e-05
9.35214e-05
9.20022e-05
9.04573e-05
8.89042e-05
8.73223e-05
8.57256e-05
8.41135e-05
8.24842e-05
8.08406e-05
7.91821e-05
7.75056e-05
7.58108e-05
7.40963e-05
7.23622e-05
7.06074e-05
6.88369e-05
6.70492e-05
6.52467e-05
6.34301e-05
6.16006e-05
5.97612e-05
5.7914e-05
5.60634e-05
5.42121e-05
5.23647e-05
5.05256e-05
4.86992e-05
4.68908e-05
4.5102e-05
4.33395e-05
4.16063e-05
3.99059e-05
3.82412e-05
3.66142e-05
3.50256e-05
3.34742e-05
3.19581e-05
3.04676e-05
2.90057e-05
2.75808e-05
2.61459e-05
2.47317e-05
2.33009e-05
2.18742e-05
2.04258e-05
1.89634e-05
1.74756e-05
1.59779e-05
1.44493e-05
1.28941e-05
1.12963e-05
9.74751e-06
8.3758e-06
7.58634e-06
7.1377e-06
6.80253e-06
0.000130857
0.00013068
0.00013034
0.000129969
0.000129172
0.000128432
0.000127497
0.000126599
0.000125608
0.000124623
0.000123595
0.000122552
0.000121489
0.0001204
0.000119299
0.000118171
0.000117029
0.000115862
0.000114682
0.000113477
0.000112257
0.000111022
0.000109774
0.000108501
0.000107217
0.000105908
0.00010459
0.000103249
0.000101897
0.000100526
9.91437e-05
9.77378e-05
9.63199e-05
9.49014e-05
9.34533e-05
9.20008e-05
9.0527e-05
8.90472e-05
8.75489e-05
8.60444e-05
8.45236e-05
8.29972e-05
8.14572e-05
7.99128e-05
7.83579e-05
7.68009e-05
7.5238e-05
7.36761e-05
7.21106e-05
7.05502e-05
6.89886e-05
6.74294e-05
6.58694e-05
6.4314e-05
6.27603e-05
6.12124e-05
5.96714e-05
5.81417e-05
5.66226e-05
5.5119e-05
5.36308e-05
5.2162e-05
5.07127e-05
4.92853e-05
4.78801e-05
4.64991e-05
4.51418e-05
4.38087e-05
4.24988e-05
4.12066e-05
3.99374e-05
3.86976e-05
3.74516e-05
3.62274e-05
3.49979e-05
3.37825e-05
3.2557e-05
3.13347e-05
3.00954e-05
2.88495e-05
2.75873e-05
2.63215e-05
2.50388e-05
2.37465e-05
2.24401e-05
2.11437e-05
1.98569e-05
1.85881e-05
1.73177e-05
1.59114e-05
1.46305e-05
1.35253e-05
1.2341e-05
1.09819e-05
9.89324e-06
9.05071e-06
8.19675e-06
7.73023e-06
7.62404e-06
7.73171e-06
0.000117196
0.000116402
0.000115908
0.000115186
0.000114246
0.000113238
0.000112154
0.000111026
0.000109882
0.000108696
0.00010752
0.0001063
0.000105095
0.000103859
0.000102623
0.000101387
0.000100136
9.88794e-05
9.76218e-05
9.63549e-05
9.50916e-05
9.38202e-05
9.25521e-05
9.12711e-05
8.99909e-05
8.86911e-05
8.73911e-05
8.60723e-05
8.47495e-05
8.341e-05
8.20693e-05
8.07202e-05
7.93711e-05
7.80153e-05
7.66585e-05
7.53004e-05
7.39411e-05
7.25851e-05
7.12293e-05
6.98809e-05
6.85351e-05
6.71996e-05
6.587e-05
6.45533e-05
6.32452e-05
6.19525e-05
6.06707e-05
5.94059e-05
5.81536e-05
5.69189e-05
5.56978e-05
5.44949e-05
5.33056e-05
5.21345e-05
5.09707e-05
4.98222e-05
4.86935e-05
4.75702e-05
4.64678e-05
4.53698e-05
4.42866e-05
4.32059e-05
4.21345e-05
4.10617e-05
3.99928e-05
3.89203e-05
3.7848e-05
3.67699e-05
3.56889e-05
3.46008e-05
3.35091e-05
3.23969e-05
3.08904e-05
2.94719e-05
2.80818e-05
2.67586e-05
2.54658e-05
2.42312e-05
2.30346e-05
2.18945e-05
2.08001e-05
1.9746e-05
1.87363e-05
1.77625e-05
1.68489e-05
1.59645e-05
1.51337e-05
1.43033e-05
1.35338e-05
1.27754e-05
1.20937e-05
1.1391e-05
1.07449e-05
1.00894e-05
9.58394e-06
9.09225e-06
8.80062e-06
8.6685e-06
8.6593e-06
8.94949e-06
0.000100462
9.91873e-05
9.86204e-05
9.76596e-05
9.6769e-05
9.56563e-05
9.46442e-05
9.34753e-05
9.24077e-05
9.122e-05
9.01237e-05
8.89309e-05
8.78175e-05
8.66262e-05
8.55021e-05
8.43168e-05
8.31855e-05
8.201e-05
8.08772e-05
7.97138e-05
7.85845e-05
7.74343e-05
7.6313e-05
7.51818e-05
7.4074e-05
7.2952e-05
7.18523e-05
7.07469e-05
6.96575e-05
6.85661e-05
6.74901e-05
6.64174e-05
6.53571e-05
6.43003e-05
6.32535e-05
6.22108e-05
6.11748e-05
6.01396e-05
5.91116e-05
5.80936e-05
5.70689e-05
5.60554e-05
5.50368e-05
5.40259e-05
5.30093e-05
5.19979e-05
5.098e-05
4.9965e-05
4.89426e-05
4.79211e-05
4.68928e-05
4.58641e-05
4.48289e-05
4.37924e-05
4.2548e-05
4.12141e-05
3.99042e-05
3.86375e-05
3.73848e-05
3.61793e-05
3.49847e-05
3.38391e-05
3.27038e-05
3.16152e-05
3.05377e-05
2.95006e-05
2.84768e-05
2.74909e-05
2.65213e-05
2.55866e-05
2.46713e-05
2.37897e-05
2.29341e-05
2.21166e-05
2.13234e-05
2.05637e-05
1.9828e-05
1.9124e-05
1.84505e-05
1.78038e-05
1.71854e-05
1.65842e-05
1.60133e-05
1.54533e-05
1.49238e-05
1.43975e-05
1.38997e-05
1.34008e-05
1.29345e-05
1.24669e-05
1.2036e-05
1.16068e-05
1.12256e-05
1.08628e-05
1.0573e-05
1.036e-05
1.02354e-05
1.01934e-05
1.06061e-05
1.08479e-05
8.56713e-05
8.40884e-05
8.35728e-05
8.25552e-05
8.18382e-05
8.07857e-05
7.99898e-05
7.89455e-05
7.81154e-05
7.70969e-05
7.62524e-05
7.5261e-05
7.44098e-05
7.34425e-05
7.25861e-05
7.16348e-05
7.07767e-05
6.98333e-05
6.8972e-05
6.80275e-05
6.71598e-05
6.62244e-05
6.53324e-05
6.43931e-05
6.32704e-05
6.18545e-05
6.05291e-05
5.91594e-05
5.78748e-05
5.65586e-05
5.53198e-05
5.40606e-05
5.28743e-05
5.16776e-05
5.05503e-05
4.94197e-05
4.83544e-05
4.72914e-05
4.62876e-05
4.52941e-05
4.43516e-05
4.3421e-05
4.2536e-05
4.16659e-05
4.08366e-05
4.00245e-05
3.92481e-05
3.8491e-05
3.77639e-05
3.70579e-05
3.63764e-05
3.57166e-05
3.5077e-05
3.44584e-05
3.38594e-05
3.32832e-05
3.27239e-05
3.21837e-05
3.16561e-05
3.11453e-05
3.06442e-05
3.01577e-05
2.96793e-05
2.92132e-05
2.87565e-05
2.83117e-05
2.78778e-05
2.74737e-05
2.70552e-05
2.66676e-05
2.62713e-05
2.58995e-05
2.55215e-05
2.51604e-05
2.47947e-05
2.44399e-05
2.40808e-05
2.37282e-05
2.33723e-05
2.30192e-05
2.26622e-05
2.23022e-05
2.19365e-05
2.15604e-05
2.11721e-05
2.07617e-05
2.03312e-05
1.98698e-05
1.9382e-05
1.88585e-05
1.83101e-05
1.77355e-05
1.71579e-05
1.6591e-05
1.60856e-05
1.57358e-05
1.54823e-05
1.55281e-05
1.5993e-05
1.62776e-05
6.95862e-05
6.74538e-05
6.65851e-05
6.49539e-05
6.40405e-05
6.24915e-05
6.15784e-05
6.0091e-05
5.91855e-05
5.77619e-05
5.68708e-05
5.55133e-05
5.46448e-05
5.33559e-05
5.25152e-05
5.1298e-05
5.04917e-05
4.93478e-05
4.85795e-05
4.75124e-05
4.67808e-05
4.57917e-05
4.5104e-05
4.41924e-05
4.35535e-05
4.27262e-05
4.21505e-05
4.14108e-05
4.0896e-05
4.02423e-05
3.97846e-05
3.92133e-05
3.88102e-05
3.83136e-05
3.79606e-05
3.75311e-05
3.72238e-05
3.68569e-05
3.65896e-05
3.62789e-05
3.60453e-05
3.57835e-05
3.55801e-05
3.53593e-05
3.51827e-05
3.49968e-05
3.48432e-05
3.46875e-05
3.45444e-05
3.44155e-05
3.43166e-05
3.42049e-05
3.41163e-05
3.40047e-05
3.39501e-05
3.38629e-05
3.38246e-05
3.37606e-05
3.37404e-05
3.36997e-05
3.36982e-05
3.36801e-05
3.3697e-05
3.37007e-05
3.37342e-05
3.37576e-05
3.38071e-05
3.38501e-05
3.39143e-05
3.39759e-05
3.40546e-05
3.41335e-05
3.42291e-05
3.43266e-05
3.44387e-05
3.45538e-05
3.4681e-05
3.48097e-05
3.49461e-05
3.50812e-05
3.52192e-05
3.5352e-05
3.54814e-05
3.55991e-05
3.57067e-05
3.57955e-05
3.58634e-05
3.58898e-05
3.58724e-05
3.57959e-05
3.56565e-05
3.54446e-05
3.51631e-05
3.48161e-05
3.44232e-05
3.40393e-05
3.37918e-05
3.38959e-05
3.42592e-05
3.38419e-05
5.31646e-05
5.13251e-05
5.05939e-05
4.92159e-05
4.85568e-05
4.72527e-05
4.66617e-05
4.54388e-05
4.49118e-05
4.37772e-05
4.33115e-05
4.22704e-05
4.18624e-05
4.0918e-05
4.05641e-05
3.97177e-05
3.94136e-05
3.86649e-05
3.84058e-05
3.77524e-05
3.75334e-05
3.69733e-05
3.67889e-05
3.63192e-05
3.61647e-05
3.5781e-05
3.56515e-05
3.53464e-05
3.5236e-05
3.50024e-05
3.49065e-05
3.47312e-05
3.46479e-05
3.45422e-05
3.44758e-05
3.44075e-05
3.43486e-05
3.43214e-05
3.42935e-05
3.4289e-05
3.42888e-05
3.43067e-05
3.43309e-05
3.43702e-05
3.44166e-05
3.44764e-05
3.45433e-05
3.46231e-05
3.47092e-05
3.48089e-05
3.49135e-05
3.5031e-05
3.51537e-05
3.5289e-05
3.54315e-05
3.55838e-05
3.57456e-05
3.59161e-05
3.60979e-05
3.62867e-05
3.64887e-05
3.66964e-05
3.69187e-05
3.71464e-05
3.73903e-05
3.76393e-05
3.79049e-05
3.8177e-05
3.84657e-05
3.87625e-05
3.90754e-05
3.93981e-05
3.97376e-05
4.00883e-05
4.04562e-05
4.08371e-05
4.12363e-05
4.1652e-05
4.20857e-05
4.25378e-05
4.30094e-05
4.35011e-05
4.40138e-05
4.45482e-05
4.5105e-05
4.56846e-05
4.62875e-05
4.69242e-05
4.75937e-05
4.83092e-05
4.90711e-05
4.98899e-05
5.07689e-05
5.17175e-05
5.27394e-05
5.38351e-05
5.49744e-05
5.6055e-05
5.6645e-05
5.68217e-05
5.51694e-05
5.32715e-05
5.25139e-05
5.10842e-05
5.03868e-05
4.90292e-05
4.83877e-05
4.71113e-05
4.65232e-05
4.5334e-05
4.48024e-05
4.37018e-05
4.32281e-05
4.22163e-05
4.1801e-05
4.08788e-05
4.05195e-05
3.96862e-05
3.9382e-05
3.86341e-05
3.83811e-05
3.77168e-05
3.75104e-05
3.69253e-05
3.67607e-05
3.62573e-05
3.61284e-05
3.57045e-05
3.55962e-05
3.52482e-05
3.51555e-05
3.48804e-05
3.47993e-05
3.45906e-05
3.45164e-05
3.43631e-05
3.42899e-05
3.42118e-05
3.41444e-05
3.40795e-05
3.40369e-05
3.40044e-05
3.39857e-05
3.39757e-05
3.39785e-05
3.39898e-05
3.40125e-05
3.40445e-05
3.40862e-05
3.41382e-05
3.41985e-05
3.42697e-05
3.43485e-05
3.4439e-05
3.4536e-05
3.4644e-05
3.47597e-05
3.48842e-05
3.50172e-05
3.51572e-05
3.53067e-05
3.54636e-05
3.5629e-05
3.58018e-05
3.59825e-05
3.61704e-05
3.6366e-05
3.65679e-05
3.67771e-05
3.69924e-05
3.72153e-05
3.74441e-05
3.76791e-05
3.79195e-05
3.81657e-05
3.84168e-05
3.86731e-05
3.89342e-05
3.92001e-05
3.9471e-05
3.97475e-05
4.003e-05
4.03197e-05
4.06181e-05
4.09269e-05
4.12495e-05
4.15893e-05
4.19512e-05
4.23397e-05
4.27534e-05
4.31998e-05
4.36936e-05
4.42402e-05
4.48578e-05
4.55621e-05
4.63855e-05
4.73572e-05
4.84873e-05
4.95353e-05
5.00121e-05
7.55393e-05
7.33888e-05
7.25087e-05
7.0852e-05
6.99192e-05
6.83497e-05
6.73681e-05
6.58812e-05
6.48605e-05
6.3414e-05
6.23982e-05
6.09961e-05
5.99855e-05
5.8631e-05
5.76323e-05
5.63307e-05
5.53511e-05
5.41047e-05
5.31528e-05
5.19644e-05
5.10455e-05
4.99189e-05
4.90395e-05
4.79771e-05
4.71415e-05
4.61467e-05
4.53525e-05
4.4427e-05
4.3678e-05
4.28215e-05
4.21219e-05
4.13408e-05
4.07044e-05
4.00012e-05
3.9426e-05
3.87966e-05
3.82777e-05
3.77186e-05
3.72501e-05
3.67556e-05
3.63336e-05
3.58977e-05
3.55184e-05
3.51333e-05
3.47907e-05
3.44491e-05
3.41376e-05
3.38331e-05
3.35485e-05
3.32745e-05
3.30143e-05
3.27656e-05
3.25185e-05
3.22916e-05
3.20848e-05
3.18666e-05
3.16741e-05
3.14784e-05
3.13148e-05
3.11364e-05
3.09669e-05
3.08205e-05
3.06656e-05
3.05309e-05
3.03891e-05
3.02625e-05
3.0131e-05
3.00064e-05
2.98746e-05
2.97429e-05
2.96021e-05
2.94561e-05
2.92988e-05
2.9132e-05
2.8951e-05
2.8756e-05
2.85438e-05
2.83135e-05
2.8064e-05
2.77941e-05
2.7505e-05
2.71928e-05
2.68637e-05
2.65244e-05
2.61727e-05
2.58036e-05
2.54363e-05
2.50639e-05
2.47042e-05
2.43553e-05
2.40287e-05
2.37146e-05
2.34406e-05
2.32198e-05
2.3065e-05
2.30279e-05
2.3178e-05
2.35969e-05
2.43974e-05
2.51597e-05
8.90587e-05
8.76248e-05
8.71149e-05
8.61657e-05
8.5439e-05
8.44279e-05
8.36104e-05
8.25902e-05
8.17344e-05
8.07285e-05
7.98594e-05
7.88729e-05
7.79979e-05
7.70317e-05
7.61523e-05
7.52029e-05
7.43211e-05
7.33835e-05
7.24985e-05
7.15688e-05
7.06779e-05
6.97513e-05
6.8852e-05
6.79199e-05
6.70125e-05
6.60661e-05
6.51527e-05
6.41963e-05
6.32558e-05
6.22837e-05
6.11266e-05
5.96675e-05
5.82464e-05
5.68311e-05
5.5453e-05
5.40876e-05
5.27583e-05
5.14461e-05
5.01706e-05
4.89175e-05
4.77009e-05
4.65087e-05
4.53519e-05
4.4223e-05
4.31229e-05
4.20522e-05
4.10052e-05
3.99912e-05
3.89981e-05
3.80385e-05
3.7099e-05
3.61923e-05
3.53049e-05
3.44496e-05
3.36124e-05
3.28064e-05
3.20172e-05
3.12612e-05
3.05168e-05
2.98033e-05
2.90979e-05
2.84181e-05
2.77422e-05
2.70872e-05
2.6433e-05
2.57937e-05
2.51527e-05
2.45315e-05
2.3916e-05
2.33184e-05
2.27231e-05
2.21478e-05
2.15855e-05
2.10215e-05
2.04787e-05
1.99337e-05
1.9411e-05
1.88839e-05
1.83806e-05
1.78711e-05
1.73894e-05
1.69039e-05
1.64442e-05
1.59808e-05
1.55415e-05
1.51038e-05
1.4695e-05
1.42974e-05
1.3932e-05
1.35815e-05
1.32637e-05
1.29727e-05
1.27026e-05
1.24913e-05
1.23332e-05
1.22028e-05
1.23022e-05
1.25458e-05
1.31135e-05
1.3394e-05
0.000104656
0.000103524
0.000103016
0.00010217
0.000101318
0.000100291
9.93045e-05
9.81981e-05
9.71481e-05
9.60102e-05
9.49306e-05
9.37763e-05
9.26743e-05
9.15119e-05
9.03916e-05
8.92222e-05
8.80885e-05
8.69144e-05
8.57704e-05
8.45961e-05
8.34445e-05
8.22715e-05
8.11175e-05
7.99488e-05
7.87954e-05
7.76338e-05
7.64862e-05
7.53358e-05
7.41972e-05
7.30629e-05
7.19386e-05
7.08131e-05
6.96968e-05
6.85853e-05
6.74793e-05
6.63778e-05
6.52823e-05
6.41962e-05
6.31148e-05
6.20407e-05
6.09697e-05
5.99038e-05
5.88361e-05
5.77711e-05
5.67151e-05
5.56536e-05
5.45944e-05
5.35315e-05
5.24676e-05
5.13983e-05
5.0325e-05
4.92446e-05
4.81573e-05
4.70611e-05
4.5956e-05
4.48409e-05
4.33198e-05
4.18145e-05
4.0322e-05
3.89012e-05
3.74993e-05
3.61564e-05
3.48345e-05
3.35673e-05
3.23275e-05
3.11384e-05
2.99807e-05
2.88639e-05
2.77768e-05
2.67263e-05
2.57083e-05
2.4725e-05
2.3776e-05
2.28564e-05
2.1976e-05
2.11128e-05
2.02963e-05
1.94954e-05
1.87435e-05
1.79923e-05
1.72855e-05
1.65788e-05
1.59296e-05
1.52893e-05
1.46908e-05
1.40836e-05
1.35098e-05
1.29577e-05
1.24651e-05
1.1995e-05
1.15442e-05
1.10972e-05
1.07145e-05
1.03878e-05
1.00877e-05
9.85835e-06
9.75407e-06
9.68635e-06
1.00789e-05
1.03724e-05
0.000121601
0.000120905
0.000120472
0.000119854
0.000118972
0.000118051
0.00011702
0.000115967
0.000114872
0.000113751
0.00011262
0.000111457
0.000110296
0.000109103
0.000107917
0.000106699
0.00010549
0.000104253
0.000103012
0.00010177
0.00010052
9.92585e-05
9.79974e-05
9.67261e-05
9.54579e-05
9.41797e-05
9.28985e-05
9.1607e-05
9.03105e-05
8.90069e-05
8.76967e-05
8.63748e-05
8.50448e-05
8.37038e-05
8.2352e-05
8.09899e-05
7.96203e-05
7.82485e-05
7.68709e-05
7.5492e-05
7.41107e-05
7.27302e-05
7.13498e-05
6.9974e-05
6.86011e-05
6.72364e-05
6.58775e-05
6.453e-05
6.31915e-05
6.18675e-05
6.05552e-05
5.926e-05
5.79786e-05
5.67149e-05
5.54656e-05
5.42369e-05
5.30191e-05
5.18126e-05
5.06157e-05
4.94281e-05
4.82556e-05
4.70914e-05
4.59406e-05
4.47979e-05
4.36628e-05
4.25315e-05
4.14028e-05
4.02739e-05
3.91427e-05
3.80067e-05
3.68646e-05
3.57163e-05
3.45268e-05
3.28652e-05
3.13139e-05
2.97826e-05
2.83473e-05
2.6924e-05
2.55974e-05
2.42902e-05
2.30518e-05
2.18047e-05
2.0613e-05
1.9463e-05
1.84191e-05
1.74068e-05
1.63775e-05
1.52863e-05
1.42625e-05
1.34867e-05
1.28592e-05
1.19363e-05
1.08009e-05
1.01849e-05
9.71355e-06
9.09081e-06
8.69909e-06
8.58049e-06
8.60362e-06
8.86037e-06
0.000134701
0.000134604
0.000134316
0.000134029
0.000133297
0.000132639
0.000131769
0.00013095
0.000130023
0.000129114
0.00012815
0.000127182
0.000126183
0.000125168
0.000124134
0.000123077
0.000122008
0.000120912
0.000119804
0.000118673
0.000117527
0.000116358
0.000115175
0.000113969
0.000112756
0.000111524
0.000110275
0.00010901
0.000107727
0.000106431
0.000105116
0.000103785
0.000102435
0.000101069
9.96873e-05
9.82878e-05
9.68684e-05
9.54441e-05
9.40042e-05
9.25431e-05
9.10704e-05
8.95819e-05
8.80791e-05
8.65634e-05
8.50327e-05
8.34909e-05
8.1935e-05
8.03699e-05
7.87923e-05
7.72081e-05
7.56142e-05
7.40172e-05
7.24155e-05
7.08135e-05
6.92109e-05
6.76109e-05
6.60054e-05
6.44018e-05
6.27967e-05
6.11963e-05
5.95992e-05
5.8015e-05
5.6442e-05
5.48884e-05
5.33504e-05
5.18362e-05
5.03424e-05
4.88775e-05
4.74372e-05
4.60267e-05
4.46409e-05
4.32839e-05
4.19538e-05
4.06467e-05
3.93498e-05
3.80705e-05
3.68123e-05
3.55505e-05
3.4301e-05
3.30375e-05
3.17777e-05
3.05113e-05
2.92346e-05
2.79001e-05
2.65063e-05
2.50976e-05
2.37417e-05
2.22563e-05
2.01253e-05
1.75956e-05
1.65603e-05
1.59258e-05
1.39588e-05
1.14877e-05
1.04683e-05
9.90034e-06
8.45134e-06
7.82646e-06
7.66385e-06
7.79111e-06
0.000133383
0.000133038
0.000132898
0.000132568
0.00013241
0.000132059
0.000131863
0.000131493
0.000131255
0.000130866
0.000130583
0.000130177
0.000129851
0.000129424
0.000129056
0.000128607
0.000128197
0.000127719
0.000127265
0.000126754
0.000126253
0.000125701
0.000125146
0.000124544
0.000123658
0.000122678
0.00012167
0.000120648
0.000119603
0.000118544
0.000117464
0.000116371
0.000115259
0.000114131
0.00011298
0.000111811
0.00011062
0.000109409
0.000108174
0.000106918
0.000105638
0.000104336
0.000103009
0.000101659
0.000100282
9.88819e-05
9.74537e-05
9.60012e-05
9.45201e-05
9.30144e-05
9.1481e-05
8.99181e-05
8.83282e-05
8.67258e-05
8.50982e-05
8.34494e-05
8.17727e-05
8.00801e-05
7.8361e-05
7.66275e-05
7.48675e-05
7.3092e-05
7.12865e-05
6.94645e-05
6.76166e-05
6.57531e-05
6.38661e-05
6.1965e-05
6.00484e-05
5.81218e-05
5.61879e-05
5.42522e-05
5.23199e-05
5.03943e-05
4.8482e-05
4.6588e-05
4.47179e-05
4.28777e-05
4.10716e-05
3.93026e-05
3.75709e-05
3.58797e-05
3.42298e-05
3.26154e-05
3.10206e-05
2.94163e-05
2.78415e-05
2.6291e-05
2.4686e-05
2.3033e-05
2.13005e-05
1.9512e-05
1.75893e-05
1.56009e-05
1.35419e-05
1.15057e-05
9.66794e-06
8.43262e-06
7.54082e-06
7.06271e-06
0.000111722
0.000111885
0.000111946
0.000111975
0.000112011
0.000112
0.000112018
0.000111982
0.000111982
0.000111925
0.000111904
0.000111829
0.000111786
0.000111694
0.000111626
0.000111515
0.000111421
0.00011129
0.000111167
0.000111012
0.00011086
0.000110679
0.000110495
0.000110286
0.000110074
0.000109845
0.000109609
0.000109359
0.0001091
0.000108828
0.000108545
0.000108249
0.00010794
0.000107618
0.000107285
0.000106933
0.000106567
0.000106181
0.000105778
0.000105353
0.000104908
0.000104439
0.000103945
0.000103422
0.000102868
0.000102292
0.000101687
0.000101056
0.000100394
9.97023e-05
9.89658e-05
9.81867e-05
9.73539e-05
9.64616e-05
9.50729e-05
9.36645e-05
9.21938e-05
9.06991e-05
8.91551e-05
8.75867e-05
8.59788e-05
8.43557e-05
8.27055e-05
8.10193e-05
7.92842e-05
7.75213e-05
7.57356e-05
7.38906e-05
7.20251e-05
7.01124e-05
6.81724e-05
6.61913e-05
6.41749e-05
6.21129e-05
6.00109e-05
5.78596e-05
5.56618e-05
5.34094e-05
5.11056e-05
4.87457e-05
4.63343e-05
4.3872e-05
4.13684e-05
3.88325e-05
3.628e-05
3.3726e-05
3.1194e-05
2.87098e-05
2.62973e-05
2.3968e-05
2.16806e-05
1.94486e-05
1.7263e-05
1.50609e-05
1.29481e-05
1.09577e-05
9.12335e-06
7.61465e-06
6.75497e-06
7.95124e-06
7.26496e-05
7.29875e-05
7.30818e-05
7.32707e-05
7.336e-05
7.35145e-05
7.36102e-05
7.3743e-05
7.38448e-05
7.39637e-05
7.40684e-05
7.41778e-05
7.42819e-05
7.43846e-05
7.44853e-05
7.45822e-05
7.46779e-05
7.47686e-05
7.48585e-05
7.49422e-05
7.50254e-05
7.51024e-05
7.51789e-05
7.52499e-05
7.53211e-05
7.53879e-05
7.54535e-05
7.55156e-05
7.5575e-05
7.56308e-05
7.56828e-05
7.57304e-05
7.57735e-05
7.58107e-05
7.5843e-05
7.58708e-05
7.58935e-05
7.59108e-05
7.59225e-05
7.59281e-05
7.59275e-05
7.59201e-05
7.59061e-05
7.58853e-05
7.58582e-05
7.58206e-05
7.5772e-05
7.57103e-05
7.56331e-05
7.55383e-05
7.54222e-05
7.52845e-05
7.51211e-05
7.49326e-05
7.47196e-05
7.44962e-05
7.42418e-05
7.39707e-05
7.36616e-05
7.33213e-05
7.29274e-05
7.22245e-05
7.14715e-05
7.06649e-05
6.98193e-05
6.89287e-05
6.79912e-05
6.70001e-05
6.59606e-05
6.48591e-05
6.36914e-05
6.24515e-05
6.11581e-05
5.97653e-05
5.82942e-05
5.67232e-05
5.50607e-05
5.32913e-05
5.14212e-05
4.94412e-05
4.73577e-05
4.51677e-05
4.28794e-05
4.04962e-05
3.80313e-05
3.54795e-05
3.28513e-05
3.01375e-05
2.7343e-05
2.44415e-05
2.14697e-05
1.84748e-05
1.55701e-05
1.27831e-05
1.03154e-05
8.17067e-06
6.50654e-06
5.3123e-06
4.60782e-06
5.05862e-06
6.80912e-06
6.82403e-06
6.83394e-06
6.84476e-06
6.85691e-06
6.87025e-06
6.88196e-06
6.89663e-06
6.90885e-06
6.92384e-06
6.93691e-06
6.95219e-06
6.96596e-06
6.98169e-06
6.99612e-06
7.01237e-06
7.02752e-06
7.04435e-06
7.0603e-06
7.07779e-06
7.09464e-06
7.11293e-06
7.1308e-06
7.15009e-06
7.16907e-06
7.18946e-06
7.20965e-06
7.23125e-06
7.25274e-06
7.27564e-06
7.29856e-06
7.32287e-06
7.34738e-06
7.37327e-06
7.39954e-06
7.42722e-06
7.45541e-06
7.48506e-06
7.51539e-06
7.5472e-06
7.57986e-06
7.61402e-06
7.6492e-06
7.68584e-06
7.72357e-06
7.76258e-06
7.80275e-06
7.84415e-06
7.88671e-06
7.93053e-06
7.97562e-06
8.02215e-06
8.0702e-06
8.12006e-06
8.17184e-06
8.2255e-06
8.28018e-06
8.33629e-06
8.39229e-06
8.44855e-06
8.50313e-06
8.55629e-06
8.61389e-06
8.67255e-06
8.73566e-06
8.80129e-06
8.87105e-06
8.94468e-06
9.02279e-06
9.10517e-06
9.19231e-06
9.28511e-06
9.38416e-06
9.48675e-06
9.59736e-06
9.71221e-06
9.83564e-06
9.96456e-06
1.01027e-05
1.02481e-05
1.04038e-05
1.05688e-05
1.07454e-05
1.09323e-05
1.11284e-05
1.1322e-05
1.14971e-05
1.16031e-05
1.1547e-05
1.12009e-05
1.01841e-05
8.74014e-06
6.79617e-06
4.68602e-06
3.10394e-06
2.16853e-06
2.12712e-06
3.29932e-06
3.23808e-06
3.43363e-06
8.649e-06
9.05461e-07
1.13673e-06
1.61005e-06
2.11514e-06
2.42295e-06
2.73178e-06
3.10708e-06
3.49485e-06
3.85356e-06
4.09634e-06
4.18219e-06
4.32835e-06
4.77053e-06
6.23919e-06
8.82114e-06
1.15673e-05
1.11131e-05
9.00041e-06
3.8072e-06
3.91688e-06
1.11401e-06
1.18078e-06
1.50951e-06
1.80197e-06
2.05177e-06
2.38604e-06
2.77798e-06
3.16393e-06
3.52587e-06
3.73545e-06
4.01229e-06
4.44326e-06
5.59095e-06
7.75438e-06
1.06141e-05
1.2146e-05
1.07056e-05
8.82831e-06
3.84005e-06
3.46792e-06
1.59521e-06
1.66251e-06
1.70143e-06
1.81609e-06
2.04647e-06
2.37244e-06
2.70107e-06
3.09186e-06
3.52659e-06
3.83341e-06
4.3286e-06
5.33531e-06
7.16419e-06
9.86458e-06
1.20699e-05
1.21397e-05
1.0513e-05
8.67447e-06
3.82712e-06
3.87886e-06
2.26564e-06
2.30179e-06
2.08719e-06
2.20875e-06
2.35098e-06
2.62426e-06
3.0204e-06
3.56993e-06
4.3004e-06
4.71028e-06
5.86393e-06
7.43098e-06
1.00243e-05
1.18034e-05
1.28902e-05
1.19063e-05
1.04786e-05
8.35796e-06
3.40898e-06
4.53824e-06
3.12967e-06
3.12375e-06
2.78788e-06
3.05213e-06
3.05516e-06
3.4393e-06
4.01246e-06
4.89815e-06
6.10078e-06
7.52459e-06
9.09157e-06
1.14054e-05
1.26665e-05
1.37622e-05
1.30882e-05
1.17342e-05
1.0555e-05
7.73549e-06
2.68447e-06
5.45606e-06
4.33347e-06
4.29402e-06
3.88517e-06
4.25104e-06
4.55417e-06
5.33213e-06
6.56439e-06
8.86425e-06
1.14226e-05
1.31913e-05
1.38085e-05
1.44669e-05
1.47267e-05
1.39875e-05
1.28443e-05
1.19341e-05
1.05561e-05
6.71216e-06
1.96795e-06
7.05414e-06
6.3422e-06
6.36032e-06
6.3331e-06
7.24568e-06
8.73098e-06
1.10112e-05
1.46839e-05
1.75041e-05
1.67425e-05
1.68272e-05
1.64147e-05
1.59546e-05
1.52078e-05
1.43652e-05
1.34589e-05
1.2197e-05
1.02994e-05
5.37252e-06
1.30666e-06
1.13042e-05
1.1978e-05
1.27712e-05
1.46985e-05
1.76542e-05
2.15907e-05
2.20859e-05
2.16212e-05
2.07924e-05
1.99487e-05
1.93812e-05
1.84119e-05
1.77398e-05
1.66761e-05
1.56098e-05
1.38087e-05
1.24819e-05
9.35522e-06
4.11176e-06
7.77354e-07
2.75776e-05
3.04039e-05
3.18863e-05
3.44347e-05
3.32147e-05
3.16338e-05
2.9979e-05
2.84641e-05
2.68621e-05
2.54741e-05
2.39056e-05
2.23812e-05
2.06776e-05
1.875e-05
1.63081e-05
1.36983e-05
1.10502e-05
7.9429e-06
3.46191e-06
4.40856e-07
4.84374e-05
5.1186e-05
4.85449e-05
4.5784e-05
4.34581e-05
4.06777e-05
3.86316e-05
3.59032e-05
3.40272e-05
3.11832e-05
2.92669e-05
2.60263e-05
2.38061e-05
1.96148e-05
1.47781e-05
1.04237e-05
8.16902e-06
6.20601e-06
2.68433e-06
2.57178e-07
4.43289e-05
4.64312e-05
4.47045e-05
4.19399e-05
4.04392e-05
3.76811e-05
3.62769e-05
3.37271e-05
3.23936e-05
2.99068e-05
2.84051e-05
2.56966e-05
2.36629e-05
2.0463e-05
1.64666e-05
1.1993e-05
9.05932e-06
6.52656e-06
2.52246e-06
2.24577e-07
2.04715e-05
2.31138e-05
2.46649e-05
2.77879e-05
2.79759e-05
2.76274e-05
2.64525e-05
2.57131e-05
2.45919e-05
2.38987e-05
2.28084e-05
2.20232e-05
2.05438e-05
1.95136e-05
1.69753e-05
1.53574e-05
1.23562e-05
8.57617e-06
3.1818e-06
3.44807e-07
9.58549e-06
9.59279e-06
9.93429e-06
1.09935e-05
1.31507e-05
1.63861e-05
2.03078e-05
2.00986e-05
2.00589e-05
1.93745e-05
1.91422e-05
1.85101e-05
1.78177e-05
1.7229e-05
1.63243e-05
1.47729e-05
1.35402e-05
1.05134e-05
4.23857e-06
7.05994e-07
6.65051e-06
5.84488e-06
5.78739e-06
5.56122e-06
6.20278e-06
7.16732e-06
8.86986e-06
1.1692e-05
1.63941e-05
1.64177e-05
1.62786e-05
1.68911e-05
1.65554e-05
1.59558e-05
1.49958e-05
1.43689e-05
1.31169e-05
1.14148e-05
5.85671e-06
1.32249e-06
5.24847e-06
4.11209e-06
4.0592e-06
3.66498e-06
3.99727e-06
4.20469e-06
4.8453e-06
5.86164e-06
7.55506e-06
9.84649e-06
1.20449e-05
1.35026e-05
1.45583e-05
1.54806e-05
1.48655e-05
1.35527e-05
1.27641e-05
1.14794e-05
7.48738e-06
2.08896e-06
4.36351e-06
2.98896e-06
2.97766e-06
2.67788e-06
2.92358e-06
2.93857e-06
3.30012e-06
3.84351e-06
4.65934e-06
5.5473e-06
6.82704e-06
8.62215e-06
1.12043e-05
1.28714e-05
1.46185e-05
1.40353e-05
1.25159e-05
1.13685e-05
8.45397e-06
2.87636e-06
3.77762e-06
2.15674e-06
2.19092e-06
2.04465e-06
2.18146e-06
2.3227e-06
2.57824e-06
2.96292e-06
3.4875e-06
4.1868e-06
4.51569e-06
5.57559e-06
7.34129e-06
1.02018e-05
1.22422e-05
1.37362e-05
1.27521e-05
1.12134e-05
9.0589e-06
3.65849e-06
3.61744e-06
1.54201e-06
1.56632e-06
1.67977e-06
1.84772e-06
2.10457e-06
2.41176e-06
2.72367e-06
3.09551e-06
3.50102e-06
3.8038e-06
4.25715e-06
5.24403e-06
7.24441e-06
1.03021e-05
1.28281e-05
1.29981e-05
1.12013e-05
9.15594e-06
4.01775e-06
4.39317e-06
1.13796e-06
1.17604e-06
1.46526e-06
1.8451e-06
2.14775e-06
2.50194e-06
2.85383e-06
3.21942e-06
3.55528e-06
3.77198e-06
4.04102e-06
4.47601e-06
5.63866e-06
8.04058e-06
1.12727e-05
1.30193e-05
1.14288e-05
9.33357e-06
4.03711e-06
9.16379e-06
9.74208e-07
1.21244e-06
1.6488e-06
2.10666e-06
2.5276e-06
2.89956e-06
3.25404e-06
3.6101e-06
3.90827e-06
4.12602e-06
4.24365e-06
4.40411e-06
4.85964e-06
6.38639e-06
9.22795e-06
1.23907e-05
1.18824e-05
9.52781e-06
4.00135e-06
1.23426e-06
0.000116562
0.000294187
0.000330906
0.00033481
0.000335356
0.000335357
0.000335342
0.000335343
0.000335345
0.000335345
0.000335343
0.000335342
0.000335357
0.000335356
0.00033481
0.000330906
0.000294187
0.000116562
1.23426e-06
1.36981e-06
6.81599e-05
0.000219564
0.000309492
0.000330907
0.000334527
0.000335273
0.000335315
0.000335296
0.000335287
0.000335287
0.000335296
0.000335315
0.000335273
0.000334527
0.000330907
0.000309492
0.000219564
6.81601e-05
1.36981e-06
1.5132e-06
5.29062e-05
0.000176485
0.000280599
0.000322154
0.000332505
0.000334604
0.000335101
0.000335168
0.000335172
0.000335172
0.000335168
0.000335101
0.000334604
0.000332505
0.000322154
0.000280599
0.000176485
5.29063e-05
1.5132e-06
1.65529e-06
4.39438e-05
0.000148177
0.000254277
0.000309307
0.000328591
0.000333554
0.000334803
0.000335047
0.00033508
0.00033508
0.000335047
0.000334803
0.000333554
0.000328591
0.000309307
0.000254277
0.000148177
4.39438e-05
1.65529e-06
1.79666e-06
3.71508e-05
0.000127191
0.000231203
0.00029523
0.000322606
0.000331764
0.000334129
0.0003348
0.00033494
0.00033494
0.0003348
0.000334129
0.000331764
0.000322606
0.00029523
0.000231203
0.000127191
3.71507e-05
1.79667e-06
1.93651e-06
3.206e-05
0.000111045
0.000211212
0.000280959
0.000315379
0.00032885
0.000333199
0.000334472
0.00033478
0.00033478
0.000334472
0.000333199
0.00032885
0.000315379
0.000280959
0.000211212
0.000111045
3.206e-05
1.93651e-06
2.07371e-06
2.82237e-05
9.83702e-05
0.000193954
0.000267078
0.000307364
0.000325179
0.000331845
0.000333905
0.000334514
0.000334514
0.000333905
0.000331845
0.000325179
0.000307364
0.000267078
0.000193954
9.837e-05
2.82236e-05
2.07371e-06
2.2083e-06
2.52399e-05
8.81617e-05
0.000178967
0.000253843
0.000298877
0.000320821
0.000329914
0.000333145
0.000334153
0.000334153
0.000333145
0.000329914
0.000320821
0.000298877
0.000253843
0.000178967
8.81617e-05
2.52399e-05
2.2083e-06
2.33888e-06
2.28805e-05
7.9812e-05
0.00016591
0.000241393
0.000290179
0.000315928
0.000327567
0.000332164
0.000333602
0.000333602
0.000332164
0.000327567
0.000315928
0.000290179
0.000241393
0.000165909
7.98118e-05
2.28805e-05
2.33888e-06
2.46413e-06
2.09791e-05
7.28928e-05
0.000154505
0.0002298
0.000281476
0.000310638
0.000324812
0.000330836
0.000332879
0.000332879
0.000330836
0.000324812
0.000310638
0.000281476
0.0002298
0.000154505
7.28928e-05
2.09791e-05
2.46413e-06
2.58295e-06
1.94343e-05
6.71025e-05
0.000144519
0.000219076
0.000272918
0.00030508
0.000321703
0.000329232
0.000331991
0.000331991
0.000329232
0.000321703
0.00030508
0.000272918
0.000219076
0.000144519
6.71025e-05
1.94343e-05
2.58295e-06
2.69565e-06
1.81436e-05
6.217e-05
0.000135697
0.000209159
0.00026458
0.000299347
0.000318294
0.000327356
0.000330843
0.000330843
0.000327356
0.000318294
0.000299347
0.00026458
0.000209159
0.000135697
6.217e-05
1.81436e-05
2.69565e-06
2.80125e-06
1.70619e-05
5.79272e-05
0.000127854
0.000199983
0.000256506
0.00029351
0.000314627
0.000325207
0.000329433
0.000329433
0.000325207
0.000314627
0.00029351
0.000256506
0.000199983
0.000127854
5.79273e-05
1.70619e-05
2.80125e-06
2.89949e-06
1.61464e-05
5.42447e-05
0.00012085
0.000191494
0.000248732
0.000287634
0.000310748
0.000322803
0.000327775
0.000327775
0.000322803
0.000310748
0.000287634
0.000248733
0.000191494
0.00012085
5.42447e-05
1.61464e-05
2.89949e-06
2.9896e-06
1.53685e-05
5.10369e-05
0.000114582
0.000183653
0.00024129
0.00028178
0.000306706
0.000320168
0.000325877
0.000325877
0.000320168
0.000306706
0.00028178
0.00024129
0.000183654
0.000114583
5.1037e-05
1.53686e-05
2.9896e-06
3.07226e-06
1.47002e-05
4.82153e-05
0.000108946
0.000176404
0.000234186
0.000275989
0.000302542
0.000317329
0.00032375
0.00032375
0.000317329
0.000302543
0.000275989
0.000234186
0.000176404
0.000108946
4.82153e-05
1.47001e-05
3.07226e-06
3.14698e-06
1.41275e-05
4.57212e-05
0.000103852
0.000169687
0.000227412
0.000270286
0.000298288
0.000314305
0.000321406
0.000321406
0.000314305
0.000298288
0.000270286
0.000227412
0.000169688
0.000103853
4.57214e-05
1.41275e-05
3.14698e-06
3.21442e-06
1.36291e-05
4.34952e-05
9.92236e-05
0.000163446
0.000220954
0.000264687
0.000293969
0.000311118
0.00031886
0.00031886
0.000311118
0.000293969
0.000264687
0.000220955
0.000163447
9.92237e-05
4.34952e-05
1.36291e-05
3.21442e-06
3.27399e-06
1.32002e-05
4.1508e-05
9.50098e-05
0.000157644
0.000214805
0.000259208
0.000289609
0.000307791
0.000316129
0.000316129
0.000307791
0.000289609
0.000259208
0.000214805
0.000157644
9.50099e-05
4.15082e-05
1.32002e-05
3.27399e-06
3.32687e-06
1.28274e-05
3.97231e-05
9.11625e-05
0.000152245
0.000208956
0.000253866
0.000285235
0.000304349
0.000313236
0.000313236
0.000304349
0.000285235
0.000253866
0.000208956
0.000152245
9.11625e-05
3.97231e-05
1.28274e-05
3.32687e-06
3.37259e-06
1.25078e-05
3.8119e-05
8.76421e-05
0.000147215
0.000203396
0.000248668
0.000280866
0.000300814
0.000310202
0.000310202
0.000300814
0.000280866
0.000248668
0.000203396
0.000147215
8.76421e-05
3.8119e-05
1.25078e-05
3.37259e-06
3.41243e-06
1.22287e-05
3.66646e-05
8.44052e-05
0.000142516
0.000198106
0.000243618
0.000276517
0.000297203
0.000307044
0.000307044
0.000297203
0.000276517
0.000243618
0.000198106
0.000142516
8.44052e-05
3.66647e-05
1.22287e-05
3.41243e-06
3.44565e-06
1.19919e-05
3.53479e-05
8.14234e-05
0.000138121
0.00019307
0.000238713
0.000272197
0.000293533
0.000303781
0.000303781
0.000293533
0.000272197
0.000238713
0.00019307
0.00013812
8.14232e-05
3.53476e-05
1.19919e-05
3.44565e-06
3.47401e-06
1.17866e-05
3.41472e-05
7.86674e-05
0.000134001
0.000188273
0.000233954
0.000267918
0.00028982
0.00030043
0.00030043
0.00028982
0.000267918
0.000233954
0.000188273
0.000134001
7.86674e-05
3.41473e-05
1.17866e-05
3.47401e-06
3.49649e-06
1.16138e-05
3.30567e-05
7.61197e-05
0.000130138
0.000183706
0.000229343
0.00026369
0.00028608
0.000297009
0.000297009
0.00028608
0.00026369
0.000229343
0.000183706
0.000130138
7.61197e-05
3.30566e-05
1.16137e-05
3.49649e-06
3.51512e-06
1.14677e-05
3.20584e-05
7.37559e-05
0.00012651
0.000179355
0.000224879
0.000259523
0.000282328
0.000293535
0.000293535
0.000282328
0.000259523
0.000224879
0.000179355
0.00012651
7.37559e-05
3.20582e-05
1.14676e-05
3.51512e-06
3.52846e-06
1.13497e-05
3.1148e-05
7.15621e-05
0.000123099
0.000175209
0.00022056
0.000255422
0.000278575
0.000290023
0.000290023
0.000278575
0.000255422
0.00022056
0.000175209
0.000123099
7.1562e-05
3.11482e-05
1.135e-05
3.52846e-06
3.53793e-06
1.12557e-05
3.03132e-05
6.95167e-05
0.000119883
0.000171251
0.000216377
0.00025139
0.000274829
0.000286483
0.000286483
0.000274829
0.00025139
0.000216377
0.000171252
0.000119884
6.95168e-05
3.03131e-05
1.12555e-05
3.53793e-06
3.54511e-06
1.1182e-05
2.95474e-05
6.76093e-05
0.00011685
0.000167472
0.000212329
0.00024743
0.0002711
0.000282927
0.000282927
0.0002711
0.00024743
0.000212329
0.000167472
0.00011685
6.76094e-05
2.95477e-05
1.11823e-05
3.54511e-06
3.54864e-06
1.11309e-05
2.8845e-05
6.58267e-05
0.000113984
0.000163862
0.000208412
0.000243545
0.000267395
0.000279366
0.000279366
0.000267395
0.000243545
0.000208412
0.000163862
0.000113984
6.58266e-05
2.88449e-05
1.11308e-05
3.54864e-06
3.54915e-06
1.1098e-05
2.82026e-05
6.41626e-05
0.000111278
0.000160413
0.000204625
0.000239741
0.000263724
0.000275812
0.000275812
0.000263724
0.000239741
0.000204625
0.000160413
0.000111279
6.41627e-05
2.82026e-05
1.10979e-05
3.54915e-06
3.54718e-06
1.10867e-05
2.76126e-05
6.2602e-05
0.000108716
0.000157116
0.000200963
0.000236018
0.000260093
0.000272271
0.000272271
0.000260093
0.000236019
0.000200963
0.000157116
0.000108717
6.26022e-05
2.76128e-05
1.10867e-05
3.54718e-06
3.54302e-06
1.10918e-05
2.70747e-05
6.11412e-05
0.00010629
0.000153959
0.000197419
0.000232376
0.000256504
0.000268751
0.000268751
0.000256504
0.000232376
0.000197419
0.000153959
0.000106289
6.11411e-05
2.70745e-05
1.10917e-05
3.54302e-06
3.53696e-06
1.11161e-05
2.65792e-05
5.9765e-05
0.000103984
0.000150934
0.000193988
0.000228812
0.000252961
0.000265257
0.000265257
0.000252961
0.000228812
0.000193988
0.000150934
0.000103984
5.97651e-05
2.65792e-05
1.1116e-05
3.53696e-06
3.52927e-06
1.11552e-05
2.61272e-05
5.84737e-05
0.000101795
0.000148035
0.000190668
0.000225329
0.000249468
0.000261794
0.000261794
0.000249468
0.000225329
0.000190668
0.000148035
0.000101796
5.84739e-05
2.61274e-05
1.11554e-05
3.52927e-06
3.52014e-06
1.12169e-05
2.57194e-05
5.72604e-05
9.97172e-05
0.000145256
0.000187456
0.000221929
0.00024603
0.000258369
0.000258369
0.00024603
0.000221929
0.000187457
0.000145256
9.97172e-05
5.72603e-05
2.57193e-05
1.12168e-05
3.52014e-06
3.50982e-06
1.1291e-05
2.53477e-05
5.61209e-05
9.77423e-05
0.000142593
0.00018435
0.00021861
0.00024265
0.000254986
0.000254986
0.00024265
0.00021861
0.00018435
0.000142593
9.77424e-05
5.6121e-05
2.53477e-05
1.1291e-05
3.50982e-06
3.49847e-06
1.13875e-05
2.50137e-05
5.50458e-05
9.58587e-05
0.000140034
0.000181341
0.00021537
0.000239327
0.000251648
0.000251648
0.000239327
0.00021537
0.000181342
0.000140035
9.58589e-05
5.50458e-05
2.50136e-05
1.13873e-05
3.49847e-06
3.48638e-06
1.14975e-05
2.47139e-05
5.40343e-05
9.40626e-05
0.000137575
0.000178426
0.000212207
0.000236062
0.000248355
0.000248355
0.000236062
0.000212207
0.000178427
0.000137575
9.40633e-05
5.40349e-05
2.47142e-05
1.14976e-05
3.48638e-06
3.47353e-06
1.16315e-05
2.44483e-05
5.30807e-05
9.23504e-05
0.000135211
0.000175603
0.00020912
0.000232857
0.000245111
0.000245111
0.000232857
0.000209121
0.000175603
0.000135211
9.23506e-05
5.30807e-05
2.44482e-05
1.16313e-05
3.47353e-06
3.46029e-06
1.17706e-05
2.42124e-05
5.21847e-05
9.07175e-05
0.000132939
0.000172869
0.00020611
0.000229712
0.000241918
0.000241918
0.000229713
0.00020611
0.00017287
0.00013294
9.07185e-05
5.21855e-05
2.42128e-05
1.17709e-05
3.46029e-06
3.44654e-06
1.19419e-05
2.40111e-05
5.13387e-05
8.91586e-05
0.000130753
0.00017022
0.000203175
0.00022663
0.000238779
0.000238779
0.00022663
0.000203175
0.000170221
0.000130754
8.91595e-05
5.13392e-05
2.40112e-05
1.19414e-05
3.44654e-06
3.43271e-06
1.21196e-05
2.38436e-05
5.0544e-05
8.76711e-05
0.000128649
0.000167654
0.000200312
0.000223609
0.000235694
0.000235694
0.00022361
0.000200313
0.000167655
0.00012865
8.76722e-05
5.05446e-05
2.38438e-05
1.21199e-05
3.43271e-06
3.41857e-06
1.23275e-05
2.36959e-05
4.97938e-05
8.6251e-05
0.000126624
0.000165167
0.000197522
0.00022065
0.000232663
0.000232664
0.000220651
0.000197523
0.000165168
0.000126626
8.62526e-05
4.9795e-05
2.36964e-05
1.23274e-05
3.41857e-06
3.40463e-06
1.25379e-05
2.35778e-05
4.9087e-05
8.48946e-05
0.000124675
0.000162756
0.000194801
0.000217752
0.000229688
0.000229688
0.000217753
0.000194803
0.000162758
0.000124677
8.48964e-05
4.90881e-05
2.3578e-05
1.25377e-05
3.40464e-06
3.39046e-06
1.27751e-05
2.34776e-05
4.84146e-05
8.35956e-05
0.000122796
0.000160418
0.000192148
0.000214914
0.000226767
0.000226767
0.000214915
0.00019215
0.00016042
0.000122798
8.35979e-05
4.84163e-05
2.34786e-05
1.27755e-05
3.39047e-06
3.37675e-06
1.28356e-05
2.33931e-05
4.77721e-05
8.23504e-05
0.000120983
0.000158149
0.000189561
0.000212134
0.0002239
0.0002239
0.000212136
0.000189563
0.000158151
0.000120985
8.23525e-05
4.77734e-05
2.3393e-05
1.28347e-05
3.37675e-06
3.36352e-06
1.28945e-05
2.33186e-05
4.71583e-05
8.11587e-05
0.000119235
0.000155949
0.000187038
0.000209414
0.000221088
0.000221088
0.000209416
0.00018704
0.000155952
0.000119238
8.11615e-05
4.71601e-05
2.33192e-05
1.28946e-05
3.36354e-06
3.35076e-06
1.29574e-05
2.32501e-05
4.65715e-05
8.00192e-05
0.000117554
0.000153818
0.000184582
0.000206755
0.000218333
0.000218333
0.000206757
0.000184585
0.000153822
0.000117558
8.00225e-05
4.65735e-05
2.32507e-05
1.29575e-05
3.35078e-06
3.33842e-06
1.30229e-05
2.31776e-05
4.60022e-05
7.89243e-05
0.000115933
0.000151754
0.000182191
0.000204157
0.000215636
0.000215637
0.000204159
0.000182195
0.000151759
0.000115938
7.89284e-05
4.60048e-05
2.31782e-05
1.30224e-05
3.33844e-06
3.32649e-06
1.30905e-05
2.31015e-05
4.54504e-05
7.78711e-05
0.00011437
0.000149754
0.000179863
0.000201618
0.000212996
0.000212997
0.000201621
0.000179868
0.000149759
0.000114376
7.78767e-05
4.54547e-05
2.31033e-05
1.30901e-05
3.32652e-06
3.31498e-06
1.31597e-05
2.30221e-05
4.49174e-05
7.68586e-05
0.000112861
0.000147814
0.000177595
0.000199136
0.000210409
0.000210411
0.000199139
0.000177599
0.000147819
0.000112867
7.68642e-05
4.4921e-05
2.30226e-05
1.3159e-05
3.31503e-06
3.30393e-06
1.32328e-05
2.29366e-05
4.43981e-05
7.58812e-05
0.000111403
0.000145929
0.000175382
0.000196706
0.000207873
0.000207874
0.000196709
0.000175387
0.000145935
0.000111409
7.58866e-05
4.44009e-05
2.29368e-05
1.32322e-05
3.30399e-06
3.29333e-06
1.33097e-05
2.28463e-05
4.38907e-05
7.49356e-05
0.000109991
0.000144099
0.000173224
0.000194328
0.000205387
0.000205388
0.000194332
0.00017323
0.000144107
0.00011
7.49434e-05
4.38958e-05
2.2848e-05
1.33093e-05
3.2934e-06
3.28317e-06
1.33874e-05
2.27576e-05
4.34042e-05
7.40281e-05
0.000108632
0.000142327
0.000171124
0.000192007
0.000202955
0.000202956
0.000192012
0.000171132
0.000142337
0.000108643
7.40384e-05
4.34115e-05
2.27601e-05
1.33865e-05
3.28327e-06
3.27348e-06
1.3465e-05
2.26721e-05
4.29421e-05
7.31628e-05
0.000107328
0.000140617
0.000169088
0.000189747
0.000200582
0.000200584
0.000189752
0.000169097
0.000140628
0.00010734
7.31733e-05
4.29489e-05
2.26736e-05
1.34639e-05
3.27361e-06
3.26429e-06
1.35439e-05
2.25848e-05
4.24968e-05
7.23339e-05
0.000106076
0.000138969
0.000167116
0.00018755
0.000198272
0.000198274
0.000187557
0.000167126
0.000138981
0.000106089
7.23447e-05
4.25033e-05
2.25859e-05
1.35429e-05
3.26444e-06
3.2556e-06
1.36228e-05
2.24938e-05
4.20636e-05
7.15356e-05
0.000104872
0.000137379
0.000165205
0.000185414
0.000196021
0.000196023
0.000185421
0.000165216
0.000137392
0.000104887
7.15489e-05
4.20726e-05
2.24965e-05
1.36217e-05
3.25579e-06
3.2474e-06
1.36979e-05
2.2404e-05
4.16481e-05
7.07693e-05
0.000103713
0.00013584
0.000163347
0.00018333
0.000193821
0.000193824
0.000183338
0.000163359
0.000135855
0.00010373
7.07847e-05
4.16585e-05
2.24069e-05
1.36963e-05
3.24763e-06
3.23969e-06
1.37684e-05
2.23155e-05
4.12523e-05
7.00367e-05
0.000102597
0.000134349
0.000161537
0.000181292
0.000191665
0.000191667
0.0001813
0.00016155
0.000134365
0.000102614
7.00519e-05
4.12618e-05
2.23172e-05
1.3767e-05
3.23997e-06
3.23243e-06
1.38388e-05
2.22249e-05
4.08721e-05
6.93366e-05
0.000101527
0.000132909
0.000159778
0.000179302
0.000189554
0.000189557
0.00017931
0.00015979
0.000132924
0.000101543
6.93511e-05
4.08812e-05
2.22271e-05
1.38381e-05
3.23278e-06
3.22558e-06
1.39124e-05
2.21338e-05
4.05061e-05
6.86698e-05
0.000100506
0.000131526
0.000158078
0.000177371
0.000187502
0.000187504
0.000177378
0.00015809
0.000131541
0.000100522
6.86844e-05
4.05162e-05
2.21365e-05
1.39108e-05
3.22598e-06
3.21903e-06
1.39848e-05
2.20439e-05
4.01577e-05
6.80401e-05
9.95401e-05
0.000130209
0.000156449
0.000175511
0.000185519
0.000185521
0.000175517
0.000156459
0.000130223
9.95554e-05
6.80552e-05
4.01693e-05
2.20474e-05
1.39816e-05
3.21949e-06
3.21271e-06
1.40474e-05
2.19565e-05
3.98323e-05
6.74512e-05
9.86307e-05
0.000128959
0.000154891
0.000173722
0.000183608
0.00018361
0.000173728
0.0001549
0.000128971
9.86453e-05
6.74662e-05
3.98446e-05
2.1961e-05
1.40446e-05
3.21325e-06
3.20654e-06
1.40965e-05
2.1869e-05
3.95272e-05
6.68988e-05
9.77708e-05
0.000127766
0.000153394
0.000171997
0.000181761
0.000181763
0.000172003
0.000153403
0.000127778
9.77841e-05
6.69119e-05
3.95373e-05
2.18721e-05
1.40952e-05
3.20719e-06
3.20051e-06
1.41355e-05
2.17647e-05
3.92244e-05
6.63695e-05
9.69501e-05
0.000126623
0.000151951
0.000170326
0.000179967
0.000179968
0.00017033
0.000151958
0.000126633
9.69615e-05
6.63808e-05
3.9234e-05
2.17704e-05
1.41354e-05
3.20131e-06
3.19454e-06
1.41741e-05
2.16444e-05
3.89156e-05
6.58582e-05
9.61683e-05
0.000125531
0.000150565
0.000168713
0.000178229
0.000178229
0.000168712
0.000150566
0.000125534
9.61731e-05
6.58649e-05
3.89234e-05
2.16487e-05
1.41725e-05
3.19548e-06
3.18849e-06
1.42133e-05
2.15037e-05
3.86043e-05
6.53757e-05
9.54429e-05
0.000124514
0.000149264
0.000167187
0.000176577
0.000176573
0.000167174
0.000149246
0.000124497
9.54295e-05
6.53709e-05
3.86117e-05
2.15154e-05
1.4212e-05
3.18959e-06
3.18227e-06
1.42527e-05
2.13731e-05
3.83211e-05
6.49498e-05
9.48042e-05
0.000123607
0.000148088
0.000165796
0.000175063
0.000175053
0.000165763
0.000148041
0.000123554
9.4755e-05
6.49168e-05
3.83145e-05
2.13833e-05
1.42505e-05
3.18338e-06
3.17574e-06
1.42807e-05
2.12612e-05
3.80867e-05
6.46033e-05
9.42798e-05
0.000122847
0.000147085
0.000164595
0.000173747
0.000173729
0.000164537
0.000147
0.000122747
9.41814e-05
6.45272e-05
3.805e-05
2.12626e-05
1.42803e-05
3.17674e-06
3.16888e-06
1.42966e-05
2.1179e-05
3.79087e-05
6.43487e-05
9.38881e-05
0.000122259
0.000146288
0.000163621
0.000172668
0.000172642
0.000163538
0.000146164
0.000122113
9.37396e-05
6.42268e-05
3.78354e-05
2.11611e-05
1.42966e-05
3.1696e-06
3.1615e-06
1.43011e-05
2.11079e-05
3.77803e-05
6.41863e-05
9.3631e-05
0.000121844
0.000145686
0.000162856
0.000171802
0.00017177
0.00016275
0.000145529
0.000121658
9.34418e-05
6.40283e-05
3.76837e-05
2.10801e-05
1.42994e-05
3.16204e-06
3.15373e-06
1.43026e-05
2.10507e-05
3.77001e-05
6.41023e-05
9.3484e-05
0.000121548
0.000145195
0.000162185
0.000171021
0.000170984
0.000162061
0.00014501
0.000121329
9.32615e-05
6.39158e-05
3.75819e-05
2.10025e-05
1.42949e-05
3.15406e-06
3.14553e-06
1.43037e-05
2.0999e-05
3.76557e-05
6.40601e-05
9.33746e-05
0.000121246
0.000144649
0.000161422
0.000170129
0.000170086
0.00016128
0.000144436
0.000120994
9.31186e-05
6.38494e-05
3.75109e-05
2.09322e-05
1.42921e-05
3.14582e-06
3.1371e-06
1.43169e-05
2.09525e-05
3.761e-05
6.40123e-05
9.32101e-05
0.000120845
0.000143976
0.000160516
0.000169082
0.000169032
0.000160348
0.000143726
0.000120549
9.29106e-05
6.37691e-05
3.74436e-05
2.08821e-05
1.43062e-05
3.13742e-06
3.12825e-06
1.43544e-05
2.09311e-05
3.75459e-05
6.39524e-05
9.29901e-05
0.000120404
0.000143293
0.000159628
0.000168068
0.000168005
0.000159416
0.000142981
0.000120037
9.26174e-05
6.36397e-05
3.73336e-05
2.08405e-05
1.43436e-05
3.12888e-06
3.11913e-06
1.44158e-05
2.09274e-05
3.74959e-05
6.38998e-05
9.291e-05
0.000120225
0.000142955
0.000159122
0.000167443
0.000167361
0.000158848
0.000142549
0.000119747
9.24257e-05
6.34829e-05
3.72201e-05
2.08164e-05
1.44073e-05
3.12049e-06
3.1092e-06
1.44955e-05
2.09417e-05
3.75287e-05
6.39926e-05
9.29856e-05
0.000120129
0.000142615
0.000158558
0.000166731
0.000166629
0.000158215
0.000142107
0.000119529
9.23788e-05
6.34871e-05
3.71973e-05
2.08096e-05
1.44858e-05
3.11211e-06
3.0983e-06
1.45759e-05
2.09642e-05
3.75624e-05
6.40789e-05
9.29991e-05
0.000119943
0.000142187
0.000157916
0.000165949
0.000165826
0.000157499
0.000141569
0.000119211
9.22553e-05
6.34628e-05
3.7177e-05
2.08269e-05
1.45579e-05
3.10367e-06
3.08615e-06
1.46294e-05
2.09701e-05
3.76043e-05
6.4122e-05
9.29489e-05
0.000119715
0.000141755
0.000157306
0.000165214
0.000165064
0.000156799
0.000141007
0.000118834
9.20591e-05
6.33798e-05
3.7123e-05
2.08226e-05
1.46022e-05
3.09432e-06
3.07233e-06
1.46359e-05
2.09421e-05
3.7579e-05
6.41001e-05
9.28843e-05
0.000119532
0.000141425
0.000156837
0.00016463
0.000164437
0.000156186
0.000140466
0.000118412
9.17677e-05
6.31974e-05
3.70155e-05
2.08021e-05
1.46044e-05
3.08442e-06
3.057e-06
1.46046e-05
2.08941e-05
3.75208e-05
6.41138e-05
9.29145e-05
0.000119492
0.00014128
0.00015658
0.000164253
0.000163989
0.000155693
0.000139968
0.000117949
9.13675e-05
6.28816e-05
3.68041e-05
2.06998e-05
1.456e-05
3.07311e-06
3.04026e-06
1.45656e-05
2.08279e-05
3.7508e-05
6.41459e-05
9.3016e-05
0.000119578
0.000141304
0.000156516
0.000164066
0.000163723
0.000155348
0.000139559
0.000117504
9.09221e-05
6.24828e-05
3.65075e-05
2.05457e-05
1.4476e-05
3.06096e-06
3.02071e-06
1.45118e-05
2.07384e-05
3.74717e-05
6.41787e-05
9.30707e-05
0.000119638
0.000141346
0.00015652
0.000164011
0.000163628
0.000155198
0.000139341
0.000117205
9.0543e-05
6.20541e-05
3.61138e-05
2.03116e-05
1.43638e-05
3.04731e-06
2.99726e-06
1.44047e-05
2.05549e-05
3.735e-05
6.41611e-05
9.31122e-05
0.000119675
0.000141364
0.000156494
0.000163884
0.00016342
0.000154902
0.000138985
0.000116822
9.00977e-05
6.15091e-05
3.55758e-05
1.99842e-05
1.41967e-05
3.03299e-06
2.97368e-06
1.41383e-05
2.00713e-05
3.69539e-05
6.38539e-05
9.29013e-05
0.000119504
0.000141227
0.000156345
0.000163592
0.000162951
0.00015418
0.000138033
0.00011575
8.90618e-05
6.05452e-05
3.4688e-05
1.93432e-05
1.38778e-05
3.01849e-06
2.94759e-06
1.35789e-05
1.8758e-05
3.55523e-05
6.25368e-05
9.18072e-05
0.000118535
0.000140589
0.000140586
0.000135571
0.000162104
0.000152619
0.000135749
0.000113011
8.62841e-05
5.81423e-05
3.27069e-05
1.79973e-05
1.326e-05
3.00581e-06
2.91782e-06
1.30642e-05
1.71188e-05
3.31214e-05
5.98123e-05
8.9049e-05
9.19125e-05
8.03396e-05
0.000103363
0.000166084
0.000164274
0.000152948
0.000134023
0.000109477
8.18025e-05
5.37701e-05
2.95665e-05
1.6073e-05
1.26358e-05
2.99766e-06
2.89102e-06
1.25365e-05
1.55356e-05
3.07163e-05
5.72988e-05
7.62336e-05
8.25627e-05
9.98936e-05
0.000111282
9.53166e-05
8.69753e-05
0.000115485
0.000133316
0.000106937
7.7901e-05
4.96126e-05
2.64435e-05
1.43144e-05
1.21207e-05
2.99503e-06
2.86016e-06
1.21595e-05
1.40816e-05
2.88351e-05
5.45745e-05
5.94988e-05
5.61184e-05
5.43497e-05
5.6619e-05
6.97524e-05
0.000106883
0.000139622
0.000120366
0.000103151
7.34907e-05
4.57579e-05
2.33863e-05
1.28635e-05
1.16438e-05
2.99794e-06
2.82182e-06
1.1731e-05
1.28233e-05
2.69842e-05
4.43406e-05
4.18523e-05
4.10173e-05
4.25463e-05
4.84464e-05
5.858e-05
6.75822e-05
7.16516e-05
7.5988e-05
7.73679e-05
6.73873e-05
4.09555e-05
2.05109e-05
1.15405e-05
1.12341e-05
3.00832e-06
2.77811e-06
1.1444e-05
1.1918e-05
2.58184e-05
3.05233e-05
2.96424e-05
2.96304e-05
3.07188e-05
3.38549e-05
3.91606e-05
4.58296e-05
5.27442e-05
5.66597e-05
5.34019e-05
4.45946e-05
3.22522e-05
1.78466e-05
1.05398e-05
1.10001e-05
3.02745e-06
2.71861e-06
1.11581e-05
1.13758e-05
2.35238e-05
2.11174e-05
2.11322e-05
2.15066e-05
2.24288e-05
2.46441e-05
2.81638e-05
3.25059e-05
3.61004e-05
3.7023e-05
3.46684e-05
2.94365e-05
2.21133e-05
1.37818e-05
1.00206e-05
1.08509e-05
3.05654e-06
2.65903e-06
1.08962e-05
1.11145e-05
1.49808e-05
1.43879e-05
1.50692e-05
1.57046e-05
1.65406e-05
1.80679e-05
2.02504e-05
2.27382e-05
2.46558e-05
2.5012e-05
2.34221e-05
1.99349e-05
1.54602e-05
1.07615e-05
9.52857e-06
1.0719e-05
3.09615e-06
2.55508e-06
1.04582e-05
1.12222e-05
9.76663e-06
1.01798e-05
1.10004e-05
1.16361e-05
1.23345e-05
1.33812e-05
1.47663e-05
1.62822e-05
1.73122e-05
1.73919e-05
1.61997e-05
1.3796e-05
1.10978e-05
8.82068e-06
8.97683e-06
1.06363e-05
3.1513e-06
2.42984e-06
9.78668e-06
7.7417e-06
6.67483e-06
7.44774e-06
8.16973e-06
8.67512e-06
9.26354e-06
9.95679e-06
1.08839e-05
1.18547e-05
1.24899e-05
1.24291e-05
1.15018e-05
9.99465e-06
8.43462e-06
7.4348e-06
8.77033e-06
1.05482e-05
3.2213e-06
2.22215e-06
7.74681e-06
4.90566e-06
4.65934e-06
5.49519e-06
6.08227e-06
6.51769e-06
6.95276e-06
7.45222e-06
8.14078e-06
8.80329e-06
9.23099e-06
9.1473e-06
8.44665e-06
7.63591e-06
6.7187e-06
6.66222e-06
9.08646e-06
1.04056e-05
3.31572e-06
1.95204e-06
4.75885e-06
3.14602e-06
3.32442e-06
4.08745e-06
4.54432e-06
4.94147e-06
5.27048e-06
5.74113e-06
6.29487e-06
6.78155e-06
7.08629e-06
6.97417e-06
6.55972e-06
6.06814e-06
5.67085e-06
6.67264e-06
9.6572e-06
1.00972e-05
3.42874e-06
1.57257e-06
2.10565e-06
1.99907e-06
2.45045e-06
3.00908e-06
3.4337e-06
3.81695e-06
4.14063e-06
4.58057e-06
5.05569e-06
5.46075e-06
5.71582e-06
5.59647e-06
5.40335e-06
5.16018e-06
5.47713e-06
7.41339e-06
1.06856e-05
9.72094e-06
3.57103e-06
1.3294e-06
1.02425e-06
1.33441e-06
1.92211e-06
2.44928e-06
2.9184e-06
3.17399e-06
3.51436e-06
3.90368e-06
4.27902e-06
4.55604e-06
4.67343e-06
4.62095e-06
4.59992e-06
4.97861e-06
6.62888e-06
9.46707e-06
1.12525e-05
9.22008e-06
3.69722e-06
1.41161e-06
1.11227e-06
1.42208e-06
2.00387e-06
2.55349e-06
2.9802e-06
3.37381e-06
3.7269e-06
4.08198e-06
4.38753e-06
4.61972e-06
4.71306e-06
4.73375e-06
4.74451e-06
5.17132e-06
6.928e-06
1.00014e-05
1.19783e-05
9.75516e-06
3.88178e-06
1.67077e-06
2.37236e-06
2.21896e-06
2.62188e-06
3.18292e-06
3.64343e-06
4.05313e-06
4.45268e-06
4.85909e-06
5.23286e-06
5.54511e-06
5.72777e-06
5.69279e-06
5.60566e-06
5.42735e-06
5.79642e-06
7.84801e-06
1.14359e-05
1.03116e-05
3.74512e-06
2.05411e-06
5.20726e-06
3.53903e-06
3.73354e-06
4.41008e-06
4.91124e-06
5.36765e-06
5.81684e-06
6.24281e-06
6.61564e-06
6.92503e-06
7.11244e-06
6.99275e-06
6.75561e-06
6.3943e-06
6.10503e-06
7.09496e-06
1.02553e-05
1.07268e-05
3.59216e-06
2.33063e-06
8.37087e-06
5.50666e-06
5.3391e-06
6.11832e-06
6.78103e-06
7.35584e-06
7.92363e-06
8.42953e-06
8.86381e-06
9.18881e-06
9.34685e-06
9.18917e-06
8.64902e-06
8.00948e-06
7.30711e-06
7.31457e-06
9.74465e-06
1.10882e-05
3.47153e-06
2.53578e-06
1.0503e-05
8.73536e-06
7.71901e-06
8.4681e-06
9.36568e-06
1.00571e-05
1.06965e-05
1.13576e-05
1.19287e-05
1.23364e-05
1.2505e-05
1.23283e-05
1.16647e-05
1.05818e-05
9.1474e-06
8.30257e-06
9.48423e-06
1.12087e-05
3.37058e-06
2.66215e-06
1.11453e-05
1.30735e-05
1.16397e-05
1.19018e-05
1.28609e-05
1.37715e-05
1.45772e-05
1.53875e-05
1.61175e-05
1.66333e-05
1.68422e-05
1.66836e-05
1.5959e-05
1.43943e-05
1.218e-05
9.90197e-06
9.86257e-06
1.13167e-05
3.29668e-06
2.77507e-06
1.16041e-05
1.33054e-05
1.76874e-05
1.73287e-05
1.80467e-05
1.90137e-05
2.00062e-05
2.10445e-05
2.20458e-05
2.2796e-05
2.31379e-05
2.28868e-05
2.19099e-05
1.98593e-05
1.65104e-05
1.21306e-05
1.05908e-05
1.13589e-05
3.23773e-06
2.83141e-06
1.18048e-05
1.3444e-05
2.68489e-05
2.51335e-05
2.55893e-05
2.65344e-05
2.77092e-05
2.90271e-05
3.04175e-05
3.15036e-05
3.19911e-05
3.17122e-05
3.03996e-05
2.74648e-05
2.24123e-05
1.54985e-05
1.14376e-05
1.15024e-05
3.19575e-06
2.89235e-06
1.21313e-05
1.40595e-05
2.96939e-05
3.67444e-05
3.63282e-05
3.7169e-05
3.85343e-05
4.02057e-05
4.20734e-05
4.35377e-05
4.39952e-05
4.34597e-05
4.18763e-05
3.80239e-05
3.0393e-05
1.94066e-05
1.21485e-05
1.16905e-05
3.16276e-06
2.92772e-06
1.23593e-05
1.47606e-05
3.00641e-05
5.53553e-05
5.34153e-05
5.20829e-05
5.20121e-05
5.39445e-05
5.82379e-05
6.37328e-05
6.51341e-05
6.13251e-05
5.6495e-05
5.09381e-05
4.02112e-05
2.3285e-05
1.32788e-05
1.19058e-05
3.13967e-06
2.96599e-06
1.27876e-05
1.56521e-05
3.06778e-05
5.56073e-05
7.31722e-05
7.87853e-05
9.15584e-05
9.11095e-05
7.56721e-05
6.61107e-05
7.11752e-05
8.55244e-05
8.56461e-05
7.15285e-05
4.72952e-05
2.55293e-05
1.44417e-05
1.22514e-05
3.12367e-06
2.99274e-06
1.31333e-05
1.65499e-05
3.12314e-05
5.55655e-05
8.24139e-05
0.000101033
8.19616e-05
8.53957e-05
0.000134675
0.000144971
0.000135992
9.87476e-05
9.43098e-05
7.51043e-05
4.93294e-05
2.7389e-05
1.55526e-05
1.27542e-05
3.11458e-06
3.01924e-06
1.36712e-05
1.75687e-05
3.2107e-05
5.58301e-05
8.20046e-05
0.00010631
0.000126139
0.000139755
0.000125966
0.000117336
0.000136612
0.000121397
0.000100663
7.63545e-05
5.1121e-05
2.91438e-05
1.68168e-05
1.32767e-05
3.11052e-06
3.04165e-06
1.40844e-05
1.84004e-05
3.27245e-05
5.63558e-05
8.22528e-05
0.000106327
0.000126354
0.000140388
0.000147039
0.000146406
0.000138158
0.000123047
0.000102344
7.79582e-05
5.26971e-05
3.06066e-05
1.79271e-05
1.37948e-05
3.11011e-06
3.06043e-06
1.45984e-05
1.92431e-05
3.34961e-05
5.68789e-05
8.29212e-05
0.000107595
0.000128152
0.000142692
0.000149825
0.000149444
0.000141221
0.000125893
0.000104818
8.00108e-05
5.43144e-05
3.1889e-05
1.88354e-05
1.43226e-05
3.1124e-06
3.07537e-06
1.48324e-05
1.98295e-05
3.40534e-05
5.75913e-05
8.40435e-05
0.000109206
0.00013027
0.000145209
0.000152611
0.000152253
0.000143936
0.000128415
0.000107042
8.18556e-05
5.57392e-05
3.28852e-05
1.94728e-05
1.461e-05
3.11673e-06
3.08952e-06
1.49258e-05
2.01006e-05
3.43658e-05
5.80015e-05
8.47002e-05
0.0001102
0.000131604
0.000146874
0.000154558
0.000154316
0.000145974
0.000130262
0.000108568
8.29927e-05
5.65144e-05
3.3407e-05
1.98076e-05
1.47635e-05
3.12118e-06
3.10038e-06
1.49664e-05
2.02237e-05
3.44408e-05
5.80906e-05
8.49039e-05
0.000110616
0.000132298
0.000147805
0.000155654
0.000155433
0.000147024
0.000131181
0.000109316
8.35588e-05
5.69358e-05
3.37328e-05
2.0033e-05
1.4875e-05
3.12559e-06
3.10869e-06
1.49936e-05
2.02992e-05
3.44633e-05
5.80733e-05
8.49339e-05
0.0001108
0.000132646
0.000148271
0.000156208
0.000156025
0.000147614
0.000131717
0.000109762
8.39044e-05
5.72044e-05
3.395e-05
2.01803e-05
1.49571e-05
3.12976e-06
3.11609e-06
1.50198e-05
2.03658e-05
3.45122e-05
5.80605e-05
8.49655e-05
0.000110945
0.00013288
0.000148595
0.00015666
0.000156527
0.000148111
0.000132158
0.000110116
8.41735e-05
5.74179e-05
3.41331e-05
2.03146e-05
1.50083e-05
3.13384e-06
3.12334e-06
1.50328e-05
2.04659e-05
3.46099e-05
5.81607e-05
8.51102e-05
0.000111166
0.000133212
0.000149093
0.000157298
0.000157207
0.000148757
0.000132709
0.000110543
8.44874e-05
5.76597e-05
3.43312e-05
2.04365e-05
1.50307e-05
3.13741e-06
3.13021e-06
1.50196e-05
2.05835e-05
3.4752e-05
5.83564e-05
8.53815e-05
0.000111569
0.000133842
0.000149923
0.000158265
0.000158199
0.000149681
0.000133491
0.000111147
8.49261e-05
5.79846e-05
3.45814e-05
2.05827e-05
1.5029e-05
3.14103e-06
3.13689e-06
1.49868e-05
2.07348e-05
3.49945e-05
5.86478e-05
8.58115e-05
0.000112253
0.000134785
0.000151075
0.00015955
0.000159498
0.000150889
0.000134521
0.000111953
8.55142e-05
5.84068e-05
3.48825e-05
2.07381e-05
1.5009e-05
3.14422e-06
3.14253e-06
1.49464e-05
2.09088e-05
3.53223e-05
5.90874e-05
8.64506e-05
0.000113156
0.000135945
0.000152444
0.000161048
0.000161005
0.000152294
0.000135732
0.000112916
8.6226e-05
5.89092e-05
3.52218e-05
2.0905e-05
1.49781e-05
3.14752e-06
3.14719e-06
1.49122e-05
2.10779e-05
3.56603e-05
5.96127e-05
8.72031e-05
0.000114161
0.0001372
0.000153902
0.00016263
0.000162595
0.000153782
0.000137027
0.000113959
8.70043e-05
5.94523e-05
3.55704e-05
2.106e-05
1.49417e-05
3.15061e-06
3.15138e-06
1.4885e-05
2.1207e-05
3.59706e-05
6.01234e-05
8.79516e-05
0.000115169
0.000138456
0.000155355
0.0001642
0.000164171
0.000155262
0.00013832
0.000115008
8.77905e-05
5.99958e-05
3.59099e-05
2.12007e-05
1.4905e-05
3.15402e-06
3.15585e-06
1.48544e-05
2.13198e-05
3.62597e-05
6.06029e-05
8.86663e-05
0.000116144
0.000139676
0.000156766
0.000165721
0.000165699
0.000156696
0.000139574
0.000116025
8.85509e-05
6.05134e-05
3.62135e-05
2.13112e-05
1.48664e-05
3.1575e-06
3.1601e-06
1.48181e-05
2.1406e-05
3.65135e-05
6.10712e-05
8.93721e-05
0.000117105
0.000140877
0.000158152
0.000167213
0.000167196
0.0001581
0.000140801
0.000117018
8.92882e-05
6.1005e-05
3.64755e-05
2.13984e-05
1.48258e-05
3.16128e-06
3.1645e-06
1.47741e-05
2.1468e-05
3.67585e-05
6.15469e-05
9.00989e-05
0.000118092
0.000142103
0.000159562
0.000168727
0.000168713
0.000159522
0.000142044
0.000118024
9.00312e-05
6.14928e-05
3.67298e-05
2.14662e-05
1.47805e-05
3.16534e-06
3.16905e-06
1.47207e-05
2.15256e-05
3.70222e-05
6.20523e-05
9.08727e-05
0.000119139
0.000143397
0.000161044
0.000170312
0.0001703
0.000161011
0.000143348
0.000119082
9.08153e-05
6.20065e-05
3.69979e-05
2.15187e-05
1.47237e-05
3.16952e-06
3.17362e-06
1.4655e-05
2.15791e-05
3.73101e-05
6.26044e-05
9.17107e-05
0.000120265
0.00014478
0.00016262
0.000171992
0.000171982
0.000162592
0.000144738
0.000120216
9.16626e-05
6.25665e-05
3.72903e-05
2.15763e-05
1.46578e-05
3.17397e-06
3.17829e-06
1.4577e-05
2.16382e-05
3.7624e-05
6.32048e-05
9.26128e-05
0.000121467
0.000146246
0.000164284
0.000173761
0.000173753
0.00016426
0.000146211
0.000121426
9.25722e-05
6.3172e-05
3.76053e-05
2.16344e-05
1.45794e-05
3.17851e-06
3.18314e-06
1.44941e-05
2.17079e-05
3.79608e-05
6.38403e-05
9.35612e-05
0.000122723
0.000147771
0.000166009
0.000175593
0.000175587
0.00016599
0.000147743
0.000122689
9.35275e-05
6.38127e-05
3.79449e-05
2.17039e-05
1.44958e-05
3.18326e-06
3.18821e-06
1.4412e-05
2.17827e-05
3.83059e-05
6.44927e-05
9.45337e-05
0.000124008
0.000149329
0.000167767
0.000177458
0.000177453
0.000167752
0.000149306
0.000123981
9.45064e-05
6.44704e-05
3.82934e-05
2.17801e-05
1.44137e-05
3.18829e-06
3.19368e-06
1.43344e-05
2.18559e-05
3.86521e-05
6.5151e-05
9.55175e-05
0.000125308
0.000150903
0.000169541
0.000179339
0.000179334
0.000169529
0.000150884
0.000125286
9.54954e-05
6.51327e-05
3.86412e-05
2.18524e-05
1.43348e-05
3.19371e-06
3.19962e-06
1.42596e-05
2.19224e-05
3.89963e-05
6.58151e-05
9.65143e-05
0.000126626
0.000152496
0.000171335
0.000181238
0.000181234
0.000171325
0.000152481
0.000126608
9.64962e-05
6.58004e-05
3.89883e-05
2.19211e-05
1.42602e-05
3.19961e-06
3.206e-06
1.41822e-05
2.19827e-05
3.93465e-05
6.64954e-05
9.75364e-05
0.000127975
0.000154123
0.000173164
0.000183172
0.000183169
0.000173155
0.00015411
0.000127959
9.75206e-05
6.64823e-05
3.93388e-05
2.19808e-05
1.41827e-05
3.20599e-06
3.21282e-06
1.40981e-05
2.2044e-05
3.9713e-05
6.72044e-05
9.85972e-05
0.00012937
0.000155801
0.000175045
0.00018516
0.000185157
0.000175038
0.00015579
0.000129356
9.85833e-05
6.71927e-05
3.9706e-05
2.20421e-05
1.40984e-05
3.2128e-06
3.22001e-06
1.40073e-05
2.21131e-05
4.01083e-05
6.79477e-05
9.97027e-05
0.000130818
0.000157538
0.000176988
0.00018721
0.000187208
0.000176982
0.000157528
0.000130807
9.96909e-05
6.79377e-05
4.01021e-05
2.21118e-05
1.40082e-05
3.21999e-06
3.22756e-06
1.39145e-05
2.21932e-05
4.05254e-05
6.87226e-05
0.000100851
0.000132318
0.000159331
0.00017899
0.000189319
0.000189317
0.000178985
0.000159323
0.000132308
0.000100841
6.87143e-05
4.05202e-05
2.21913e-05
1.39147e-05
3.22755e-06
3.23552e-06
1.38247e-05
2.22817e-05
4.09526e-05
6.95217e-05
0.000102034
0.000133861
0.000161172
0.000181041
0.000191478
0.000191477
0.000181037
0.000161165
0.000133853
0.000102027
6.95152e-05
4.0949e-05
2.22808e-05
1.3825e-05
3.2355e-06
3.24392e-06
1.37402e-05
2.23746e-05
4.13977e-05
7.03408e-05
0.000103248
0.00013544
0.000163052
0.000183132
0.000193677
0.000193676
0.000183129
0.000163047
0.000135434
0.000103242
7.03352e-05
4.13941e-05
2.23734e-05
1.37402e-05
3.2439e-06
3.25278e-06
1.36588e-05
2.2465e-05
4.18491e-05
7.11764e-05
0.000104489
0.000137054
0.00016497
0.000185261
0.000195914
0.000195913
0.000185258
0.000164966
0.000137049
0.000104483
7.11717e-05
4.18463e-05
2.24643e-05
1.36591e-05
3.25277e-06
3.26207e-06
1.35761e-05
2.25511e-05
4.23066e-05
7.20311e-05
0.000105761
0.000138706
0.00016693
0.000187433
0.000198193
0.000198192
0.000187431
0.000166926
0.000138702
0.000105756
7.20271e-05
4.23039e-05
2.25501e-05
1.35763e-05
3.26206e-06
3.27177e-06
1.34907e-05
2.26381e-05
4.27813e-05
7.29132e-05
0.000107071
0.000140405
0.00016894
0.000189656
0.000200523
0.000200522
0.000189653
0.000168936
0.000140401
0.000107067
7.29099e-05
4.27793e-05
2.26376e-05
1.34909e-05
3.27176e-06
3.28184e-06
1.34049e-05
2.2729e-05
4.32739e-05
7.38261e-05
0.000108424
0.000142155
0.000171005
0.000191934
0.000202908
0.000202907
0.000191932
0.000171002
0.000142152
0.000108421
7.38231e-05
4.32719e-05
2.27283e-05
1.3405e-05
3.28184e-06
3.29231e-06
1.33223e-05
2.28231e-05
4.37844e-05
7.47711e-05
0.000109822
0.000143959
0.000173127
0.000194269
0.000205349
0.000205348
0.000194268
0.000173125
0.000143957
0.000109819
7.47687e-05
4.37828e-05
2.28225e-05
1.33225e-05
3.29231e-06
3.30318e-06
1.32441e-05
2.29164e-05
4.43091e-05
7.57461e-05
0.000111265
0.000145816
0.000175304
0.000196658
0.000207843
0.000207842
0.000196657
0.000175302
0.000145814
0.000111263
7.57445e-05
4.4308e-05
2.2916e-05
1.32441e-05
3.30318e-06
3.31445e-06
1.31695e-05
2.30052e-05
4.48456e-05
7.67509e-05
0.000112752
0.000147724
0.000177534
0.000199099
0.000210387
0.000210387
0.000199099
0.000177532
0.000147723
0.00011275
7.67496e-05
4.48448e-05
2.3005e-05
1.31696e-05
3.31444e-06
3.3261e-06
1.30983e-05
2.30887e-05
4.53935e-05
7.7786e-05
0.000114284
0.000149685
0.000179817
0.000201592
0.000212981
0.000212981
0.000201591
0.000179816
0.000149683
0.000114282
7.77846e-05
4.53926e-05
2.30883e-05
1.30983e-05
3.3261e-06
3.33812e-06
1.30291e-05
2.31657e-05
4.59548e-05
7.88558e-05
0.000115865
0.000151701
0.000182156
0.000204138
0.000215626
0.000215626
0.000204137
0.000182155
0.000151699
0.000115864
7.88545e-05
4.59539e-05
2.31654e-05
1.30292e-05
3.33812e-06
3.35053e-06
1.29624e-05
2.32402e-05
4.65337e-05
7.99655e-05
0.000117501
0.000153777
0.000184555
0.000206741
0.000218326
0.000218325
0.00020674
0.000184554
0.000153776
0.0001175
7.99645e-05
4.65329e-05
2.32398e-05
1.29624e-05
3.35053e-06
3.36335e-06
1.28976e-05
2.33123e-05
4.71307e-05
8.11176e-05
0.000119194
0.000155916
0.000187016
0.000209402
0.000221081
0.000221081
0.000209402
0.000187016
0.000155915
0.000119193
8.1117e-05
4.71303e-05
2.33121e-05
1.28976e-05
3.36335e-06
3.3766e-06
1.2838e-05
2.33882e-05
4.77495e-05
8.23164e-05
0.000120948
0.000158121
0.000189542
0.000212124
0.000223894
0.000223894
0.000212124
0.000189542
0.000158121
0.000120947
8.2316e-05
4.77493e-05
2.33882e-05
1.28381e-05
3.37661e-06
3.39034e-06
1.27809e-05
2.34735e-05
4.8395e-05
8.35672e-05
0.000122767
0.000160395
0.000192134
0.000214906
0.000226762
0.000226762
0.000214906
0.000192133
0.000160395
0.000122767
8.35668e-05
4.83946e-05
2.34733e-05
1.27809e-05
3.39034e-06
3.40452e-06
1.2543e-05
2.35751e-05
4.90724e-05
8.48733e-05
0.000124654
0.00016274
0.000194791
0.000217747
0.000229685
0.000229685
0.000217747
0.000194791
0.000162739
0.000124654
8.4873e-05
4.90722e-05
2.3575e-05
1.25429e-05
3.40452e-06
3.41845e-06
1.23296e-05
2.36938e-05
4.97831e-05
8.62353e-05
0.000126609
0.000165154
0.000197514
0.000220646
0.000232661
0.000232661
0.000220646
0.000197514
0.000165154
0.000126609
8.62353e-05
4.97831e-05
2.36938e-05
1.23296e-05
3.41845e-06
3.43261e-06
1.21227e-05
2.38425e-05
5.05355e-05
8.76579e-05
0.000128635
0.000167643
0.000200305
0.000223605
0.000235691
0.000235691
0.000223605
0.000200305
0.000167643
0.000128636
8.76579e-05
5.05356e-05
2.38425e-05
1.21227e-05
3.43261e-06
3.44645e-06
1.19446e-05
2.40099e-05
5.13299e-05
8.91455e-05
0.000130739
0.00017021
0.000203167
0.000226626
0.000238776
0.000238776
0.000226626
0.000203167
0.00017021
0.00013074
8.91457e-05
5.133e-05
2.401e-05
1.19445e-05
3.44645e-06
3.4602e-06
1.1773e-05
2.42107e-05
5.21774e-05
9.07067e-05
0.000132928
0.00017286
0.000206104
0.000229709
0.000241916
0.000241916
0.000229709
0.000206104
0.00017286
0.000132928
9.07069e-05
5.21775e-05
2.42108e-05
1.1773e-05
3.4602e-06
3.47344e-06
1.16331e-05
2.44478e-05
5.30756e-05
9.23427e-05
0.000135203
0.000175597
0.000209116
0.000232855
0.00024511
0.00024511
0.000232855
0.000209116
0.000175597
0.000135203
9.2343e-05
5.30757e-05
2.44478e-05
1.16331e-05
3.47344e-06
3.4863e-06
1.14992e-05
2.47132e-05
5.40305e-05
9.40566e-05
0.000137568
0.000178421
0.000212203
0.00023606
0.000248354
0.000248354
0.00023606
0.000212204
0.000178421
0.000137568
9.40568e-05
5.40307e-05
2.47133e-05
1.14991e-05
3.4863e-06
3.4984e-06
1.13895e-05
2.50139e-05
5.50417e-05
9.5852e-05
0.000140028
0.000181336
0.000215366
0.000239325
0.000251646
0.000251646
0.000239325
0.000215366
0.000181336
0.000140028
9.58522e-05
5.50418e-05
2.5014e-05
1.13896e-05
3.4984e-06
3.50976e-06
1.12916e-05
2.53455e-05
5.61155e-05
9.77351e-05
0.000142586
0.000184344
0.000218606
0.000242648
0.000254985
0.000254985
0.000242648
0.000218606
0.000184344
0.000142586
9.77352e-05
5.61155e-05
2.53454e-05
1.12916e-05
3.50976e-06
3.52008e-06
1.12176e-05
2.57189e-05
5.72571e-05
9.97123e-05
0.000145251
0.000187452
0.000221926
0.000246029
0.000258368
0.000258368
0.000246029
0.000221926
0.000187452
0.000145251
9.97123e-05
5.72571e-05
2.57188e-05
1.12175e-05
3.52008e-06
3.52921e-06
1.11566e-05
2.61272e-05
5.84716e-05
0.000101792
0.000148031
0.000190665
0.000225327
0.000249467
0.000261793
0.000261793
0.000249467
0.000225327
0.000190665
0.000148031
0.000101792
5.84716e-05
2.61273e-05
1.11567e-05
3.52921e-06
3.53691e-06
1.11174e-05
2.65794e-05
5.97628e-05
0.00010398
0.00015093
0.000193985
0.00022881
0.00025296
0.000265256
0.000265256
0.00025296
0.00022881
0.000193985
0.00015093
0.00010398
5.97626e-05
2.65793e-05
1.11174e-05
3.53691e-06
3.54298e-06
1.10911e-05
2.70722e-05
6.11375e-05
0.000106285
0.000153955
0.000197416
0.000232373
0.000256503
0.000268751
0.000268751
0.000256503
0.000232373
0.000197416
0.000153955
0.000106285
6.11374e-05
2.70721e-05
1.10911e-05
3.54298e-06
3.54714e-06
1.10881e-05
2.76135e-05
6.26005e-05
0.000108713
0.000157112
0.00020096
0.000236017
0.000260092
0.000272271
0.000272271
0.000260092
0.000236016
0.00020096
0.000157112
0.000108713
6.26003e-05
2.76135e-05
1.10881e-05
3.54714e-06
3.54912e-06
1.1098e-05
2.82011e-05
6.41601e-05
0.000111276
0.000160411
0.000204624
0.00023974
0.000263724
0.000275811
0.000275811
0.000263724
0.00023974
0.000204623
0.000160411
0.000111276
6.416e-05
2.82011e-05
1.1098e-05
3.54912e-06
3.54861e-06
1.11314e-05
2.8845e-05
6.58253e-05
0.000113982
0.00016386
0.000208411
0.000243545
0.000267395
0.000279366
0.000279366
0.000267395
0.000243545
0.000208411
0.00016386
0.000113982
6.58252e-05
2.88449e-05
1.11313e-05
3.54861e-06
3.54509e-06
1.11822e-05
2.95469e-05
6.7608e-05
0.000116848
0.00016747
0.000212328
0.000247429
0.000271099
0.000282927
0.000282927
0.000271099
0.000247429
0.000212328
0.00016747
0.000116848
6.76079e-05
2.95468e-05
1.11822e-05
3.54509e-06
3.53791e-06
1.12565e-05
3.03131e-05
6.9515e-05
0.000119881
0.000171249
0.000216376
0.000251389
0.000274829
0.000286483
0.000286483
0.000274829
0.000251389
0.000216376
0.000171249
0.000119881
6.95151e-05
3.03131e-05
1.12565e-05
3.53791e-06
3.52844e-06
1.13487e-05
3.11465e-05
7.15602e-05
0.000123097
0.000175208
0.000220558
0.000255422
0.000278575
0.000290023
0.000290023
0.000278575
0.000255422
0.000220558
0.000175208
0.000123097
7.15602e-05
3.11465e-05
1.13487e-05
3.52844e-06
3.51511e-06
1.14693e-05
3.20591e-05
7.37553e-05
0.000126509
0.000179354
0.000224879
0.000259523
0.000282328
0.000293535
0.000293535
0.000282328
0.000259523
0.000224879
0.000179354
0.000126509
7.37553e-05
3.20591e-05
1.14693e-05
3.51511e-06
3.49648e-06
1.16131e-05
3.30555e-05
7.61185e-05
0.000130137
0.000183705
0.000229343
0.00026369
0.000286081
0.000297009
0.000297009
0.000286081
0.00026369
0.000229343
0.000183705
0.000130137
7.61186e-05
3.30555e-05
1.1613e-05
3.49648e-06
3.47401e-06
1.17869e-05
3.41473e-05
7.86666e-05
0.000134
0.000188272
0.000233953
0.000267917
0.00028982
0.00030043
0.00030043
0.00028982
0.000267917
0.000233953
0.000188272
0.000134
7.86666e-05
3.41473e-05
1.17869e-05
3.47401e-06
3.44565e-06
1.1992e-05
3.53475e-05
8.14226e-05
0.00013812
0.000193069
0.000238712
0.000272196
0.000293533
0.000303781
0.000303781
0.000293533
0.000272196
0.000238712
0.000193069
0.00013812
8.14227e-05
3.53474e-05
1.19919e-05
3.44565e-06
3.41242e-06
1.22288e-05
3.66643e-05
8.44043e-05
0.000142515
0.000198105
0.000243617
0.000276516
0.000297203
0.000307044
0.000307044
0.000297203
0.000276516
0.000243617
0.000198105
0.000142515
8.44042e-05
3.66643e-05
1.22288e-05
3.41242e-06
3.37257e-06
1.25078e-05
3.81185e-05
8.76411e-05
0.000147214
0.000203395
0.000248668
0.000280866
0.000300813
0.000310202
0.000310202
0.000300813
0.000280866
0.000248668
0.000203395
0.000147214
8.76411e-05
3.81185e-05
1.25077e-05
3.37258e-06
3.32688e-06
1.28275e-05
3.97229e-05
9.1162e-05
0.000152244
0.000208956
0.000253866
0.000285235
0.000304349
0.000313236
0.000313236
0.000304349
0.000285235
0.000253866
0.000208956
0.000152244
9.11619e-05
3.97229e-05
1.28275e-05
3.32688e-06
3.27399e-06
1.32004e-05
4.15082e-05
9.50099e-05
0.000157644
0.000214805
0.000259208
0.000289609
0.000307792
0.00031613
0.00031613
0.000307792
0.000289609
0.000259208
0.000214805
0.000157644
9.50099e-05
4.15082e-05
1.32004e-05
3.27399e-06
3.21442e-06
1.36292e-05
4.34951e-05
9.92231e-05
0.000163446
0.000220954
0.000264686
0.000293968
0.000311118
0.00031886
0.00031886
0.000311118
0.000293968
0.000264686
0.000220954
0.000163446
9.92231e-05
4.34951e-05
1.36292e-05
3.21442e-06
3.14697e-06
1.41274e-05
4.57208e-05
0.000103851
0.000169686
0.000227411
0.000270285
0.000298288
0.000314305
0.000321406
0.000321406
0.000314305
0.000298288
0.000270285
0.000227411
0.000169686
0.000103851
4.57208e-05
1.41274e-05
3.14697e-06
3.07227e-06
1.47001e-05
4.82146e-05
0.000108945
0.000176403
0.000234185
0.000275989
0.000302542
0.000317328
0.00032375
0.00032375
0.000317328
0.000302542
0.000275989
0.000234185
0.000176403
0.000108945
4.82147e-05
1.47001e-05
3.07227e-06
2.98961e-06
1.53687e-05
5.10372e-05
0.000114583
0.000183654
0.00024129
0.000281781
0.000306706
0.000320169
0.000325878
0.000325878
0.000320169
0.000306706
0.000281781
0.000241291
0.000183654
0.000114583
5.10373e-05
1.53687e-05
2.98961e-06
2.89947e-06
1.61467e-05
5.42454e-05
0.000120851
0.000191495
0.000248733
0.000287635
0.000310748
0.000322803
0.000327776
0.000327776
0.000322803
0.000310748
0.000287635
0.000248733
0.000191495
0.000120851
5.42455e-05
1.61467e-05
2.89947e-06
2.80122e-06
1.70621e-05
5.79275e-05
0.000127854
0.000199982
0.000256506
0.000293509
0.000314626
0.000325207
0.000329433
0.000329433
0.000325207
0.000314626
0.00029351
0.000256506
0.000199983
0.000127854
5.79277e-05
1.70622e-05
2.80122e-06
2.69566e-06
1.81433e-05
6.21686e-05
0.000135694
0.000209157
0.000264578
0.000299346
0.000318293
0.000327355
0.000330843
0.000330843
0.000327355
0.000318293
0.000299346
0.000264578
0.000209157
0.000135694
6.21687e-05
1.81433e-05
2.69566e-06
2.58298e-06
1.9434e-05
6.71018e-05
0.000144518
0.000219076
0.000272918
0.00030508
0.000321703
0.000329232
0.000331992
0.000331992
0.000329232
0.000321703
0.00030508
0.000272918
0.000219076
0.000144518
6.71018e-05
1.9434e-05
2.58298e-06
2.46411e-06
2.09795e-05
7.28941e-05
0.000154508
0.000229802
0.000281478
0.00031064
0.000324812
0.000330836
0.000332879
0.000332879
0.000330836
0.000324812
0.00031064
0.000281478
0.000229802
0.000154508
7.28941e-05
2.09795e-05
2.46411e-06
2.33883e-06
2.28814e-05
7.98141e-05
0.000165912
0.000241395
0.00029018
0.000315929
0.000327568
0.000332164
0.000333602
0.000333602
0.000332164
0.000327568
0.000315929
0.00029018
0.000241395
0.000165912
7.98141e-05
2.28814e-05
2.33884e-06
2.20832e-06
2.52393e-05
8.81597e-05
0.000178964
0.000253841
0.000298876
0.00032082
0.000329914
0.000333145
0.000334153
0.000334153
0.000333145
0.000329914
0.00032082
0.000298876
0.000253841
0.000178964
8.81597e-05
2.52393e-05
2.20833e-06
2.07377e-06
2.82219e-05
9.83656e-05
0.000193949
0.000267075
0.000307362
0.000325178
0.000331845
0.000333905
0.000334514
0.000334514
0.000333905
0.000331845
0.000325178
0.000307362
0.000267075
0.000193949
9.83655e-05
2.82219e-05
2.07378e-06
1.93653e-06
3.20594e-05
0.000111043
0.000211212
0.000280958
0.000315379
0.00032885
0.000333199
0.000334472
0.00033478
0.00033478
0.000334472
0.000333199
0.00032885
0.000315379
0.000280958
0.000211212
0.000111043
3.20593e-05
1.93653e-06
1.79662e-06
3.71529e-05
0.000127197
0.000231208
0.000295233
0.000322607
0.000331765
0.000334129
0.0003348
0.00033494
0.00033494
0.0003348
0.000334129
0.000331765
0.000322607
0.000295233
0.000231208
0.000127197
3.71529e-05
1.79662e-06
1.65529e-06
4.39438e-05
0.000148176
0.000254276
0.000309306
0.000328591
0.000333554
0.000334803
0.000335047
0.00033508
0.00033508
0.000335047
0.000334803
0.000333554
0.000328591
0.000309306
0.000254276
0.000148176
4.39437e-05
1.65529e-06
1.51324e-06
5.29032e-05
0.000176477
0.000280593
0.000322152
0.000332505
0.000334604
0.000335101
0.000335168
0.000335172
0.000335172
0.000335168
0.000335101
0.000334604
0.000332505
0.000322152
0.000280593
0.000176477
5.29032e-05
1.51324e-06
1.36979e-06
6.81608e-05
0.000219567
0.000309494
0.000330908
0.000334527
0.000335273
0.000335315
0.000335296
0.000335287
0.000335287
0.000335296
0.000335315
0.000335273
0.000334527
0.000330908
0.000309494
0.000219567
6.81607e-05
1.36979e-06
1.23424e-06
0.000116561
0.000294189
0.000330906
0.00033481
0.000335356
0.000335357
0.000335342
0.000335343
0.000335345
0.000335345
0.000335343
0.000335342
0.000335357
0.000335356
0.00033481
0.000330906
0.000294189
0.000116561
1.23424e-06
)
;

boundaryField
{
    outlet
    {
        type            calculated;
        value           nonuniform List<scalar> 
20
(
6.83474e-06
7.2579e-05
0.000110663
0.000131159
0.000131351
0.000117578
0.000100765
8.59963e-05
6.95862e-05
5.31646e-05
5.51694e-05
7.55393e-05
8.93977e-05
0.000104983
0.000122013
0.000135221
0.000133383
0.000111722
7.26496e-05
6.81059e-06
)
;
    }
    inlet1
    {
        type            calculated;
        value           nonuniform List<scalar> 
20
(
1.16508e-06
0.000210354
0.000211591
0.000274844
0.00033541
0.00033541
0.00033541
0.00033541
0.00033541
0.00033541
0.00033541
0.00033541
0.00033541
0.00033541
0.00033541
0.00033541
0.000274845
0.000211593
0.000210356
1.16508e-06
)
;
    }
    inlet2
    {
        type            calculated;
        value           nonuniform List<scalar> 
20
(
1.16508e-06
0.000210355
0.000211593
0.000274846
0.00033541
0.00033541
0.00033541
0.00033541
0.00033541
0.00033541
0.00033541
0.00033541
0.00033541
0.00033541
0.00033541
0.00033541
0.000274847
0.000211593
0.000210355
1.16508e-06
)
;
    }
    frontAndBack
    {
        type            empty;
    }
    defaultFaces
    {
        type            nutkWallFunction;
        Cmu             0.09;
        kappa           0.41;
        E               9.8;
        value           nonuniform List<scalar> 
620
(
2.15262e-06
2.1538e-06
2.15381e-06
2.15309e-06
2.152e-06
2.15119e-06
2.14963e-06
2.14865e-06
2.14697e-06
2.14576e-06
2.14401e-06
2.14261e-06
2.14077e-06
2.13921e-06
2.13728e-06
2.13557e-06
2.13355e-06
2.13171e-06
2.1296e-06
2.12764e-06
2.12546e-06
2.1234e-06
2.12116e-06
2.11902e-06
2.1167e-06
2.11447e-06
2.11208e-06
2.10975e-06
2.10728e-06
2.10485e-06
2.10228e-06
2.09975e-06
2.09708e-06
2.09444e-06
2.09165e-06
2.08887e-06
2.08594e-06
2.08299e-06
2.07986e-06
2.07666e-06
2.07325e-06
2.0697e-06
2.06589e-06
2.06187e-06
2.05753e-06
2.05291e-06
2.04791e-06
2.04253e-06
2.0367e-06
2.03042e-06
2.02357e-06
2.01602e-06
2.00771e-06
1.99888e-06
1.98969e-06
1.97992e-06
1.96978e-06
1.95903e-06
1.94789e-06
1.93621e-06
1.92404e-06
1.91131e-06
1.89802e-06
1.88408e-06
1.86958e-06
1.85431e-06
1.8381e-06
1.82117e-06
1.80311e-06
1.78417e-06
1.764e-06
1.7428e-06
1.72033e-06
1.6967e-06
1.67179e-06
1.64574e-06
1.61853e-06
1.59033e-06
1.56117e-06
1.53118e-06
1.50016e-06
1.46755e-06
1.43198e-06
1.39557e-06
1.35689e-06
1.31551e-06
1.2703e-06
1.21941e-06
1.16055e-06
1.08978e-06
1.00151e-06
8.85398e-07
7.25337e-07
4.98636e-07
1.77616e-07
0
6.85899e-08
4.13712e-07
6.6436e-07
7.37095e-07
2.13157e-06
2.1325e-06
2.13225e-06
2.13121e-06
2.13006e-06
2.12888e-06
2.1272e-06
2.12593e-06
2.12407e-06
2.12262e-06
2.12068e-06
2.11906e-06
2.11705e-06
2.1153e-06
2.11319e-06
2.11132e-06
2.10913e-06
2.10714e-06
2.10487e-06
2.10277e-06
2.10043e-06
2.09823e-06
2.09582e-06
2.09356e-06
2.0911e-06
2.08877e-06
2.08627e-06
2.08388e-06
2.08132e-06
2.07887e-06
2.07626e-06
2.07373e-06
2.07108e-06
2.06849e-06
2.06579e-06
2.06314e-06
2.06038e-06
2.05767e-06
2.05486e-06
2.05208e-06
2.04921e-06
2.04635e-06
2.0434e-06
2.04041e-06
2.03733e-06
2.03415e-06
2.03085e-06
2.02741e-06
2.0238e-06
2.02001e-06
2.01603e-06
2.01185e-06
2.00745e-06
2.00286e-06
1.99807e-06
1.99305e-06
1.98763e-06
1.98184e-06
1.97541e-06
1.96835e-06
1.96035e-06
1.9514e-06
1.9423e-06
1.93252e-06
1.92247e-06
1.91182e-06
1.90068e-06
1.88895e-06
1.87657e-06
1.86341e-06
1.8494e-06
1.8345e-06
1.81862e-06
1.80123e-06
1.78268e-06
1.76229e-06
1.74035e-06
1.71623e-06
1.69008e-06
1.66137e-06
1.63011e-06
1.59584e-06
1.55843e-06
1.51736e-06
1.47216e-06
1.42148e-06
1.36383e-06
1.29536e-06
1.21005e-06
1.10111e-06
9.54114e-07
7.63662e-07
5.49891e-07
3.1859e-07
1.24348e-07
2.84583e-09
6.17322e-08
4.23097e-07
7.13702e-07
7.98952e-07
2.72106e-07
1.82368e-07
8.1292e-08
0
0
0
0
0
0
0
0
0
0
0
0
0
9.77813e-09
1.25747e-07
2.32489e-07
3.25915e-07
3.79137e-07
4.39303e-07
4.96068e-07
5.4981e-07
6.00583e-07
6.4837e-07
6.93127e-07
7.35178e-07
7.74343e-07
8.10487e-07
8.43542e-07
8.7383e-07
9.01273e-07
9.25984e-07
9.47922e-07
9.67409e-07
9.84443e-07
9.99297e-07
1.01191e-06
1.02265e-06
1.03147e-06
1.03873e-06
1.04429e-06
1.04862e-06
1.0515e-06
1.05342e-06
1.05408e-06
1.05381e-06
1.05301e-06
1.05136e-06
1.04902e-06
1.04611e-06
1.04271e-06
1.0389e-06
1.03473e-06
1.03025e-06
1.02553e-06
1.02061e-06
1.01554e-06
1.01033e-06
1.00507e-06
9.99735e-07
9.9442e-07
9.89072e-07
9.83818e-07
9.78547e-07
9.73433e-07
9.68478e-07
9.63679e-07
9.59027e-07
9.54521e-07
9.50167e-07
9.45974e-07
9.41943e-07
9.38075e-07
9.34378e-07
9.30856e-07
9.27515e-07
9.24347e-07
9.21353e-07
9.1852e-07
9.15833e-07
9.1326e-07
9.10779e-07
9.08363e-07
9.06e-07
9.03659e-07
9.01303e-07
8.98902e-07
8.96418e-07
8.93858e-07
8.91172e-07
8.88358e-07
8.8538e-07
8.82291e-07
8.79055e-07
8.75724e-07
8.72204e-07
8.68499e-07
8.64592e-07
8.60447e-07
8.5618e-07
8.51918e-07
8.47424e-07
8.42562e-07
8.38451e-07
8.34719e-07
8.3137e-07
8.30556e-07
8.3105e-07
8.32685e-07
8.36914e-07
8.42049e-07
8.53849e-07
8.61495e-07
8.73784e-07
8.73578e-07
8.6775e-07
8.38557e-07
8.1054e-07
3.79138e-07
4.39303e-07
4.96068e-07
5.4981e-07
6.00584e-07
6.48371e-07
6.93127e-07
7.35178e-07
7.74343e-07
8.10487e-07
8.43542e-07
8.7383e-07
9.01273e-07
9.25984e-07
9.47922e-07
9.67409e-07
9.84443e-07
9.99297e-07
1.01191e-06
1.02265e-06
1.03147e-06
1.03873e-06
1.04429e-06
1.04862e-06
1.0515e-06
1.05342e-06
1.05408e-06
1.05381e-06
1.05301e-06
1.05136e-06
1.04902e-06
1.04611e-06
1.04271e-06
1.0389e-06
1.03473e-06
1.03025e-06
1.02554e-06
1.02061e-06
1.01554e-06
1.01033e-06
1.00508e-06
9.99738e-07
9.94424e-07
9.89077e-07
9.83824e-07
9.78555e-07
9.73443e-07
9.68492e-07
9.63694e-07
9.59046e-07
9.54545e-07
9.50197e-07
9.4601e-07
9.41988e-07
9.38128e-07
9.34441e-07
9.30932e-07
9.27602e-07
9.2445e-07
9.21472e-07
9.18658e-07
9.15985e-07
9.13425e-07
9.10957e-07
9.08556e-07
9.06209e-07
9.03874e-07
9.01507e-07
8.99033e-07
8.96413e-07
8.9361e-07
8.90635e-07
8.87489e-07
8.84216e-07
8.80826e-07
8.77303e-07
8.73662e-07
8.6984e-07
8.658e-07
8.61297e-07
8.5637e-07
8.5075e-07
8.44505e-07
8.37376e-07
8.29439e-07
8.20652e-07
8.11297e-07
8.01746e-07
7.91871e-07
7.81166e-07
7.69415e-07
7.56019e-07
7.40114e-07
7.2033e-07
6.95809e-07
6.63743e-07
6.22641e-07
5.66727e-07
4.91849e-07
3.83928e-07
8.79676e-07
9.08126e-07
9.33263e-07
9.38054e-07
9.34926e-07
9.20964e-07
9.13925e-07
8.99291e-07
8.92493e-07
8.83857e-07
8.79817e-07
8.75757e-07
8.73983e-07
8.73086e-07
8.72797e-07
8.72754e-07
8.7343e-07
8.73994e-07
8.74486e-07
8.75204e-07
8.76252e-07
8.77506e-07
8.79009e-07
8.80576e-07
8.8213e-07
8.8368e-07
8.85381e-07
8.87095e-07
8.88903e-07
8.90802e-07
8.92756e-07
8.94785e-07
8.96902e-07
8.99118e-07
9.01477e-07
9.03992e-07
9.0666e-07
9.09478e-07
9.12428e-07
9.15509e-07
9.18732e-07
9.22102e-07
9.25625e-07
9.29292e-07
9.33096e-07
9.37031e-07
9.41099e-07
9.45301e-07
9.49636e-07
9.54101e-07
9.58693e-07
9.63413e-07
9.68267e-07
9.73263e-07
9.78408e-07
9.83702e-07
9.88973e-07
9.94337e-07
9.99664e-07
1.00501e-06
1.01028e-06
1.01549e-06
1.02056e-06
1.0255e-06
1.03022e-06
1.0347e-06
1.03887e-06
1.04269e-06
1.04609e-06
1.049e-06
1.05135e-06
1.053e-06
1.0538e-06
1.05407e-06
1.05342e-06
1.05149e-06
1.04862e-06
1.04429e-06
1.03872e-06
1.03146e-06
1.02265e-06
1.0119e-06
9.99293e-07
9.84438e-07
9.67409e-07
9.47921e-07
9.25978e-07
9.01263e-07
8.73832e-07
8.43549e-07
8.10483e-07
7.74329e-07
7.35184e-07
6.93148e-07
6.48379e-07
6.00566e-07
5.49809e-07
4.96084e-07
4.39296e-07
3.79128e-07
4.41388e-07
5.51571e-07
6.27119e-07
6.83145e-07
7.23779e-07
7.55303e-07
7.78809e-07
7.97467e-07
8.11533e-07
8.22743e-07
8.31628e-07
8.3909e-07
8.4544e-07
8.50958e-07
8.55856e-07
8.60301e-07
8.64056e-07
8.67253e-07
8.69985e-07
8.72402e-07
8.74491e-07
8.76451e-07
8.78211e-07
8.79938e-07
8.81579e-07
8.83276e-07
8.84983e-07
8.86767e-07
8.88631e-07
8.90548e-07
8.92553e-07
8.94609e-07
8.96752e-07
8.98994e-07
9.01369e-07
9.03897e-07
9.06583e-07
9.09411e-07
9.12374e-07
9.15466e-07
9.18695e-07
9.22072e-07
9.256e-07
9.29273e-07
9.33081e-07
9.37019e-07
9.4109e-07
9.45294e-07
9.49631e-07
9.54097e-07
9.58689e-07
9.63411e-07
9.68266e-07
9.73262e-07
9.78408e-07
9.83702e-07
9.88973e-07
9.94337e-07
9.99664e-07
1.00501e-06
1.01028e-06
1.01549e-06
1.02056e-06
1.0255e-06
1.03022e-06
1.0347e-06
1.03887e-06
1.04269e-06
1.04609e-06
1.049e-06
1.05135e-06
1.053e-06
1.0538e-06
1.05407e-06
1.05342e-06
1.05149e-06
1.04862e-06
1.04429e-06
1.03872e-06
1.03146e-06
1.02265e-06
1.0119e-06
9.99293e-07
9.84438e-07
9.67409e-07
9.47921e-07
9.25978e-07
9.01263e-07
8.73832e-07
8.43549e-07
8.10482e-07
7.74329e-07
7.35184e-07
6.93148e-07
6.48379e-07
6.00566e-07
5.49809e-07
4.96084e-07
4.39296e-07
3.79128e-07
)
;
    }
}


// ************************************************************************* //
