/*--------------------------------*- C++ -*----------------------------------*\
| =========                 |                                                 |
| \\      /  F ield         | OpenFOAM: The Open Source CFD Toolbox           |
|  \\    /   O peration     | Version:  2.1.0                                 |
|   \\  /    A nd           | Web:      www.OpenFOAM.org                      |
|    \\/     M anipulation  |                                                 |
\*---------------------------------------------------------------------------*/
FoamFile
{
    version     2.0;
    format      ascii;
    class       volScalarField;
    location    "0.18";
    object      p;
}
// * * * * * * * * * * * * * * * * * * * * * * * * * * * * * * * * * * * * * //

dimensions      [1 -1 -2 0 0 0 0];

internalField   nonuniform List<scalar> 
6400
(
99998
99995.6
99993.9
99992.5
99991.1
99989.9
99988.5
99987.2
99985.8
99984.4
99982.9
99981.4
99979.8
99978.1
99976.4
99974.5
99972.7
99970.7
99968.7
99966.6
99964.5
99962.2
99959.9
99957.5
99955
99952.5
99949.9
99947.2
99944.4
99941.5
99938.6
99935.5
99932.4
99929.1
99925.8
99922.4
99918.8
99915.2
99911.5
99907.6
99903.6
99899.5
99895.3
99890.9
99886.4
99881.7
99876.9
99872
99866.8
99861.5
99856
99850.4
99844.5
99838.5
99832.2
99825.8
99819.1
99812.2
99805.1
99797.7
99790.1
99782.2
99774
99765.5
99756.7
99747.6
99738.2
99728.4
99718.2
99707.6
99696.7
99685.4
99673.6
99661.5
99648.9
99635.8
99622.4
99608.5
99594.1
99579.3
99563.9
99548
99531.4
99514.1
99495.8
99476.4
99455.6
99432.9
99407.9
99380.4
99350
99317.7
99285.2
99254.5
99225.6
99192.6
99140.6
99033.3
98682.3
97148.5
99996.4
99995
99993.5
99992.1
99990.8
99989.5
99988.2
99986.9
99985.5
99984.1
99982.6
99981
99979.4
99977.7
99976
99974.2
99972.3
99970.3
99968.3
99966.2
99964
99961.8
99959.5
99957.1
99954.6
99952.1
99949.4
99946.7
99944
99941.1
99938.1
99935.1
99931.9
99928.7
99925.3
99921.9
99918.4
99914.7
99911
99907.1
99903.1
99899
99894.8
99890.4
99885.9
99881.3
99876.4
99871.5
99866.4
99861
99855.6
99849.9
99844.1
99838.1
99831.8
99825.4
99818.8
99811.9
99804.8
99797.4
99789.8
99781.9
99773.8
99765.3
99756.6
99747.5
99738.1
99728.3
99718.2
99707.7
99696.8
99685.5
99673.9
99661.7
99649.2
99636.2
99622.8
99608.9
99594.6
99579.8
99564.5
99548.6
99532
99514.7
99496.5
99477.1
99456.3
99433.6
99408.8
99381.5
99351.5
99319.4
99286.9
99256.1
99229.1
99200.5
99154.2
99061.6
98778.4
98254.8
99995.1
99994.3
99993.1
99991.8
99990.6
99989.3
99988
99986.7
99985.3
99983.9
99982.4
99980.9
99979.3
99977.6
99975.8
99974
99972.1
99970.2
99968.2
99966.1
99963.9
99961.6
99959.3
99956.9
99954.5
99951.9
99949.3
99946.6
99943.8
99940.9
99938
99934.9
99931.8
99928.6
99925.2
99921.8
99918.3
99914.7
99910.9
99907.1
99903.1
99899
99894.8
99890.4
99885.9
99881.3
99876.5
99871.6
99866.5
99861.3
99855.8
99850.2
99844.4
99838.4
99832.3
99825.9
99819.3
99812.4
99805.4
99798.1
99790.5
99782.7
99774.6
99766.2
99757.5
99748.5
99739.2
99729.5
99719.4
99709.1
99698.3
99687.1
99675.5
99663.5
99651.1
99638.3
99625
99611.3
99597.1
99582.4
99567.1
99551.3
99534.8
99517.5
99499.3
99479.9
99459.1
99436.5
99411.9
99385
99355.9
99325.4
99295.2
99267.3
99243.6
99219.2
99188
99132.6
98988.8
99085.8
99993.4
99993.5
99992.7
99991.6
99990.5
99989.3
99988.1
99986.8
99985.4
99984
99982.5
99981
99979.4
99977.7
99976
99974.2
99972.3
99970.4
99968.4
99966.3
99964.1
99961.9
99959.6
99957.2
99954.8
99952.2
99949.6
99947
99944.2
99941.3
99938.4
99935.4
99932.2
99929
99925.7
99922.3
99918.8
99915.2
99911.5
99907.6
99903.7
99899.6
99895.4
99891.1
99886.7
99882.1
99877.3
99872.5
99867.4
99862.2
99856.8
99851.3
99845.5
99839.6
99833.4
99827.1
99820.5
99813.8
99806.7
99799.5
99792
99784.2
99776.2
99767.9
99759.2
99750.3
99741
99731.4
99721.4
99711.1
99700.4
99689.2
99677.7
99665.7
99653.3
99640.4
99627.1
99613.3
99599
99584.2
99568.7
99552.7
99536
99518.4
99499.9
99480.2
99459.2
99436.7
99412.3
99386
99358.3
99330.3
99304.2
99281.6
99265
99254.6
99252.6
99261.6
99294.4
99709.8
99991.5
99992.6
99992.4
99991.6
99990.6
99989.5
99988.3
99987.1
99985.8
99984.4
99982.9
99981.4
99979.8
99978.1
99976.4
99974.6
99972.8
99970.9
99968.9
99966.8
99964.7
99962.5
99960.2
99957.9
99955.4
99952.9
99950.3
99947.7
99944.9
99942.1
99939.2
99936.2
99933.1
99929.9
99926.6
99923.2
99919.7
99916.1
99912.4
99908.6
99904.7
99900.6
99896.5
99892.2
99887.7
99883.2
99878.5
99873.6
99868.6
99863.4
99858
99852.5
99846.7
99840.8
99834.7
99828.3
99821.8
99815
99808
99800.8
99793.3
99785.5
99777.5
99769.2
99760.5
99751.6
99742.3
99732.6
99722.6
99712.2
99701.5
99690.3
99678.7
99666.7
99654.2
99641.2
99627.8
99613.9
99599.4
99584.4
99568.8
99552.5
99535.5
99517.7
99498.9
99479
99457.8
99435.2
99411.1
99385.8
99359.9
99335.1
99314.3
99299.1
99293.5
99305.1
99344.3
99437.4
99635.7
100200
99989.7
99991.8
99992.1
99991.6
99990.9
99989.9
99988.8
99987.6
99986.3
99984.9
99983.5
99982
99980.4
99978.8
99977.1
99975.3
99973.4
99971.5
99969.6
99967.5
99965.4
99963.2
99961
99958.6
99956.2
99953.7
99951.1
99948.5
99945.7
99942.9
99940
99937
99933.9
99930.7
99927.4
99924.1
99920.6
99917
99913.3
99909.5
99905.5
99901.5
99897.3
99893
99888.5
99884
99879.2
99874.3
99869.3
99864.1
99858.7
99853.1
99847.4
99841.4
99835.3
99828.9
99822.4
99815.6
99808.6
99801.3
99793.8
99786
99778
99769.6
99761
99752
99742.7
99733.1
99723.1
99712.7
99702
99690.8
99679.1
99667.1
99654.5
99641.5
99628
99614
99599.3
99584.1
99568.3
99551.7
99534.4
99516.2
99497
99476.7
99455.3
99432.7
99409
99384.7
99360.8
99339.5
99324.4
99317.6
99326.4
99364
99450.8
99632.8
99962
100583
99988
99991
99991.8
99991.7
99991.1
99990.3
99989.2
99988.1
99986.8
99985.5
99984
99982.5
99981
99979.3
99977.6
99975.8
99974
99972.1
99970.1
99968.1
99965.9
99963.7
99961.5
99959.1
99956.7
99954.2
99951.6
99948.9
99946.2
99943.4
99940.4
99937.4
99934.3
99931.1
99927.8
99924.4
99920.9
99917.3
99913.6
99909.8
99905.8
99901.8
99897.6
99893.2
99888.8
99884.2
99879.4
99874.5
99869.5
99864.2
99858.8
99853.3
99847.5
99841.6
99835.4
99829.1
99822.5
99815.7
99808.7
99801.4
99793.9
99786.2
99778.1
99769.8
99761.1
99752.2
99742.9
99733.3
99723.3
99712.9
99702.2
99691
99679.3
99667.2
99654.6
99641.5
99627.9
99613.7
99598.9
99583.5
99567.4
99550.5
99532.8
99514.2
99494.6
99474
99452.3
99429.6
99406.3
99382.9
99361
99342.9
99333
99334.6
99356.7
99422.1
99556.7
99819.2
100241
100870
99986.8
99990.4
99991.5
99991.6
99991.2
99990.4
99989.5
99988.3
99987.1
99985.7
99984.3
99982.8
99981.2
99979.6
99977.9
99976.1
99974.2
99972.3
99970.3
99968.3
99966.1
99963.9
99961.7
99959.3
99956.9
99954.4
99951.8
99949.1
99946.3
99943.5
99940.5
99937.5
99934.4
99931.2
99927.9
99924.4
99920.9
99917.3
99913.6
99909.7
99905.8
99901.7
99897.5
99893.1
99888.6
99884
99879.3
99874.3
99869.3
99864
99858.6
99853.1
99847.3
99841.4
99835.3
99828.9
99822.4
99815.6
99808.6
99801.3
99793.9
99786.1
99778.1
99769.8
99761.2
99752.2
99743
99733.4
99723.4
99713.1
99702.4
99691.2
99679.5
99667.4
99654.7
99641.6
99627.9
99613.6
99598.6
99583
99566.6
99549.4
99531.3
99512.3
99492.3
99471.2
99449.2
99426.4
99403.3
99380.7
99360.3
99344.8
99339
99348.3
99384.5
99472.2
99647.4
99973.7
100454
101073
99986.2
99989.9
99991.2
99991.5
99991.2
99990.5
99989.5
99988.4
99987.1
99985.8
99984.3
99982.8
99981.2
99979.6
99977.8
99976
99974.2
99972.2
99970.2
99968.2
99966
99963.8
99961.5
99959.1
99956.7
99954.2
99951.5
99948.8
99946.1
99943.2
99940.2
99937.2
99934
99930.8
99927.5
99924
99920.5
99916.9
99913.1
99909.3
99905.3
99901.2
99897
99892.6
99888.2
99883.6
99878.8
99873.9
99868.9
99863.6
99858.3
99852.7
99847
99841.1
99835
99828.7
99822.1
99815.4
99808.4
99801.2
99793.8
99786.1
99778.2
99769.8
99761.2
99752.3
99743.1
99733.6
99723.6
99713.3
99702.5
99691.4
99679.8
99667.8
99655.1
99641.9
99628.1
99613.7
99598.6
99582.7
99566.1
99548.6
99530.1
99510.6
99490.1
99468.6
99446.2
99423.2
99400.1
99378
99358.6
99345.1
99342
99356.8
99403.3
99507
99711.1
100080
100594
101199
99986
99989.6
99991
99991.4
99991.1
99990.4
99989.4
99988.3
99987
99985.6
99984.1
99982.6
99981
99979.3
99977.5
99975.7
99973.8
99971.8
99969.8
99967.7
99965.5
99963.2
99960.9
99958.5
99956
99953.5
99950.9
99948.2
99945.4
99942.5
99939.6
99936.6
99933.4
99930.2
99926.9
99923.5
99920
99916.4
99912.7
99908.8
99904.9
99900.8
99896.6
99892.3
99887.9
99883.3
99878.5
99873.7
99868.6
99863.4
99858.1
99852.5
99846.8
99840.9
99834.9
99828.6
99822.1
99815.4
99808.4
99801.3
99793.8
99786.1
99778.1
99770
99761.5
99752.6
99743.5
99734
99724.1
99713.8
99703
99692
99680.4
99668.3
99655.7
99642.4
99628.5
99614
99598.7
99582.6
99565.7
99547.8
99528.9
99509
99488
99466
99443.2
99419.8
99396.6
99374.6
99355.7
99343.1
99341.4
99358.9
99410.5
99522.5
99740.4
100130
100658
101256
99986.1
99989.7
99991.1
99991.4
99991.1
99990.4
99989.4
99988.3
99987
99985.6
99984.2
99982.6
99981
99979.3
99977.5
99975.7
99973.8
99971.8
99969.8
99967.7
99965.5
99963.3
99960.9
99958.5
99956.1
99953.5
99950.9
99948.2
99945.4
99942.6
99939.6
99936.6
99933.5
99930.2
99926.9
99923.5
99920
99916.4
99912.7
99908.8
99904.9
99900.8
99896.6
99892.3
99887.9
99883.3
99878.6
99873.7
99868.6
99863.5
99858.1
99852.6
99846.9
99841
99835
99828.7
99822.2
99815.5
99808.6
99801.5
99794.1
99786.4
99778.5
99770.3
99761.8
99753.1
99743.9
99734.5
99724.6
99714.3
99703.7
99692.6
99681
99668.9
99656.3
99643
99629
99614.4
99598.9
99582.6
99565.4
99547.2
99527.9
99507.5
99486
99463.5
99440.1
99416.3
99392.7
99370.4
99351.4
99338.7
99337
99354.4
99405.6
99516.8
99733.1
100121
100646
101244
99986.5
99990.1
99991.4
99991.6
99991.2
99990.5
99989.5
99988.4
99987.1
99985.7
99984.2
99982.7
99981.1
99979.4
99977.7
99975.9
99974
99972.1
99970
99968
99965.8
99963.6
99961.3
99958.9
99956.4
99953.9
99951.3
99948.6
99945.8
99943
99940.1
99937
99933.9
99930.7
99927.3
99923.9
99920.4
99916.8
99913
99909.2
99905.2
99901.1
99896.9
99892.6
99888.2
99883.6
99878.8
99873.9
99868.9
99863.7
99858.4
99852.8
99847.1
99841.3
99835.2
99828.9
99822.5
99815.8
99808.9
99801.8
99794.4
99786.8
99778.9
99770.7
99762.3
99753.6
99744.5
99735
99725.2
99715
99704.4
99693.3
99681.8
99669.7
99657
99643.6
99629.6
99614.8
99599.2
99582.7
99565.2
99546.7
99527
99506.2
99484.2
99461
99437
99412.6
99388.4
99365.5
99345.7
99332.1
99328.8
99343.3
99389.2
99490.6
99689.6
100052
100560
101164
99987.4
99990.7
99991.7
99991.8
99991.3
99990.5
99989.4
99988.3
99987
99985.6
99984.1
99982.6
99981
99979.4
99977.6
99975.8
99974
99972
99970
99968
99965.8
99963.6
99961.3
99959
99956.5
99954
99951.4
99948.7
99946
99943.1
99940.2
99937.2
99934.1
99930.8
99927.5
99924.1
99920.6
99917
99913.3
99909.5
99905.5
99901.5
99897.3
99893
99888.5
99883.9
99879.2
99874.3
99869.3
99864.1
99858.7
99853.2
99847.5
99841.7
99835.6
99829.4
99822.9
99816.3
99809.4
99802.3
99794.9
99787.3
99779.4
99771.3
99762.9
99754.2
99745.1
99735.7
99725.9
99715.8
99705.2
99694.1
99682.6
99670.5
99657.8
99644.4
99630.3
99615.4
99599.6
99582.9
99565.2
99546.4
99526.3
99505.1
99482.5
99458.8
99434.1
99408.9
99383.9
99360.2
99339.3
99323.7
99317.5
99326.8
99362.8
99446.1
99613.6
99929.3
100401
101019
99988.8
99991.5
99992.1
99991.9
99991.2
99990.3
99989.2
99988
99986.7
99985.3
99983.8
99982.3
99980.7
99979.1
99977.3
99975.5
99973.7
99971.8
99969.8
99967.7
99965.6
99963.3
99961.1
99958.7
99956.3
99953.8
99951.2
99948.5
99945.7
99942.9
99940
99937
99933.9
99930.7
99927.4
99924
99920.5
99916.9
99913.2
99909.4
99905.5
99901.4
99897.2
99892.9
99888.5
99883.9
99879.2
99874.4
99869.4
99864.2
99858.9
99853.4
99847.7
99841.9
99835.9
99829.6
99823.2
99816.6
99809.7
99802.6
99795.3
99787.7
99779.9
99771.8
99763.5
99754.8
99745.8
99736.4
99726.7
99716.6
99706
99695
99683.5
99671.4
99658.7
99645.3
99631.2
99616.2
99600.3
99583.4
99565.5
99546.4
99526
99504.3
99481.3
99457
99431.6
99405.5
99379.5
99354.5
99332.1
99314.3
99304.2
99306.4
99329.2
99388.5
99513.4
99762.6
100172
100799
99990.5
99992.4
99992.5
99991.9
99991
99990
99988.8
99987.5
99986.2
99984.8
99983.3
99981.8
99980.2
99978.5
99976.8
99975
99973.1
99971.2
99969.2
99967.1
99965
99962.8
99960.5
99958.1
99955.7
99953.2
99950.6
99947.9
99945.2
99942.4
99939.4
99936.4
99933.3
99930.2
99926.9
99923.5
99920
99916.4
99912.7
99909
99905
99901
99896.9
99892.6
99888.2
99883.6
99878.9
99874.1
99869.1
99864
99858.7
99853.2
99847.6
99841.7
99835.7
99829.5
99823.1
99816.5
99809.7
99802.7
99795.4
99787.9
99780.1
99772.1
99763.8
99755.2
99746.2
99736.9
99727.3
99717.2
99706.7
99695.7
99684.3
99672.2
99659.5
99646.1
99631.9
99616.9
99601
99584
99565.9
99546.6
99525.9
99503.9
99480.4
99455.6
99429.5
99402.5
99375.3
99348.8
99324.6
99304.3
99290
99284.5
99292.6
99325.1
99401.6
99568.5
99881.3
100496
99992.4
99993.3
99992.8
99991.9
99990.8
99989.7
99988.4
99987.1
99985.7
99984.3
99982.8
99981.2
99979.6
99977.9
99976.2
99974.4
99972.5
99970.6
99968.5
99966.5
99964.3
99962.1
99959.8
99957.4
99955
99952.5
99949.9
99947.2
99944.4
99941.6
99938.7
99935.6
99932.5
99929.3
99926
99922.7
99919.2
99915.6
99911.9
99908.1
99904.2
99900.1
99896
99891.7
99887.3
99882.8
99878.1
99873.3
99868.3
99863.2
99857.9
99852.5
99846.9
99841.1
99835.1
99829
99822.6
99816
99809.3
99802.3
99795.1
99787.6
99779.9
99771.9
99763.6
99755.1
99746.2
99737
99727.3
99717.3
99706.9
99696
99684.5
99672.5
99659.8
99646.5
99632.3
99617.3
99601.3
99584.2
99566
99546.5
99525.7
99503.4
99479.6
99454.2
99427.4
99399.6
99371.1
99343.2
99317.1
99294.3
99276.3
99263.8
99257.8
99264.3
99292.9
99370.3
99548.5
100100
99994.3
99994.2
99993.2
99992
99990.8
99989.5
99988.2
99986.9
99985.4
99984
99982.5
99980.9
99979.3
99977.6
99975.8
99974
99972.1
99970.1
99968.1
99966
99963.8
99961.6
99959.3
99956.9
99954.4
99951.9
99949.3
99946.6
99943.8
99940.9
99938
99934.9
99931.8
99928.6
99925.3
99921.9
99918.4
99914.7
99911
99907.2
99903.3
99899.2
99895
99890.7
99886.3
99881.7
99877
99872.2
99867.2
99862.1
99856.8
99851.3
99845.7
99839.9
99834
99827.8
99821.4
99814.9
99808.1
99801.1
99793.9
99786.5
99778.8
99770.8
99762.6
99754.1
99745.2
99736.1
99726.5
99716.6
99706.2
99695.3
99684
99672
99659.4
99646.1
99632
99616.9
99601
99583.9
99565.6
99546
99525
99502.5
99478.4
99452.7
99425.4
99396.7
99367.1
99337.8
99310
99284.9
99263.9
99246.7
99229.1
99214
99202
99195.4
99205.5
99597.5
99995.9
99995
99993.6
99992.2
99990.9
99989.6
99988.2
99986.8
99985.4
99983.9
99982.4
99980.8
99979.2
99977.5
99975.7
99973.9
99972
99970
99968
99965.9
99963.7
99961.4
99959.1
99956.7
99954.2
99951.7
99949
99946.3
99943.5
99940.6
99937.7
99934.6
99931.5
99928.2
99924.9
99921.5
99918
99914.3
99910.6
99906.7
99902.8
99898.7
99894.5
99890.2
99885.7
99881.1
99876.4
99871.5
99866.5
99861.4
99856
99850.5
99844.9
99839
99833
99826.8
99820.4
99813.8
99807
99800
99792.7
99785.3
99777.5
99769.5
99761.3
99752.7
99743.8
99734.6
99725
99715.1
99704.7
99693.8
99682.4
99670.4
99657.8
99644.4
99630.3
99615.3
99599.3
99582.1
99563.8
99544.2
99523.1
99500.5
99476.2
99450.2
99422.6
99393.4
99363.1
99332.7
99303.5
99276.7
99253.7
99234.8
99209.4
99179.9
99139.5
99069.1
98901.1
98959.6
99997.3
99995.7
99994.1
99992.6
99991.2
99989.8
99988.4
99987.1
99985.6
99984.1
99982.6
99981
99979.4
99977.7
99975.9
99974.1
99972.2
99970.2
99968.2
99966.1
99963.9
99961.6
99959.3
99956.9
99954.4
99951.9
99949.2
99946.5
99943.7
99940.8
99937.9
99934.8
99931.7
99928.4
99925.1
99921.6
99918.1
99914.5
99910.7
99906.9
99902.9
99898.8
99894.6
99890.3
99885.8
99881.2
99876.5
99871.6
99866.6
99861.4
99856
99850.5
99844.8
99838.9
99832.8
99826.6
99820.2
99813.6
99806.7
99799.7
99792.4
99784.9
99777.1
99769.1
99760.8
99752.1
99743.2
99734
99724.4
99714.3
99703.9
99692.9
99681.5
99669.4
99656.7
99643.2
99629
99613.8
99597.7
99580.4
99561.8
99542
99520.7
99497.7
99473.1
99446.8
99418.7
99388.8
99357.6
99326
99295.3
99266.6
99240.1
99217.1
99196.7
99162.9
99107.2
98999.5
98691.4
98103.2
99998.7
99996.3
99994.5
99993
99991.5
99990.2
99988.8
99987.4
99986
99984.5
99983
99981.4
99979.8
99978.1
99976.3
99974.5
99972.6
99970.6
99968.6
99966.5
99964.3
99962.1
99959.7
99957.3
99954.9
99952.3
99949.7
99947
99944.2
99941.3
99938.3
99935.3
99932.1
99928.9
99925.6
99922.2
99918.6
99915
99911.3
99907.4
99903.4
99899.4
99895.2
99890.8
99886.4
99881.8
99877
99872.2
99867.1
99861.9
99856.6
99851.1
99845.4
99839.5
99833.5
99827.2
99820.8
99814.2
99807.3
99800.3
99793
99785.4
99777.7
99769.6
99761.3
99752.7
99743.8
99734.5
99724.9
99714.9
99704.4
99693.5
99682
99670
99657.2
99643.8
99629.5
99614.3
99598.2
99580.8
99562.3
99542.4
99521
99498.1
99473.4
99446.9
99418.7
99388.7
99357.4
99325.8
99295.2
99266.8
99241.2
99215
99184.9
99142.8
99084.4
98967.2
98594
96955.8
100612
101841
102364
102661
102862
103013
103131
103225
103303
103367
103421
103466
103502
103532
103556
103574
103586
103593
103594
103590
100564
101556
102167
102550
102805
102986
103123
103230
103316
103386
103443
103489
103527
103557
103580
103597
103607
103612
103610
103601
100839
101585
102110
102491
102764
102964
103115
103232
103325
103399
103459
103507
103545
103574
103596
103612
103620
103624
103622
103608
101102
101708
102153
102499
102764
102966
103123
103245
103341
103418
103479
103528
103565
103594
103614
103627
103634
103636
103632
103613
101325
101839
102228
102541
102790
102987
103142
103265
103363
103441
103503
103551
103587
103614
103632
103643
103647
103647
103641
103616
101512
101960
102309
102596
102829
103018
103170
103292
103389
103467
103528
103575
103609
103634
103650
103658
103660
103657
103648
103618
101661
102062
102383
102651
102872
103053
103200
103320
103416
103493
103553
103598
103631
103653
103666
103671
103671
103666
103653
103620
101773
102142
102444
102698
102909
103085
103229
103347
103442
103518
103577
103621
103652
103671
103681
103683
103680
103673
103657
103622
101845
102195
102485
102732
102938
103111
103253
103370
103464
103539
103597
103640
103669
103686
103693
103693
103688
103679
103659
103625
101879
102220
102506
102749
102954
103125
103267
103383
103477
103551
103609
103651
103679
103695
103701
103700
103694
103683
103659
103630
101868
102209
102496
102740
102945
103117
103259
103376
103471
103546
103604
103647
103676
103692
103698
103697
103691
103679
103660
103628
101815
102167
102459
102707
102916
103090
103235
103354
103450
103526
103586
103630
103661
103679
103687
103688
103683
103674
103657
103626
101728
102101
102405
102663
102878
103057
103205
103325
103423
103501
103562
103609
103641
103662
103674
103677
103675
103668
103653
103624
101603
102009
102334
102606
102832
103018
103170
103294
103394
103473
103536
103584
103619
103643
103658
103664
103664
103660
103649
103620
101441
101895
102250
102543
102783
102977
103135
103262
103363
103445
103509
103559
103596
103623
103640
103650
103653
103650
103643
103615
101244
101765
102161
102482
102738
102942
103103
103232
103335
103417
103482
103533
103572
103601
103622
103634
103640
103640
103635
103611
101012
101626
102079
102434
102708
102918
103081
103209
103311
103392
103457
103509
103549
103580
103603
103618
103626
103628
103625
103607
100739
101495
102031
102422
102705
102914
103072
103195
103293
103372
103435
103487
103528
103560
103584
103601
103611
103615
103614
103601
100452
101462
102088
102482
102746
102936
103080
103193
103284
103358
103419
103469
103509
103541
103567
103585
103597
103602
103602
103593
100493
101751
102289
102595
102805
102962
103087
103187
103270
103339
103396
103444
103483
103515
103541
103561
103575
103582
103584
103580
103427
103425
103424
103424
103423
103422
103422
103422
103421
103421
103421
103421
103422
103422
103422
103423
103424
103424
103425
103427
103424
103422
103422
103421
103421
103421
103421
103420
103420
103420
103420
103420
103420
103421
103421
103421
103421
103422
103422
103424
103423
103421
103421
103421
103421
103421
103421
103421
103421
103421
103421
103421
103421
103421
103421
103421
103421
103421
103421
103423
103423
103422
103422
103422
103421
103421
103421
103421
103421
103421
103421
103421
103421
103421
103421
103421
103422
103422
103422
103423
103423
103421
103421
103421
103421
103421
103421
103421
103421
103421
103421
103421
103421
103421
103421
103421
103421
103421
103421
103423
103423
103421
103421
103421
103420
103420
103420
103420
103420
103420
103420
103420
103420
103420
103420
103420
103421
103421
103421
103423
103422
103420
103420
103420
103420
103420
103420
103420
103420
103420
103420
103420
103420
103420
103420
103420
103420
103420
103420
103422
103421
103420
103419
103419
103419
103419
103419
103419
103419
103419
103419
103419
103419
103419
103419
103419
103419
103419
103420
103421
103421
103419
103419
103419
103419
103419
103418
103418
103418
103418
103418
103418
103418
103418
103419
103419
103419
103419
103419
103421
103420
103418
103418
103418
103418
103418
103418
103418
103418
103418
103418
103418
103418
103418
103418
103418
103418
103418
103418
103420
103419
103418
103417
103417
103417
103417
103417
103417
103417
103417
103417
103417
103417
103417
103417
103417
103417
103417
103418
103419
103418
103417
103417
103417
103417
103416
103416
103416
103416
103416
103416
103416
103416
103416
103416
103417
103417
103417
103417
103418
103418
103416
103416
103416
103416
103416
103416
103416
103416
103416
103416
103416
103416
103416
103416
103416
103416
103416
103416
103418
103417
103415
103415
103415
103415
103415
103415
103415
103415
103415
103415
103415
103415
103415
103415
103415
103415
103415
103415
103417
103416
103415
103415
103414
103414
103414
103414
103414
103414
103414
103414
103414
103414
103414
103414
103414
103414
103415
103415
103416
103415
103414
103414
103414
103414
103414
103413
103413
103413
103413
103413
103413
103413
103413
103414
103414
103414
103414
103414
103415
103415
103413
103413
103413
103413
103413
103413
103413
103413
103413
103413
103413
103413
103413
103413
103413
103413
103413
103413
103415
103414
103412
103412
103412
103412
103412
103412
103412
103412
103412
103412
103412
103412
103412
103412
103412
103412
103412
103412
103414
103413
103412
103411
103411
103411
103411
103411
103411
103411
103411
103411
103411
103411
103411
103411
103411
103411
103411
103412
103413
103412
103411
103411
103411
103410
103410
103410
103410
103410
103410
103410
103410
103410
103410
103410
103410
103411
103411
103411
103412
103411
103410
103410
103410
103410
103410
103410
103410
103410
103410
103410
103410
103410
103410
103410
103410
103410
103410
103410
103411
103410
103409
103409
103409
103409
103409
103409
103409
103409
103409
103409
103409
103409
103409
103409
103409
103409
103409
103409
103410
103410
103408
103408
103408
103408
103408
103408
103408
103408
103408
103408
103408
103408
103408
103408
103408
103408
103408
103408
103410
103409
103408
103407
103407
103407
103407
103407
103407
103407
103407
103407
103407
103407
103407
103407
103407
103407
103407
103408
103409
103408
103407
103407
103407
103406
103406
103406
103406
103406
103406
103406
103406
103406
103406
103406
103406
103407
103407
103407
103408
103407
103406
103406
103406
103406
103406
103406
103406
103406
103406
103406
103406
103406
103406
103406
103406
103406
103406
103406
103407
103406
103405
103405
103405
103405
103405
103405
103405
103405
103405
103405
103405
103405
103405
103405
103405
103405
103405
103405
103406
103405
103404
103404
103404
103404
103404
103404
103404
103404
103404
103404
103404
103404
103404
103404
103404
103404
103404
103404
103405
103405
103404
103403
103403
103403
103403
103403
103403
103403
103403
103403
103403
103403
103403
103403
103403
103403
103403
103404
103405
103404
103403
103403
103403
103402
103402
103402
103402
103402
103402
103402
103402
103402
103402
103402
103402
103403
103403
103403
103404
103403
103402
103402
103402
103402
103402
103402
103402
103402
103402
103402
103402
103402
103402
103402
103402
103402
103402
103402
103403
103402
103401
103401
103401
103401
103401
103401
103401
103401
103401
103401
103401
103401
103401
103401
103401
103401
103401
103401
103402
103401
103400
103400
103400
103400
103400
103400
103400
103400
103400
103400
103400
103400
103400
103400
103400
103400
103400
103400
103401
103400
103400
103399
103399
103399
103399
103399
103399
103399
103399
103399
103399
103399
103399
103399
103399
103399
103399
103400
103400
103399
103399
103399
103399
103399
103398
103398
103398
103398
103398
103398
103398
103398
103398
103398
103399
103399
103399
103399
103399
103399
103398
103398
103398
103398
103398
103398
103398
103398
103398
103398
103398
103398
103398
103398
103398
103398
103398
103398
103399
103398
103397
103397
103397
103397
103397
103397
103397
103397
103397
103397
103397
103397
103397
103397
103397
103397
103397
103397
103398
103397
103396
103396
103396
103396
103396
103396
103396
103396
103396
103396
103396
103396
103396
103396
103396
103396
103396
103396
103397
103396
103396
103395
103395
103395
103395
103395
103395
103395
103395
103395
103395
103395
103395
103395
103395
103395
103395
103396
103396
103395
103395
103395
103395
103395
103395
103395
103395
103395
103394
103394
103395
103395
103395
103395
103395
103395
103395
103395
103395
103395
103394
103394
103394
103394
103394
103394
103394
103394
103394
103394
103394
103394
103394
103394
103394
103394
103394
103394
103395
103394
103393
103393
103393
103393
103393
103393
103393
103393
103393
103393
103393
103393
103393
103393
103393
103393
103393
103393
103394
103393
103393
103392
103392
103392
103392
103392
103392
103392
103392
103392
103392
103392
103392
103392
103392
103392
103392
103393
103393
103392
103392
103392
103392
103392
103392
103392
103392
103391
103391
103391
103391
103392
103392
103392
103392
103392
103392
103392
103392
103391
103391
103391
103391
103391
103391
103391
103391
103391
103391
103391
103391
103391
103391
103391
103391
103391
103391
103391
103391
103391
103390
103390
103390
103390
103390
103390
103390
103390
103390
103390
103390
103390
103390
103390
103390
103390
103390
103390
103391
103390
103390
103389
103389
103389
103389
103389
103389
103389
103389
103389
103389
103389
103389
103389
103389
103389
103389
103390
103390
103389
103389
103389
103389
103389
103389
103389
103389
103389
103389
103389
103389
103389
103389
103389
103389
103389
103389
103389
103389
103388
103388
103388
103388
103388
103388
103388
103388
103388
103388
103388
103388
103388
103388
103388
103388
103388
103388
103388
103388
103388
103387
103387
103387
103387
103387
103387
103387
103387
103387
103387
103387
103387
103387
103387
103387
103387
103387
103387
103388
103387
103387
103387
103387
103387
103386
103386
103386
103386
103386
103386
103386
103386
103386
103386
103387
103387
103387
103387
103387
103386
103386
103386
103386
103386
103386
103386
103386
103386
103386
103386
103386
103386
103386
103386
103386
103386
103386
103386
103386
103385
103385
103385
103385
103385
103385
103385
103385
103385
103385
103385
103385
103385
103385
103385
103385
103385
103385
103385
103385
103385
103385
103384
103384
103384
103384
103384
103384
103384
103384
103384
103384
103384
103384
103384
103384
103384
103384
103385
103385
103384
103384
103384
103384
103384
103384
103384
103384
103384
103384
103384
103384
103384
103384
103384
103384
103384
103384
103384
103384
103383
103383
103383
103383
103383
103383
103383
103383
103383
103383
103383
103383
103383
103383
103383
103383
103383
103383
103383
103383
103383
103383
103382
103382
103382
103382
103382
103382
103382
103382
103382
103382
103382
103382
103382
103382
103382
103382
103383
103383
103382
103382
103382
103382
103382
103382
103382
103382
103382
103382
103382
103382
103382
103382
103382
103382
103382
103382
103382
103382
103381
103381
103381
103381
103381
103381
103381
103381
103381
103381
103381
103381
103381
103381
103381
103381
103381
103381
103381
103381
103381
103380
103380
103380
103380
103380
103380
103380
103380
103380
103380
103380
103380
103380
103380
103380
103380
103380
103380
103381
103380
103380
103380
103380
103380
103380
103380
103380
103380
103380
103380
103380
103380
103380
103380
103380
103380
103380
103380
103380
103379
103379
103379
103379
103379
103379
103379
103379
103379
103379
103379
103379
103379
103379
103379
103379
103379
103379
103379
103379
103379
103379
103378
103378
103378
103378
103378
103378
103378
103378
103378
103378
103378
103378
103378
103378
103378
103379
103379
103379
103378
103378
103378
103378
103378
103378
103378
103378
103378
103378
103378
103378
103378
103378
103378
103378
103378
103378
103378
103378
103377
103377
103377
103377
103377
103377
103377
103377
103377
103377
103377
103377
103377
103377
103377
103377
103377
103377
103377
103377
103377
103377
103377
103377
103377
103377
103377
103377
103377
103377
103377
103377
103377
103377
103377
103377
103377
103377
103377
103377
103376
103376
103376
103376
103376
103376
103376
103376
103376
103376
103376
103376
103376
103376
103376
103376
103376
103376
103376
103376
103376
103375
103375
103375
103375
103375
103375
103375
103375
103375
103375
103375
103376
103376
103376
103376
103376
103376
103376
103376
103375
103375
103375
103375
103375
103375
103375
103375
103375
103375
103375
103375
103375
103375
103375
103375
103375
103375
103375
103375
103374
103374
103374
103374
103374
103374
103374
103374
103374
103374
103374
103374
103374
103374
103374
103374
103374
103374
103374
103375
103374
103374
103374
103374
103374
103374
103374
103374
103374
103374
103374
103374
103374
103374
103374
103374
103374
103374
103374
103374
103373
103373
103373
103373
103373
103373
103373
103373
103373
103373
103373
103373
103373
103373
103373
103373
103373
103373
103373
103374
103373
103372
103372
103372
103372
103373
103373
103373
103373
103373
103373
103373
103373
103373
103373
103373
103373
103373
103373
103373
103372
103372
103372
103372
103372
103372
103372
103372
103372
103372
103372
103372
103372
103372
103372
103372
103372
103372
103372
103373
103372
103371
103371
103371
103371
103371
103371
103371
103372
103372
103372
103372
103372
103372
103372
103372
103372
103372
103372
103372
103371
103371
103371
103371
103371
103371
103371
103371
103371
103371
103371
103371
103371
103371
103371
103371
103371
103371
103372
103372
103370
103370
103370
103370
103370
103370
103370
103370
103370
103371
103371
103371
103371
103371
103371
103371
103371
103371
103371
103371
103369
103369
103369
103369
103369
103369
103370
103370
103370
103370
103370
103370
103370
103371
103371
103371
103371
103371
103371
103371
103368
103368
103368
103368
103369
103369
103369
103369
103369
103370
103370
103370
103370
103370
103370
103370
103371
103371
103371
103371
103368
103367
103367
103368
103368
103368
103368
103368
103369
103369
103369
103369
103370
103370
103370
103370
103370
103370
103371
103371
103366
103366
103366
103367
103367
103367
103367
103368
103368
103368
103369
103369
103369
103370
103370
103370
103370
103370
103371
103371
103365
103365
103365
103365
103366
103366
103366
103367
103367
103368
103368
103369
103369
103369
103370
103370
103370
103370
103371
103371
103364
103364
103364
103364
103365
103365
103366
103366
103367
103367
103368
103368
103369
103369
103370
103370
103370
103371
103371
103371
103362
103362
103362
103363
103363
103364
103364
103365
103366
103367
103367
103368
103369
103369
103370
103370
103371
103371
103372
103372
103360
103360
103360
103361
103361
103362
103363
103364
103365
103366
103367
103368
103369
103370
103370
103371
103372
103372
103373
103373
103357
103357
103358
103358
103359
103360
103361
103363
103364
103365
103367
103368
103369
103370
103371
103372
103373
103373
103374
103374
103354
103354
103354
103355
103356
103358
103359
103361
103363
103364
103366
103368
103369
103371
103372
103373
103374
103375
103376
103376
103349
103349
103350
103351
103353
103354
103356
103359
103361
103363
103366
103368
103370
103372
103373
103375
103376
103378
103379
103379
103344
103344
103345
103347
103348
103351
103353
103356
103359
103362
103365
103368
103371
103373
103376
103378
103379
103381
103382
103383
103336
103337
103338
103340
103343
103346
103349
103353
103357
103361
103365
103368
103372
103375
103379
103381
103384
103386
103387
103388
103327
103328
103330
103333
103336
103340
103345
103350
103355
103360
103365
103369
103374
103378
103383
103386
103389
103392
103394
103394
103315
103316
103319
103323
103327
103333
103339
103345
103352
103358
103365
103371
103377
103383
103388
103393
103397
103400
103402
103403
103298
103300
103304
103309
103316
103323
103332
103340
103349
103357
103366
103374
103381
103389
103395
103401
103407
103411
103414
103414
103275
103278
103284
103291
103300
103311
103322
103333
103344
103355
103366
103377
103387
103396
103405
103412
103419
103424
103427
103428
103243
103248
103256
103266
103279
103293
103308
103323
103338
103353
103367
103381
103394
103406
103417
103426
103434
103441
103444
103445
103196
103204
103216
103231
103250
103270
103290
103311
103331
103350
103369
103386
103403
103418
103431
103443
103453
103460
103465
103465
103124
103137
103156
103181
103208
103237
103266
103295
103322
103347
103371
103393
103414
103432
103449
103463
103475
103484
103488
103489
103005
103032
103066
103106
103149
103193
103234
103274
103310
103344
103374
103402
103427
103450
103469
103486
103500
103510
103515
103515
102783
102852
102920
102992
103063
103130
103192
103247
103296
103340
103379
103414
103444
103470
103493
103512
103527
103537
103543
103543
102409
102553
102691
102825
102946
103052
103143
103220
103286
103343
103391
103432
103467
103497
103522
103541
103556
103566
103571
103570
102324
102475
102620
102761
102888
103000
103096
103179
103250
103311
103363
103407
103445
103477
103504
103525
103542
103553
103558
103558
102716
102787
102859
102935
103010
103081
103147
103206
103260
103308
103350
103387
103420
103449
103473
103494
103510
103522
103528
103528
102949
102977
103013
103055
103101
103147
103192
103235
103275
103311
103345
103375
103402
103427
103448
103466
103481
103491
103497
103498
103075
103089
103109
103135
103164
103195
103227
103257
103287
103315
103341
103366
103388
103408
103425
103441
103454
103463
103468
103469
103152
103160
103172
103189
103209
103230
103252
103275
103297
103318
103339
103358
103376
103392
103407
103419
103430
103438
103443
103443
103203
103207
103216
103227
103240
103256
103272
103288
103305
103321
103337
103352
103366
103379
103391
103401
103410
103417
103421
103421
103237
103240
103246
103254
103263
103274
103286
103299
103311
103324
103336
103347
103358
103369
103378
103386
103393
103399
103402
103403
103261
103264
103268
103273
103280
103288
103297
103306
103316
103325
103335
103344
103352
103361
103368
103374
103380
103384
103387
103388
103279
103281
103284
103288
103293
103299
103305
103312
103320
103327
103334
103341
103348
103354
103360
103365
103369
103373
103375
103376
103293
103294
103296
103299
103302
103307
103312
103317
103322
103328
103333
103339
103344
103349
103354
103358
103361
103364
103366
103366
103303
103304
103305
103307
103310
103313
103317
103320
103325
103329
103333
103338
103342
103346
103349
103352
103355
103357
103358
103359
103311
103311
103312
103314
103316
103318
103321
103324
103328
103331
103334
103337
103340
103343
103346
103348
103350
103352
103353
103353
103317
103317
103318
103319
103321
103323
103325
103327
103330
103332
103335
103337
103339
103342
103343
103345
103347
103348
103349
103349
103321
103321
103322
103323
103324
103326
103328
103329
103331
103333
103335
103337
103339
103340
103342
103343
103344
103345
103346
103346
103325
103325
103325
103326
103327
103328
103330
103331
103333
103334
103335
103337
103338
103339
103340
103341
103342
103343
103344
103344
103328
103328
103328
103329
103330
103330
103331
103332
103334
103335
103336
103337
103338
103339
103340
103340
103341
103342
103342
103342
103330
103330
103330
103331
103331
103332
103333
103334
103335
103335
103336
103337
103338
103339
103339
103340
103340
103341
103341
103341
103332
103332
103332
103333
103333
103334
103334
103335
103335
103336
103337
103337
103338
103338
103339
103339
103340
103340
103340
103341
103334
103334
103334
103334
103334
103335
103335
103336
103336
103337
103337
103338
103338
103339
103339
103339
103339
103340
103340
103340
103335
103335
103335
103335
103336
103336
103336
103337
103337
103337
103338
103338
103338
103339
103339
103339
103339
103340
103340
103340
103336
103336
103336
103336
103337
103337
103337
103337
103338
103338
103338
103338
103339
103339
103339
103339
103340
103340
103340
103340
103338
103337
103337
103337
103337
103338
103338
103338
103338
103338
103339
103339
103339
103339
103340
103340
103340
103340
103340
103340
103339
103338
103338
103338
103338
103338
103339
103339
103339
103339
103339
103339
103340
103340
103340
103340
103340
103340
103340
103340
103339
103339
103339
103339
103339
103339
103339
103339
103340
103340
103340
103340
103340
103340
103340
103340
103341
103341
103341
103341
103340
103340
103340
103340
103340
103340
103340
103340
103340
103340
103340
103341
103341
103341
103341
103341
103341
103341
103341
103341
103341
103341
103341
103341
103341
103341
103341
103341
103341
103341
103341
103341
103341
103341
103341
103341
103341
103342
103342
103342
103342
103341
103341
103341
103341
103341
103342
103342
103342
103342
103342
103342
103342
103342
103342
103342
103342
103342
103342
103342
103342
103342
103342
103342
103342
103342
103342
103342
103342
103342
103342
103342
103342
103342
103343
103343
103343
103343
103343
103343
103343
103343
103343
103343
103343
103343
103343
103343
103343
103343
103343
103343
103343
103343
103343
103343
103343
103343
103343
103343
103344
103344
103344
103344
103344
103344
103344
103344
103344
103344
103344
103344
103344
103344
103344
103344
103344
103344
103344
103344
103344
103344
103344
103344
103344
103344
103344
103344
103344
103344
103344
103344
103344
103344
103344
103344
103344
103344
103345
103345
103345
103345
103345
103345
103345
103345
103345
103345
103345
103345
103345
103345
103345
103345
103345
103345
103345
103345
103345
103345
103346
103346
103346
103346
103346
103346
103346
103346
103346
103346
103346
103346
103346
103346
103346
103346
103346
103346
103346
103346
103346
103346
103346
103346
103346
103346
103346
103346
103346
103346
103346
103346
103346
103346
103346
103346
103346
103346
103346
103347
103347
103347
103347
103347
103347
103347
103347
103347
103347
103347
103347
103347
103347
103347
103347
103347
103347
103347
103347
103347
103348
103348
103348
103348
103348
103348
103348
103348
103348
103348
103348
103348
103348
103348
103348
103348
103348
103348
103348
103348
103349
103348
103348
103348
103348
103348
103348
103348
103348
103348
103348
103348
103348
103348
103348
103348
103348
103348
103349
103349
103349
103349
103349
103349
103349
103349
103349
103349
103349
103349
103349
103349
103349
103349
103349
103349
103349
103349
103349
103349
103350
103350
103350
103350
103350
103350
103350
103350
103350
103350
103350
103350
103350
103350
103350
103350
103350
103350
103350
103350
103351
103351
103350
103350
103350
103350
103350
103350
103350
103350
103350
103350
103350
103350
103350
103350
103350
103351
103351
103351
103351
103351
103351
103351
103351
103351
103351
103351
103351
103351
103351
103351
103351
103351
103351
103351
103351
103351
103351
103351
103352
103352
103352
103352
103352
103352
103352
103352
103352
103352
103352
103352
103352
103352
103352
103352
103352
103352
103352
103352
103353
103353
103353
103353
103353
103353
103353
103352
103352
103352
103352
103352
103352
103353
103353
103353
103353
103353
103353
103353
103354
103353
103353
103353
103353
103353
103353
103353
103353
103353
103353
103353
103353
103353
103353
103353
103353
103353
103353
103354
103354
103354
103354
103354
103354
103354
103354
103354
103354
103354
103354
103354
103354
103354
103354
103354
103354
103354
103354
103354
103355
103355
103355
103355
103355
103355
103355
103355
103355
103355
103355
103355
103355
103355
103355
103355
103355
103355
103355
103355
103356
103356
103356
103355
103355
103355
103355
103355
103355
103355
103355
103355
103355
103355
103355
103355
103356
103356
103356
103356
103357
103356
103356
103356
103356
103356
103356
103356
103356
103356
103356
103356
103356
103356
103356
103356
103356
103356
103356
103357
103357
103357
103357
103357
103357
103357
103357
103357
103357
103357
103357
103357
103357
103357
103357
103357
103357
103357
103357
103357
103358
103358
103358
103358
103358
103358
103358
103358
103358
103358
103358
103358
103358
103358
103358
103358
103358
103358
103358
103358
103359
103359
103359
103358
103358
103358
103358
103358
103358
103358
103358
103358
103358
103358
103358
103358
103358
103359
103359
103359
103360
103359
103359
103359
103359
103359
103359
103359
103359
103359
103359
103359
103359
103359
103359
103359
103359
103359
103359
103360
103360
103360
103360
103360
103360
103360
103360
103360
103360
103360
103360
103360
103360
103360
103360
103360
103360
103360
103360
103360
103361
103361
103361
103361
103361
103361
103361
103361
103361
103361
103361
103361
103361
103361
103361
103361
103361
103361
103361
103361
103362
103362
103362
103362
103362
103362
103361
103361
103361
103361
103361
103361
103361
103361
103362
103362
103362
103362
103362
103362
103363
103363
103362
103362
103362
103362
103362
103362
103362
103362
103362
103362
103362
103362
103362
103362
103362
103362
103363
103363
103364
103363
103363
103363
103363
103363
103363
103363
103363
103363
103363
103363
103363
103363
103363
103363
103363
103363
103363
103364
103365
103364
103364
103364
103364
103364
103364
103364
103364
103364
103364
103364
103364
103364
103364
103364
103364
103364
103364
103365
103365
103365
103365
103365
103365
103365
103365
103365
103365
103365
103365
103365
103365
103365
103365
103365
103365
103365
103365
103365
103366
103366
103366
103366
103365
103365
103365
103365
103365
103365
103365
103365
103365
103365
103365
103365
103366
103366
103366
103366
103367
103367
103366
103366
103366
103366
103366
103366
103366
103366
103366
103366
103366
103366
103366
103366
103366
103366
103367
103367
103368
103367
103367
103367
103367
103367
103367
103367
103367
103367
103367
103367
103367
103367
103367
103367
103367
103367
103367
103368
103369
103368
103368
103368
103368
103368
103368
103368
103368
103368
103368
103368
103368
103368
103368
103368
103368
103368
103368
103369
103370
103369
103369
103369
103369
103369
103369
103369
103369
103369
103369
103369
103369
103369
103369
103369
103369
103369
103369
103370
103371
103370
103370
103370
103370
103370
103370
103369
103369
103369
103369
103369
103369
103370
103370
103370
103370
103370
103370
103371
103371
103371
103371
103370
103370
103370
103370
103370
103370
103370
103370
103370
103370
103370
103370
103370
103370
103371
103371
103371
103372
103372
103371
103371
103371
103371
103371
103371
103371
103371
103371
103371
103371
103371
103371
103371
103371
103371
103372
103372
103373
103372
103372
103372
103372
103372
103372
103372
103372
103372
103372
103372
103372
103372
103372
103372
103372
103372
103372
103373
103374
103373
103373
103373
103373
103373
103373
103373
103373
103373
103373
103373
103373
103373
103373
103373
103373
103373
103373
103374
103375
103374
103374
103374
103374
103374
103374
103374
103374
103374
103374
103374
103374
103374
103374
103374
103374
103374
103374
103375
103376
103375
103375
103375
103375
103375
103375
103374
103374
103374
103374
103374
103374
103375
103375
103375
103375
103375
103375
103376
103377
103376
103376
103376
103375
103375
103375
103375
103375
103375
103375
103375
103375
103375
103375
103375
103376
103376
103376
103377
103378
103377
103376
103376
103376
103376
103376
103376
103376
103376
103376
103376
103376
103376
103376
103376
103376
103376
103377
103378
103379
103377
103377
103377
103377
103377
103377
103377
103377
103377
103377
103377
103377
103377
103377
103377
103377
103377
103377
103379
103379
103378
103378
103378
103378
103378
103378
103378
103378
103378
103378
103378
103378
103378
103378
103378
103378
103378
103378
103379
103380
103379
103379
103379
103379
103379
103379
103379
103379
103379
103379
103379
103379
103379
103379
103379
103379
103379
103379
103380
103381
103380
103380
103380
103380
103380
103380
103380
103380
103380
103380
103380
103380
103380
103380
103380
103380
103380
103380
103381
103382
103381
103381
103381
103381
103381
103380
103380
103380
103380
103380
103380
103380
103380
103381
103381
103381
103381
103381
103382
103383
103382
103382
103381
103381
103381
103381
103381
103381
103381
103381
103381
103381
103381
103381
103381
103381
103382
103382
103383
103384
103383
103382
103382
103382
103382
103382
103382
103382
103382
103382
103382
103382
103382
103382
103382
103382
103382
103383
103384
103385
103383
103383
103383
103383
103383
103383
103383
103383
103383
103383
103383
103383
103383
103383
103383
103383
103383
103383
103385
103386
103384
103384
103384
103384
103384
103384
103384
103384
103384
103384
103384
103384
103384
103384
103384
103384
103384
103384
103386
103387
103385
103385
103385
103385
103385
103385
103385
103385
103385
103385
103385
103385
103385
103385
103385
103385
103385
103385
103387
103387
103386
103386
103386
103386
103386
103385
103385
103385
103385
103385
103385
103385
103385
103386
103386
103386
103386
103386
103387
103388
103387
103387
103386
103386
103386
103386
103386
103386
103386
103386
103386
103386
103386
103386
103386
103386
103387
103387
103388
103389
103387
103387
103387
103387
103387
103387
103387
103387
103387
103387
103387
103387
103387
103387
103387
103387
103387
103387
103389
103390
103388
103388
103388
103388
103388
103388
103388
103388
103388
103388
103388
103388
103388
103388
103388
103388
103388
103388
103390
103391
103389
103389
103389
103389
103389
103389
103389
103389
103389
103389
103389
103389
103389
103389
103389
103389
103389
103389
103391
103392
103390
103390
103390
103390
103389
103389
103389
103389
103389
103389
103389
103389
103389
103389
103390
103390
103390
103390
103392
103392
103391
103390
103390
103390
103390
103390
103390
103390
103390
103390
103390
103390
103390
103390
103390
103390
103390
103391
103392
103393
103391
103391
103391
103391
103391
103391
103391
103391
103391
103391
103391
103391
103391
103391
103391
103391
103391
103391
103393
103394
103392
103392
103392
103392
103392
103392
103392
103392
103391
103391
103392
103392
103392
103392
103392
103392
103392
103392
103394
103395
103393
103393
103392
103392
103392
103392
103392
103392
103392
103392
103392
103392
103392
103392
103392
103392
103393
103393
103395
103395
103393
103393
103393
103393
103393
103393
103393
103393
103393
103393
103393
103393
103393
103393
103393
103393
103393
103393
103395
103396
103394
103394
103394
103394
103394
103394
103394
103393
103393
103393
103393
103394
103394
103394
103394
103394
103394
103394
103396
103396
103395
103394
103394
103394
103394
103394
103394
103394
103394
103394
103394
103394
103394
103394
103394
103394
103394
103395
103396
103397
103395
103395
103395
103395
103395
103395
103395
103395
103395
103395
103395
103395
103395
103395
103395
103395
103395
103395
103397
103397
103394
103394
103394
103394
103394
103394
103394
103394
103394
103394
103394
103394
103394
103394
103394
103394
103394
103394
103397
103398
103396
103395
103395
103394
103394
103394
103394
103393
103393
103393
103393
103394
103394
103394
103394
103395
103395
103396
103398
103401
103399
103398
103397
103396
103396
103395
103395
103395
103394
103394
103395
103395
103395
103396
103396
103397
103398
103399
103401
)
;

boundaryField
{
    outlet
    {
        type            fixedValue;
        value           uniform 100000;
    }
    inlet1
    {
        type            zeroGradient;
    }
    inlet2
    {
        type            zeroGradient;
    }
    frontAndBack
    {
        type            empty;
    }
    defaultFaces
    {
        type            zeroGradient;
    }
}


// ************************************************************************* //
