/*--------------------------------*- C++ -*----------------------------------*\
| =========                 |                                                 |
| \\      /  F ield         | OpenFOAM: The Open Source CFD Toolbox           |
|  \\    /   O peration     | Version:  2.1.0                                 |
|   \\  /    A nd           | Web:      www.OpenFOAM.org                      |
|    \\/     M anipulation  |                                                 |
\*---------------------------------------------------------------------------*/
FoamFile
{
    version     2.0;
    format      ascii;
    class       volScalarField;
    location    "0.44";
    object      C1;
}
// * * * * * * * * * * * * * * * * * * * * * * * * * * * * * * * * * * * * * //

dimensions      [0 0 0 0 0 0 0];

internalField   nonuniform List<scalar> 
6400
(
5.18465e-05
5.08634e-05
4.98352e-05
4.88015e-05
4.77678e-05
4.67365e-05
4.57086e-05
4.4685e-05
4.36663e-05
4.26528e-05
4.16451e-05
4.06432e-05
3.96477e-05
3.86586e-05
3.76764e-05
3.67013e-05
3.57334e-05
3.47733e-05
3.3821e-05
3.28768e-05
3.19412e-05
3.10143e-05
3.00965e-05
2.9188e-05
2.82892e-05
2.74003e-05
2.65218e-05
2.56538e-05
2.47967e-05
2.39508e-05
2.31163e-05
2.22936e-05
2.14829e-05
2.06846e-05
1.98989e-05
1.91261e-05
1.83666e-05
1.76205e-05
1.68882e-05
1.61699e-05
1.54658e-05
1.47764e-05
1.41017e-05
1.3442e-05
1.27976e-05
1.21686e-05
1.15553e-05
1.09579e-05
1.03766e-05
9.8115e-06
9.26282e-06
8.73075e-06
8.21546e-06
7.71708e-06
7.23571e-06
6.77142e-06
6.32426e-06
5.89432e-06
5.48166e-06
5.08631e-06
4.70826e-06
4.34744e-06
4.00378e-06
3.67717e-06
3.36744e-06
3.07442e-06
2.79789e-06
2.53758e-06
2.29323e-06
2.06451e-06
1.85107e-06
1.65252e-06
1.46846e-06
1.29845e-06
1.14201e-06
9.98665e-07
8.6789e-07
7.49153e-07
6.41901e-07
5.45564e-07
4.59558e-07
3.83286e-07
3.16146e-07
2.57527e-07
2.06815e-07
1.63399e-07
1.26673e-07
9.60418e-08
7.0921e-08
5.07372e-08
3.4925e-08
2.29258e-08
1.41969e-08
8.2087e-09
4.40533e-09
2.19403e-09
9.16819e-10
2.8816e-10
6.46347e-11
1.16976e-11
5.86171e-05
5.7616e-05
5.65535e-05
5.54744e-05
5.43887e-05
5.33009e-05
5.22134e-05
5.11277e-05
5.00449e-05
4.89655e-05
4.78901e-05
4.6819e-05
4.57527e-05
4.46913e-05
4.36351e-05
4.25846e-05
4.15398e-05
4.05011e-05
3.94688e-05
3.84431e-05
3.74243e-05
3.64127e-05
3.54086e-05
3.44123e-05
3.34242e-05
3.24445e-05
3.14737e-05
3.05121e-05
2.95599e-05
2.86176e-05
2.76854e-05
2.67638e-05
2.5853e-05
2.49534e-05
2.40653e-05
2.31891e-05
2.23252e-05
2.14738e-05
2.06353e-05
1.98101e-05
1.89985e-05
1.82009e-05
1.74175e-05
1.66488e-05
1.58951e-05
1.51567e-05
1.44338e-05
1.3727e-05
1.30363e-05
1.23622e-05
1.17049e-05
1.10647e-05
1.04419e-05
9.83683e-06
9.24984e-06
8.68119e-06
8.13113e-06
7.5999e-06
7.08776e-06
6.59491e-06
6.12152e-06
5.66771e-06
5.23356e-06
4.81909e-06
4.42431e-06
4.04917e-06
3.69358e-06
3.35742e-06
3.0405e-06
2.7426e-06
2.46347e-06
2.20277e-06
1.96015e-06
1.7352e-06
1.52746e-06
1.33645e-06
1.16163e-06
1.00241e-06
8.58173e-07
7.2828e-07
6.12048e-07
5.08766e-07
4.17711e-07
3.38139e-07
2.69298e-07
2.10434e-07
1.60794e-07
1.19633e-07
8.62087e-08
5.97765e-08
3.95734e-08
2.48003e-08
1.46022e-08
8.05755e-09
4.19335e-09
2.14559e-09
9.85864e-10
3.97243e-10
1.45584e-10
5.62493e-11
7.35174e-05
7.2467e-05
7.13281e-05
7.01548e-05
6.89634e-05
6.77621e-05
6.65552e-05
6.53453e-05
6.41342e-05
6.29227e-05
6.17117e-05
6.05016e-05
5.92929e-05
5.80858e-05
5.68806e-05
5.56777e-05
5.44772e-05
5.32795e-05
5.20848e-05
5.08933e-05
4.97055e-05
4.85214e-05
4.73415e-05
4.6166e-05
4.49952e-05
4.38294e-05
4.2669e-05
4.15144e-05
4.03661e-05
3.92245e-05
3.80899e-05
3.69628e-05
3.58437e-05
3.47328e-05
3.36307e-05
3.25378e-05
3.14545e-05
3.03813e-05
2.93187e-05
2.82672e-05
2.72272e-05
2.61993e-05
2.5184e-05
2.41818e-05
2.31932e-05
2.22188e-05
2.12592e-05
2.03148e-05
1.93862e-05
1.8474e-05
1.75788e-05
1.67012e-05
1.58418e-05
1.50012e-05
1.41802e-05
1.33794e-05
1.25995e-05
1.1841e-05
1.11046e-05
1.03908e-05
9.70013e-06
9.03315e-06
8.39029e-06
7.77194e-06
7.17846e-06
6.61015e-06
6.06725e-06
5.54996e-06
5.0584e-06
4.59262e-06
4.15262e-06
3.7383e-06
3.3495e-06
2.98596e-06
2.64737e-06
2.33331e-06
2.04329e-06
1.77674e-06
1.53303e-06
1.31143e-06
1.11115e-06
9.31356e-07
7.71151e-07
6.29608e-07
5.05767e-07
3.9865e-07
3.07264e-07
2.30606e-07
1.67657e-07
1.1735e-07
7.85331e-08
4.99183e-08
3.00344e-08
1.72211e-08
9.70012e-09
5.52889e-09
2.98614e-09
1.5368e-09
7.86923e-10
4.51182e-10
9.74904e-05
9.63613e-05
9.51156e-05
9.38154e-05
9.24828e-05
9.11298e-05
8.9763e-05
8.83864e-05
8.70026e-05
8.56129e-05
8.42182e-05
8.28193e-05
8.14165e-05
8.00102e-05
7.86006e-05
7.7188e-05
7.57726e-05
7.43547e-05
7.29344e-05
7.15121e-05
7.00879e-05
6.86622e-05
6.7235e-05
6.58068e-05
6.43778e-05
6.29484e-05
6.15187e-05
6.00893e-05
5.86606e-05
5.72332e-05
5.58073e-05
5.43835e-05
5.29623e-05
5.1544e-05
5.01293e-05
4.87186e-05
4.73124e-05
4.59114e-05
4.45162e-05
4.31273e-05
4.17454e-05
4.03711e-05
3.90053e-05
3.76486e-05
3.63017e-05
3.49655e-05
3.36407e-05
3.23284e-05
3.10293e-05
2.97444e-05
2.84748e-05
2.72215e-05
2.59856e-05
2.47681e-05
2.35701e-05
2.23927e-05
2.1237e-05
2.01042e-05
1.89953e-05
1.79115e-05
1.68539e-05
1.58237e-05
1.48219e-05
1.38496e-05
1.29076e-05
1.19971e-05
1.11187e-05
1.02734e-05
9.46185e-06
8.68466e-06
7.94239e-06
7.23549e-06
6.56426e-06
5.92893e-06
5.32956e-06
4.76609e-06
4.23835e-06
3.746e-06
3.28861e-06
2.8656e-06
2.47629e-06
2.1199e-06
1.79556e-06
1.50237e-06
1.2394e-06
1.0057e-06
8.00343e-07
6.22401e-07
4.70964e-07
3.45053e-07
2.43502e-07
1.64788e-07
1.0684e-07
6.69684e-08
4.1815e-08
2.62372e-08
1.59454e-08
9.52077e-09
5.84151e-09
4.0871e-09
0.000131601
0.000130384
0.000129029
0.000127601
0.000126127
0.000124621
0.000123092
0.000121545
0.000119984
0.000118411
0.000116826
0.00011523
0.000113623
0.000112007
0.00011038
0.000108744
0.000107098
0.000105443
0.000103779
0.000102105
0.000100422
9.87304e-05
9.70302e-05
9.53216e-05
9.3605e-05
9.18807e-05
9.01486e-05
8.84092e-05
8.66627e-05
8.49095e-05
8.31499e-05
8.13845e-05
7.96135e-05
7.78374e-05
7.60567e-05
7.42718e-05
7.24833e-05
7.06918e-05
6.88979e-05
6.71021e-05
6.53053e-05
6.35081e-05
6.17113e-05
5.99158e-05
5.81223e-05
5.6332e-05
5.45456e-05
5.27644e-05
5.09894e-05
4.92218e-05
4.7463e-05
4.57141e-05
4.39766e-05
4.22518e-05
4.05411e-05
3.8846e-05
3.7168e-05
3.55088e-05
3.387e-05
3.22533e-05
3.06605e-05
2.90935e-05
2.7554e-05
2.60437e-05
2.45644e-05
2.31178e-05
2.17055e-05
2.03292e-05
1.89903e-05
1.76904e-05
1.64309e-05
1.52131e-05
1.40381e-05
1.29071e-05
1.1821e-05
1.07806e-05
9.78656e-06
8.8395e-06
7.93977e-06
7.08771e-06
6.28353e-06
5.52727e-06
4.81903e-06
4.15891e-06
3.54707e-06
2.98384e-06
2.46975e-06
2.00557e-06
1.59242e-06
1.23159e-06
9.24278e-07
6.71084e-07
4.71367e-07
3.22706e-07
2.20375e-07
1.50563e-07
1.00813e-07
6.72367e-08
4.65628e-08
3.66002e-08
0.000177017
0.000175742
0.000174319
0.000172813
0.00017125
0.000169647
0.000168014
0.000166356
0.000164678
0.00016298
0.000161264
0.000159531
0.000157782
0.000156016
0.000154233
0.000152434
0.000150619
0.000148787
0.000146939
0.000145074
0.000143193
0.000141295
0.000139381
0.000137452
0.000135506
0.000133544
0.000131567
0.000129573
0.000127564
0.000125539
0.000123498
0.000121442
0.000119371
0.000117285
0.000115185
0.00011307
0.000110941
0.000108798
0.000106641
0.000104472
0.00010229
0.000100095
9.78892e-05
9.5672e-05
9.34443e-05
9.12067e-05
8.89598e-05
8.67045e-05
8.44416e-05
8.2172e-05
7.98967e-05
7.76168e-05
7.53333e-05
7.30474e-05
7.07602e-05
6.84731e-05
6.61876e-05
6.3905e-05
6.16269e-05
5.93552e-05
5.70917e-05
5.48385e-05
5.25977e-05
5.03711e-05
4.81609e-05
4.59693e-05
4.37984e-05
4.16503e-05
3.95275e-05
3.7432e-05
3.53663e-05
3.33326e-05
3.13331e-05
2.937e-05
2.74456e-05
2.55619e-05
2.3721e-05
2.19248e-05
2.01752e-05
1.84741e-05
1.68233e-05
1.52248e-05
1.36806e-05
1.21932e-05
1.07655e-05
9.40109e-06
8.10465e-06
6.88214e-06
5.74142e-06
4.69241e-06
3.74662e-06
2.91627e-06
2.21274e-06
1.64428e-06
1.21521e-06
8.97382e-07
6.53925e-07
4.77323e-07
3.61707e-07
3.05911e-07
0.000234783
0.000233534
0.000232148
0.000230681
0.000229157
0.000227589
0.000225988
0.000224359
0.000222706
0.000221031
0.000219334
0.000217616
0.000215878
0.00021412
0.000212341
0.000210542
0.000208722
0.000206882
0.00020502
0.000203138
0.000201234
0.000199309
0.000197362
0.000195393
0.000193402
0.000191389
0.000189355
0.000187297
0.000185218
0.000183115
0.00018099
0.000178841
0.000176669
0.000174474
0.000172254
0.000170011
0.000167744
0.000165452
0.000163135
0.000160793
0.000158426
0.000156033
0.000153615
0.00015117
0.000148699
0.000146201
0.000143676
0.000141124
0.000138545
0.000135939
0.000133305
0.000130643
0.000127954
0.000125237
0.000122493
0.000119721
0.000116922
0.000114096
0.000111244
0.000108366
0.000105463
0.000102536
9.95872e-05
9.66165e-05
9.36255e-05
9.06157e-05
8.75884e-05
8.45453e-05
8.1488e-05
7.84182e-05
7.53379e-05
7.2249e-05
6.91533e-05
6.60529e-05
6.29497e-05
5.98457e-05
5.67425e-05
5.3642e-05
5.05458e-05
4.74555e-05
4.43721e-05
4.12971e-05
3.82323e-05
3.51805e-05
3.21452e-05
2.91322e-05
2.615e-05
2.32107e-05
2.03326e-05
1.75429e-05
1.48771e-05
1.23801e-05
1.01039e-05
8.10316e-06
6.43869e-06
5.11202e-06
4.02187e-06
3.17334e-06
2.58386e-06
2.29532e-06
0.00030525
0.000304177
0.000302998
0.000301754
0.000300462
0.000299132
0.000297773
0.000296388
0.000294981
0.000293553
0.000292105
0.000290637
0.00028915
0.000287644
0.000286118
0.000284572
0.000283007
0.000281421
0.000279816
0.000278189
0.000276542
0.000274873
0.000273183
0.000271471
0.000269737
0.00026798
0.0002662
0.000264397
0.00026257
0.000260719
0.000258842
0.00025694
0.000255012
0.000253056
0.000251073
0.000249062
0.000247021
0.000244951
0.000242849
0.000240714
0.000238547
0.000236345
0.000234108
0.000231835
0.000229523
0.000227172
0.000224781
0.000222348
0.000219872
0.000217351
0.000214784
0.000212169
0.000209505
0.000206791
0.000204024
0.000201203
0.000198327
0.000195394
0.000192401
0.000189347
0.000186232
0.000183054
0.000179813
0.000176507
0.000173135
0.000169695
0.000166186
0.000162607
0.000158957
0.000155234
0.000151437
0.000147564
0.000143614
0.000139585
0.000135474
0.000131278
0.000126993
0.000122615
0.00011814
0.000113562
0.000108873
0.000104062
9.91187e-05
9.40339e-05
8.87961e-05
8.3396e-05
7.78277e-05
7.20886e-05
6.61853e-05
6.01472e-05
5.40234e-05
4.78903e-05
4.18572e-05
3.60642e-05
3.07016e-05
2.60967e-05
2.20516e-05
1.86646e-05
1.61543e-05
1.48737e-05
0.000387113
0.0003864
0.000385625
0.000384811
0.000383967
0.000383099
0.000382211
0.000381307
0.000380388
0.000379454
0.000378507
0.000377546
0.000376572
0.000375585
0.000374584
0.000373569
0.000372541
0.000371499
0.000370443
0.000369372
0.000368287
0.000367187
0.000366073
0.000364943
0.000363797
0.000362634
0.000361455
0.000360258
0.000359043
0.00035781
0.000356558
0.000355286
0.000353993
0.000352679
0.000351344
0.000349985
0.000348602
0.000347195
0.000345762
0.000344302
0.000342814
0.000341297
0.000339749
0.000338169
0.000336557
0.000334909
0.000333225
0.000331504
0.000329743
0.000327941
0.000326096
0.000324207
0.000322271
0.000320287
0.000318252
0.000316164
0.00031402
0.000311819
0.000309554
0.000307225
0.000304828
0.000302362
0.000299824
0.00029721
0.000294517
0.000291741
0.000288879
0.000285925
0.000282876
0.000279727
0.000276472
0.000273106
0.000269623
0.000266015
0.000262275
0.000258392
0.000254352
0.000250136
0.000245733
0.000241129
0.000236315
0.000231249
0.000225902
0.000220236
0.000214208
0.000207767
0.000200859
0.00019342
0.000185371
0.000176673
0.000167295
0.000157234
0.000146518
0.000135223
0.000123485
0.000111722
0.000101076
9.13954e-05
8.36247e-05
7.93133e-05
0.000476719
0.000476518
0.000476301
0.000476074
0.00047584
0.0004756
0.000475354
0.000475102
0.000474847
0.000474586
0.000474321
0.000474052
0.000473779
0.000473502
0.000473221
0.000472935
0.000472646
0.000472352
0.000472054
0.000471753
0.000471447
0.000471137
0.000470823
0.000470504
0.000470181
0.000469853
0.00046952
0.000469182
0.000468839
0.000468491
0.000468137
0.000467777
0.000467412
0.00046704
0.000466662
0.000466278
0.000465886
0.000465488
0.000465081
0.000464667
0.000464245
0.000463814
0.000463374
0.000462925
0.000462466
0.000461997
0.000461518
0.000461028
0.000460528
0.000460017
0.000459494
0.00045896
0.000458416
0.00045786
0.000457293
0.000456716
0.000456129
0.000455535
0.000454928
0.000454308
0.000453674
0.000453026
0.000452363
0.000451683
0.000450987
0.000450271
0.000449535
0.000448776
0.000447991
0.000447177
0.00044633
0.000445445
0.000444517
0.000443539
0.000442504
0.000441402
0.000440228
0.000438977
0.000437632
0.000436171
0.000434569
0.00043282
0.000430906
0.000428808
0.000426507
0.000423983
0.000421219
0.000418199
0.000414686
0.000410604
0.000405849
0.000400303
0.000393832
0.000386265
0.000377369
0.000366846
0.000354693
0.000342278
0.00033105
0.000323674
0.000568308
0.000568715
0.000569132
0.000569555
0.000569984
0.000570419
0.000570858
0.000571301
0.00057175
0.000572204
0.000572662
0.000573126
0.000573596
0.000574071
0.000574552
0.000575039
0.000575532
0.000576032
0.000576539
0.000577053
0.000577574
0.000578103
0.00057864
0.000579185
0.000579738
0.0005803
0.00058087
0.000581451
0.00058204
0.00058264
0.000583251
0.000583872
0.000584505
0.000585149
0.000585806
0.000586476
0.000587159
0.000587856
0.000588568
0.000589295
0.000590038
0.000590798
0.000591575
0.000592371
0.000593187
0.000594022
0.00059488
0.00059576
0.000596663
0.000597592
0.000598546
0.000599529
0.00060054
0.000601581
0.000602654
0.00060376
0.000604899
0.000606073
0.000607287
0.000608544
0.000609848
0.000611204
0.000612617
0.00061409
0.000615628
0.000617237
0.000618922
0.000620689
0.000622545
0.000624498
0.000626555
0.000628726
0.00063102
0.000633448
0.000636019
0.000638746
0.00064164
0.000644714
0.000647979
0.000651447
0.000655128
0.000659031
0.000663166
0.000667539
0.000672152
0.000677007
0.0006821
0.000687438
0.000693192
0.000699454
0.000706319
0.000713828
0.000721921
0.000730632
0.00073997
0.000749891
0.000760213
0.000770425
0.000779299
0.000784527
0.000654212
0.000655101
0.000656042
0.000657016
0.000658016
0.000659034
0.00066007
0.000661119
0.000662181
0.000663257
0.000664344
0.000665445
0.000666558
0.000667683
0.000668823
0.000669975
0.000671142
0.000672322
0.000673518
0.000674728
0.000675954
0.000677196
0.000678454
0.000679729
0.000681022
0.000682331
0.000683659
0.000685006
0.000686372
0.000687758
0.000689164
0.000690592
0.000692041
0.000693514
0.000695009
0.000696529
0.000698075
0.000699646
0.000701244
0.00070287
0.000704525
0.00070621
0.000707927
0.000709676
0.000711459
0.000713278
0.000715133
0.000717027
0.000718961
0.000720937
0.000722957
0.000725023
0.000727139
0.000729305
0.000731525
0.000733801
0.000736138
0.000738538
0.000741004
0.000743541
0.000746154
0.000748847
0.000751628
0.0007545
0.00075747
0.000760543
0.000763727
0.000767028
0.000770454
0.000774012
0.000777712
0.00078156
0.000785567
0.000789741
0.000794091
0.000798626
0.000803354
0.000808283
0.000813421
0.000818772
0.000824339
0.000830125
0.00083613
0.00084235
0.000848779
0.00085541
0.000862231
0.000869225
0.000876366
0.000883625
0.000890954
0.000898377
0.000906024
0.00091374
0.000921405
0.000928881
0.000935953
0.000942254
0.000947156
0.000949633
0.000729687
0.000730886
0.000732182
0.000733532
0.000734921
0.000736339
0.000737781
0.000739242
0.000740721
0.000742216
0.000743726
0.000745253
0.000746795
0.000748353
0.000749927
0.000751517
0.000753124
0.000754749
0.000756391
0.000758051
0.00075973
0.000761427
0.000763143
0.000764879
0.000766635
0.00076841
0.000770207
0.000772024
0.000773862
0.000775723
0.000777605
0.000779511
0.00078144
0.000783392
0.00078537
0.000787371
0.000789399
0.000791453
0.000793533
0.000795641
0.000797776
0.000799941
0.000802136
0.00080436
0.000806617
0.000808906
0.000811228
0.000813585
0.000815977
0.000818407
0.000820875
0.000823384
0.000825934
0.000828527
0.000831165
0.00083385
0.000836584
0.000839368
0.000842205
0.000845096
0.000848045
0.000851055
0.000854127
0.000857265
0.000860472
0.000863748
0.000867099
0.000870525
0.000874029
0.000877614
0.000881281
0.000885032
0.000888869
0.000892793
0.000896802
0.000900897
0.000905075
0.000909333
0.000913667
0.000918068
0.00092253
0.00092704
0.000931587
0.000936155
0.000940726
0.00094528
0.000949796
0.000954245
0.000958599
0.000962825
0.000966886
0.000970741
0.000974341
0.000977754
0.000980921
0.000983796
0.000986317
0.000988398
0.000989903
0.000990603
0.000792432
0.000793788
0.000795267
0.00079681
0.000798396
0.000800014
0.000801655
0.000803314
0.000804989
0.000806678
0.000808381
0.000810097
0.000811827
0.000813571
0.000815328
0.000817099
0.000818885
0.000820686
0.000822502
0.000824333
0.00082618
0.000828043
0.000829922
0.000831817
0.000833729
0.000835658
0.000837604
0.000839566
0.000841546
0.000843544
0.000845559
0.000847592
0.000849643
0.000851711
0.000853798
0.000855903
0.000858026
0.000860168
0.000862327
0.000864506
0.000866702
0.000868917
0.000871151
0.000873403
0.000875674
0.000877964
0.000880272
0.000882599
0.000884946
0.000887311
0.000889696
0.0008921
0.000894524
0.000896968
0.000899432
0.000901916
0.00090442
0.000906944
0.000909489
0.000912054
0.000914639
0.000917246
0.000919873
0.00092252
0.000925187
0.000927874
0.000930579
0.000933302
0.000936042
0.000938796
0.000941564
0.000944342
0.000947128
0.000949919
0.000952711
0.000955499
0.000958277
0.00096104
0.000963779
0.000966488
0.000969157
0.000971776
0.000974335
0.000976822
0.000979226
0.000981534
0.000983734
0.000985814
0.000987759
0.000989558
0.000991198
0.000992664
0.000993944
0.000995048
0.00099601
0.000996827
0.000997496
0.000998011
0.000998362
0.000998519
0.000842189
0.000843604
0.000845146
0.000846748
0.000848388
0.000850053
0.000851734
0.000853426
0.000855128
0.000856837
0.000858553
0.000860276
0.000862006
0.000863742
0.000865486
0.000867238
0.000868997
0.000870765
0.00087254
0.000874325
0.000876118
0.000877919
0.00087973
0.00088155
0.00088338
0.000885218
0.000887066
0.000888923
0.000890789
0.000892665
0.000894549
0.000896443
0.000898346
0.000900257
0.000902177
0.000904105
0.000906042
0.000907986
0.000909937
0.000911896
0.000913861
0.000915833
0.00091781
0.000919793
0.00092178
0.000923772
0.000925767
0.000927765
0.000929766
0.000931768
0.000933771
0.000935774
0.000937777
0.000939778
0.000941777
0.000943772
0.000945763
0.00094775
0.000949729
0.000951701
0.000953665
0.000955619
0.000957562
0.000959493
0.00096141
0.000963311
0.000965195
0.00096706
0.000968904
0.000970725
0.00097252
0.000974287
0.000976023
0.000977725
0.00097939
0.000981014
0.000982594
0.000984126
0.000985605
0.000987028
0.00098839
0.000989686
0.000990913
0.000992066
0.000993142
0.000994138
0.000995049
0.000995875
0.000996614
0.000997264
0.000997825
0.000998298
0.000998685
0.000998989
0.000999237
0.000999434
0.000999584
0.000999693
0.000999763
0.000999794
0.000879871
0.000881308
0.000882859
0.000884456
0.000886077
0.00088771
0.000889348
0.000890988
0.000892627
0.000894265
0.0008959
0.000897534
0.000899165
0.000900795
0.000902423
0.000904049
0.000905675
0.000907299
0.000908924
0.000910547
0.000912171
0.000913795
0.000915418
0.000917042
0.000918666
0.00092029
0.000921915
0.000923539
0.000925164
0.000926788
0.000928412
0.000930035
0.000931658
0.00093328
0.0009349
0.000936519
0.000938137
0.000939752
0.000941364
0.000942973
0.000944578
0.00094618
0.000947777
0.000949368
0.000950954
0.000952533
0.000954104
0.000955668
0.000957223
0.000958768
0.000960302
0.000961825
0.000963335
0.000964832
0.000966315
0.000967781
0.000969231
0.000970663
0.000972076
0.000973469
0.00097484
0.000976188
0.000977512
0.000978811
0.000980083
0.000981327
0.000982541
0.000983725
0.000984876
0.000985992
0.000987074
0.000988119
0.000989125
0.000990092
0.000991017
0.0009919
0.000992739
0.000993532
0.000994279
0.000994978
0.000995628
0.00099623
0.000996781
0.000997283
0.000997734
0.000998137
0.000998492
0.0009988
0.000999064
0.000999285
0.000999465
0.000999609
0.000999718
0.000999798
0.000999858
0.000999902
0.000999934
0.000999955
0.000999968
0.000999974
0.000906812
0.000908278
0.000909835
0.000911416
0.000913004
0.000914589
0.000916168
0.000917737
0.000919295
0.000920841
0.000922377
0.000923901
0.000925413
0.000926915
0.000928407
0.000929888
0.000931359
0.00093282
0.000934272
0.000935715
0.000937148
0.000938573
0.000939989
0.000941397
0.000942796
0.000944187
0.00094557
0.000946944
0.00094831
0.000949668
0.000951017
0.000952357
0.000953689
0.000955011
0.000956324
0.000957628
0.000958922
0.000960206
0.000961479
0.000962742
0.000963993
0.000965234
0.000966462
0.000967678
0.000968881
0.000970072
0.000971248
0.00097241
0.000973557
0.000974689
0.000975805
0.000976904
0.000977986
0.00097905
0.000980095
0.00098112
0.000982124
0.000983108
0.00098407
0.000985008
0.000985924
0.000986815
0.000987681
0.000988521
0.000989335
0.000990121
0.000990879
0.000991608
0.000992308
0.000992978
0.000993617
0.000994224
0.0009948
0.000995344
0.000995855
0.000996333
0.000996779
0.000997192
0.000997571
0.000997919
0.000998234
0.000998518
0.000998771
0.000998994
0.000999189
0.000999357
0.0009995
0.00099962
0.000999717
0.000999796
0.000999856
0.000999902
0.000999935
0.000999957
0.000999972
0.000999982
0.000999989
0.000999993
0.000999996
0.000999997
0.00092446
0.000925979
0.000927563
0.000929148
0.000930722
0.00093228
0.00093382
0.000935341
0.000936841
0.000938322
0.000939782
0.000941223
0.000942645
0.000944048
0.000945432
0.000946799
0.000948147
0.000949479
0.000950794
0.000952092
0.000953373
0.000954639
0.000955889
0.000957123
0.000958342
0.000959545
0.000960734
0.000961907
0.000963066
0.00096421
0.000965338
0.000966453
0.000967552
0.000968636
0.000969705
0.000970759
0.000971798
0.000972821
0.000973829
0.000974822
0.000975798
0.000976759
0.000977704
0.000978633
0.000979545
0.00098044
0.000981319
0.00098218
0.000983023
0.000983849
0.000984657
0.000985446
0.000986217
0.000986969
0.000987702
0.000988415
0.000989108
0.000989781
0.000990434
0.000991065
0.000991676
0.000992264
0.000992831
0.000993376
0.000993898
0.000994398
0.000994875
0.000995329
0.00099576
0.000996168
0.000996553
0.000996914
0.000997253
0.000997569
0.000997862
0.000998133
0.000998382
0.000998609
0.000998815
0.000999
0.000999166
0.000999312
0.000999441
0.000999552
0.000999647
0.000999727
0.000999793
0.000999847
0.000999891
0.000999924
0.000999949
0.000999967
0.00099998
0.000999988
0.000999993
0.000999996
0.000999998
0.000999999
0.000999999
0.001
0.000934327
0.000935916
0.000937547
0.000939161
0.000940751
0.000942314
0.000943849
0.000945358
0.000946839
0.000948293
0.000949721
0.000951124
0.000952501
0.000953853
0.00095518
0.000956484
0.000957765
0.000959022
0.000960257
0.000961471
0.000962662
0.000963832
0.000964981
0.00096611
0.000967218
0.000968305
0.000969374
0.000970422
0.000971451
0.00097246
0.000973451
0.000974422
0.000975374
0.000976308
0.000977223
0.000978119
0.000978997
0.000979856
0.000980697
0.000981519
0.000982323
0.000983109
0.000983876
0.000984625
0.000985355
0.000986067
0.000986761
0.000987436
0.000988092
0.000988731
0.00098935
0.000989952
0.000990534
0.000991098
0.000991644
0.000992171
0.000992679
0.000993169
0.00099364
0.000994092
0.000994525
0.00099494
0.000995337
0.000995714
0.000996074
0.000996415
0.000996738
0.000997042
0.000997329
0.000997599
0.00099785
0.000998085
0.000998303
0.000998505
0.00099869
0.00099886
0.000999015
0.000999156
0.000999282
0.000999395
0.000999496
0.000999584
0.000999661
0.000999727
0.000999784
0.000999832
0.000999871
0.000999903
0.000999929
0.00099995
0.000999965
0.000999977
0.000999985
0.000999991
0.000999995
0.000999998
0.000999999
0.001
0.001
0.001
0.000938032
0.00093968
0.000941362
0.000943015
0.000944636
0.000946224
0.00094778
0.000949303
0.000950796
0.000952257
0.000953688
0.00095509
0.000956463
0.000957808
0.000959124
0.000960414
0.000961677
0.000962914
0.000964125
0.000965311
0.000966472
0.000967609
0.000968722
0.000969811
0.000970877
0.000971921
0.000972942
0.00097394
0.000974917
0.000975872
0.000976805
0.000977717
0.000978608
0.000979478
0.000980328
0.000981157
0.000981966
0.000982755
0.000983524
0.000984272
0.000985002
0.000985711
0.000986401
0.000987072
0.000987724
0.000988356
0.000988969
0.000989564
0.000990139
0.000990696
0.000991235
0.000991754
0.000992256
0.000992739
0.000993204
0.000993651
0.00099408
0.000994491
0.000994885
0.000995261
0.000995619
0.000995961
0.000996285
0.000996593
0.000996885
0.00099716
0.00099742
0.000997663
0.000997892
0.000998105
0.000998304
0.000998488
0.000998659
0.000998816
0.000998961
0.000999092
0.000999212
0.000999321
0.000999419
0.000999506
0.000999583
0.000999652
0.000999712
0.000999764
0.000999809
0.000999847
0.000999879
0.000999906
0.000999928
0.000999945
0.00099996
0.000999971
0.00099998
0.000999987
0.000999992
0.000999996
0.000999999
0.001
0.001
0.001
2.87118e-12
5.91116e-12
1.21226e-11
2.29922e-11
4.12514e-11
7.12831e-11
1.20198e-10
1.99787e-10
3.30077e-10
5.46007e-10
9.10241e-10
1.53852e-09
2.65137e-09
4.68244e-09
8.51233e-09
1.59809e-08
3.10094e-08
6.18916e-08
1.24303e-07
2.30555e-07
3.29232e-11
5.57753e-11
9.81912e-11
1.68187e-10
2.79232e-10
4.52096e-10
7.19549e-10
1.13466e-09
1.78582e-09
2.82459e-09
4.5185e-09
7.35422e-09
1.2244e-08
2.09518e-08
3.69901e-08
6.75289e-08
1.27427e-07
2.4688e-07
4.79305e-07
8.52383e-07
3.80134e-10
5.68935e-10
8.76487e-10
1.34501e-09
2.04005e-09
3.05632e-09
4.53776e-09
6.71103e-09
9.94449e-09
1.48545e-08
2.2503e-08
3.4772e-08
5.50949e-08
8.99193e-08
1.51693e-07
2.65028e-07
4.79151e-07
8.89737e-07
1.65325e-06
2.79205e-06
4.00025e-09
5.44672e-09
7.58441e-09
1.05821e-08
1.47254e-08
2.04038e-08
2.81856e-08
3.89413e-08
5.40545e-08
7.57879e-08
1.0794e-07
1.57062e-07
2.34728e-07
3.61957e-07
5.77957e-07
9.57449e-07
1.64351e-06
2.899e-06
5.10747e-06
8.08564e-06
3.79413e-08
4.78218e-08
6.13582e-08
7.90154e-08
1.01818e-07
1.31129e-07
1.68884e-07
2.18002e-07
2.83058e-07
3.71398e-07
4.95113e-07
6.74467e-07
9.44055e-07
1.36459e-06
2.04513e-06
3.18435e-06
5.14252e-06
8.53199e-06
1.4091e-05
2.06881e-05
3.21698e-07
3.80343e-07
4.55996e-07
5.48762e-07
6.61409e-07
7.9766e-07
9.629e-07
1.16536e-06
1.41797e-06
1.74138e-06
2.16953e-06
2.75723e-06
3.5952e-06
4.83741e-06
6.74822e-06
9.78375e-06
1.47139e-05
2.26987e-05
3.46217e-05
4.68385e-05
2.39864e-06
2.69034e-06
3.04934e-06
3.46704e-06
3.94711e-06
4.4959e-06
5.12422e-06
5.85023e-06
6.70389e-06
7.73548e-06
9.02656e-06
1.07039e-05
1.29725e-05
1.61686e-05
2.08402e-05
2.78699e-05
3.85923e-05
5.46093e-05
7.56603e-05
9.41524e-05
1.53108e-05
1.64535e-05
1.78108e-05
1.93201e-05
2.09696e-05
2.27563e-05
2.46905e-05
2.67989e-05
2.91425e-05
3.18268e-05
3.50038e-05
3.89109e-05
4.39319e-05
5.06782e-05
6.00909e-05
7.35255e-05
9.26665e-05
0.000118409
0.000147106
0.000168782
8.02893e-05
8.33811e-05
8.69634e-05
9.07808e-05
9.47455e-05
9.87939e-05
0.000102923
0.000107173
0.000111669
0.000116532
0.00012194
0.000128203
0.000135866
0.000145737
0.00015907
0.000177294
0.000201384
0.000229543
0.000255198
0.000271995
0.000323531
0.000327161
0.000331328
0.000335531
0.000339576
0.000343293
0.00034673
0.000349933
0.000352897
0.000355566
0.000358053
0.000360417
0.000363081
0.00036629
0.000370924
0.000377487
0.000385832
0.000393542
0.00039723
0.000398312
0.000783445
0.000779847
0.000775657
0.000771187
0.000766517
0.00076169
0.00075657
0.000750996
0.000744842
0.000737942
0.000730072
0.000720814
0.000709532
0.000695267
0.000676539
0.00065209
0.00062209
0.000589005
0.000557425
0.000534551
0.000948444
0.000946002
0.000943134
0.000939977
0.000936553
0.000932861
0.000928855
0.000924452
0.00091948
0.00091373
0.000906928
0.000898626
0.000888095
0.000874247
0.000855421
0.000829464
0.000794167
0.000749686
0.000702536
0.000665319
0.000990162
0.000989299
0.000988259
0.000987067
0.000985716
0.000984188
0.00098245
0.000980452
0.000978106
0.00097528
0.000971769
0.000967268
0.000961281
0.000953026
0.000941263
0.000924101
0.000898867
0.000862969
0.000818708
0.000779613
0.000998416
0.000998194
0.000997916
0.000997583
0.000997186
0.000996713
0.000996145
0.000995456
0.000994604
0.000993524
0.00099211
0.000990198
0.000987521
0.000983639
0.000977812
0.000968806
0.000954632
0.000932518
0.000901277
0.000870241
0.000999777
0.000999731
0.00099967
0.000999593
0.000999496
0.000999373
0.000999218
0.000999018
0.000998756
0.000998405
0.00099792
0.000997228
0.000996207
0.000994648
0.000992183
0.000988159
0.000981437
0.00097018
0.000952561
0.000933083
0.000999972
0.000999964
0.000999952
0.000999937
0.000999916
0.000999888
0.00099985
0.000999799
0.000999728
0.000999627
0.00099948
0.000999258
0.000998915
0.000998363
0.000997447
0.000995875
0.000993106
0.000988189
0.000979874
0.000969462
0.000999997
0.000999996
0.000999994
0.000999991
0.000999987
0.000999981
0.000999973
0.000999961
0.000999943
0.000999917
0.000999877
0.000999813
0.00099971
0.000999536
0.000999233
0.000998689
0.000997686
0.000995815
0.000992453
0.000987751
0.001
0.001
0.000999999
0.000999999
0.000999998
0.000999997
0.000999995
0.000999993
0.000999989
0.000999982
0.000999972
0.000999956
0.000999928
0.000999878
0.000999789
0.000999621
0.000999299
0.000998673
0.000997491
0.00099569
0.001
0.001
0.001
0.001
0.001
0.001
0.000999999
0.000999999
0.000999998
0.000999996
0.000999994
0.00099999
0.000999983
0.00099997
0.000999946
0.0009999
0.000999808
0.000999623
0.000999258
0.000998667
0.001
0.001
0.001
0.001
0.001
0.001
0.001
0.001
0.001
0.000999999
0.000999999
0.000999998
0.000999996
0.000999993
0.000999987
0.000999976
0.000999952
0.000999904
0.000999805
0.000999636
6.81298e-141
7.96767e-141
1.20158e-140
2.24402e-140
4.63481e-140
9.82809e-140
2.07491e-139
4.31311e-139
8.78701e-139
1.74954e-138
3.3955e-138
6.39879e-138
1.1677e-137
2.05619e-137
3.47794e-137
5.61745e-137
8.59457e-137
1.23149e-136
1.62435e-136
1.91707e-136
1.71334e-139
1.95047e-139
2.87627e-139
5.32452e-139
1.09982e-138
2.33996e-138
4.96193e-138
1.0365e-137
2.12282e-137
4.25071e-137
8.30073e-137
1.57436e-136
2.89262e-136
5.13065e-136
8.7464e-136
1.42486e-135
2.20081e-135
3.18716e-135
4.25478e-135
5.09273e-135
3.9956e-138
4.41143e-138
6.33536e-138
1.16021e-137
2.396e-137
5.1165e-137
1.09025e-136
2.28969e-136
4.71665e-136
9.50343e-136
1.86825e-135
3.56864e-135
6.60671e-135
1.1814e-134
2.03169e-134
3.3414e-134
5.21553e-134
7.64352e-134
1.03465e-133
1.25853e-133
9.28744e-137
9.94079e-137
1.38792e-136
2.51111e-136
5.18257e-136
1.11077e-135
2.37859e-135
5.0226e-135
1.04067e-134
2.10991e-134
4.17561e-134
8.03339e-134
1.49873e-133
2.70229e-133
4.68885e-133
7.7861e-133
1.2283e-132
1.82178e-132
2.50081e-132
3.0917e-132
2.15662e-135
2.23904e-135
3.03491e-135
5.41715e-135
1.11669e-134
2.40183e-134
5.1687e-134
1.09739e-133
2.28706e-133
4.66589e-133
9.29595e-133
1.80128e-132
3.38643e-132
6.15662e-132
1.07782e-131
1.80719e-131
2.88151e-131
4.3261e-131
6.02379e-131
7.56394e-131
5.00362e-134
5.03984e-134
6.62539e-134
1.1652e-133
2.39763e-133
5.174e-133
1.11889e-132
2.38854e-132
5.00704e-132
1.02788e-131
2.06157e-131
4.02328e-131
7.62191e-131
1.39713e-130
2.46776e-130
4.17814e-130
6.73447e-130
1.02357e-129
1.44549e-129
1.84334e-129
1.1597e-132
1.13361e-132
1.44397e-132
2.4991e-132
5.13018e-132
1.1105e-131
2.41302e-131
5.17917e-131
1.09202e-130
2.25573e-130
4.55438e-130
8.95139e-130
1.70875e-129
3.15799e-129
5.62784e-129
9.6221e-129
1.56792e-128
2.41261e-128
3.45531e-128
4.47439e-128
2.68453e-131
2.54776e-131
3.14198e-131
5.34484e-131
1.09398e-130
2.37492e-130
5.18476e-130
1.11881e-129
2.37267e-129
4.93141e-129
1.00227e-128
1.98385e-128
3.81578e-128
7.10996e-128
1.2784e-127
2.20726e-127
3.63624e-127
5.66452e-127
8.22698e-127
1.08165e-126
6.20511e-130
5.72069e-130
6.82582e-130
1.13991e-129
2.32501e-129
5.06098e-129
1.10996e-128
2.4079e-128
5.13579e-128
1.074e-127
2.1972e-127
4.37964e-127
8.48762e-127
1.59445e-126
2.8925e-126
5.0434e-126
8.39974e-126
1.32468e-125
1.95092e-125
2.60383e-125
1.43182e-128
1.28314e-128
1.48055e-128
2.42446e-128
4.92492e-128
1.07471e-127
2.36765e-127
5.1632e-127
1.10752e-126
2.33019e-126
4.79834e-126
9.6313e-126
1.88057e-125
3.56157e-125
6.51875e-125
1.1478e-124
1.93261e-124
3.08536e-124
4.60731e-124
6.24127e-124
3.29748e-127
2.87455e-127
3.20635e-127
5.14255e-127
1.03979e-126
2.27422e-126
5.03235e-126
1.10309e-125
2.37949e-125
5.03665e-125
1.04389e-124
2.10986e-124
4.15046e-124
7.92437e-124
1.46329e-123
2.60181e-123
4.42858e-123
7.15676e-123
1.08351e-122
1.48943e-122
7.57761e-126
6.43086e-126
6.93303e-126
1.08789e-125
2.18812e-125
4.79593e-125
1.06581e-124
2.34817e-124
5.09346e-124
1.08459e-123
2.26239e-123
4.60417e-123
9.12458e-123
1.75622e-122
3.2717e-122
5.87403e-122
1.01068e-121
1.65318e-121
2.53723e-121
3.53848e-121
1.73717e-124
1.43647e-124
1.49677e-124
2.29535e-124
4.58982e-124
1.00791e-123
2.24936e-123
4.98063e-123
1.0863e-122
2.32686e-122
4.88468e-122
1.00088e-121
1.99822e-121
3.8769e-121
7.28592e-121
1.32081e-120
2.29707e-120
3.80276e-120
5.91567e-120
8.36804e-120
3.97206e-123
3.20318e-123
3.22624e-123
4.83049e-123
9.59688e-123
2.11105e-122
4.73066e-122
1.05266e-121
2.30838e-121
4.97356e-121
1.05068e-120
2.16748e-120
4.35902e-120
8.52477e-120
1.61607e-119
2.95788e-119
5.19916e-119
8.71021e-119
1.37321e-118
1.96973e-118
9.05662e-122
7.12924e-122
6.94283e-122
1.01397e-121
2.00026e-121
4.40663e-121
9.91464e-121
2.21695e-120
4.88759e-120
1.05917e-119
2.25152e-119
4.67598e-119
9.47228e-119
1.86712e-118
3.57026e-118
6.59699e-118
1.17187e-117
1.98653e-117
3.17348e-117
4.61461e-117
2.05877e-120
1.58346e-120
1.49161e-120
2.12311e-120
4.15606e-120
9.16773e-120
2.0708e-119
4.65257e-119
1.03115e-118
2.24736e-118
4.80688e-118
1.00494e-117
2.05042e-117
4.0734e-117
7.85591e-117
1.46532e-116
2.63025e-116
4.51107e-116
7.30091e-116
1.07592e-115
4.66514e-119
3.50908e-119
3.19914e-119
4.43448e-119
8.60847e-119
1.90097e-118
4.31038e-118
9.73005e-118
2.16772e-117
4.75117e-117
1.02244e-116
2.15164e-116
4.4214e-116
8.85185e-116
1.72167e-115
3.2414e-115
5.87872e-115
1.01993e-114
1.67202e-114
2.4964e-114
1.05356e-117
7.75768e-118
6.8492e-118
9.23957e-118
1.7776e-117
3.9288e-117
8.94173e-117
2.02783e-116
4.54093e-116
1.00083e-115
2.16676e-115
4.58946e-115
9.49746e-115
1.91605e-114
3.75803e-114
7.14075e-114
1.30835e-113
2.2959e-113
3.81162e-113
5.76393e-113
2.37099e-116
1.7106e-116
1.46368e-116
1.92049e-116
3.65949e-116
8.09332e-116
1.8487e-115
4.21166e-115
9.47894e-115
2.10066e-114
4.57497e-114
9.75271e-114
2.03232e-113
4.13121e-113
8.17007e-113
1.56661e-112
2.89946e-112
5.14537e-112
8.64905e-112
1.32426e-111
5.31633e-115
3.76162e-115
3.12188e-115
3.98229e-115
7.51102e-115
1.66184e-114
3.80947e-114
8.71752e-114
1.97178e-113
4.39341e-113
9.62453e-113
2.06475e-112
4.33228e-112
8.87256e-112
1.76907e-111
3.42281e-111
6.39815e-111
1.14803e-110
1.95345e-110
3.02733e-110
1.18755e-113
8.24794e-114
6.64533e-114
8.23809e-114
1.53703e-113
3.40139e-113
7.82392e-113
1.79829e-112
4.08742e-112
9.15604e-112
2.01741e-111
4.35508e-111
9.20002e-111
1.89812e-110
3.81525e-110
7.44745e-110
1.40583e-109
2.55009e-109
4.39138e-109
6.886e-109
2.64238e-112
1.80301e-112
1.41159e-112
1.7002e-112
3.13609e-112
6.93977e-112
1.60162e-111
3.69714e-111
8.44396e-111
1.90144e-110
4.21348e-110
9.15207e-110
1.94632e-109
4.04491e-109
8.1952e-109
1.61375e-108
3.07573e-108
5.63918e-108
9.82549e-108
1.55841e-107
5.856e-111
3.92898e-111
2.99192e-111
3.50073e-111
6.3801e-111
1.41146e-110
3.268e-110
7.5757e-110
1.73843e-109
3.93492e-109
8.76858e-109
1.91621e-108
4.10204e-108
8.58633e-108
1.75331e-107
3.48231e-107
6.7004e-107
1.24146e-106
2.18804e-106
3.50913e-106
1.2925e-109
8.53364e-110
6.32707e-110
7.19135e-110
1.29425e-109
2.86178e-109
6.64666e-109
1.54718e-108
3.56694e-108
8.11484e-108
1.81831e-107
3.99742e-107
8.61299e-107
1.81563e-106
3.73615e-106
7.48353e-106
1.45342e-105
2.72082e-105
4.84953e-105
7.86162e-105
2.84084e-108
1.8472e-108
1.33483e-108
1.47387e-108
2.61802e-108
5.78451e-108
1.34753e-107
3.14946e-107
7.2941e-107
1.66772e-106
3.75724e-106
8.30875e-106
1.8017e-105
3.82447e-105
7.92981e-105
1.6016e-104
3.13919e-104
5.93634e-104
1.06975e-103
1.75233e-103
6.2176e-107
3.98455e-107
2.80921e-107
3.01374e-107
5.28091e-107
1.16566e-106
2.72331e-106
6.39021e-106
1.48661e-105
3.41569e-105
7.73644e-105
1.72076e-104
3.75488e-104
8.02511e-104
1.67641e-103
3.41365e-103
6.75128e-103
1.28941e-102
2.34858e-102
3.88608e-102
1.35498e-105
8.56421e-106
5.89704e-106
6.14832e-106
1.06229e-105
2.34191e-105
5.48649e-105
1.29239e-104
3.01982e-104
6.97198e-104
1.58743e-103
3.55096e-103
7.79656e-103
1.67754e-102
3.53005e-102
7.24608e-102
1.44577e-101
2.78815e-101
5.13177e-101
8.57433e-101
2.94003e-104
1.83403e-104
1.23464e-104
1.25144e-104
2.13104e-104
4.6911e-104
1.10191e-103
2.60545e-103
6.11418e-103
1.4183e-102
3.24595e-102
7.30165e-102
1.61292e-101
3.49339e-101
7.40417e-101
1.53184e-100
3.08293e-100
6.00207e-100
1.11602e-99
1.88228e-99
6.35139e-103
3.91298e-103
2.57793e-103
2.54139e-103
4.26358e-103
9.36925e-103
2.20631e-102
5.23597e-102
1.2339e-101
2.87556e-101
6.61443e-101
1.49608e-100
3.32458e-100
7.2474e-100
1.54694e-99
3.22524e-99
6.54615e-99
1.28632e-98
2.41558e-98
4.11122e-98
1.36605e-101
8.31696e-102
5.36775e-102
5.14919e-102
8.50764e-102
1.86586e-101
4.40424e-101
1.04894e-100
2.4821e-100
5.81079e-100
1.34325e-99
3.05466e-99
6.82785e-99
1.49792e-98
3.21947e-98
6.76322e-98
1.38412e-97
2.74455e-97
5.20385e-97
8.93441e-97
2.92507e-100
1.76099e-100
1.11449e-100
1.04091e-100
1.69323e-100
3.70522e-100
8.76549e-100
2.09486e-99
4.97702e-99
1.17035e-98
2.71863e-98
6.21518e-98
1.39723e-97
3.08446e-97
6.6745e-97
1.41254e-96
2.91432e-96
5.83005e-96
1.11581e-95
1.93188e-95
6.2355e-99
3.7142e-99
2.30723e-99
2.09943e-99
3.3614e-99
7.33725e-99
1.7394e-98
4.1709e-98
9.94817e-98
2.34952e-97
5.48382e-97
1.2602e-96
2.84904e-96
6.32796e-96
1.37844e-95
2.93843e-95
6.11066e-95
1.233e-94
2.38136e-94
4.15646e-94
1.32333e-97
7.80332e-98
4.76233e-98
4.22475e-98
6.65642e-98
1.44897e-97
3.4416e-97
8.2792e-97
1.98223e-96
4.70151e-96
1.10247e-95
2.54643e-95
5.78881e-95
1.29347e-94
2.83599e-94
6.08847e-94
1.27596e-93
2.59632e-93
5.05877e-93
8.89838e-93
2.79593e-96
1.63301e-96
9.80029e-97
8.48236e-97
1.31494e-96
2.85375e-96
6.79015e-96
1.63851e-95
3.93749e-95
9.37787e-95
2.2091e-94
5.12796e-94
1.17207e-93
2.63431e-93
5.81277e-93
1.25659e-92
2.65338e-92
5.44338e-92
1.0697e-91
1.89564e-91
5.88097e-95
3.40397e-95
2.01064e-95
1.69924e-95
2.59146e-95
5.60573e-95
1.33591e-94
3.23316e-94
7.79745e-94
1.86463e-93
4.41206e-93
1.02918e-92
2.36484e-92
5.34581e-92
1.18696e-91
2.58337e-91
5.49526e-91
1.13635e-90
2.25158e-90
4.0186e-90
1.23152e-93
7.06757e-94
4.11234e-94
3.39641e-94
5.09547e-94
1.09834e-93
2.62107e-93
6.36129e-93
1.53947e-92
3.69589e-92
8.78334e-92
2.05865e-91
4.75499e-91
1.08095e-90
2.41478e-90
5.29058e-90
1.1335e-89
2.36211e-89
4.71785e-89
8.47786e-89
2.56749e-92
1.46164e-92
8.38488e-93
6.77363e-93
9.99679e-93
2.14663e-92
5.12874e-92
1.24802e-91
3.03034e-91
7.30293e-91
1.74295e-90
4.10426e-90
9.52819e-90
2.17802e-89
4.89469e-89
1.07934e-88
2.3287e-88
4.8894e-88
9.84118e-88
1.77996e-87
5.32921e-91
3.01094e-91
1.70432e-91
1.34794e-91
1.95709e-91
4.1854e-91
1.00092e-90
2.44165e-90
5.94748e-90
1.43862e-89
3.44769e-89
8.15571e-89
1.90282e-88
4.37313e-88
9.88535e-88
2.19365e-87
4.76525e-87
1.00785e-86
2.0437e-86
3.71937e-86
1.10133e-89
6.17817e-90
3.45339e-90
2.67656e-90
3.8236e-90
8.14163e-90
1.94841e-89
4.76377e-89
1.1639e-88
2.82539e-88
6.79846e-88
1.61539e-87
3.78728e-87
8.75013e-87
1.98927e-86
4.44169e-86
9.71303e-86
2.0689e-85
4.22548e-85
7.73544e-85
2.26614e-88
1.26277e-88
6.97564e-89
5.30346e-89
7.45578e-89
1.58025e-88
3.78342e-88
9.26943e-88
2.27124e-87
5.53243e-87
1.33643e-86
3.18933e-86
7.51301e-86
1.74479e-85
3.98886e-85
8.96024e-85
1.97215e-84
4.22972e-84
8.69857e-84
1.60134e-83
4.64287e-87
2.57103e-87
1.40465e-87
1.04866e-87
1.45118e-87
3.06074e-87
7.32912e-87
1.79895e-86
4.41974e-86
1.08014e-85
2.61908e-85
6.27683e-85
1.4855e-84
3.46732e-84
7.97023e-84
1.80094e-83
3.98897e-83
8.61255e-83
1.78302e-82
3.29982e-82
9.4719e-86
5.21459e-86
2.81972e-86
2.0693e-86
2.81974e-86
5.91657e-86
1.41653e-85
3.48244e-85
8.57717e-85
2.10274e-84
5.11731e-84
1.23145e-83
2.92764e-83
6.86723e-83
1.587e-82
3.60663e-82
8.03782e-82
1.74672e-81
3.63937e-81
6.76918e-81
1.92424e-84
1.05361e-84
5.64291e-85
4.07521e-85
5.4704e-85
1.14161e-84
2.73182e-84
6.72483e-84
1.66009e-83
4.08191e-83
9.96879e-83
2.40852e-82
5.7513e-82
1.35557e-81
3.14907e-81
7.1969e-81
1.61358e-80
3.52865e-80
7.3975e-80
1.38245e-79
3.89295e-83
2.12084e-83
1.12582e-83
8.01016e-84
1.05978e-83
2.19903e-83
5.25758e-83
1.29555e-82
3.20475e-82
7.90193e-82
1.9363e-81
4.6963e-81
1.12625e-80
2.66706e-80
6.22736e-80
1.43103e-79
3.22727e-79
7.10085e-79
1.49748e-78
2.81101e-78
7.84365e-82
4.2532e-82
2.23934e-82
1.57155e-82
2.05054e-82
4.2295e-82
1.00992e-81
2.49028e-81
6.17112e-81
1.52554e-80
3.75019e-80
9.12965e-80
2.19859e-79
5.23034e-79
1.22732e-78
2.83548e-78
6.43119e-78
1.42347e-77
3.0191e-77
5.69127e-77
1.574e-80
8.49808e-81
4.44081e-81
3.07784e-81
3.96332e-81
8.12405e-81
1.93652e-80
4.77653e-80
1.18544e-79
2.93744e-79
7.24289e-79
1.76956e-78
4.2787e-78
1.02243e-77
2.41082e-77
5.59884e-77
1.27696e-76
2.84277e-76
6.06264e-76
1.14742e-75
3.14604e-79
1.69175e-79
8.78034e-80
6.01777e-80
7.65372e-80
1.55874e-79
3.70735e-79
9.14334e-79
2.27189e-78
5.64153e-78
1.395e-77
3.41991e-77
8.30151e-77
1.99231e-76
4.71997e-76
1.10174e-75
2.52644e-75
5.65597e-75
1.21264e-74
2.30376e-74
6.26353e-78
3.35562e-78
1.73096e-78
1.17474e-78
1.47708e-78
2.98806e-78
7.08753e-78
1.74698e-77
4.34444e-77
1.08081e-76
2.67958e-76
6.59058e-76
1.60584e-75
3.87015e-75
9.21094e-75
2.16071e-74
4.98092e-74
1.12116e-73
2.41606e-73
4.60664e-73
1.2422e-76
6.6321e-77
3.40259e-77
2.28989e-77
2.84939e-77
5.72443e-77
1.35334e-76
3.33223e-76
8.29032e-76
2.06568e-75
5.13365e-75
1.26655e-74
3.09721e-74
7.49485e-74
1.79175e-73
4.22342e-73
9.78591e-73
2.21435e-72
4.79531e-72
9.17465e-72
2.45411e-75
1.30615e-75
6.6697e-76
4.45772e-76
5.49575e-76
1.09627e-75
2.58167e-75
6.34634e-75
1.57892e-74
3.93901e-74
9.8104e-74
2.42736e-73
5.95645e-73
1.44706e-72
3.47443e-72
8.2282e-72
1.91604e-71
4.35775e-71
9.48164e-71
1.82004e-70
4.83008e-74
2.5634e-74
1.30379e-74
8.6676e-75
1.06009e-74
2.09932e-74
4.92141e-74
1.20709e-73
3.00173e-73
7.49499e-73
1.87019e-72
4.63976e-72
1.14229e-71
2.78561e-71
6.71648e-71
1.59787e-70
3.73885e-70
8.54561e-70
1.86782e-69
3.59657e-69
9.4708e-73
5.01353e-73
2.54181e-73
1.68361e-73
2.0456e-73
4.02111e-73
9.3776e-73
2.29343e-72
5.6974e-72
1.42322e-71
3.55689e-71
8.84583e-71
2.18459e-70
5.34674e-70
1.29442e-69
3.0931e-69
7.27159e-69
1.66998e-68
3.66603e-68
7.08006e-68
1.85017e-71
9.77232e-72
4.94255e-72
3.26752e-72
3.94993e-72
7.70672e-72
1.78666e-71
4.35378e-71
1.07984e-70
2.69746e-70
6.74972e-70
1.68229e-69
4.16671e-69
1.02334e-68
2.48718e-68
5.96879e-68
1.40961e-67
3.2523e-67
7.16959e-67
1.38853e-66
3.60122e-70
1.89846e-70
9.58675e-71
6.33737e-71
7.63444e-71
1.47843e-70
3.40472e-70
8.26042e-70
2.04418e-69
5.10377e-69
1.27816e-68
3.19172e-68
7.92653e-68
1.95317e-67
4.76502e-67
1.14827e-66
2.72378e-66
6.31259e-66
1.3972e-65
2.71316e-65
6.98423e-69
3.676e-69
1.85502e-69
1.22857e-69
1.47746e-69
2.83985e-69
6.49178e-69
1.56684e-68
3.86594e-68
9.64185e-68
2.41565e-67
6.04165e-67
1.50409e-66
3.71774e-66
9.10274e-66
2.20236e-65
5.24654e-65
1.2212e-64
2.71339e-64
5.28227e-64
1.3497e-67
7.09492e-68
3.58119e-68
2.38116e-68
2.86377e-68
5.46403e-68
1.23894e-67
2.97219e-67
7.30609e-67
1.81908e-66
4.55719e-66
1.14115e-65
2.84714e-65
7.05782e-65
1.73404e-64
4.21161e-64
1.00746e-63
2.3548e-63
5.25152e-63
1.02476e-62
2.59909e-66
1.36502e-66
6.89864e-67
4.61494e-67
5.56125e-67
1.05345e-66
2.3676e-66
5.6404e-66
1.38018e-65
3.42822e-65
8.5832e-65
2.15104e-64
5.37683e-64
1.33644e-63
3.29422e-63
8.03062e-63
1.92867e-62
4.52623e-62
1.01299e-61
1.98113e-61
4.9876e-65
2.61806e-65
1.32621e-65
8.94619e-66
1.08228e-65
2.03587e-65
4.5322e-65
1.07125e-64
2.60706e-64
6.45533e-64
1.61427e-63
4.04698e-63
1.01316e-62
2.52435e-62
6.24146e-62
1.52693e-61
3.68123e-61
8.67278e-61
1.94759e-60
3.81695e-60
9.53807e-64
5.006e-64
2.54468e-64
1.73503e-64
2.11132e-64
3.94521e-64
8.69414e-64
2.03699e-63
4.92584e-63
1.21487e-62
3.03232e-62
7.60089e-62
1.90509e-61
4.75682e-61
1.17948e-60
2.89524e-60
7.00583e-60
1.65672e-59
3.73245e-59
7.32934e-59
1.81779e-62
9.54333e-63
4.87411e-63
3.36726e-63
4.12966e-63
7.66841e-63
1.67198e-62
3.87962e-62
9.31301e-62
2.28578e-61
5.6905e-61
1.42537e-60
3.5752e-60
8.94322e-60
2.22334e-59
5.47494e-59
1.32949e-58
3.15524e-58
7.13048e-58
1.40277e-57
3.45268e-61
1.81399e-61
9.32111e-62
6.54116e-62
8.10042e-62
1.49546e-61
3.22467e-61
7.40407e-61
1.7626e-60
4.30119e-60
1.06714e-59
2.66941e-59
6.6973e-59
1.67777e-58
4.18088e-58
1.0326e-57
2.51593e-57
5.99153e-57
1.358e-56
2.67616e-56
6.53593e-60
3.43813e-60
1.78003e-60
1.27216e-60
1.59368e-60
2.92666e-60
6.23937e-60
1.4165e-59
3.34087e-59
8.09753e-59
2.00044e-58
4.99371e-58
1.25253e-57
3.14114e-57
7.84368e-57
1.9426e-56
4.7482e-56
1.13447e-55
2.57851e-55
5.08945e-55
1.23312e-58
6.49813e-59
3.3951e-59
2.4776e-59
3.14514e-59
5.74875e-59
1.21152e-58
2.71776e-58
6.34446e-58
1.52582e-57
3.74975e-57
9.33399e-57
2.3391e-56
5.86977e-56
1.46828e-55
3.64554e-55
8.93732e-55
2.14203e-54
4.88146e-54
9.64915e-54
2.31879e-57
1.22479e-57
6.46889e-58
4.83303e-58
6.22664e-58
1.1335e-57
2.36141e-57
5.23139e-57
1.20769e-56
2.87892e-56
7.03098e-56
1.74371e-55
4.36295e-55
1.09498e-54
2.74273e-54
6.82512e-54
1.6779e-53
4.03334e-53
9.21449e-53
1.82389e-52
4.34586e-56
2.30237e-56
1.23154e-56
9.44461e-57
1.23665e-56
2.24357e-56
4.62113e-56
1.01063e-55
2.30533e-55
5.44159e-55
1.31928e-54
3.25676e-54
8.12994e-54
2.03946e-53
5.11333e-53
1.27489e-52
3.14223e-52
7.57424e-52
1.73445e-51
3.43735e-51
8.118e-55
4.31669e-55
2.34318e-55
1.84925e-55
2.46375e-55
4.45774e-55
9.08071e-55
1.96007e-54
4.41484e-54
1.03085e-53
2.47832e-53
6.08352e-53
1.51387e-52
3.7935e-52
9.51553e-52
2.37624e-51
5.87027e-51
1.41866e-50
3.25572e-50
6.45946e-50
1.5114e-53
8.07274e-54
4.45649e-54
3.62837e-54
4.92345e-54
8.89024e-54
1.79191e-53
3.81738e-53
8.48541e-53
1.95812e-52
4.66305e-52
1.13698e-51
2.81787e-51
7.04821e-51
1.76783e-50
4.41997e-50
1.09412e-49
2.6504e-49
6.09475e-49
1.21043e-48
2.80451e-52
1.50596e-52
8.47442e-53
7.13461e-53
9.86752e-53
1.77942e-52
3.5509e-52
7.46711e-52
1.63743e-51
3.73129e-51
8.7919e-51
2.12698e-50
5.24482e-50
1.30841e-49
3.2795e-49
8.20566e-49
2.0347e-48
4.93937e-48
1.13793e-47
2.26195e-47
5.18646e-51
2.8026e-51
1.6116e-51
1.40604e-51
1.98307e-51
3.57377e-51
7.06568e-51
1.46718e-50
3.17334e-50
7.13579e-50
1.6619e-49
3.98457e-49
9.76516e-49
2.42749e-48
6.07606e-48
1.52067e-47
3.77577e-47
9.1831e-47
2.11908e-46
4.21551e-46
9.55878e-50
5.20343e-50
3.06569e-50
2.77714e-50
3.9955e-50
7.20047e-50
1.41157e-49
2.89585e-49
6.17786e-49
1.37012e-48
3.15095e-48
7.47848e-48
1.81947e-47
4.50255e-47
1.12456e-46
2.81353e-46
6.9924e-46
1.70332e-45
3.93625e-45
7.83542e-45
1.7556e-48
9.63894e-49
5.83476e-49
5.49745e-49
8.06884e-49
1.45502e-48
2.83077e-48
5.74133e-48
1.20837e-47
2.64215e-47
5.99512e-47
1.40693e-46
3.39406e-46
8.35217e-46
2.07972e-45
5.19806e-45
1.29245e-44
3.15231e-44
7.29361e-44
1.45259e-43
3.213e-47
1.7816e-47
1.11129e-47
1.09058e-47
1.63286e-47
2.94802e-47
5.69711e-47
1.14326e-46
2.3749e-46
5.11854e-46
1.14513e-45
2.65443e-45
6.34168e-45
1.55005e-44
3.84423e-44
9.59154e-44
2.38465e-43
5.82128e-43
1.34819e-42
2.68602e-42
5.85885e-46
3.28594e-46
2.11851e-46
2.16792e-46
3.31035e-46
5.98707e-46
1.15036e-45
2.2861e-45
4.69002e-45
9.96325e-45
2.19676e-44
5.02478e-44
1.18743e-43
2.87925e-43
7.10451e-43
1.76802e-42
4.39256e-42
1.07276e-41
2.48617e-41
4.95426e-41
1.06435e-44
6.04792e-45
4.04294e-45
4.31771e-45
6.72155e-45
1.21841e-44
2.32975e-44
4.5894e-44
9.30461e-44
1.94887e-43
4.23361e-43
9.54783e-43
2.22916e-42
5.35538e-42
1.31319e-41
3.25643e-41
8.07898e-41
1.97295e-40
4.57402e-40
9.11511e-40
1.92601e-43
1.11091e-43
7.72492e-44
8.61419e-44
1.36654e-43
2.48391e-43
4.73094e-43
9.2474e-43
1.85402e-42
3.83081e-42
8.19859e-42
1.82183e-41
4.1977e-41
9.97872e-41
2.42858e-40
5.99469e-40
1.48393e-39
3.62157e-39
8.39598e-39
1.67288e-38
3.47108e-42
2.03659e-42
1.47797e-42
1.72122e-42
2.78108e-42
5.07124e-42
9.62948e-42
1.86934e-41
3.70954e-41
7.56633e-41
1.59558e-40
3.49193e-40
7.93255e-40
1.86352e-39
4.49551e-39
1.10328e-38
2.72245e-38
6.63563e-38
1.53766e-37
3.0626e-37
6.22893e-41
3.72654e-41
2.83168e-41
3.4437e-41
5.66413e-41
1.03659e-40
1.96396e-40
3.78923e-40
7.45052e-40
1.50135e-39
3.12074e-39
6.72483e-39
1.50493e-38
3.48951e-38
8.33259e-38
2.03061e-37
4.98977e-37
1.21369e-36
2.8098e-36
5.59279e-36
1.11275e-39
6.80634e-40
5.43305e-40
6.89719e-40
1.15417e-39
2.12076e-39
4.011e-39
7.69959e-39
1.50157e-38
2.99195e-38
6.13348e-38
1.30139e-37
2.86721e-37
6.55456e-37
1.54715e-36
3.73876e-36
9.13811e-36
2.2162e-35
5.12287e-35
1.01873e-34
1.9783e-38
1.24096e-38
1.04391e-38
1.38251e-38
2.35237e-38
4.33982e-38
8.20049e-38
1.56767e-37
3.0353e-37
5.98598e-37
1.21107e-36
2.5307e-36
5.48701e-36
1.23546e-35
2.87875e-35
6.88848e-35
1.67252e-34
4.04032e-34
9.31889e-34
1.85078e-33
3.49911e-37
2.25888e-37
2.00859e-37
2.77232e-37
4.79235e-37
8.88078e-37
1.67776e-36
3.19677e-36
6.15094e-36
1.20177e-35
2.40153e-35
4.94445e-35
1.05483e-34
2.33741e-34
5.36959e-34
1.27041e-33
3.0599e-33
7.35448e-33
1.69124e-32
3.35322e-32
6.15545e-36
4.1056e-36
3.86927e-36
5.55831e-36
9.75651e-36
1.8167e-35
3.43353e-35
6.52566e-35
1.2489e-34
2.41976e-34
4.78038e-34
9.70304e-34
2.0369e-33
4.43943e-33
1.00429e-32
2.34589e-32
5.59673e-32
1.33669e-31
3.06194e-31
6.05775e-31
1.07671e-34
7.45098e-35
7.45932e-35
1.11379e-34
1.98425e-34
3.71363e-34
7.02552e-34
1.3328e-33
2.53924e-33
4.88333e-33
9.54622e-33
1.91166e-32
3.94997e-32
8.46452e-32
1.88378e-31
4.33805e-31
1.02355e-30
2.42575e-30
5.52939e-30
1.09095e-29
1.87201e-33
1.35019e-33
1.43861e-33
2.22961e-33
4.02978e-33
7.58254e-33
1.43657e-32
2.72197e-32
5.16626e-32
9.87045e-32
1.91109e-31
3.77877e-31
7.68883e-31
1.61985e-30
3.54367e-30
8.03434e-30
1.87176e-29
4.39508e-29
9.95758e-29
1.95796e-28
3.23378e-32
2.4429e-32
2.77434e-32
4.45658e-32
8.16857e-32
1.54565e-31
2.93381e-31
5.55501e-31
1.05104e-30
1.99651e-30
3.83209e-30
7.48812e-30
1.50135e-29
3.10995e-29
6.68413e-29
1.49023e-28
3.4225e-28
7.94927e-28
1.7877e-27
3.50053e-27
5.54778e-31
4.4127e-31
5.34695e-31
8.88921e-31
1.65176e-30
3.14357e-30
5.9799e-30
1.13195e-29
2.13617e-29
4.03729e-29
7.68845e-29
1.48604e-28
2.93807e-28
5.98604e-28
1.26361e-27
2.76752e-27
6.25606e-27
1.43485e-26
3.19825e-26
6.23091e-26
9.44792e-30
7.9566e-30
1.02919e-29
1.76817e-29
3.32963e-29
6.37418e-29
1.21546e-28
2.30083e-28
4.33276e-28
8.15231e-28
1.54152e-27
2.94969e-27
5.75552e-27
1.15397e-26
2.39235e-26
5.14324e-26
1.14273e-25
2.58347e-25
5.69839e-25
1.10343e-24
1.59645e-28
1.43177e-28
1.97695e-28
3.50465e-28
6.68554e-28
1.2874e-27
2.46097e-27
4.65948e-27
8.75836e-27
1.6414e-26
3.08393e-26
5.84697e-26
1.12692e-25
2.22497e-25
4.53102e-25
9.55686e-25
2.08435e-24
4.63687e-24
1.01033e-23
1.94223e-23
2.67524e-27
2.57036e-27
3.78637e-27
6.91562e-27
1.3358e-26
2.58699e-26
4.95714e-26
9.38755e-26
1.76159e-25
3.28945e-25
6.14439e-25
1.15516e-24
2.2011e-24
4.28283e-24
8.57084e-24
1.77315e-23
3.79227e-23
8.28751e-23
1.78062e-22
3.39377e-22
4.44358e-26
4.60143e-26
7.22346e-26
1.35717e-25
2.65287e-25
5.1655e-25
9.91935e-25
1.87853e-24
3.51896e-24
6.54777e-24
1.21631e-23
2.26875e-23
4.2774e-23
8.20947e-23
1.6155e-22
3.27843e-22
6.8708e-22
1.47283e-21
3.11477e-21
5.87749e-21
7.31193e-25
8.20929e-25
1.37107e-24
2.64558e-24
5.22974e-24
1.02335e-23
1.96858e-23
3.72665e-23
6.96603e-23
1.29128e-22
2.38545e-22
4.41602e-22
8.24278e-22
1.56174e-21
3.02445e-21
6.02322e-21
1.2366e-20
2.59711e-20
5.3969e-20
1.00673e-19
1.19125e-23
1.45838e-23
2.58546e-23
5.11439e-23
1.02148e-22
2.00733e-22
3.86541e-22
7.30894e-22
1.36239e-21
2.51484e-21
4.61944e-21
8.48796e-21
1.56909e-20
2.9367e-20
5.60144e-20
1.09546e-19
2.20342e-19
4.53051e-19
9.23726e-19
1.70079e-18
1.92024e-22
2.57686e-22
4.83462e-22
9.78277e-22
1.97152e-21
3.88605e-21
7.48103e-21
1.41139e-20
2.62153e-20
4.81633e-20
8.79397e-20
1.60373e-19
2.93699e-19
5.43294e-19
1.02142e-18
1.9631e-18
3.87009e-18
7.7877e-18
1.55615e-17
2.82392e-17
3.06022e-21
4.52135e-21
8.94165e-21
1.84573e-20
3.74535e-20
7.3894e-20
1.41979e-19
2.66946e-19
4.93599e-19
9.01887e-19
1.63609e-18
2.96096e-18
5.37306e-18
9.82915e-18
1.82295e-17
3.44633e-17
6.66367e-17
1.31241e-16
2.56816e-16
4.58693e-16
4.81712e-20
7.85997e-20
1.62995e-19
3.41897e-19
6.96318e-19
1.37166e-18
2.62545e-18
4.91132e-18
9.02762e-18
1.63872e-17
2.95156e-17
5.29946e-17
9.53028e-17
1.7251e-16
3.15923e-16
5.88195e-16
1.11671e-15
2.15394e-15
4.12657e-15
7.24615e-15
7.47981e-19
1.34923e-18
2.91317e-18
6.17649e-18
1.25742e-17
2.46545e-17
4.6884e-17
8.7055e-17
1.58773e-16
2.85925e-16
5.10843e-16
9.09594e-16
1.62129e-15
2.90587e-15
5.26093e-15
9.66147e-15
1.80408e-14
3.41261e-14
6.40433e-14
1.10493e-13
1.14323e-17
2.27489e-17
5.06466e-17
1.07772e-16
2.18186e-16
4.24008e-16
7.98169e-16
1.46669e-15
2.64789e-15
4.72226e-15
8.35945e-15
1.47536e-14
2.60689e-14
4.63041e-14
8.3003e-14
1.50672e-13
2.77403e-13
5.1586e-13
9.49919e-13
1.61058e-12
1.71247e-16
3.73192e-16
8.45476e-16
1.78943e-15
3.57822e-15
6.8538e-15
1.27134e-14
2.30347e-14
4.10456e-14
7.23392e-14
1.2671e-13
2.21542e-13
3.88173e-13
6.841e-13
1.21673e-12
2.18969e-12
3.98962e-12
7.32279e-12
1.32772e-11
2.21605e-11
2.48563e-15
5.84737e-15
1.32559e-14
2.75873e-14
5.40203e-14
1.01293e-13
1.84143e-13
3.27545e-13
5.74153e-13
9.97579e-13
1.72648e-12
2.98902e-12
5.19647e-12
9.10279e-12
1.61126e-11
2.88723e-11
5.23497e-11
9.54587e-11
1.71546e-10
2.83152e-10
3.3913e-14
8.41516e-14
1.87191e-13
3.77964e-13
7.17665e-13
1.30751e-12
2.31579e-12
4.02523e-12
6.91641e-12
1.18179e-11
2.01809e-11
3.45913e-11
5.97417e-11
1.04305e-10
1.84578e-10
3.31505e-10
6.03467e-10
1.10536e-09
1.99334e-09
3.28865e-09
3.97075e-13
1.00489e-12
2.16389e-12
4.19941e-12
7.67774e-12
1.35174e-11
2.32256e-11
3.93149e-11
6.60491e-11
1.10801e-10
1.86584e-10
3.16876e-10
5.45008e-10
9.52808e-10
1.69805e-09
3.08945e-09
5.73043e-09
1.0756e-08
1.99562e-08
3.37705e-08
0.001
0.001
0.001
0.001
0.001
0.001
0.001
0.001
0.001
0.001
0.001
0.001
0.000999999
0.000999998
0.000999997
0.000999995
0.000999991
0.000999983
0.000999968
0.000999946
0.001
0.001
0.001
0.001
0.001
0.001
0.001
0.001
0.001
0.001
0.001
0.001
0.001
0.001
0.001
0.000999999
0.000999999
0.000999998
0.000999997
0.000999995
0.001
0.001
0.001
0.001
0.001
0.001
0.001
0.001
0.001
0.001
0.001
0.001
0.001
0.001
0.001
0.001
0.001
0.001
0.001
0.001
0.001
0.001
0.001
0.001
0.001
0.001
0.001
0.001
0.001
0.001
0.001
0.001
0.001
0.001
0.001
0.001
0.001
0.001
0.001
0.001
0.001
0.001
0.001
0.001
0.001
0.001
0.001
0.001
0.001
0.001
0.001
0.001
0.001
0.001
0.001
0.001
0.001
0.001
0.001
0.001
0.001
0.001
0.001
0.001
0.001
0.001
0.001
0.001
0.001
0.001
0.001
0.001
0.001
0.001
0.001
0.001
0.001
0.001
0.001
0.001
0.001
0.001
0.001
0.001
0.001
0.001
0.001
0.001
0.001
0.001
0.001
0.001
0.001
0.001
0.001
0.001
0.001
0.001
0.001
0.001
0.001
0.001
0.001
0.001
0.001
0.001
0.001
0.001
0.001
0.001
0.001
0.001
0.001
0.001
0.001
0.001
0.001
0.001
0.001
0.001
0.001
0.001
0.001
0.001
0.001
0.001
0.001
0.001
0.001
0.001
0.001
0.001
0.001
0.001
0.001
0.001
0.001
0.001
0.001
0.001
0.001
0.001
0.001
0.001
0.001
0.001
0.001
0.001
0.001
0.001
0.001
0.001
0.001
0.001
0.001
0.001
0.001
0.001
0.001
0.001
0.001
0.001
0.001
0.001
0.001
0.001
0.001
0.001
0.001
0.001
0.001
0.001
0.001
0.001
0.001
0.001
0.001
0.001
0.001
0.001
0.001
0.001
0.001
0.001
0.001
0.001
0.001
0.001
0.001
0.001
0.001
0.001
0.001
0.001
0.001
0.001
0.001
0.001
0.001
0.001
0.001
0.001
0.001
0.001
0.001
0.001
0.001
0.001
0.001
0.001
0.001
0.001
0.001
0.001
0.001
0.001
0.001
0.001
0.001
0.001
0.001
0.001
0.001
0.001
0.001
0.001
0.001
0.001
0.001
0.001
0.001
0.001
0.001
0.001
0.001
0.001
0.001
0.001
0.001
0.001
0.001
0.001
0.001
0.001
0.001
0.001
0.001
0.001
0.001
0.001
0.001
0.001
0.001
0.001
0.001
0.001
0.001
0.001
0.001
0.001
0.001
0.001
0.001
0.001
0.001
0.001
0.001
0.001
0.001
0.001
0.001
0.001
0.001
0.001
0.001
0.001
0.001
0.001
0.001
0.001
0.001
0.001
0.001
0.001
0.001
0.001
0.001
0.001
0.001
0.001
0.001
0.001
0.001
0.001
0.001
0.001
0.001
0.001
0.001
0.001
0.001
0.001
0.001
0.001
0.001
0.001
0.001
0.001
0.001
0.001
0.001
0.001
0.001
0.001
0.001
0.001
0.001
0.001
0.001
0.001
0.001
0.001
0.001
0.001
0.001
0.001
0.001
0.001
0.001
0.001
0.001
0.001
0.001
0.001
0.001
0.001
0.001
0.001
0.001
0.001
0.001
0.001
0.001
0.001
0.001
0.001
0.001
0.001
0.001
0.001
0.001
0.001
0.001
0.001
0.001
0.001
0.001
0.001
0.001
0.001
0.001
0.001
0.001
0.001
0.001
0.001
0.001
0.001
0.001
0.001
0.001
0.001
0.001
0.001
0.001
0.001
0.001
0.001
0.001
0.001
0.001
0.001
0.001
0.001
0.001
0.001
0.001
0.001
0.001
0.001
0.001
0.001
0.001
0.001
0.001
0.001
0.001
0.001
0.001
0.001
0.001
0.001
0.001
0.001
0.001
0.001
0.001
0.001
0.001
0.001
0.001
0.001
0.001
0.001
0.001
0.001
0.001
0.001
0.001
0.001
0.001
0.001
0.001
0.001
0.001
0.001
0.001
0.001
0.001
0.001
0.001
0.001
0.001
0.001
0.001
0.001
0.001
0.001
0.001
0.001
0.001
0.001
0.001
0.001
0.001
0.001
0.001
0.001
0.001
0.001
0.001
0.001
0.001
0.001
0.001
0.001
0.001
0.001
0.001
0.001
0.001
0.001
0.001
0.001
0.001
0.001
0.001
0.001
0.001
0.001
0.001
0.001
0.001
0.001
0.001
0.001
0.001
0.001
0.001
0.001
0.001
0.001
0.001
0.001
0.001
0.001
0.001
0.001
0.001
0.001
0.001
0.001
0.001
0.001
0.001
0.001
0.001
0.001
0.001
0.001
0.001
0.001
0.001
0.001
0.001
0.001
0.001
0.001
0.001
0.001
0.001
0.001
0.001
0.001
0.001
0.001
0.001
0.001
0.001
0.001
0.001
0.001
0.001
0.001
0.001
0.001
0.001
0.001
0.001
0.001
0.001
0.001
0.001
0.001
0.001
0.001
0.001
0.001
0.001
0.001
0.001
0.001
0.001
0.001
0.001
0.001
0.001
0.001
0.001
0.001
0.001
0.001
0.001
0.001
0.001
0.001
0.001
0.001
0.001
0.001
0.001
0.001
0.001
0.001
0.001
0.001
0.001
0.001
0.001
0.001
0.001
0.001
0.001
0.001
0.001
0.001
0.001
0.001
0.001
0.001
0.001
0.001
0.001
0.001
0.001
0.001
0.001
0.001
0.001
0.001
0.001
0.001
0.001
0.001
0.001
0.001
0.001
0.001
0.001
0.001
0.001
0.001
0.001
0.001
0.001
0.001
0.001
0.001
0.001
0.001
0.001
0.001
0.001
0.001
0.001
0.001
0.001
0.001
0.001
0.001
0.001
0.001
0.001
0.001
0.001
0.001
0.001
0.001
0.001
0.001
0.001
0.001
0.001
0.001
0.001
0.001
0.001
0.001
0.001
0.001
0.001
0.001
0.001
0.001
0.001
0.001
0.001
0.001
0.001
0.001
0.001
0.001
0.001
0.001
0.001
0.001
0.001
0.001
0.001
0.001
0.001
0.001
0.001
0.001
0.001
0.001
0.001
0.001
0.001
0.001
0.001
0.001
0.001
0.001
0.001
0.001
0.001
0.001
0.001
0.001
0.001
0.001
0.001
0.001
0.001
0.001
0.001
0.001
0.001
0.001
0.001
0.001
0.001
0.001
0.001
0.001
0.001
0.001
0.001
0.001
0.001
0.001
0.001
0.001
0.001
0.001
0.001
0.001
0.001
0.001
0.001
0.001
0.001
0.001
0.001
0.001
0.001
0.001
0.001
0.001
0.001
0.001
0.001
0.001
0.001
0.001
0.001
0.001
0.001
0.001
0.001
0.001
0.001
0.001
0.001
0.001
0.001
0.001
0.001
0.001
0.001
0.001
0.001
0.001
0.001
0.001
0.001
0.001
0.001
0.001
0.001
0.001
0.001
0.001
0.001
0.001
0.001
0.001
0.001
0.001
0.001
0.001
0.001
0.001
0.001
0.001
0.001
0.001
0.001
0.001
0.001
0.001
0.001
0.001
0.001
0.001
0.001
0.001
0.001
0.001
0.001
0.001
0.001
0.001
0.001
0.001
0.001
0.001
0.001
0.001
0.001
0.001
0.001
0.001
0.001
0.001
0.001
0.001
0.001
0.001
0.001
0.001
0.001
0.001
0.001
0.001
0.001
0.001
0.001
0.001
0.001
0.001
0.001
0.001
0.001
0.001
0.001
0.001
0.001
0.001
0.001
0.001
0.001
0.001
0.001
0.001
0.001
0.001
0.001
0.001
0.001
0.001
0.001
0.001
0.001
0.001
0.001
0.001
0.001
0.001
0.001
0.001
0.001
0.001
0.001
0.001
0.001
0.001
0.001
0.001
0.001
0.001
0.001
0.001
0.001
0.001
0.001
0.001
0.001
0.001
0.001
0.001
0.001
0.001
0.001
0.001
0.001
0.001
0.001
0.001
0.001
0.001
0.001
0.001
0.001
0.001
0.001
0.001
0.001
0.001
0.001
0.001
0.001
0.001
0.001
0.001
0.001
0.001
0.001
0.001
0.001
0.001
0.001
0.001
0.001
0.001
0.001
0.001
0.001
0.001
0.001
0.001
0.001
0.001
0.001
0.001
0.001
0.001
0.001
0.001
0.001
0.001
0.001
0.001
0.001
0.001
0.001
0.001
0.001
0.001
0.001
0.001
0.001
0.001
0.001
0.001
0.001
0.001
0.001
0.001
0.001
0.001
0.001
0.001
0.001
0.001
0.001
0.001
0.001
0.001
0.001
0.001
0.001
0.001
0.001
0.001
0.001
0.001
0.001
0.001
0.001
0.001
0.001
0.001
0.001
0.001
0.001
0.001
0.001
0.001
0.001
0.001
0.001
0.001
0.001
0.001
0.001
0.001
0.001
0.001
0.001
0.001
0.001
0.001
0.001
0.001
0.001
0.001
0.001
0.001
0.001
0.001
0.001
0.001
0.001
0.001
0.001
0.001
0.001
0.001
0.001
0.001
0.001
0.001
0.001
0.001
0.001
0.001
0.001
0.001
0.001
0.001
0.001
0.001
0.001
0.001
0.001
0.001
0.001
0.001
0.001
0.001
0.001
0.001
0.001
0.001
0.001
0.001
0.001
0.001
0.001
0.001
0.001
0.001
0.001
0.001
0.001
0.001
0.001
0.001
0.001
0.001
0.001
0.001
0.001
0.001
0.001
0.001
0.001
0.001
0.001
0.001
0.001
0.001
0.001
0.001
0.001
0.001
0.001
0.001
0.001
0.001
0.001
0.001
0.001
0.001
0.001
0.001
0.001
0.001
0.001
0.001
0.001
0.001
0.001
0.001
0.001
0.001
0.001
0.001
0.001
0.001
0.001
0.001
0.001
0.001
0.001
0.001
0.001
0.001
0.001
0.001
0.001
0.001
0.001
0.001
0.001
0.001
0.001
0.001
0.001
0.001
0.001
0.001
0.001
0.001
0.001
0.001
0.001
0.001
0.001
0.001
0.001
0.001
0.001
0.001
0.001
0.001
0.001
0.001
0.001
0.001
0.001
0.001
0.001
0.001
0.001
0.001
0.001
0.001
0.001
0.001
0.001
0.001
0.001
0.001
0.001
0.001
0.001
0.001
0.001
0.001
0.001
0.001
0.001
0.001
0.001
0.001
0.001
0.001
0.001
0.001
0.001
0.001
0.001
0.001
0.001
0.001
0.001
0.001
0.001
0.001
0.001
0.001
0.001
0.001
0.001
0.001
0.001
0.001
0.001
0.001
0.001
0.001
0.001
0.001
0.001
0.001
0.001
0.001
0.001
0.001
0.001
0.001
0.001
0.001
0.001
0.001
0.001
0.001
0.001
0.001
0.001
0.001
0.001
0.001
0.001
0.001
0.001
0.001
0.001
0.001
0.001
0.001
0.001
0.001
0.001
0.001
0.001
0.001
0.001
0.001
0.001
0.001
0.001
0.001
0.001
0.001
0.001
0.001
0.001
0.001
0.001
0.001
0.001
0.001
0.001
0.001
0.001
0.001
0.001
0.001
0.001
0.001
0.001
0.001
0.001
0.001
0.001
0.001
0.001
0.001
0.001
0.001
0.001
0.001
0.001
0.001
0.001
0.001
0.001
0.001
0.001
0.001
0.001
0.001
0.001
0.001
0.001
0.001
0.001
0.001
0.001
0.001
0.001
0.001
0.001
0.001
0.001
0.001
0.001
0.001
0.001
0.001
0.001
0.001
0.001
0.001
0.001
0.001
0.001
0.001
0.001
0.001
0.001
0.001
0.001
0.001
0.001
0.001
0.001
0.001
0.001
0.001
0.001
0.001
0.001
0.001
0.001
0.001
0.001
0.001
0.001
0.001
0.001
0.001
0.001
0.001
0.001
0.001
0.001
0.001
0.001
0.001
0.001
0.001
0.001
0.001
0.001
0.001
0.001
0.001
0.001
0.001
0.001
0.001
0.001
0.001
0.001
0.001
0.001
0.001
0.001
0.001
0.001
0.001
0.001
0.001
0.001
0.001
0.001
0.001
0.001
0.001
0.001
0.001
0.001
0.001
0.001
0.001
0.001
0.001
0.001
0.001
0.001
0.001
0.001
0.001
0.001
0.001
0.001
0.001
0.001
0.001
0.001
0.001
0.001
0.001
0.001
0.001
0.001
0.001
0.001
0.001
0.001
0.001
0.001
0.001
0.001
0.001
0.001
0.001
0.001
0.001
0.001
0.001
0.001
0.001
0.001
0.001
0.001
0.001
0.001
0.001
0.001
0.001
0.001
0.001
0.001
0.001
0.001
0.001
0.001
0.001
0.001
0.001
0.001
0.001
0.001
0.001
0.001
0.001
0.001
0.001
0.001
0.001
0.001
0.001
0.001
0.001
0.001
0.001
0.001
0.001
0.001
0.001
0.001
0.001
0.001
0.001
0.001
0.001
0.001
0.001
0.001
0.001
0.001
0.001
0.001
0.001
0.001
0.001
0.001
0.001
0.001
0.001
0.001
0.001
0.001
0.001
0.001
0.001
0.001
0.001
0.001
0.001
0.001
0.001
0.001
0.001
0.001
0.001
0.001
0.001
0.001
0.001
0.001
0.001
0.001
0.001
0.001
0.001
0.001
0.001
0.001
0.001
0.001
0.001
0.001
0.001
0.001
0.001
0.001
0.001
0.001
0.001
0.001
0.001
0.001
0.001
0.001
0.001
0.001
0.001
0.001
0.001
0.001
0.001
0.001
0.001
0.001
0.001
0.001
0.001
0.001
0.001
0.001
0.001
0.001
0.001
0.001
0.001
0.001
0.001
0.001
0.001
0.001
0.001
0.001
0.001
0.001
0.001
0.001
0.001
0.001
0.001
0.001
0.001
0.001
0.001
0.001
0.001
0.001
0.001
0.001
0.001
0.001
0.001
0.001
0.001
0.001
0.001
0.001
0.001
0.001
0.001
0.001
0.001
0.001
0.001
0.001
0.001
0.001
0.001
0.001
0.001
0.001
0.001
0.001
0.001
0.001
0.001
0.001
0.001
0.001
0.001
0.001
0.001
0.001
0.001
0.001
0.001
0.001
0.001
0.001
0.001
0.001
0.001
0.001
0.001
0.001
0.001
0.001
0.001
0.001
0.001
0.001
0.001
0.001
0.001
0.001
0.001
0.001
0.001
0.001
0.001
0.001
0.001
0.001
0.001
0.001
0.001
0.001
0.001
0.001
0.001
0.001
0.001
0.001
0.001
0.001
0.001
0.001
0.001
0.001
0.001
0.001
0.001
0.001
0.001
0.001
0.001
0.001
0.001
0.001
0.001
0.001
0.001
0.001
0.001
0.001
0.001
0.001
0.001
0.001
0.001
0.001
0.001
0.001
0.001
0.001
0.001
0.001
0.001
0.001
0.001
0.001
0.001
0.001
0.001
0.001
0.001
0.001
0.001
0.001
0.001
0.001
0.001
0.001
0.001
0.001
0.001
0.001
0.001
0.001
0.001
0.001
0.001
0.001
0.001
0.001
0.001
0.001
0.001
0.001
0.001
0.001
0.001
0.001
0.001
0.001
0.001
0.001
0.001
0.001
0.001
0.001
0.001
0.001
0.001
0.001
0.001
0.001
0.001
0.001
0.001
0.001
0.001
0.001
0.001
0.001
0.001
0.001
0.001
0.001
0.001
0.001
0.001
0.001
0.001
0.001
0.001
0.001
0.001
0.001
0.001
0.001
0.001
0.001
0.001
0.001
0.001
0.001
0.001
0.001
0.001
0.001
0.001
0.001
0.001
0.001
0.001
0.001
0.001
0.001
0.001
0.001
0.001
0.001
0.001
0.001
0.001
0.001
0.001
0.001
0.001
0.001
0.001
0.001
0.001
0.001
0.001
0.001
0.001
0.001
0.001
0.001
0.001
0.001
0.001
0.001
0.001
0.001
0.001
0.001
0.001
0.001
0.001
0.001
0.001
0.001
0.001
0.001
0.001
0.001
0.001
0.001
0.001
0.001
0.001
0.001
0.001
0.001
0.001
0.001
0.001
0.001
0.001
0.001
0.001
0.001
0.001
0.001
0.001
0.001
0.001
0.001
0.001
0.001
0.001
0.001
0.001
0.001
0.001
0.001
0.001
0.001
0.001
0.001
0.001
0.001
0.001
0.001
0.001
0.001
0.001
0.001
0.001
0.001
0.001
0.001
0.001
0.001
0.001
0.001
0.001
0.001
0.001
0.001
0.001
0.001
0.001
0.001
0.001
0.001
0.001
0.001
0.001
0.001
0.001
0.001
0.001
0.001
0.001
0.001
0.001
0.001
0.001
0.001
0.001
0.001
0.001
0.001
0.001
0.001
0.001
0.001
0.001
0.001
0.001
0.001
0.001
0.001
0.001
0.001
0.001
0.001
0.001
0.001
0.001
0.001
0.001
0.001
0.001
0.001
0.001
0.001
0.001
0.001
0.001
0.001
0.001
0.001
0.001
0.001
0.001
0.001
0.001
0.001
0.001
0.001
0.001
0.001
0.001
0.001
0.001
0.001
0.001
0.001
0.001
0.001
0.001
0.001
0.001
0.001
0.001
0.001
0.001
0.001
0.001
0.001
0.001
0.001
0.001
0.001
0.001
0.001
0.001
0.001
0.001
0.001
0.001
0.001
0.001
0.001
0.001
0.001
0.001
0.001
0.001
0.001
0.001
0.001
0.001
0.001
0.001
0.001
0.001
0.001
0.001
0.001
0.001
0.001
0.001
0.001
0.001
0.001
0.001
0.001
0.001
0.001
0.001
0.001
0.001
0.001
0.001
0.001
0.001
0.001
0.001
0.001
0.001
0.001
0.001
0.001
0.001
0.001
0.001
0.001
0.001
)
;

boundaryField
{
    outlet
    {
        type            zeroGradient;
    }
    inlet1
    {
        type            fixedValue;
        value           uniform 0;
    }
    inlet2
    {
        type            fixedValue;
        value           uniform 0.001;
    }
    frontAndBack
    {
        type            empty;
    }
    defaultFaces
    {
        type            zeroGradient;
    }
}


// ************************************************************************* //
