/*--------------------------------*- C++ -*----------------------------------*\
| =========                 |                                                 |
| \\      /  F ield         | OpenFOAM: The Open Source CFD Toolbox           |
|  \\    /   O peration     | Version:  2.1.0                                 |
|   \\  /    A nd           | Web:      www.OpenFOAM.org                      |
|    \\/     M anipulation  |                                                 |
\*---------------------------------------------------------------------------*/
FoamFile
{
    version     2.0;
    format      ascii;
    class       volScalarField;
    location    "0.44";
    object      nut;
}
// * * * * * * * * * * * * * * * * * * * * * * * * * * * * * * * * * * * * * //

dimensions      [0 2 -1 0 0 0 0];

internalField   nonuniform List<scalar> 
6400
(
7.08388e-06
7.10257e-06
7.11487e-06
7.13069e-06
7.1449e-06
7.1631e-06
7.178e-06
7.19721e-06
7.21282e-06
7.23284e-06
7.24925e-06
7.26972e-06
7.28707e-06
7.30784e-06
7.32621e-06
7.34725e-06
7.36664e-06
7.38802e-06
7.40843e-06
7.43027e-06
7.45172e-06
7.4742e-06
7.49676e-06
7.52008e-06
7.54383e-06
7.56817e-06
7.59317e-06
7.61865e-06
7.64495e-06
7.67168e-06
7.69934e-06
7.72743e-06
7.75651e-06
7.78606e-06
7.81665e-06
7.84777e-06
7.87996e-06
7.91274e-06
7.94661e-06
7.98107e-06
8.0165e-06
8.05241e-06
8.08921e-06
8.1264e-06
8.16428e-06
8.20246e-06
8.2411e-06
8.27989e-06
8.31893e-06
8.35799e-06
8.39709e-06
8.43605e-06
8.47466e-06
8.51215e-06
8.54785e-06
8.58113e-06
8.61193e-06
8.6445e-06
8.675e-06
8.70677e-06
8.73706e-06
8.76856e-06
8.79932e-06
8.83099e-06
8.86187e-06
8.8935e-06
8.92438e-06
8.95577e-06
8.98559e-06
9.01445e-06
9.04228e-06
9.06814e-06
9.09265e-06
9.11497e-06
9.13579e-06
9.15499e-06
9.1735e-06
9.19226e-06
9.2129e-06
9.23769e-06
9.26911e-06
9.30995e-06
9.3608e-06
9.41573e-06
9.46321e-06
9.5269e-06
9.59367e-06
9.65548e-06
9.68971e-06
9.65064e-06
9.45144e-06
8.92251e-06
7.82494e-06
5.96744e-06
3.45315e-06
2.31977e-06
2.40679e-06
3.78153e-06
3.87717e-06
4.18298e-06
7.5362e-05
7.58291e-05
7.59216e-05
7.62266e-05
7.63311e-05
7.65865e-05
7.67115e-05
7.69338e-05
7.70758e-05
7.72747e-05
7.74279e-05
7.76094e-05
7.77679e-05
7.79359e-05
7.80947e-05
7.8251e-05
7.84061e-05
7.85518e-05
7.87e-05
7.88349e-05
7.89738e-05
7.90979e-05
7.92262e-05
7.93404e-05
7.94584e-05
7.95642e-05
7.96732e-05
7.97701e-05
7.98692e-05
7.99565e-05
8.00443e-05
8.01206e-05
8.01955e-05
8.02589e-05
8.03186e-05
8.03665e-05
8.04082e-05
8.04373e-05
8.04617e-05
8.04749e-05
8.04813e-05
8.04727e-05
8.04531e-05
8.04169e-05
8.03649e-05
8.02932e-05
8.02005e-05
8.00834e-05
7.99396e-05
7.97663e-05
7.95608e-05
7.9322e-05
7.90544e-05
7.8758e-05
7.84205e-05
7.80008e-05
7.72983e-05
7.65703e-05
7.57873e-05
7.49707e-05
7.41018e-05
7.31984e-05
7.22476e-05
7.12652e-05
7.02325e-05
6.91624e-05
6.80414e-05
6.68836e-05
6.56749e-05
6.44046e-05
6.30805e-05
6.16917e-05
6.02392e-05
5.87173e-05
5.71246e-05
5.54592e-05
5.37201e-05
5.1909e-05
5.00268e-05
4.80789e-05
4.60694e-05
4.40082e-05
4.19043e-05
3.97636e-05
3.75681e-05
3.52834e-05
3.29161e-05
3.04444e-05
2.78635e-05
2.51675e-05
2.2375e-05
1.95214e-05
1.66881e-05
1.4019e-05
1.15063e-05
9.2364e-06
7.49577e-06
6.29041e-06
5.67985e-06
6.86428e-06
0.00011535
0.000115624
0.000115733
0.000115855
0.00011595
0.000116031
0.000116116
0.000116168
0.000116241
0.000116267
0.000116325
0.000116328
0.000116364
0.000116344
0.000116355
0.00011631
0.000116291
0.000116219
0.000116167
0.000116066
0.000115978
0.000115842
0.000115713
0.00011554
0.000115371
0.000115163
0.000114961
0.000114724
0.000114488
0.000114219
0.000113946
0.000113644
0.000113333
0.000112995
0.000112644
0.000112267
0.000111875
0.000111457
0.000111012
0.000110535
0.000110036
0.000109508
0.00010895
0.000108359
0.000107733
0.000107071
0.000106367
0.00010562
0.000104823
0.000103971
0.000103059
0.000101916
0.000100407
9.8868e-05
9.72774e-05
9.56605e-05
9.40071e-05
9.2327e-05
9.06098e-05
8.88635e-05
8.70944e-05
8.53137e-05
8.34702e-05
8.16155e-05
7.97117e-05
7.77907e-05
7.58287e-05
7.3847e-05
7.183e-05
6.97918e-05
6.77207e-05
6.56246e-05
6.34951e-05
6.13364e-05
5.91418e-05
5.69145e-05
5.46492e-05
5.23498e-05
5.00137e-05
4.76468e-05
4.52503e-05
4.28336e-05
4.04016e-05
3.79666e-05
3.55413e-05
3.31554e-05
3.08102e-05
2.85293e-05
2.63101e-05
2.41654e-05
2.20655e-05
2.0032e-05
1.80358e-05
1.59923e-05
1.39466e-05
1.19377e-05
1.01369e-05
8.62541e-06
8.12553e-06
1.13133e-05
0.000137396
0.000137125
0.000137022
0.000136758
0.000136655
0.000136364
0.000136235
0.000135924
0.000135758
0.000135428
0.000135222
0.000134872
0.000134622
0.000134248
0.000133954
0.000133553
0.000133213
0.000132782
0.000132392
0.000131924
0.000131484
0.000130973
0.000130477
0.000129912
0.000129344
0.000128328
0.000127295
0.000126214
0.000125125
0.000123998
0.000122858
0.000121683
0.000120491
0.000119266
0.000118021
0.000116744
0.000115444
0.000114113
0.000112759
0.000111374
0.000109959
0.000108518
0.000107045
0.000105547
0.000104015
0.000102459
0.000100869
9.92542e-05
9.76082e-05
9.59294e-05
9.42259e-05
9.25182e-05
9.07753e-05
8.90194e-05
8.72362e-05
8.54414e-05
8.3623e-05
8.17887e-05
7.99274e-05
7.80457e-05
7.6136e-05
7.42068e-05
7.22531e-05
7.02839e-05
6.82915e-05
6.62873e-05
6.42641e-05
6.22341e-05
6.01926e-05
5.81516e-05
5.61084e-05
5.4075e-05
5.2051e-05
5.00474e-05
4.80647e-05
4.61131e-05
4.41925e-05
4.23113e-05
4.0468e-05
3.86676e-05
3.69064e-05
3.51862e-05
3.34954e-05
3.18347e-05
3.02117e-05
2.85938e-05
2.69878e-05
2.53853e-05
2.378e-05
2.21644e-05
2.0534e-05
1.88851e-05
1.72075e-05
1.54798e-05
1.37116e-05
1.19847e-05
1.05115e-05
9.77624e-06
1.19118e-05
1.20611e-05
0.000139931
0.00014004
0.000139782
0.000139634
0.000138874
0.00013828
0.000137374
0.000136588
0.000135632
0.000134741
0.000133756
0.000132795
0.000131781
0.000130763
0.000129716
0.000128647
0.000127562
0.000126446
0.000125319
0.000124154
0.000122981
0.000121769
0.000120547
0.000119289
0.000118013
0.00011672
0.00011541
0.000114071
0.000112721
0.000111343
0.000109954
0.000108539
0.000107111
0.000105658
0.000104192
0.000102702
0.000101198
9.9663e-05
9.81212e-05
9.65777e-05
9.4989e-05
9.34047e-05
9.17877e-05
9.01682e-05
8.85238e-05
8.68742e-05
8.52057e-05
8.35318e-05
8.18444e-05
8.01539e-05
7.8456e-05
7.67569e-05
7.50527e-05
7.33472e-05
7.16347e-05
6.99228e-05
6.82121e-05
6.65068e-05
6.48066e-05
6.31158e-05
6.1434e-05
5.97663e-05
5.81124e-05
5.64771e-05
5.48595e-05
5.32643e-05
5.16897e-05
5.014e-05
4.86122e-05
4.71098e-05
4.56246e-05
4.41648e-05
4.27342e-05
4.13102e-05
3.99127e-05
3.85234e-05
3.71509e-05
3.57815e-05
3.442e-05
3.30544e-05
3.16874e-05
3.03117e-05
2.89285e-05
2.75376e-05
2.61413e-05
2.4739e-05
2.33439e-05
2.19492e-05
2.0574e-05
1.92173e-05
1.78964e-05
1.6611e-05
1.53819e-05
1.41931e-05
1.31022e-05
1.22698e-05
1.20802e-05
1.37498e-05
1.37876e-05
1.41369e-05
0.000126954
0.000126335
0.000125929
0.000125395
0.000124475
0.000123578
0.000122494
0.000121441
0.000120297
0.000119167
0.000117994
0.000116816
0.000115621
0.000114409
0.000113194
0.000111954
0.00011072
0.000109456
0.000108203
0.00010692
0.000105644
0.000104348
0.000103052
0.000101758
0.000100437
9.91185e-05
9.77813e-05
9.64334e-05
9.50794e-05
9.37114e-05
9.23384e-05
9.09508e-05
8.95593e-05
8.81539e-05
8.67457e-05
8.53254e-05
8.39035e-05
8.24723e-05
8.10426e-05
7.9605e-05
7.8169e-05
7.67325e-05
7.52971e-05
7.38659e-05
7.24377e-05
7.10169e-05
6.96017e-05
6.81964e-05
6.67991e-05
6.54134e-05
6.40373e-05
6.26729e-05
6.13189e-05
5.99778e-05
5.86477e-05
5.73305e-05
5.60249e-05
5.47384e-05
5.34674e-05
5.22065e-05
5.09624e-05
4.97277e-05
4.85065e-05
4.72935e-05
4.60911e-05
4.48958e-05
4.37086e-05
4.25273e-05
4.13523e-05
4.01824e-05
3.90181e-05
3.78609e-05
3.67116e-05
3.55693e-05
3.44359e-05
3.33083e-05
3.21929e-05
3.10859e-05
2.99981e-05
2.8922e-05
2.78664e-05
2.6827e-05
2.58108e-05
2.48143e-05
2.38438e-05
2.28955e-05
2.1969e-05
2.10675e-05
2.02031e-05
1.93759e-05
1.8602e-05
1.78888e-05
1.72647e-05
1.67641e-05
1.65183e-05
1.66372e-05
1.60618e-05
1.58181e-05
1.57932e-05
1.32102e-05
0.000111443
0.000110272
0.000109727
0.000108864
0.000107934
0.000106852
0.000105776
0.000104611
0.000103478
0.000102282
0.000101127
9.99182e-05
9.87521e-05
9.7539e-05
9.63671e-05
9.51533e-05
9.3979e-05
9.27677e-05
9.15942e-05
9.0389e-05
8.922e-05
8.80284e-05
8.68653e-05
8.56784e-05
8.45207e-05
8.33457e-05
8.21935e-05
8.10311e-05
7.98888e-05
7.8739e-05
7.76068e-05
7.64694e-05
7.53477e-05
7.42227e-05
7.31118e-05
7.19989e-05
7.08988e-05
6.97977e-05
6.87079e-05
6.76136e-05
6.65333e-05
6.54588e-05
6.43874e-05
6.33234e-05
6.22639e-05
6.12109e-05
6.01624e-05
5.91199e-05
5.80819e-05
5.70503e-05
5.60227e-05
5.5002e-05
5.39861e-05
5.29789e-05
5.19798e-05
5.0991e-05
5.00025e-05
4.90275e-05
4.80585e-05
4.71006e-05
4.6152e-05
4.52159e-05
4.42933e-05
4.33851e-05
4.24923e-05
4.16145e-05
4.07624e-05
3.99273e-05
3.91186e-05
3.83297e-05
3.75688e-05
3.68284e-05
3.61128e-05
3.54177e-05
3.47465e-05
3.40943e-05
3.34632e-05
3.28461e-05
3.22479e-05
3.1293e-05
3.03393e-05
2.9392e-05
2.8464e-05
2.75434e-05
2.66432e-05
2.57519e-05
2.48827e-05
2.4025e-05
2.31945e-05
2.23829e-05
2.16086e-05
2.08671e-05
2.01765e-05
1.95431e-05
1.90022e-05
1.85981e-05
1.83377e-05
1.82343e-05
1.89299e-05
1.49388e-05
0.000100472
9.87233e-05
9.81639e-05
9.70839e-05
9.62344e-05
9.50674e-05
9.4112e-05
9.29432e-05
9.19566e-05
9.08159e-05
8.98303e-05
8.87266e-05
8.77532e-05
8.66857e-05
8.57275e-05
8.46922e-05
8.37484e-05
8.27401e-05
8.18084e-05
8.0821e-05
7.98975e-05
7.89214e-05
7.77461e-05
7.64492e-05
7.52057e-05
7.39342e-05
7.27327e-05
7.14988e-05
7.03366e-05
6.91485e-05
6.80334e-05
6.68989e-05
6.58379e-05
6.47631e-05
6.37609e-05
6.27485e-05
6.18078e-05
6.08609e-05
5.99842e-05
5.91047e-05
5.82921e-05
5.7478e-05
5.67261e-05
5.59718e-05
5.5277e-05
5.45795e-05
5.39374e-05
5.32922e-05
5.26977e-05
5.20993e-05
5.15453e-05
5.09888e-05
5.04667e-05
4.99413e-05
4.94423e-05
4.89427e-05
4.84607e-05
4.79772e-05
4.75014e-05
4.70216e-05
4.65438e-05
4.60593e-05
4.55719e-05
4.50678e-05
4.45631e-05
4.40657e-05
4.35414e-05
4.3028e-05
4.24996e-05
4.19796e-05
4.14461e-05
4.09195e-05
4.03809e-05
3.98475e-05
3.93034e-05
3.87628e-05
3.82124e-05
3.76638e-05
3.71068e-05
3.6547e-05
3.5977e-05
3.53951e-05
3.47989e-05
3.41855e-05
3.35523e-05
3.28959e-05
3.22142e-05
3.15038e-05
3.07653e-05
3e-05
2.9215e-05
2.84208e-05
2.76369e-05
2.6889e-05
2.62702e-05
2.58105e-05
2.54332e-05
2.56031e-05
2.61367e-05
2.05159e-05
8.35916e-05
8.15074e-05
8.06611e-05
7.90863e-05
7.8204e-05
7.67376e-05
7.58261e-05
7.44614e-05
7.35328e-05
7.22333e-05
7.13367e-05
7.00955e-05
6.92265e-05
6.8047e-05
6.72097e-05
6.60945e-05
6.52934e-05
6.42447e-05
6.34845e-05
6.25042e-05
6.17896e-05
6.088e-05
6.02146e-05
5.9385e-05
5.87776e-05
5.80305e-05
5.74846e-05
5.68161e-05
5.63324e-05
5.57392e-05
5.53155e-05
5.47937e-05
5.44257e-05
5.39709e-05
5.36534e-05
5.32622e-05
5.29903e-05
5.26568e-05
5.24237e-05
5.21416e-05
5.1941e-05
5.17011e-05
5.15278e-05
5.13216e-05
5.11704e-05
5.09905e-05
5.08563e-05
5.0687e-05
5.0562e-05
5.04416e-05
5.03095e-05
5.01952e-05
5.0046e-05
4.99587e-05
4.98295e-05
4.9748e-05
4.96361e-05
4.95614e-05
4.94683e-05
4.94056e-05
4.93316e-05
4.92828e-05
4.92278e-05
4.91935e-05
4.91572e-05
4.91373e-05
4.91207e-05
4.91187e-05
4.91197e-05
4.91343e-05
4.91527e-05
4.91834e-05
4.92181e-05
4.92638e-05
4.93134e-05
4.93721e-05
4.94337e-05
4.95014e-05
4.95699e-05
4.96418e-05
4.97112e-05
4.97769e-05
4.9834e-05
4.98788e-05
4.99051e-05
4.99071e-05
4.98773e-05
4.98069e-05
4.96868e-05
4.95117e-05
4.92748e-05
4.89761e-05
4.86191e-05
4.82163e-05
4.77956e-05
4.744e-05
4.73083e-05
4.74356e-05
4.79762e-05
3.97746e-05
7.4189e-05
7.23275e-05
7.1582e-05
7.01829e-05
6.948e-05
6.81619e-05
6.74977e-05
6.62674e-05
6.56407e-05
6.45019e-05
6.39164e-05
6.2867e-05
6.23259e-05
6.13647e-05
6.08699e-05
5.9995e-05
5.95476e-05
5.87565e-05
5.8357e-05
5.76466e-05
5.72944e-05
5.66609e-05
5.63548e-05
5.57943e-05
5.55314e-05
5.50386e-05
5.48154e-05
5.43847e-05
5.41974e-05
5.38255e-05
5.36664e-05
5.33555e-05
5.32041e-05
5.29563e-05
5.2831e-05
5.2638e-05
5.25148e-05
5.23761e-05
5.22484e-05
5.21516e-05
5.20578e-05
5.19825e-05
5.19166e-05
5.18645e-05
5.18264e-05
5.17963e-05
5.17843e-05
5.17767e-05
5.17905e-05
5.18062e-05
5.18425e-05
5.1882e-05
5.1942e-05
5.20098e-05
5.20941e-05
5.21897e-05
5.22998e-05
5.24233e-05
5.25597e-05
5.27103e-05
5.2874e-05
5.30524e-05
5.32444e-05
5.3452e-05
5.36739e-05
5.39116e-05
5.41645e-05
5.44332e-05
5.47181e-05
5.50192e-05
5.53376e-05
5.56727e-05
5.60266e-05
5.63983e-05
5.67901e-05
5.72013e-05
5.76346e-05
5.80893e-05
5.85682e-05
5.90706e-05
5.95992e-05
6.01551e-05
6.07407e-05
6.13574e-05
6.20085e-05
6.26959e-05
6.34238e-05
6.41951e-05
6.50169e-05
6.58925e-05
6.68303e-05
6.78356e-05
6.89179e-05
7.00835e-05
7.13401e-05
7.26802e-05
7.40961e-05
7.55579e-05
7.62824e-05
6.6202e-05
7.91457e-05
7.71601e-05
7.63642e-05
7.48587e-05
7.40894e-05
7.26704e-05
7.19284e-05
7.06009e-05
6.98895e-05
6.86567e-05
6.7979e-05
6.6844e-05
6.6203e-05
6.51664e-05
6.4569e-05
6.36249e-05
6.30767e-05
6.22207e-05
6.17243e-05
6.09524e-05
6.05086e-05
5.98165e-05
5.94241e-05
5.88069e-05
5.84637e-05
5.79163e-05
5.76188e-05
5.71357e-05
5.68798e-05
5.64552e-05
5.62362e-05
5.58642e-05
5.56767e-05
5.53527e-05
5.51906e-05
5.49089e-05
5.47668e-05
5.45161e-05
5.4385e-05
5.42001e-05
5.40548e-05
5.39221e-05
5.37814e-05
5.3652e-05
5.35534e-05
5.34466e-05
5.33702e-05
5.32858e-05
5.32312e-05
5.31694e-05
5.31369e-05
5.30985e-05
5.30886e-05
5.30748e-05
5.30866e-05
5.30975e-05
5.31349e-05
5.31723e-05
5.32356e-05
5.32995e-05
5.33874e-05
5.34792e-05
5.35932e-05
5.37132e-05
5.38551e-05
5.40039e-05
5.41742e-05
5.43524e-05
5.45516e-05
5.47598e-05
5.49887e-05
5.52272e-05
5.54864e-05
5.57563e-05
5.60467e-05
5.63492e-05
5.66732e-05
5.70111e-05
5.73716e-05
5.77483e-05
5.81493e-05
5.85694e-05
5.9016e-05
5.94852e-05
5.99839e-05
6.05095e-05
6.10687e-05
6.16597e-05
6.22887e-05
6.2954e-05
6.36632e-05
6.44205e-05
6.52451e-05
6.61412e-05
6.71346e-05
6.82413e-05
6.95075e-05
7.09038e-05
7.1941e-05
6.3078e-05
9.72845e-05
9.50989e-05
9.42e-05
9.25125e-05
9.15545e-05
8.99566e-05
8.89475e-05
8.74285e-05
8.63811e-05
8.49416e-05
8.38578e-05
8.24977e-05
8.13946e-05
8.0085e-05
7.90146e-05
7.77488e-05
7.67118e-05
7.54969e-05
7.44979e-05
7.33395e-05
7.23833e-05
7.12856e-05
7.03767e-05
6.93428e-05
6.84851e-05
6.75175e-05
6.67118e-05
6.58132e-05
6.50643e-05
6.42334e-05
6.35427e-05
6.27792e-05
6.21468e-05
6.14496e-05
6.08731e-05
6.0238e-05
5.9715e-05
5.91389e-05
5.8666e-05
5.8145e-05
5.77165e-05
5.72455e-05
5.68505e-05
5.64219e-05
5.60574e-05
5.56637e-05
5.53242e-05
5.49581e-05
5.46371e-05
5.42914e-05
5.39834e-05
5.365e-05
5.33405e-05
5.30257e-05
5.27404e-05
5.2423e-05
5.21464e-05
5.18428e-05
5.15754e-05
5.13007e-05
5.10266e-05
5.07509e-05
5.04983e-05
5.02356e-05
4.99946e-05
4.97444e-05
4.95138e-05
4.92775e-05
4.90594e-05
4.88322e-05
4.86176e-05
4.83935e-05
4.81786e-05
4.7951e-05
4.77275e-05
4.74882e-05
4.7248e-05
4.69883e-05
4.67226e-05
4.64338e-05
4.61367e-05
4.58145e-05
4.54795e-05
4.51175e-05
4.47393e-05
4.43333e-05
4.39096e-05
4.34601e-05
4.29971e-05
4.25127e-05
4.20234e-05
4.15192e-05
4.10107e-05
4.05306e-05
4.01091e-05
3.98118e-05
3.97341e-05
3.9998e-05
4.06397e-05
3.43511e-05
0.000105095
0.000103549
0.000102903
0.000101793
0.000100894
9.96859e-05
9.86731e-05
9.74508e-05
9.6397e-05
9.51937e-05
9.41317e-05
9.29579e-05
9.19015e-05
9.07566e-05
8.97125e-05
8.85951e-05
8.75646e-05
8.64735e-05
8.54573e-05
8.43908e-05
8.33894e-05
8.23464e-05
8.13602e-05
8.03384e-05
7.9366e-05
7.83591e-05
7.7405e-05
7.64218e-05
7.54764e-05
7.45111e-05
7.35807e-05
7.26342e-05
7.17192e-05
7.07913e-05
6.98932e-05
6.89862e-05
6.80924e-05
6.71867e-05
6.62961e-05
6.53981e-05
6.45157e-05
6.36309e-05
6.27632e-05
6.18968e-05
6.105e-05
6.02078e-05
5.93894e-05
5.85782e-05
5.77941e-05
5.70176e-05
5.627e-05
5.55327e-05
5.48244e-05
5.41275e-05
5.34579e-05
5.28049e-05
5.21844e-05
5.14827e-05
5.07485e-05
5.00042e-05
4.92749e-05
4.85347e-05
4.78036e-05
4.70552e-05
4.6311e-05
4.55476e-05
4.47866e-05
4.40005e-05
4.32058e-05
4.24111e-05
4.16225e-05
4.08071e-05
4.00081e-05
3.91863e-05
3.83811e-05
3.75568e-05
3.67488e-05
3.59257e-05
3.51198e-05
3.43031e-05
3.34981e-05
3.26844e-05
3.18855e-05
3.10829e-05
3.0299e-05
2.95173e-05
2.87517e-05
2.79938e-05
2.72591e-05
2.65421e-05
2.58607e-05
2.52142e-05
2.46235e-05
2.40896e-05
2.37075e-05
2.33952e-05
2.33656e-05
2.36402e-05
2.43819e-05
1.89174e-05
0.000119018
0.000117869
0.000117333
0.000116444
0.00011547
0.000114351
0.000113215
0.000111988
0.000110785
0.00010951
0.000108281
0.000106993
0.00010575
0.000104452
0.000103199
0.000101894
0.00010063
9.93199e-05
9.80454e-05
9.67303e-05
9.54471e-05
9.41287e-05
9.28394e-05
9.15216e-05
9.02267e-05
8.89082e-05
8.76125e-05
8.62953e-05
8.49986e-05
8.36845e-05
8.23907e-05
8.10829e-05
7.97939e-05
7.84947e-05
7.72139e-05
7.59268e-05
7.46603e-05
7.33907e-05
7.21405e-05
7.08891e-05
6.96549e-05
6.84207e-05
6.72003e-05
6.59848e-05
6.47864e-05
6.35836e-05
6.23995e-05
6.1213e-05
6.00426e-05
5.88735e-05
5.77193e-05
5.65674e-05
5.54296e-05
5.42954e-05
5.31749e-05
5.20595e-05
5.096e-05
4.98675e-05
4.87916e-05
4.7727e-05
4.66774e-05
4.56324e-05
4.46039e-05
4.3585e-05
4.25846e-05
4.15969e-05
4.06303e-05
3.96862e-05
3.87672e-05
3.78702e-05
3.70006e-05
3.61556e-05
3.53396e-05
3.45489e-05
3.37822e-05
3.30406e-05
3.23224e-05
3.16283e-05
3.09556e-05
3.03042e-05
2.96665e-05
2.9048e-05
2.84405e-05
2.78487e-05
2.68369e-05
2.58603e-05
2.49059e-05
2.39966e-05
2.31141e-05
2.22813e-05
2.14824e-05
2.07416e-05
2.0042e-05
1.94161e-05
1.88202e-05
1.84104e-05
1.81792e-05
1.79928e-05
1.87264e-05
1.44605e-05
0.000135447
0.000134806
0.000134389
0.000133804
0.000132828
0.000131848
0.000130689
0.000129542
0.000128316
0.000127088
0.000125829
0.000124551
0.000123267
0.000121952
0.000120643
0.000119298
0.000117962
0.00011659
0.000115229
0.000113831
0.000112445
0.000111025
0.000109601
0.000108169
0.000106747
0.000105285
0.000103843
0.00010237
0.000100914
9.94317e-05
9.79551e-05
9.64531e-05
9.49535e-05
9.34318e-05
9.1911e-05
9.03714e-05
8.88402e-05
8.72967e-05
8.57597e-05
8.42145e-05
8.26736e-05
8.11256e-05
7.9585e-05
7.80388e-05
7.65025e-05
7.49634e-05
7.34362e-05
7.191e-05
7.03979e-05
6.88907e-05
6.73994e-05
6.59165e-05
6.44513e-05
6.2997e-05
6.15603e-05
6.01359e-05
5.87303e-05
5.73348e-05
5.59563e-05
5.45965e-05
5.32508e-05
5.19272e-05
5.06202e-05
4.93313e-05
4.80574e-05
4.67974e-05
4.555e-05
4.43131e-05
4.30862e-05
4.1867e-05
4.06561e-05
3.94508e-05
3.82525e-05
3.70604e-05
3.58801e-05
3.47067e-05
3.35422e-05
3.2385e-05
3.12366e-05
3.00993e-05
2.89731e-05
2.78636e-05
2.67682e-05
2.56946e-05
2.46364e-05
2.36003e-05
2.25817e-05
2.15872e-05
2.06099e-05
1.96592e-05
1.87459e-05
1.78728e-05
1.70533e-05
1.63913e-05
1.59611e-05
1.6131e-05
1.60765e-05
1.58676e-05
1.58839e-05
1.31644e-05
0.000147198
0.000147311
0.000147035
0.000146826
0.000146012
0.000145328
0.000144351
0.000143469
0.000142438
0.000141453
0.000140391
0.000139339
0.000138248
0.000137143
0.00013602
0.000134869
0.00013371
0.000132517
0.000131319
0.000130084
0.000128846
0.00012757
0.000126289
0.000124974
0.00012365
0.00012229
0.000120925
0.000119523
0.000118124
0.000116694
0.000115256
0.00011379
0.000112317
0.000110818
0.000109308
0.000107776
0.000106234
0.00010467
0.000103085
0.000101487
9.98914e-05
9.82526e-05
9.66164e-05
9.49481e-05
9.32762e-05
9.15779e-05
8.98731e-05
8.8146e-05
8.64117e-05
8.46592e-05
8.29006e-05
8.11283e-05
7.93528e-05
7.75707e-05
7.57872e-05
7.40011e-05
7.22175e-05
7.04269e-05
6.86417e-05
6.68534e-05
6.50759e-05
6.33054e-05
6.15511e-05
5.98085e-05
5.80877e-05
5.63834e-05
5.47048e-05
5.30474e-05
5.14183e-05
4.98139e-05
4.8239e-05
4.66899e-05
4.51692e-05
4.36673e-05
4.2194e-05
4.07515e-05
3.93127e-05
3.79054e-05
3.64987e-05
3.51097e-05
3.37142e-05
3.23229e-05
3.09172e-05
2.95046e-05
2.80698e-05
2.6622e-05
2.51559e-05
2.36739e-05
2.21865e-05
2.06878e-05
1.9197e-05
1.7708e-05
1.62199e-05
1.47946e-05
1.34797e-05
1.2437e-05
1.20866e-05
1.36424e-05
1.38508e-05
1.43367e-05
0.00014117
0.000140844
0.000140715
0.000140391
0.00014025
0.0001399
0.000139729
0.000139366
0.000139158
0.000138781
0.000138533
0.000138139
0.00013785
0.000137437
0.000137104
0.000136667
0.000136291
0.000135826
0.000135405
0.000134909
0.000134441
0.000133907
0.00013339
0.000132814
0.000132242
0.000131616
0.000130981
0.000130291
0.000129245
0.000128097
0.000126929
0.000125734
0.000124524
0.000123291
0.000122045
0.000120773
0.000119481
0.00011816
0.000116819
0.000115451
0.000114059
0.000112635
0.000111191
0.000109713
0.000108213
0.000106678
0.000105119
0.000103527
0.000101909
0.000100259
9.85828e-05
9.68749e-05
9.51296e-05
9.33636e-05
9.1591e-05
8.97692e-05
8.79476e-05
8.60812e-05
8.4211e-05
8.23046e-05
8.0391e-05
7.8446e-05
7.64892e-05
7.44988e-05
7.24903e-05
7.04557e-05
6.84018e-05
6.63284e-05
6.42379e-05
6.21345e-05
6.00201e-05
5.79022e-05
5.57831e-05
5.36724e-05
5.15729e-05
4.94954e-05
4.74421e-05
4.54229e-05
4.34393e-05
4.14983e-05
3.95994e-05
3.77456e-05
3.59331e-05
3.41603e-05
3.241e-05
3.06855e-05
2.90002e-05
2.72894e-05
2.55938e-05
2.38715e-05
2.21314e-05
2.03359e-05
1.84723e-05
1.65394e-05
1.46176e-05
1.26999e-05
1.10407e-05
1.0081e-05
1.19766e-05
1.21316e-05
0.000116752
0.000116979
0.000117067
0.000117142
0.000117211
0.000117248
0.000117305
0.000117316
0.000117359
0.000117348
0.000117374
0.000117341
0.000117346
0.000117294
0.000117276
0.000117204
0.000117162
0.000117069
0.000116998
0.000116881
0.00011678
0.000116636
0.000116502
0.000116327
0.000116156
0.000115948
0.000115737
0.000115493
0.000115245
0.000114975
0.000114697
0.000114398
0.00011409
0.00011376
0.000113416
0.000113052
0.000112678
0.000112284
0.000111869
0.000111431
0.00011097
0.000110482
0.000109968
0.000109422
0.000108845
0.000108238
0.000107603
0.000106938
0.000106245
0.000105511
0.000104737
0.000103915
0.000103042
0.000102111
0.000101111
9.95684e-05
9.7992e-05
9.63421e-05
9.46703e-05
9.29397e-05
9.11857e-05
8.9386e-05
8.75714e-05
8.57172e-05
8.38399e-05
8.19368e-05
7.99712e-05
7.79862e-05
7.59507e-05
7.38904e-05
7.17877e-05
6.96583e-05
6.7484e-05
6.52802e-05
6.30298e-05
6.07439e-05
5.8408e-05
5.60302e-05
5.36e-05
5.11246e-05
4.85987e-05
4.60315e-05
4.34245e-05
4.0791e-05
3.81411e-05
3.54944e-05
3.28687e-05
3.0288e-05
2.77829e-05
2.53644e-05
2.30178e-05
2.07421e-05
1.8538e-05
1.62994e-05
1.41354e-05
1.21317e-05
1.03199e-05
8.92165e-06
8.37946e-06
1.1538e-05
7.49502e-05
7.53886e-05
7.5472e-05
7.57448e-05
7.58359e-05
7.60605e-05
7.61697e-05
7.6363e-05
7.64879e-05
7.66598e-05
7.67951e-05
7.6952e-05
7.70927e-05
7.72387e-05
7.73805e-05
7.75177e-05
7.76571e-05
7.77862e-05
7.79204e-05
7.80415e-05
7.81679e-05
7.82803e-05
7.83972e-05
7.85001e-05
7.86064e-05
7.86996e-05
7.8795e-05
7.88791e-05
7.89654e-05
7.90423e-05
7.91192e-05
7.91875e-05
7.92538e-05
7.93114e-05
7.93652e-05
7.94102e-05
7.94495e-05
7.94783e-05
7.9503e-05
7.95179e-05
7.95266e-05
7.95258e-05
7.95175e-05
7.94996e-05
7.9474e-05
7.94394e-05
7.93936e-05
7.93327e-05
7.9256e-05
7.91591e-05
7.90415e-05
7.88983e-05
7.87287e-05
7.85285e-05
7.82971e-05
7.80367e-05
7.77625e-05
7.74517e-05
7.71205e-05
7.67439e-05
7.63304e-05
7.58015e-05
7.4969e-05
7.40872e-05
7.31422e-05
7.21601e-05
7.11174e-05
7.00359e-05
6.88912e-05
6.76906e-05
6.64276e-05
6.51178e-05
6.37139e-05
6.2245e-05
6.06831e-05
5.90402e-05
5.72979e-05
5.54636e-05
5.35257e-05
5.14909e-05
4.93539e-05
4.71231e-05
4.47992e-05
4.23942e-05
3.99161e-05
3.73776e-05
3.47711e-05
3.21128e-05
2.93271e-05
2.64568e-05
2.34917e-05
2.04661e-05
1.74887e-05
1.46369e-05
1.19478e-05
9.59303e-06
7.77152e-06
6.54311e-06
5.87334e-06
6.77675e-06
6.97837e-06
6.99514e-06
7.00699e-06
7.02064e-06
7.03468e-06
7.05121e-06
7.06546e-06
7.08348e-06
7.09829e-06
7.1171e-06
7.13275e-06
7.15203e-06
7.16868e-06
7.1883e-06
7.20598e-06
7.22593e-06
7.24463e-06
7.26497e-06
7.28466e-06
7.30547e-06
7.32613e-06
7.34755e-06
7.36919e-06
7.39137e-06
7.41407e-06
7.4372e-06
7.46109e-06
7.4854e-06
7.5106e-06
7.53623e-06
7.56283e-06
7.5899e-06
7.61801e-06
7.64666e-06
7.6764e-06
7.7068e-06
7.73833e-06
7.77067e-06
7.80423e-06
7.83871e-06
7.87451e-06
7.91135e-06
7.94957e-06
7.98895e-06
8.02973e-06
8.07165e-06
8.11483e-06
8.15907e-06
8.20453e-06
8.25102e-06
8.29874e-06
8.34755e-06
8.39772e-06
8.44924e-06
8.50248e-06
8.55754e-06
8.61431e-06
8.67178e-06
8.73028e-06
8.78785e-06
8.84485e-06
8.89871e-06
8.95123e-06
9.00702e-06
9.06295e-06
9.12306e-06
9.18412e-06
9.24959e-06
9.31639e-06
9.38756e-06
9.46149e-06
9.53974e-06
9.61873e-06
9.70318e-06
9.78862e-06
9.87904e-06
9.97119e-06
1.00681e-05
1.01679e-05
1.02732e-05
1.03834e-05
1.05013e-05
1.06276e-05
1.07657e-05
1.09165e-05
1.10786e-05
1.12353e-05
1.13426e-05
1.13671e-05
1.12388e-05
1.07853e-05
9.77375e-06
8.06029e-06
5.93619e-06
3.6195e-06
2.63647e-06
2.55648e-06
3.91774e-06
4.01841e-06
4.33076e-06
1.09393e-05
2.07735e-06
2.60063e-06
3.51746e-06
4.54837e-06
5.62314e-06
6.48747e-06
7.33707e-06
8.15034e-06
8.90643e-06
9.61992e-06
1.0338e-05
1.14565e-05
1.33353e-05
1.54698e-05
1.78507e-05
1.75968e-05
1.55418e-05
1.02873e-05
3.99565e-06
5.87969e-06
2.18617e-06
2.47516e-06
3.18434e-06
4.05641e-06
4.86407e-06
5.69333e-06
6.5524e-06
7.41578e-06
8.29948e-06
9.27505e-06
1.03725e-05
1.20257e-05
1.40993e-05
1.70535e-05
1.8324e-05
1.74933e-05
1.47073e-05
9.53318e-06
3.96695e-06
4.94609e-06
2.69541e-06
2.90124e-06
3.41684e-06
4.01112e-06
4.71744e-06
5.48174e-06
6.31639e-06
7.22226e-06
8.38989e-06
9.51018e-06
1.10215e-05
1.29396e-05
1.58368e-05
1.80265e-05
1.83049e-05
1.71509e-05
1.40016e-05
8.87023e-06
3.83941e-06
5.05651e-06
3.43954e-06
3.63823e-06
3.87599e-06
4.3689e-06
4.92964e-06
5.67446e-06
6.58288e-06
7.71571e-06
9.48927e-06
1.12194e-05
1.29541e-05
1.57413e-05
1.82209e-05
1.91982e-05
1.88217e-05
1.703e-05
1.32339e-05
7.97819e-06
3.2577e-06
5.68871e-06
4.47721e-06
4.61698e-06
4.63445e-06
5.19477e-06
5.69387e-06
6.58672e-06
7.84449e-06
9.60098e-06
1.31103e-05
1.47776e-05
1.70908e-05
1.93526e-05
2.04381e-05
2.04402e-05
1.9221e-05
1.6536e-05
1.24893e-05
6.87869e-06
2.37508e-06
6.8955e-06
5.97716e-06
6.04857e-06
6.02773e-06
6.77351e-06
7.77008e-06
9.35338e-06
1.16084e-05
1.61268e-05
1.95224e-05
2.09971e-05
2.23893e-05
2.30797e-05
2.28788e-05
2.16785e-05
1.91001e-05
1.596e-05
1.15539e-05
5.14598e-06
1.46701e-06
9.0438e-06
8.62777e-06
8.85939e-06
9.46589e-06
1.11855e-05
1.36767e-05
1.70887e-05
2.2043e-05
2.87885e-05
2.94393e-05
2.91201e-05
2.8328e-05
2.69233e-05
2.47845e-05
2.16791e-05
1.85284e-05
1.48185e-05
1.01024e-05
3.8224e-06
7.20591e-07
1.46603e-05
1.61401e-05
1.73687e-05
1.96671e-05
2.31986e-05
2.75252e-05
3.30996e-05
4.0066e-05
3.99377e-05
3.77741e-05
3.42821e-05
3.1665e-05
2.81041e-05
2.49261e-05
2.08579e-05
1.7083e-05
1.29166e-05
8.10388e-06
2.7813e-06
2.76814e-07
3.25334e-05
3.549e-05
3.67165e-05
3.91782e-05
4.3632e-05
4.79758e-05
5.20277e-05
4.78006e-05
4.41772e-05
4.02515e-05
3.63762e-05
3.25854e-05
2.83723e-05
2.33263e-05
1.85622e-05
1.40687e-05
1.01864e-05
6.45134e-06
2.41707e-06
1.22112e-07
5.28246e-05
5.57087e-05
5.59624e-05
5.74663e-05
6.23173e-05
5.94173e-05
5.51289e-05
5.01693e-05
4.60822e-05
4.11238e-05
3.70457e-05
3.18734e-05
2.70261e-05
1.97577e-05
1.40364e-05
9.63251e-06
7.57317e-06
6.08758e-06
2.94759e-06
1.93227e-07
5.03408e-05
5.30733e-05
5.34395e-05
5.50225e-05
5.9818e-05
5.77744e-05
5.36616e-05
4.88993e-05
4.50429e-05
4.02517e-05
3.65745e-05
3.14461e-05
2.76198e-05
2.04783e-05
1.4817e-05
9.77683e-06
7.20244e-06
5.14515e-06
2.2234e-06
1.54909e-07
2.80221e-05
3.09183e-05
3.22756e-05
3.47493e-05
3.91478e-05
4.36877e-05
4.96423e-05
4.56351e-05
4.2653e-05
3.84281e-05
3.5671e-05
3.13215e-05
2.8342e-05
2.39314e-05
1.9366e-05
1.46113e-05
1.00113e-05
5.48636e-06
1.67806e-06
1.0797e-07
1.31023e-05
1.40453e-05
1.50225e-05
1.70682e-05
2.02315e-05
2.42799e-05
2.9542e-05
3.64293e-05
3.97674e-05
3.6157e-05
3.4028e-05
3.06159e-05
2.76753e-05
2.45074e-05
2.12667e-05
1.73743e-05
1.29759e-05
7.81236e-06
2.36974e-06
1.42162e-07
8.63818e-06
8.11653e-06
8.26387e-06
8.65916e-06
1.00779e-05
1.22212e-05
1.52226e-05
1.98434e-05
2.63237e-05
2.74886e-05
2.77831e-05
2.75938e-05
2.66703e-05
2.47318e-05
2.14465e-05
1.86195e-05
1.48279e-05
1.00131e-05
3.48561e-06
3.8065e-07
6.73716e-06
5.80496e-06
5.86935e-06
5.83201e-06
6.51328e-06
7.37349e-06
8.7596e-06
1.07495e-05
1.48389e-05
1.81964e-05
1.99861e-05
2.17347e-05
2.27535e-05
2.27863e-05
2.18409e-05
1.89566e-05
1.58302e-05
1.14933e-05
5.11276e-06
1.17785e-06
5.62048e-06
4.42679e-06
4.56443e-06
4.6069e-06
5.15436e-06
5.6445e-06
6.48877e-06
7.64117e-06
9.24726e-06
1.23727e-05
1.41518e-05
1.65278e-05
1.90598e-05
2.03547e-05
2.04617e-05
1.93542e-05
1.64124e-05
1.24341e-05
6.93309e-06
2.22635e-06
5.04237e-06
3.43524e-06
3.63733e-06
3.91549e-06
4.41439e-06
4.9945e-06
5.72911e-06
6.61094e-06
7.68805e-06
9.33973e-06
1.09286e-05
1.26839e-05
1.54317e-05
1.81295e-05
1.92558e-05
1.8899e-05
1.70965e-05
1.31893e-05
8.0307e-06
3.20784e-06
5.04752e-06
2.73346e-06
2.93272e-06
3.46335e-06
4.09242e-06
4.80646e-06
5.58389e-06
6.42168e-06
7.31369e-06
8.42241e-06
9.50516e-06
1.09531e-05
1.28389e-05
1.56649e-05
1.80425e-05
1.83941e-05
1.72084e-05
1.3948e-05
8.94569e-06
3.79912e-06
6.12006e-06
2.24187e-06
2.53626e-06
3.25427e-06
4.13387e-06
4.98463e-06
5.81939e-06
6.68656e-06
7.55676e-06
8.43129e-06
9.36996e-06
1.04306e-05
1.20458e-05
1.40905e-05
1.69978e-05
1.8378e-05
1.75188e-05
1.47192e-05
9.58523e-06
3.95299e-06
1.09719e-05
2.13802e-06
2.66029e-06
3.59591e-06
4.64415e-06
5.72277e-06
6.63752e-06
7.48913e-06
8.31078e-06
9.06846e-06
9.77654e-06
1.04657e-05
1.15071e-05
1.33026e-05
1.54677e-05
1.78815e-05
1.76245e-05
1.55205e-05
1.03484e-05
3.99022e-06
1.23421e-06
0.000116558
0.000294184
0.000330906
0.00033481
0.000335356
0.000335357
0.000335342
0.000335343
0.000335345
0.000335345
0.000335343
0.000335342
0.000335357
0.000335356
0.00033481
0.000330906
0.000294184
0.000116558
1.23421e-06
1.36973e-06
6.81669e-05
0.000219584
0.000309504
0.000330909
0.000334527
0.000335273
0.000335315
0.000335296
0.000335287
0.000335287
0.000335296
0.000335315
0.000335273
0.000334527
0.000330909
0.000309504
0.000219584
6.81671e-05
1.36973e-06
1.51338e-06
5.28962e-05
0.00017646
0.00028058
0.000322148
0.000332504
0.000334604
0.0003351
0.000335168
0.000335172
0.000335172
0.000335168
0.0003351
0.000334604
0.000332504
0.000322148
0.00028058
0.00017646
5.28963e-05
1.51338e-06
1.65541e-06
4.39377e-05
0.000148161
0.000254263
0.0003093
0.000328588
0.000333554
0.000334803
0.000335047
0.00033508
0.00033508
0.000335047
0.000334803
0.000333554
0.000328588
0.0003093
0.000254263
0.000148161
4.39377e-05
1.65541e-06
1.79644e-06
3.71607e-05
0.000127215
0.000231225
0.000295243
0.000322611
0.000331765
0.000334129
0.0003348
0.00033494
0.00033494
0.0003348
0.000334129
0.000331765
0.000322611
0.000295243
0.000231225
0.000127215
3.71607e-05
1.79644e-06
1.93636e-06
3.20661e-05
0.000111061
0.00021123
0.000280971
0.000315385
0.000328853
0.0003332
0.000334472
0.00033478
0.00033478
0.000334472
0.0003332
0.000328853
0.000315385
0.000280971
0.00021123
0.000111061
3.2066e-05
1.93636e-06
2.07395e-06
2.82176e-05
9.83553e-05
0.000193939
0.000267068
0.000307358
0.000325176
0.000331844
0.000333904
0.000334513
0.000334513
0.000333904
0.000331844
0.000325176
0.000307358
0.000267068
0.000193939
9.83553e-05
2.82176e-05
2.07395e-06
2.2085e-06
2.52343e-05
8.81453e-05
0.000178945
0.000253826
0.000298867
0.000320816
0.000329912
0.000333144
0.000334153
0.000334153
0.000333144
0.000329912
0.000320816
0.000298867
0.000253826
0.000178945
8.81451e-05
2.52343e-05
2.20851e-06
2.33869e-06
2.28834e-05
7.98177e-05
0.000165915
0.000241396
0.00029018
0.000315929
0.000327568
0.000332164
0.000333602
0.000333602
0.000332164
0.000327568
0.000315929
0.00029018
0.000241396
0.000165915
7.98177e-05
2.28834e-05
2.33869e-06
2.46393e-06
2.09831e-05
7.29047e-05
0.000154522
0.000229814
0.000281486
0.000310645
0.000324815
0.000330837
0.000332879
0.000332879
0.000330837
0.000324815
0.000310644
0.000281486
0.000229814
0.000154521
7.29045e-05
2.09831e-05
2.46394e-06
2.58306e-06
1.94332e-05
6.71022e-05
0.000144522
0.000219081
0.000272922
0.000305083
0.000321705
0.000329233
0.000331992
0.000331992
0.000329233
0.000321705
0.000305083
0.000272922
0.00021908
0.000144521
6.71021e-05
1.94332e-05
2.58306e-06
2.6958e-06
1.81416e-05
6.21631e-05
0.000135686
0.000209149
0.000264573
0.000299342
0.000318291
0.000327354
0.000330843
0.000330843
0.000327354
0.000318291
0.000299342
0.000264573
0.000209149
0.000135686
6.21628e-05
1.81415e-05
2.6958e-06
2.80121e-06
1.70616e-05
5.79248e-05
0.000127849
0.000199976
0.0002565
0.000293505
0.000314624
0.000325205
0.000329432
0.000329432
0.000325205
0.000314624
0.000293505
0.0002565
0.000199976
0.000127849
5.79247e-05
1.70616e-05
2.80121e-06
2.89938e-06
1.61475e-05
5.42479e-05
0.000120853
0.000191497
0.000248734
0.000287635
0.000310748
0.000322803
0.000327776
0.000327776
0.000322803
0.000310748
0.000287635
0.000248734
0.000191497
0.000120853
5.42476e-05
1.61474e-05
2.89938e-06
2.9896e-06
1.53692e-05
5.10398e-05
0.000114589
0.000183661
0.000241296
0.000281785
0.000306709
0.000320171
0.000325879
0.000325879
0.00032017
0.000306709
0.000281785
0.000241296
0.00018366
0.000114588
5.10398e-05
1.53692e-05
2.98961e-06
3.07233e-06
1.47003e-05
4.82151e-05
0.000108945
0.000176404
0.000234187
0.00027599
0.000302543
0.000317329
0.000323751
0.000323751
0.000317329
0.000302543
0.00027599
0.000234186
0.000176404
0.000108945
4.82149e-05
1.47003e-05
3.07233e-06
3.14699e-06
1.41264e-05
4.57183e-05
0.000103849
0.000169684
0.000227409
0.000270284
0.000298287
0.000314304
0.000321405
0.000321405
0.000314304
0.000298286
0.000270283
0.000227409
0.000169683
0.000103848
4.57184e-05
1.41264e-05
3.14699e-06
3.21437e-06
1.36291e-05
4.34948e-05
9.92213e-05
0.000163443
0.000220951
0.000264684
0.000293966
0.000311117
0.000318858
0.000318858
0.000311116
0.000293966
0.000264684
0.000220951
0.000163443
9.92212e-05
4.34946e-05
1.36291e-05
3.21437e-06
3.27399e-06
1.32006e-05
4.15088e-05
9.50119e-05
0.000157646
0.000214806
0.000259209
0.00028961
0.000307792
0.00031613
0.00031613
0.000307792
0.00028961
0.000259209
0.000214806
0.000157646
9.50118e-05
4.1509e-05
1.32007e-05
3.27398e-06
3.3269e-06
1.2828e-05
3.97248e-05
9.11641e-05
0.000152246
0.000208958
0.000253868
0.000285237
0.00030435
0.000313237
0.000313237
0.00030435
0.000285236
0.000253867
0.000208958
0.000152246
9.1164e-05
3.97246e-05
1.2828e-05
3.3269e-06
3.37259e-06
1.25072e-05
3.81177e-05
8.76417e-05
0.000147215
0.000203397
0.000248669
0.000280867
0.000300814
0.000310202
0.000310202
0.000300814
0.000280867
0.000248669
0.000203397
0.000147215
8.76417e-05
3.81179e-05
1.25073e-05
3.37258e-06
3.41241e-06
1.22288e-05
3.66646e-05
8.44031e-05
0.000142513
0.000198103
0.000243616
0.000276515
0.000297202
0.000307044
0.000307043
0.000297202
0.000276515
0.000243615
0.000198103
0.000142513
8.4403e-05
3.66643e-05
1.22287e-05
3.4124e-06
3.44566e-06
1.19915e-05
3.53461e-05
8.14223e-05
0.00013812
0.000193068
0.000238711
0.000272195
0.000293532
0.00030378
0.00030378
0.000293532
0.000272195
0.000238711
0.000193068
0.000138119
8.14222e-05
3.53464e-05
1.19916e-05
3.44566e-06
3.47402e-06
1.1787e-05
3.41488e-05
7.86676e-05
0.000134
0.000188273
0.000233954
0.000267917
0.00028982
0.00030043
0.00030043
0.00028982
0.000267917
0.000233953
0.000188272
0.000134
7.86675e-05
3.41485e-05
1.1787e-05
3.47402e-06
3.49649e-06
1.16127e-05
3.30554e-05
7.61204e-05
0.00013014
0.000183708
0.000229345
0.000263691
0.000286082
0.00029701
0.00029701
0.000286082
0.000263691
0.000229345
0.000183708
0.000130139
7.61203e-05
3.30558e-05
1.16129e-05
3.49648e-06
3.51512e-06
1.147e-05
3.20599e-05
7.37558e-05
0.000126509
0.000179355
0.00022488
0.000259524
0.000282329
0.000293536
0.000293536
0.000282329
0.000259523
0.000224879
0.000179355
0.000126509
7.37557e-05
3.20594e-05
1.14694e-05
3.51511e-06
3.52846e-06
1.1348e-05
3.11462e-05
7.15606e-05
0.000123098
0.000175208
0.000220559
0.000255421
0.000278574
0.000290022
0.000290022
0.000278574
0.000255421
0.000220558
0.000175208
0.000123098
7.15606e-05
3.11467e-05
1.13488e-05
3.52845e-06
3.53792e-06
1.12567e-05
3.03131e-05
6.95146e-05
0.00011988
0.000171248
0.000216375
0.000251388
0.000274828
0.000286482
0.000286482
0.000274828
0.000251388
0.000216375
0.000171248
0.00011988
6.95146e-05
3.03126e-05
1.1256e-05
3.53792e-06
3.54511e-06
1.11809e-05
2.95464e-05
6.76091e-05
0.00011685
0.000167472
0.000212329
0.000247429
0.000271099
0.000282927
0.000282927
0.000271099
0.000247429
0.000212329
0.000167472
0.00011685
6.76091e-05
2.95469e-05
1.11817e-05
3.5451e-06
3.54863e-06
1.11325e-05
2.88464e-05
6.58266e-05
0.000113984
0.000163861
0.000208412
0.000243546
0.000267396
0.000279367
0.000279367
0.000267396
0.000243546
0.000208412
0.000163861
0.000113984
6.58267e-05
2.8846e-05
1.11317e-05
3.54863e-06
3.54914e-06
1.10972e-05
2.82014e-05
6.41621e-05
0.000111278
0.000160413
0.000204626
0.000239742
0.000263725
0.000275812
0.000275812
0.000263725
0.000239742
0.000204626
0.000160413
0.000111278
6.41621e-05
2.82019e-05
1.10981e-05
3.54914e-06
3.54717e-06
1.10881e-05
2.76133e-05
6.26001e-05
0.000108713
0.000157112
0.00020096
0.000236017
0.000260092
0.000272271
0.000272271
0.000260092
0.000236017
0.00020096
0.000157112
0.000108713
6.26002e-05
2.7613e-05
1.10872e-05
3.54716e-06
3.54301e-06
1.10901e-05
2.70718e-05
6.11384e-05
0.000106287
0.000153956
0.000197416
0.000232373
0.000256502
0.00026875
0.00026875
0.000256502
0.000232373
0.000197417
0.000153956
0.000106287
6.11384e-05
2.70722e-05
1.10911e-05
3.54301e-06
3.53695e-06
1.11176e-05
2.65795e-05
5.97629e-05
0.000103981
0.00015093
0.000193985
0.00022881
0.00025296
0.000265256
0.000265256
0.00025296
0.00022881
0.000193985
0.00015093
0.000103981
5.97631e-05
2.65793e-05
1.11167e-05
3.53694e-06
3.52924e-06
1.11552e-05
2.61275e-05
5.8474e-05
0.000101795
0.000148034
0.000190668
0.000225329
0.000249468
0.000261794
0.000261794
0.000249469
0.000225329
0.000190668
0.000148035
0.000101796
5.8474e-05
2.61279e-05
1.11563e-05
3.52924e-06
3.52011e-06
1.12182e-05
2.57191e-05
5.72579e-05
9.9714e-05
0.000145254
0.000187455
0.000221928
0.00024603
0.000258369
0.000258369
0.00024603
0.000221928
0.000187454
0.000145253
9.9714e-05
5.72581e-05
2.5719e-05
1.12171e-05
3.5201e-06
3.5098e-06
1.12907e-05
2.53463e-05
5.61181e-05
9.77383e-05
0.000142589
0.000184347
0.000218608
0.000242649
0.000254986
0.000254986
0.000242649
0.000218608
0.000184347
0.00014259
9.77387e-05
5.61181e-05
2.53466e-05
1.1292e-05
3.5098e-06
3.49846e-06
1.13887e-05
2.5013e-05
5.50407e-05
9.58514e-05
0.000140027
0.000181336
0.000215366
0.000239324
0.000251646
0.000251646
0.000239324
0.000215366
0.000181335
0.000140027
9.58513e-05
5.50409e-05
2.5013e-05
1.13876e-05
3.49845e-06
3.48634e-06
1.14968e-05
2.47118e-05
5.40313e-05
9.40584e-05
0.00013757
0.000178422
0.000212203
0.00023606
0.000248354
0.000248354
0.00023606
0.000212204
0.000178423
0.000137571
9.40591e-05
5.40315e-05
2.47119e-05
1.1498e-05
3.48635e-06
3.4735e-06
1.16329e-05
2.44468e-05
5.30748e-05
9.23429e-05
0.000135204
0.000175598
0.000209117
0.000232855
0.00024511
0.00024511
0.000232854
0.000209116
0.000175597
0.000135203
9.23423e-05
5.30749e-05
2.44471e-05
1.16317e-05
3.47349e-06
3.46025e-06
1.17719e-05
2.4212e-05
5.21805e-05
9.07106e-05
0.000132932
0.000172864
0.000206107
0.000229711
0.000241918
0.000241918
0.000229712
0.000206108
0.000172865
0.000132933
9.07118e-05
5.21809e-05
2.42118e-05
1.17734e-05
3.46026e-06
3.44652e-06
1.19449e-05
2.40092e-05
5.13304e-05
8.91469e-05
0.000130742
0.000170212
0.000203169
0.000226628
0.000238778
0.000238778
0.000226627
0.000203169
0.000170211
0.00013074
8.91459e-05
5.13301e-05
2.40099e-05
1.19433e-05
3.4465e-06
3.43268e-06
1.21199e-05
2.38418e-05
5.05359e-05
8.7659e-05
0.000128637
0.000167644
0.000200306
0.000223606
0.000235692
0.000235693
0.000223607
0.000200307
0.000167646
0.000128639
8.76607e-05
5.05367e-05
2.38412e-05
1.21217e-05
3.43269e-06
3.41854e-06
1.23293e-05
2.3691e-05
4.97793e-05
8.62315e-05
0.000126606
0.000165152
0.000197512
0.000220645
0.00023266
0.00023266
0.000220644
0.000197511
0.00016515
0.000126604
8.62298e-05
4.97785e-05
2.36919e-05
1.23275e-05
3.41852e-06
3.40457e-06
1.2538e-05
2.35713e-05
4.90699e-05
8.4871e-05
0.000124652
0.000162737
0.000194789
0.000217745
0.000229684
0.000229684
0.000217746
0.00019479
0.00016274
0.000124654
8.48735e-05
4.90715e-05
2.35728e-05
1.254e-05
3.40459e-06
3.39042e-06
1.2781e-05
2.34712e-05
4.8391e-05
8.35633e-05
0.000122764
0.000160393
0.000192132
0.000214904
0.000226761
0.000226761
0.000214903
0.00019213
0.000160391
0.000122761
8.35608e-05
4.83896e-05
2.34695e-05
1.27791e-05
3.3904e-06
3.37667e-06
1.28382e-05
2.33868e-05
4.7748e-05
8.23147e-05
0.000120946
0.00015812
0.000189542
0.000212125
0.000223895
0.000223895
0.000212126
0.000189544
0.000158123
0.00012095
8.23179e-05
4.77499e-05
2.33885e-05
1.28401e-05
3.3767e-06
3.36344e-06
1.28995e-05
2.33105e-05
4.71246e-05
8.11106e-05
0.000119188
0.000155913
0.000187015
0.000209402
0.000221082
0.000221082
0.000209401
0.000187013
0.000155909
0.000119184
8.11071e-05
4.71226e-05
2.33086e-05
1.28976e-05
3.36342e-06
3.35057e-06
1.296e-05
2.32364e-05
4.65279e-05
7.99574e-05
0.000117493
0.000153771
0.000184552
0.00020674
0.000218326
0.000218327
0.000206741
0.000184554
0.000153775
0.000117498
7.99615e-05
4.65303e-05
2.32385e-05
1.2962e-05
3.3506e-06
3.33817e-06
1.30287e-05
2.31604e-05
4.59428e-05
7.88405e-05
0.000115851
0.000151689
0.000182148
0.000204133
0.000215622
0.000215622
0.000204131
0.000182145
0.000151685
0.000115846
7.88358e-05
4.59401e-05
2.31581e-05
1.30267e-05
3.33815e-06
3.32609e-06
1.30964e-05
2.30807e-05
4.53794e-05
7.77671e-05
0.000114265
0.000149668
0.000179805
0.000201584
0.000212975
0.000212976
0.000201585
0.000179808
0.000149673
0.00011427
7.77722e-05
4.53823e-05
2.30833e-05
1.30986e-05
3.32613e-06
3.31445e-06
1.31721e-05
2.29965e-05
4.48236e-05
7.67231e-05
0.000112725
0.000147702
0.000177517
0.000199088
0.000210378
0.000210377
0.000199085
0.000177513
0.000147696
0.000112718
7.6717e-05
4.48201e-05
2.29936e-05
1.317e-05
3.31442e-06
3.30311e-06
1.32463e-05
2.29085e-05
4.42881e-05
7.57166e-05
0.000111235
0.000145792
0.000175287
0.000196648
0.000207837
0.000207837
0.00019665
0.000175291
0.000145797
0.000111242
7.57228e-05
4.42914e-05
2.29116e-05
1.32486e-05
3.30315e-06
3.29221e-06
1.33278e-05
2.28167e-05
4.37579e-05
7.47344e-05
0.000109787
0.000143931
0.000173109
0.000194259
0.000205343
0.000205342
0.000194256
0.000173103
0.000143924
0.000109778
7.47266e-05
4.37537e-05
2.2813e-05
1.33256e-05
3.29218e-06
3.28159e-06
1.3407e-05
2.2723e-05
4.32483e-05
7.37849e-05
0.000108382
0.000142122
0.000170984
0.000191925
0.000202906
0.000202906
0.000191927
0.000170989
0.000142129
0.000108391
7.37923e-05
4.32518e-05
2.27269e-05
1.34095e-05
3.28165e-06
3.27144e-06
1.34935e-05
2.26297e-05
4.27429e-05
7.28564e-05
0.000107014
0.000140359
0.000168909
0.000189638
0.000200513
0.000200511
0.000189634
0.000168902
0.000140349
0.000107002
7.28464e-05
4.27383e-05
2.26249e-05
1.34911e-05
3.27141e-06
3.26156e-06
1.35764e-05
2.25352e-05
4.22597e-05
7.19575e-05
0.000105684
0.000138642
0.000166884
0.000187404
0.000198175
0.000198176
0.000187407
0.00016689
0.00013865
0.000105694
7.19664e-05
4.22629e-05
2.254e-05
1.35791e-05
3.26163e-06
3.25216e-06
1.36665e-05
2.2445e-05
4.17787e-05
7.10772e-05
0.000104387
0.000136967
0.000164904
0.000185215
0.000195879
0.000195877
0.000185209
0.000164895
0.000136954
0.000104372
7.10641e-05
4.17739e-05
2.24389e-05
1.36638e-05
3.25214e-06
3.24302e-06
1.37518e-05
2.23538e-05
4.13235e-05
7.0223e-05
0.000103124
0.000135334
0.000162972
0.000183077
0.000193638
0.000193639
0.00018308
0.000162979
0.000135344
0.000103136
7.02338e-05
4.1326e-05
2.23598e-05
1.37547e-05
3.24311e-06
3.23438e-06
1.38443e-05
2.22712e-05
4.08705e-05
6.93874e-05
0.000101892
0.000133739
0.000161082
0.00018098
0.000191434
0.000191431
0.000180972
0.000161069
0.000133722
0.000101871
6.93695e-05
4.0864e-05
2.22633e-05
1.38415e-05
3.23437e-06
3.22598e-06
1.39311e-05
2.21868e-05
4.04355e-05
6.85723e-05
0.00010069
0.000132184
0.000159237
0.000178933
0.000189285
0.000189287
0.000178937
0.000159244
0.000132195
0.000100704
6.85855e-05
4.04414e-05
2.21941e-05
1.39342e-05
3.2261e-06
3.21809e-06
1.40252e-05
2.2114e-05
4.0013e-05
6.77764e-05
9.95177e-05
0.000130664
0.000157431
0.000176924
0.00018717
0.000187166
0.000176913
0.000157413
0.00013064
9.94908e-05
6.77524e-05
3.99996e-05
2.21042e-05
1.40221e-05
3.2181e-06
3.21041e-06
1.41125e-05
2.2039e-05
3.96034e-05
6.69989e-05
9.83719e-05
0.000129179
0.000155667
0.000174964
0.000185111
0.000185112
0.000174967
0.000155674
0.000129191
9.83868e-05
6.70134e-05
3.96126e-05
2.20473e-05
1.41159e-05
3.21058e-06
3.20324e-06
1.42073e-05
2.1978e-05
3.92101e-05
6.62412e-05
9.72542e-05
0.000127728
0.000153939
0.000173037
0.000183079
0.000183074
0.000173022
0.000153914
0.000127696
9.72181e-05
6.62095e-05
3.91904e-05
2.19664e-05
1.42041e-05
3.2033e-06
3.19625e-06
1.42944e-05
2.19142e-05
3.88275e-05
6.55003e-05
9.61598e-05
0.000126309
0.000152251
0.00017116
0.000181105
0.000181106
0.000171162
0.000152257
0.00012632
9.61739e-05
6.55142e-05
3.88373e-05
2.1923e-05
1.42981e-05
3.1965e-06
3.18977e-06
1.43895e-05
2.18661e-05
3.84619e-05
6.47796e-05
9.50931e-05
0.000124923
0.000150597
0.000169311
0.000179153
0.000179145
0.00016929
0.000150562
0.000124878
9.50438e-05
6.47371e-05
3.84349e-05
2.18523e-05
1.4386e-05
3.18992e-06
3.18344e-06
1.44758e-05
2.18143e-05
3.81066e-05
6.40743e-05
9.40468e-05
0.000123565
0.000148981
0.000167512
0.000177261
0.00017726
0.000167511
0.000148982
0.000123572
9.40569e-05
6.40848e-05
3.81149e-05
2.18231e-05
1.44798e-05
3.18383e-06
3.17761e-06
1.45706e-05
2.17799e-05
3.77688e-05
6.339e-05
9.30285e-05
0.00012224
0.000147396
0.000165738
0.000175383
0.000175372
0.000165706
0.000147345
0.000122175
9.29599e-05
6.3332e-05
3.77324e-05
2.17633e-05
1.45669e-05
3.17793e-06
3.1719e-06
1.46556e-05
2.17405e-05
3.7441e-05
6.27199e-05
9.20279e-05
0.00012094
0.000145848
0.000164014
0.00017357
0.000173567
0.000164006
0.00014584
0.000120936
9.20283e-05
6.27218e-05
3.74441e-05
2.17486e-05
1.46599e-05
3.17252e-06
3.16667e-06
1.47497e-05
2.17204e-05
3.7131e-05
6.20718e-05
9.10568e-05
0.000119672
0.000144329
0.000162309
0.000171763
0.000171747
0.000162262
0.000144254
0.000119578
9.09585e-05
6.19905e-05
3.70822e-05
2.16999e-05
1.47457e-05
3.16726e-06
3.16151e-06
1.4833e-05
2.16934e-05
3.68312e-05
6.1437e-05
9.01005e-05
0.000118428
0.000142847
0.000160658
0.000170026
0.000170019
0.000160638
0.000142821
0.000118403
9.00807e-05
6.14215e-05
3.68241e-05
2.16999e-05
1.48376e-05
3.16252e-06
3.1568e-06
1.49261e-05
2.16879e-05
3.65491e-05
6.08259e-05
8.91764e-05
0.000117216
0.00014139
0.00015902
0.000168285
0.00016826
0.000158947
0.000141278
0.000117076
8.90323e-05
6.07081e-05
3.64811e-05
2.16621e-05
1.49218e-05
3.1579e-06
3.15213e-06
1.50075e-05
2.16733e-05
3.62778e-05
6.02272e-05
8.82645e-05
0.000116026
0.000139972
0.000157439
0.000166622
0.000166607
0.000157397
0.000139913
0.000115962
8.82065e-05
6.01792e-05
3.62522e-05
2.16767e-05
1.50123e-05
3.15381e-06
3.14786e-06
1.50995e-05
2.16829e-05
3.60238e-05
5.96545e-05
8.73889e-05
0.00011487
0.000138578
0.000155867
0.000164941
0.000164903
0.000155752
0.000138403
0.000114657
8.71723e-05
5.94791e-05
3.59256e-05
2.16491e-05
1.50945e-05
3.14983e-06
3.14357e-06
1.51786e-05
2.16807e-05
3.57818e-05
5.90937e-05
8.65224e-05
0.000113736
0.000137225
0.000154357
0.000163349
0.000163322
0.000154271
0.000137104
0.0001136
8.63953e-05
5.8987e-05
3.57239e-05
2.16782e-05
1.51834e-05
3.14641e-06
3.13962e-06
1.52695e-05
2.17058e-05
3.55558e-05
5.8562e-05
8.5699e-05
0.00011264
0.000135895
0.000152848
0.000161726
0.000161667
0.000152662
0.000135618
0.000112306
8.53657e-05
5.82936e-05
3.54089e-05
2.16603e-05
1.52634e-05
3.1431e-06
3.13558e-06
1.53466e-05
2.17162e-05
3.53438e-05
5.80416e-05
8.48817e-05
0.000111567
0.000134609
0.000151411
0.000160205
0.000160157
0.000151249
0.000134379
0.000111302
8.46311e-05
5.7832e-05
3.52306e-05
2.17037e-05
1.53506e-05
3.14041e-06
3.13175e-06
1.54378e-05
2.17581e-05
3.51453e-05
5.75554e-05
8.41181e-05
0.000110536
0.000133348
0.000149968
0.000158634
0.000158542
0.000149665
0.000132902
0.000110006
8.35932e-05
5.7135e-05
3.49186e-05
2.1695e-05
1.5428e-05
3.13785e-06
3.12763e-06
1.55139e-05
2.17818e-05
3.49652e-05
5.70823e-05
8.33615e-05
0.000109534
0.000132139
0.000148608
0.000157184
0.000157101
0.000148314
0.000131717
0.000109046
8.28919e-05
5.66912e-05
3.4757e-05
2.17525e-05
1.55132e-05
3.13602e-06
3.12334e-06
1.56079e-05
2.18439e-05
3.47991e-05
5.66526e-05
8.26736e-05
0.000108583
0.000130957
0.000147236
0.000155665
0.000155519
0.00014674
0.00013023
0.000107728
8.18269e-05
5.59768e-05
3.44346e-05
2.17525e-05
1.55877e-05
3.13437e-06
3.1187e-06
1.56925e-05
2.18833e-05
3.46546e-05
5.62339e-05
8.19917e-05
0.000107669
0.000129839
0.000145964
0.000154288
0.000154143
0.000145445
0.000129087
0.000106795
8.11439e-05
5.55397e-05
3.42823e-05
2.18231e-05
1.56706e-05
3.13364e-06
3.11358e-06
1.58021e-05
2.19697e-05
3.45215e-05
5.58719e-05
8.14019e-05
0.000106818
0.000128757
0.000144676
0.000152821
0.000152583
0.000143861
0.000127567
0.000105429
8.00249e-05
5.47695e-05
3.39328e-05
2.1831e-05
1.57416e-05
3.13322e-06
3.10794e-06
1.59013e-05
2.20272e-05
3.44227e-05
5.55257e-05
8.08197e-05
0.000106027
0.000127759
0.000143514
0.000151527
0.000151276
0.000142614
0.000126446
0.000104498
7.93304e-05
5.43297e-05
3.37809e-05
2.19128e-05
1.58216e-05
3.13401e-06
3.10178e-06
1.60317e-05
2.21465e-05
3.43393e-05
5.5264e-05
8.0372e-05
0.000105312
0.000126814
0.000142333
0.000150113
0.000149727
0.000140993
0.000124858
0.000103045
7.81235e-05
5.34594e-05
3.33864e-05
2.1927e-05
1.58877e-05
3.13537e-06
3.09384e-06
1.61546e-05
2.22384e-05
3.43142e-05
5.50327e-05
7.99394e-05
0.000104708
0.000125987
0.000141318
0.000148918
0.000148486
0.000139778
0.000123721
0.000102076
7.73654e-05
5.30012e-05
3.3226e-05
2.20191e-05
1.59623e-05
3.13843e-06
3.08478e-06
1.63166e-05
2.23765e-05
3.43361e-05
5.49517e-05
7.97266e-05
0.000104202
0.000125264
0.000140306
0.000147591
0.00014696
0.000138097
0.000122025
0.000100476
7.60246e-05
5.19792e-05
3.27652e-05
2.20446e-05
1.60168e-05
3.14255e-06
3.07232e-06
1.64754e-05
2.24817e-05
3.44053e-05
5.49367e-05
7.9593e-05
0.00010394
0.000124705
0.000139511
0.000146541
0.000145789
0.000136899
0.000120816
9.94327e-05
7.51773e-05
5.14744e-05
3.25909e-05
2.215e-05
1.60783e-05
3.14915e-06
3.06077e-06
1.6673e-05
2.26748e-05
3.45646e-05
5.50409e-05
7.96601e-05
0.000103782
0.000124375
0.000138467
0.000128043
0.000143564
0.000135113
0.000118921
9.75871e-05
7.35478e-05
5.02266e-05
3.20376e-05
2.21904e-05
1.61112e-05
3.15774e-06
3.04032e-06
1.6902e-05
2.28502e-05
3.48149e-05
5.53974e-05
7.99052e-05
0.000103999
0.00011748
0.000138377
0.000144662
0.000114399
8.79296e-05
8.65311e-05
8.66233e-05
7.057e-05
4.88879e-05
3.18558e-05
2.23108e-05
1.615e-05
3.17022e-06
3.02398e-06
1.719e-05
2.31436e-05
3.52671e-05
5.59224e-05
8.06961e-05
0.000104377
9.71271e-05
8.21754e-05
7.7534e-05
8.6797e-05
9.48573e-05
8.4653e-05
6.9148e-05
5.58143e-05
4.20345e-05
2.96402e-05
2.23706e-05
1.61477e-05
3.18639e-06
2.99021e-06
1.74771e-05
2.33861e-05
3.58381e-05
5.69891e-05
7.96646e-05
7.40568e-05
7.24549e-05
7.20126e-05
7.02194e-05
6.68002e-05
6.34658e-05
6.00126e-05
5.49414e-05
4.70053e-05
3.69089e-05
2.76709e-05
2.20442e-05
1.61423e-05
3.20867e-06
2.9644e-06
1.79066e-05
2.38305e-05
3.6819e-05
5.83087e-05
5.73161e-05
5.39149e-05
5.2424e-05
5.22021e-05
5.22072e-05
5.18415e-05
5.07289e-05
4.85022e-05
4.46331e-05
3.88498e-05
3.17245e-05
2.53208e-05
2.15049e-05
1.60716e-05
3.23704e-06
2.9074e-06
1.82573e-05
2.42876e-05
3.80655e-05
4.42675e-05
4.10393e-05
3.99994e-05
3.98785e-05
4.01661e-05
4.04455e-05
4.05019e-05
3.99531e-05
3.84814e-05
3.57805e-05
3.19109e-05
2.74195e-05
2.34089e-05
2.10135e-05
1.59669e-05
3.27451e-06
2.86153e-06
1.87987e-05
2.50981e-05
3.3923e-05
3.11452e-05
2.98463e-05
2.98349e-05
3.04359e-05
3.1069e-05
3.15696e-05
3.17938e-05
3.15154e-05
3.06203e-05
2.8963e-05
2.64493e-05
2.34764e-05
2.12481e-05
2.041e-05
1.57386e-05
3.32161e-06
2.76271e-06
1.87766e-05
2.48434e-05
2.37185e-05
2.21604e-05
2.20002e-05
2.2582e-05
2.33197e-05
2.40692e-05
2.46911e-05
2.5104e-05
2.51352e-05
2.4652e-05
2.3482e-05
2.1922e-05
2.04831e-05
1.98119e-05
1.99235e-05
1.54215e-05
3.38234e-06
2.67768e-06
1.81919e-05
1.83468e-05
1.63239e-05
1.58805e-05
1.62928e-05
1.71395e-05
1.81124e-05
1.89659e-05
1.96554e-05
2.00963e-05
2.02327e-05
1.99735e-05
1.94613e-05
1.86524e-05
1.80242e-05
1.82242e-05
1.92223e-05
1.50133e-05
3.45793e-06
2.49399e-06
1.47911e-05
1.21814e-05
1.12766e-05
1.16097e-05
1.23518e-05
1.33248e-05
1.42113e-05
1.4979e-05
1.56779e-05
1.62131e-05
1.65335e-05
1.65639e-05
1.62358e-05
1.60037e-05
1.62889e-05
1.75134e-05
1.87466e-05
1.43454e-05
3.55477e-06
2.2998e-06
9.70107e-06
7.85674e-06
7.84657e-06
8.48943e-06
9.35032e-06
1.03203e-05
1.12288e-05
1.2103e-05
1.28464e-05
1.34093e-05
1.37636e-05
1.38879e-05
1.41434e-05
1.44995e-05
1.53429e-05
1.68372e-05
1.7959e-05
1.34854e-05
3.67061e-06
1.92397e-06
4.7977e-06
4.88734e-06
5.54885e-06
6.41077e-06
7.38757e-06
8.34358e-06
9.2719e-06
1.00291e-05
1.07599e-05
1.13772e-05
1.18964e-05
1.24279e-05
1.28395e-05
1.36235e-05
1.51282e-05
1.78261e-05
1.692e-05
1.24193e-05
3.81132e-06
1.69776e-06
2.39011e-06
3.1191e-06
4.25527e-06
5.31726e-06
6.30507e-06
7.26216e-06
8.02401e-06
8.77638e-06
9.47314e-06
1.01239e-05
1.0702e-05
1.12249e-05
1.21959e-05
1.40881e-05
1.65533e-05
1.75955e-05
1.57874e-05
1.1363e-05
3.92472e-06
1.71806e-06
2.46658e-06
3.20104e-06
4.35846e-06
5.44065e-06
6.44563e-06
7.39992e-06
8.1836e-06
8.94331e-06
9.64245e-06
1.0286e-05
1.08627e-05
1.1377e-05
1.22658e-05
1.40419e-05
1.64909e-05
1.76035e-05
1.57554e-05
1.14031e-05
3.92145e-06
1.94347e-06
4.95188e-06
5.01022e-06
5.66115e-06
6.53476e-06
7.53297e-06
8.5086e-06
9.44836e-06
1.02175e-05
1.09533e-05
1.15674e-05
1.20522e-05
1.25673e-05
1.29727e-05
1.36821e-05
1.51132e-05
1.77916e-05
1.69054e-05
1.24964e-05
3.80617e-06
2.31501e-06
1.00054e-05
8.06961e-06
8.0294e-06
8.66755e-06
9.53223e-06
1.05128e-05
1.14252e-05
1.2305e-05
1.30502e-05
1.36203e-05
1.39667e-05
1.40563e-05
1.42514e-05
1.45887e-05
1.53767e-05
1.68199e-05
1.7974e-05
1.3532e-05
3.66411e-06
2.50429e-06
1.50743e-05
1.252e-05
1.15445e-05
1.18532e-05
1.25873e-05
1.35689e-05
1.44655e-05
1.5236e-05
1.5923e-05
1.64468e-05
1.67381e-05
1.67762e-05
1.64041e-05
1.61258e-05
1.63486e-05
1.75345e-05
1.87472e-05
1.44002e-05
3.54927e-06
2.68446e-06
1.83211e-05
1.87769e-05
1.67205e-05
1.62202e-05
1.66104e-05
1.74489e-05
1.84152e-05
1.92713e-05
1.99589e-05
2.04105e-05
2.05199e-05
2.02217e-05
1.96795e-05
1.88219e-05
1.81444e-05
1.8281e-05
1.92595e-05
1.50384e-05
3.45298e-06
2.76829e-06
1.8804e-05
2.52384e-05
2.42855e-05
2.26391e-05
2.24304e-05
2.29924e-05
2.37281e-05
2.44651e-05
2.50744e-05
2.54561e-05
2.54756e-05
2.49834e-05
2.37632e-05
2.21463e-05
2.06257e-05
1.98909e-05
1.99456e-05
1.54431e-05
3.37848e-06
2.86554e-06
1.87858e-05
2.50422e-05
3.4665e-05
3.18414e-05
3.04447e-05
3.03814e-05
3.09493e-05
3.15795e-05
3.20663e-05
3.22926e-05
3.19701e-05
3.10234e-05
2.9321e-05
2.67363e-05
2.3684e-05
2.13516e-05
2.04513e-05
1.57568e-05
3.31836e-06
2.91057e-06
1.82389e-05
2.42566e-05
3.79613e-05
4.5278e-05
4.18784e-05
4.0746e-05
4.05865e-05
4.08538e-05
4.10944e-05
4.10842e-05
4.05164e-05
3.90191e-05
3.62411e-05
3.22655e-05
2.76419e-05
2.35236e-05
2.10427e-05
1.59768e-05
3.272e-06
2.96664e-06
1.78871e-05
2.3807e-05
3.6737e-05
5.81859e-05
5.85377e-05
5.51868e-05
5.35519e-05
5.30115e-05
5.29208e-05
5.25939e-05
5.13533e-05
4.90435e-05
4.517e-05
3.92942e-05
3.19985e-05
2.54431e-05
2.15454e-05
1.60801e-05
3.23501e-06
2.99204e-06
1.74618e-05
2.33721e-05
3.57841e-05
5.68905e-05
8.14817e-05
7.49819e-05
7.13336e-05
7.13752e-05
7.23244e-05
7.03439e-05
6.5989e-05
6.09972e-05
5.53069e-05
4.73343e-05
3.71848e-05
2.77935e-05
2.20701e-05
1.61463e-05
3.20712e-06
3.02529e-06
1.71767e-05
2.31336e-05
3.52247e-05
5.58464e-05
8.06084e-05
0.000104307
0.000108431
9.43808e-05
7.81675e-05
7.64764e-05
8.56103e-05
8.66683e-05
7.28854e-05
5.72525e-05
4.23626e-05
2.97381e-05
2.23719e-05
1.61518e-05
3.18517e-06
3.04143e-06
1.68921e-05
2.28408e-05
3.47838e-05
5.53417e-05
7.98281e-05
0.000103922
0.000109678
0.000117768
0.000144619
0.000143408
0.000105035
8.58144e-05
8.14449e-05
6.95448e-05
4.93012e-05
3.18859e-05
2.23131e-05
1.61515e-05
3.16929e-06
3.06157e-06
1.66646e-05
2.26688e-05
3.45386e-05
5.5003e-05
7.96103e-05
0.000103729
0.000124328
0.000138748
0.000133513
0.000128148
0.000135114
0.000118958
9.76362e-05
7.35916e-05
5.02575e-05
3.20394e-05
2.21919e-05
1.61134e-05
3.15703e-06
3.073e-06
1.6469e-05
2.24776e-05
3.43875e-05
5.49041e-05
7.95512e-05
0.000103897
0.000124661
0.000139487
0.000146538
0.000145809
0.000136912
0.000120844
9.9461e-05
7.52081e-05
5.14978e-05
3.26149e-05
2.2152e-05
1.60785e-05
3.14861e-06
3.08527e-06
1.63122e-05
2.23736e-05
3.43218e-05
5.49282e-05
7.96971e-05
0.000104166
0.000125236
0.00014028
0.000147572
0.000146946
0.000138107
0.000122043
0.000100502
7.60503e-05
5.19988e-05
3.27642e-05
2.2046e-05
1.60179e-05
3.14214e-06
3.09425e-06
1.615e-05
2.22351e-05
3.43019e-05
5.5009e-05
7.99102e-05
0.000104685
0.000125965
0.000141307
0.000148922
0.0001485
0.000139792
0.000123741
0.000102096
7.73832e-05
5.30159e-05
3.32438e-05
2.20207e-05
1.5962e-05
3.13811e-06
3.10208e-06
1.60293e-05
2.21452e-05
3.43325e-05
5.52536e-05
8.03583e-05
0.000105294
0.000126798
0.000142319
0.000150105
0.000149724
0.000140999
0.000124868
0.00010306
7.81402e-05
5.34713e-05
3.33839e-05
2.19281e-05
1.58883e-05
3.13513e-06
3.10814e-06
1.58985e-05
2.20241e-05
3.44149e-05
5.55109e-05
8.08018e-05
0.000106012
0.000127746
0.000143507
0.000151528
0.000151281
0.000142622
0.000126457
0.00010451
7.93414e-05
5.43405e-05
3.37938e-05
2.19139e-05
1.58212e-05
3.13381e-06
3.11381e-06
1.5801e-05
2.19698e-05
3.45181e-05
5.58665e-05
8.13943e-05
0.000106807
0.000128747
0.000144667
0.000152816
0.000152583
0.000143864
0.000127574
0.000105438
8.00347e-05
5.47751e-05
3.39294e-05
2.18317e-05
1.5742e-05
3.13308e-06
3.11881e-06
1.56908e-05
2.18811e-05
3.46494e-05
5.62241e-05
8.19804e-05
0.00010766
0.000129833
0.000145961
0.00015429
0.000154147
0.000145451
0.000129094
0.000106802
8.11509e-05
5.55478e-05
3.42919e-05
2.18238e-05
1.56702e-05
3.13352e-06
3.1235e-06
1.56076e-05
2.18443e-05
3.47974e-05
5.665e-05
8.26696e-05
0.000108577
0.000130951
0.000147231
0.000155663
0.000155518
0.000146742
0.000130235
0.000107734
8.1832e-05
5.59783e-05
3.44309e-05
2.17528e-05
1.5588e-05
3.13429e-06
3.1277e-06
1.55132e-05
2.17801e-05
3.49615e-05
5.70757e-05
8.33541e-05
0.000109528
0.000132135
0.000148606
0.000157185
0.000157103
0.000148317
0.000131721
0.00010905
8.28966e-05
5.66977e-05
3.47642e-05
2.1753e-05
1.55128e-05
3.13595e-06
3.13183e-06
1.54378e-05
2.17588e-05
3.51451e-05
5.75545e-05
8.41164e-05
0.000110534
0.000133345
0.000149965
0.000158633
0.000158543
0.000149666
0.000132905
0.00011001
8.35955e-05
5.71343e-05
3.49149e-05
2.16952e-05
1.54283e-05
3.13781e-06
3.1356e-06
1.53459e-05
2.17149e-05
3.53414e-05
5.80379e-05
8.48778e-05
0.000111563
0.000134607
0.000151409
0.000160205
0.000160158
0.000151251
0.000134381
0.000111305
8.46346e-05
5.78372e-05
3.52361e-05
2.17041e-05
1.53502e-05
3.14037e-06
3.13967e-06
1.52699e-05
2.17065e-05
3.55561e-05
5.85618e-05
8.56981e-05
0.000112639
0.000135893
0.000152847
0.000161725
0.000161667
0.000152663
0.000135619
0.000112308
8.53663e-05
5.82918e-05
3.54055e-05
2.16603e-05
1.52637e-05
3.14308e-06
3.14357e-06
1.51781e-05
2.16796e-05
3.57799e-05
5.9091e-05
8.65198e-05
0.000113734
0.000137223
0.000154356
0.00016335
0.000163323
0.000154272
0.000137106
0.000113602
8.6398e-05
5.89913e-05
3.57283e-05
2.16785e-05
1.51832e-05
3.14639e-06
3.1479e-06
1.50999e-05
2.16836e-05
3.60243e-05
5.96548e-05
8.73887e-05
0.00011487
0.000138577
0.000155866
0.00016494
0.000164902
0.000155752
0.000138404
0.000114657
8.71718e-05
5.94768e-05
3.59225e-05
2.1649e-05
1.50947e-05
3.14982e-06
3.15212e-06
1.50071e-05
2.16724e-05
3.62763e-05
6.02252e-05
8.82626e-05
0.000116024
0.000139972
0.000157439
0.000166622
0.000166607
0.000157398
0.000139914
0.000115963
8.82089e-05
6.01829e-05
3.62557e-05
2.1677e-05
1.50121e-05
3.1538e-06
3.15683e-06
1.49265e-05
2.16886e-05
3.65498e-05
6.08264e-05
8.91766e-05
0.000117215
0.00014139
0.000159019
0.000168284
0.000168259
0.000158947
0.000141278
0.000117076
8.90313e-05
6.07057e-05
3.64785e-05
2.16619e-05
1.49219e-05
3.1579e-06
3.1615e-06
1.48326e-05
2.16926e-05
3.68299e-05
6.14355e-05
9.00992e-05
0.000118427
0.000142846
0.000160658
0.000170026
0.000170019
0.000160639
0.000142822
0.000118404
9.00828e-05
6.14247e-05
3.6827e-05
2.17002e-05
1.48374e-05
3.16251e-06
3.16669e-06
1.475e-05
2.17211e-05
3.71318e-05
6.20725e-05
9.10571e-05
0.000119672
0.000144328
0.000162309
0.000171762
0.000171746
0.000162262
0.000144254
0.000119578
9.09573e-05
6.19881e-05
3.70799e-05
2.16998e-05
1.47459e-05
3.16727e-06
3.17189e-06
1.46552e-05
2.17398e-05
3.744e-05
6.27188e-05
9.2027e-05
0.000120939
0.000145848
0.000164014
0.00017357
0.000173567
0.000164007
0.000145841
0.000120937
9.20302e-05
6.27245e-05
3.74465e-05
2.17489e-05
1.46597e-05
3.17251e-06
3.17763e-06
1.45709e-05
2.17806e-05
3.77696e-05
6.33907e-05
9.3029e-05
0.00012224
0.000147396
0.000165738
0.000175383
0.000175372
0.000165706
0.000147345
0.000122175
9.29586e-05
6.33298e-05
3.77305e-05
2.17631e-05
1.4567e-05
3.17793e-06
3.18344e-06
1.44755e-05
2.18137e-05
3.81058e-05
6.40734e-05
9.4046e-05
0.000123565
0.000148981
0.000167512
0.000177261
0.00017726
0.000167511
0.000148983
0.000123572
9.40586e-05
6.40872e-05
3.81168e-05
2.18233e-05
1.44797e-05
3.18383e-06
3.18978e-06
1.43898e-05
2.18667e-05
3.84626e-05
6.47803e-05
9.50936e-05
0.000124923
0.000150597
0.000169311
0.000179152
0.000179145
0.00016929
0.000150562
0.000124877
9.50426e-05
6.47352e-05
3.84334e-05
2.18521e-05
1.43862e-05
3.18993e-06
3.19624e-06
1.42942e-05
2.19137e-05
3.88268e-05
6.54996e-05
9.61592e-05
0.000126309
0.000152251
0.00017116
0.000181105
0.000181106
0.000171162
0.000152257
0.000126321
9.61754e-05
6.55163e-05
3.88388e-05
2.19232e-05
1.4298e-05
3.1965e-06
3.20324e-06
1.42076e-05
2.19785e-05
3.92107e-05
6.62418e-05
9.72547e-05
0.000127729
0.000153939
0.000173037
0.000183079
0.000183074
0.000173022
0.000153914
0.000127695
9.72169e-05
6.62078e-05
3.91891e-05
2.19662e-05
1.42042e-05
3.2033e-06
3.2104e-06
1.41122e-05
2.20386e-05
3.96028e-05
6.69984e-05
9.83715e-05
0.000129179
0.000155667
0.000174964
0.000185111
0.000185112
0.000174967
0.000155674
0.000129191
9.83881e-05
6.70151e-05
3.96139e-05
2.20476e-05
1.41158e-05
3.21057e-06
3.21809e-06
1.40255e-05
2.21144e-05
4.00135e-05
6.7777e-05
9.95181e-05
0.000130664
0.000157431
0.000176924
0.00018717
0.000187166
0.000176913
0.000157413
0.000130639
9.94897e-05
6.77509e-05
3.99985e-05
2.21041e-05
1.40223e-05
3.2181e-06
3.22597e-06
1.39309e-05
2.21864e-05
4.04354e-05
6.85718e-05
0.00010069
0.000132183
0.000159237
0.000178933
0.000189286
0.000189287
0.000178937
0.000159244
0.000132195
0.000100705
6.8587e-05
4.04425e-05
2.21943e-05
1.39341e-05
3.2261e-06
3.23439e-06
1.38446e-05
2.22715e-05
4.08706e-05
6.93878e-05
0.000101892
0.00013374
0.000161082
0.00018098
0.000191434
0.000191431
0.000180972
0.000161069
0.000133721
0.00010187
6.93682e-05
4.08631e-05
2.22631e-05
1.38416e-05
3.23437e-06
3.24302e-06
1.37516e-05
2.23535e-05
4.13235e-05
7.02227e-05
0.000103123
0.000135334
0.000162972
0.000183077
0.000193638
0.000193639
0.00018308
0.000162979
0.000135344
0.000103137
7.02351e-05
4.13269e-05
2.236e-05
1.37546e-05
3.24311e-06
3.25217e-06
1.36667e-05
2.24453e-05
4.17788e-05
7.10775e-05
0.000104387
0.000136967
0.000164904
0.000185215
0.000195879
0.000195877
0.000185209
0.000164894
0.000136953
0.000104371
7.10629e-05
4.17731e-05
2.24387e-05
1.36639e-05
3.25214e-06
3.26155e-06
1.35762e-05
2.2535e-05
4.22597e-05
7.19573e-05
0.000105684
0.000138642
0.000166884
0.000187404
0.000198175
0.000198176
0.000187407
0.00016689
0.000138651
0.000105695
7.19675e-05
4.22637e-05
2.25402e-05
1.35791e-05
3.26162e-06
3.27144e-06
1.34938e-05
2.26299e-05
4.2743e-05
7.28566e-05
0.000107014
0.000140359
0.000168909
0.000189638
0.000200513
0.000200511
0.000189634
0.000168901
0.000140348
0.000107001
7.28454e-05
4.27375e-05
2.26248e-05
1.34912e-05
3.27141e-06
3.28159e-06
1.34068e-05
2.27228e-05
4.32483e-05
7.37848e-05
0.000108382
0.000142122
0.000170984
0.000191925
0.000202906
0.000202906
0.000191927
0.000170989
0.00014213
0.000108391
7.37933e-05
4.32526e-05
2.2727e-05
1.34095e-05
3.28164e-06
3.29221e-06
1.33281e-05
2.28168e-05
4.37579e-05
7.47345e-05
0.000109787
0.000143932
0.000173109
0.000194259
0.000205343
0.000205342
0.000194256
0.000173103
0.000143923
0.000109777
7.47257e-05
4.37531e-05
2.28128e-05
1.33256e-05
3.29218e-06
3.3031e-06
1.32461e-05
2.29084e-05
4.42881e-05
7.57165e-05
0.000111235
0.000145792
0.000175287
0.000196648
0.000207837
0.000207837
0.00019665
0.000175291
0.000145798
0.000111243
7.57236e-05
4.4292e-05
2.29118e-05
1.32486e-05
3.30315e-06
3.31446e-06
1.31723e-05
2.29966e-05
4.48236e-05
7.67232e-05
0.000112725
0.000147702
0.000177517
0.000199088
0.000210378
0.000210377
0.000199085
0.000177513
0.000147696
0.000112718
7.67163e-05
4.48196e-05
2.29934e-05
1.31701e-05
3.31443e-06
3.32609e-06
1.30962e-05
2.30807e-05
4.53795e-05
7.7767e-05
0.000114265
0.000149668
0.000179805
0.000201584
0.000212975
0.000212976
0.000201585
0.000179808
0.000149673
0.000114271
7.77728e-05
4.53829e-05
2.30834e-05
1.30985e-05
3.32613e-06
3.33817e-06
1.30289e-05
2.31605e-05
4.59428e-05
7.88406e-05
0.000115851
0.000151689
0.000182148
0.000204133
0.000215622
0.000215622
0.000204131
0.000182145
0.000151684
0.000115845
7.88352e-05
4.59396e-05
2.3158e-05
1.30268e-05
3.33815e-06
3.35057e-06
1.29598e-05
2.32364e-05
4.65279e-05
7.99574e-05
0.000117493
0.000153771
0.000184552
0.00020674
0.000218326
0.000218327
0.000206741
0.000184554
0.000153775
0.000117498
7.9962e-05
4.65307e-05
2.32386e-05
1.29619e-05
3.3506e-06
3.36344e-06
1.28996e-05
2.33106e-05
4.71246e-05
8.11106e-05
0.000119188
0.000155913
0.000187015
0.000209402
0.000221082
0.000221082
0.000209401
0.000187012
0.000155909
0.000119184
8.11065e-05
4.71221e-05
2.33085e-05
1.28977e-05
3.36342e-06
3.37667e-06
1.28381e-05
2.33868e-05
4.7748e-05
8.23148e-05
0.000120946
0.00015812
0.000189542
0.000212125
0.000223895
0.000223895
0.000212126
0.000189544
0.000158124
0.00012095
8.23184e-05
4.77503e-05
2.33887e-05
1.284e-05
3.3767e-06
3.39042e-06
1.27811e-05
2.34713e-05
4.8391e-05
8.35634e-05
0.000122764
0.000160393
0.000192132
0.000214904
0.000226761
0.00022676
0.000214903
0.00019213
0.00016039
0.000122761
8.35603e-05
4.83893e-05
2.34694e-05
1.27791e-05
3.3904e-06
3.40457e-06
1.25379e-05
2.35713e-05
4.907e-05
8.48711e-05
0.000124652
0.000162737
0.000194789
0.000217745
0.000229684
0.000229684
0.000217746
0.000194791
0.00016274
0.000124655
8.48739e-05
4.90718e-05
2.35729e-05
1.254e-05
3.40459e-06
3.41854e-06
1.23295e-05
2.36909e-05
4.97793e-05
8.62315e-05
0.000126606
0.000165152
0.000197512
0.000220645
0.00023266
0.00023266
0.000220644
0.000197511
0.00016515
0.000126603
8.62293e-05
4.97781e-05
2.36918e-05
1.23276e-05
3.41852e-06
3.43268e-06
1.21197e-05
2.3842e-05
5.0536e-05
8.76591e-05
0.000128637
0.000167644
0.000200306
0.000223606
0.000235692
0.000235693
0.000223607
0.000200307
0.000167646
0.000128639
8.76611e-05
5.0537e-05
2.38413e-05
1.21217e-05
3.43269e-06
3.44652e-06
1.19451e-05
2.40092e-05
5.13303e-05
8.91469e-05
0.000130742
0.000170212
0.000203169
0.000226628
0.000238778
0.000238778
0.000226627
0.000203168
0.000170211
0.00013074
8.91455e-05
5.13298e-05
2.40098e-05
1.19433e-05
3.4465e-06
3.46025e-06
1.17718e-05
2.42121e-05
5.21806e-05
9.07107e-05
0.000132932
0.000172864
0.000206107
0.000229711
0.000241918
0.000241918
0.000229712
0.000206108
0.000172865
0.000132933
9.07121e-05
5.21811e-05
2.42119e-05
1.17734e-05
3.46026e-06
3.47351e-06
1.1633e-05
2.44468e-05
5.30747e-05
9.23428e-05
0.000135204
0.000175598
0.000209117
0.000232855
0.00024511
0.00024511
0.000232854
0.000209116
0.000175597
0.000135203
9.2342e-05
5.30747e-05
2.4447e-05
1.16317e-05
3.47349e-06
3.48634e-06
1.14967e-05
2.47118e-05
5.40314e-05
9.40585e-05
0.00013757
0.000178422
0.000212203
0.00023606
0.000248354
0.000248354
0.00023606
0.000212204
0.000178423
0.000137571
9.40594e-05
5.40317e-05
2.47119e-05
1.1498e-05
3.48635e-06
3.49846e-06
1.13888e-05
2.5013e-05
5.50406e-05
9.58513e-05
0.000140027
0.000181336
0.000215366
0.000239324
0.000251646
0.000251646
0.000239324
0.000215365
0.000181335
0.000140027
9.5851e-05
5.50407e-05
2.5013e-05
1.13876e-05
3.49845e-06
3.5098e-06
1.12907e-05
2.53464e-05
5.61182e-05
9.77384e-05
0.000142589
0.000184347
0.000218608
0.000242649
0.000254986
0.000254986
0.000242649
0.000218608
0.000184347
0.00014259
9.77389e-05
5.61183e-05
2.53467e-05
1.1292e-05
3.5098e-06
3.52011e-06
1.12183e-05
2.57191e-05
5.72578e-05
9.97139e-05
0.000145254
0.000187455
0.000221928
0.00024603
0.000258369
0.000258369
0.00024603
0.000221927
0.000187454
0.000145253
9.97138e-05
5.7258e-05
2.5719e-05
1.12171e-05
3.5201e-06
3.52924e-06
1.11551e-05
2.61275e-05
5.84741e-05
0.000101796
0.000148034
0.000190668
0.000225329
0.000249468
0.000261794
0.000261794
0.000249469
0.000225329
0.000190668
0.000148035
0.000101796
5.84742e-05
2.61279e-05
1.11563e-05
3.52924e-06
3.53695e-06
1.11177e-05
2.65796e-05
5.97628e-05
0.00010398
0.00015093
0.000193985
0.00022881
0.00025296
0.000265256
0.000265256
0.00025296
0.00022881
0.000193985
0.00015093
0.000103981
5.97629e-05
2.65792e-05
1.11167e-05
3.53694e-06
3.54301e-06
1.109e-05
2.70718e-05
6.11385e-05
0.000106287
0.000153956
0.000197416
0.000232373
0.000256502
0.00026875
0.00026875
0.000256502
0.000232374
0.000197417
0.000153957
0.000106287
6.11385e-05
2.70723e-05
1.10911e-05
3.54301e-06
3.54717e-06
1.10882e-05
2.76134e-05
6.26e-05
0.000108713
0.000157112
0.00020096
0.000236017
0.000260092
0.000272271
0.000272271
0.000260092
0.000236016
0.00020096
0.000157112
0.000108713
6.26001e-05
2.7613e-05
1.10872e-05
3.54716e-06
3.54914e-06
1.10971e-05
2.82015e-05
6.41622e-05
0.000111278
0.000160413
0.000204626
0.000239742
0.000263725
0.000275812
0.000275812
0.000263725
0.000239742
0.000204626
0.000160413
0.000111278
6.41622e-05
2.8202e-05
1.10981e-05
3.54914e-06
3.54863e-06
1.11326e-05
2.88464e-05
6.58266e-05
0.000113984
0.000163861
0.000208412
0.000243546
0.000267396
0.000279367
0.000279367
0.000267396
0.000243546
0.000208412
0.000163861
0.000113984
6.58266e-05
2.88459e-05
1.11317e-05
3.54863e-06
3.54511e-06
1.11808e-05
2.95464e-05
6.76092e-05
0.00011685
0.000167472
0.000212329
0.000247429
0.000271099
0.000282927
0.000282927
0.000271099
0.000247429
0.000212329
0.000167472
0.00011685
6.76092e-05
2.95469e-05
1.11817e-05
3.5451e-06
3.53792e-06
1.12568e-05
3.03131e-05
6.95145e-05
0.00011988
0.000171248
0.000216375
0.000251388
0.000274828
0.000286482
0.000286482
0.000274828
0.000251388
0.000216375
0.000171248
0.00011988
6.95146e-05
3.03126e-05
1.1256e-05
3.53792e-06
3.52845e-06
1.1348e-05
3.11462e-05
7.15607e-05
0.000123098
0.000175208
0.000220559
0.000255421
0.000278574
0.000290022
0.000290022
0.000278574
0.000255421
0.000220558
0.000175208
0.000123098
7.15606e-05
3.11467e-05
1.13488e-05
3.52845e-06
3.51511e-06
1.14701e-05
3.20599e-05
7.37557e-05
0.000126509
0.000179355
0.000224879
0.000259524
0.000282329
0.000293536
0.000293536
0.000282329
0.000259523
0.000224879
0.000179355
0.000126509
7.37557e-05
3.20594e-05
1.14693e-05
3.51511e-06
3.49649e-06
1.16127e-05
3.30554e-05
7.61204e-05
0.00013014
0.000183708
0.000229345
0.000263691
0.000286082
0.00029701
0.00029701
0.000286082
0.000263691
0.000229345
0.000183708
0.000130139
7.61203e-05
3.30559e-05
1.16129e-05
3.49648e-06
3.47402e-06
1.17871e-05
3.41489e-05
7.86676e-05
0.000134
0.000188273
0.000233954
0.000267917
0.00028982
0.00030043
0.00030043
0.00028982
0.000267917
0.000233954
0.000188273
0.000134
7.86676e-05
3.41485e-05
1.1787e-05
3.47402e-06
3.44566e-06
1.19915e-05
3.53461e-05
8.14223e-05
0.00013812
0.000193069
0.000238711
0.000272195
0.000293532
0.00030378
0.00030378
0.000293532
0.000272195
0.000238711
0.000193068
0.000138119
8.14222e-05
3.53464e-05
1.19916e-05
3.44565e-06
3.4124e-06
1.22288e-05
3.66646e-05
8.44031e-05
0.000142513
0.000198103
0.000243615
0.000276515
0.000297202
0.000307043
0.000307043
0.000297202
0.000276515
0.000243615
0.000198103
0.000142514
8.44031e-05
3.66643e-05
1.22287e-05
3.4124e-06
3.37259e-06
1.25072e-05
3.81177e-05
8.76418e-05
0.000147215
0.000203397
0.000248669
0.000280867
0.000300814
0.000310202
0.000310202
0.000300814
0.000280867
0.000248669
0.000203397
0.000147215
8.76417e-05
3.8118e-05
1.25074e-05
3.37258e-06
3.3269e-06
1.2828e-05
3.97248e-05
9.11641e-05
0.000152246
0.000208958
0.000253867
0.000285237
0.00030435
0.000313237
0.000313237
0.00030435
0.000285237
0.000253868
0.000208958
0.000152246
9.11641e-05
3.97246e-05
1.2828e-05
3.3269e-06
3.27398e-06
1.32006e-05
4.15088e-05
9.50119e-05
0.000157646
0.000214806
0.000259209
0.00028961
0.000307792
0.00031613
0.00031613
0.000307792
0.00028961
0.000259209
0.000214806
0.000157646
9.50118e-05
4.1509e-05
1.32007e-05
3.27398e-06
3.21437e-06
1.36291e-05
4.34948e-05
9.92212e-05
0.000163443
0.000220951
0.000264684
0.000293966
0.000311117
0.000318858
0.000318858
0.000311117
0.000293966
0.000264684
0.000220951
0.000163443
9.92212e-05
4.34946e-05
1.3629e-05
3.21437e-06
3.14699e-06
1.41263e-05
4.57183e-05
0.000103849
0.000169684
0.000227409
0.000270284
0.000298286
0.000314304
0.000321405
0.000321405
0.000314304
0.000298286
0.000270283
0.000227409
0.000169683
0.000103848
4.57184e-05
1.41265e-05
3.14699e-06
3.07233e-06
1.47003e-05
4.82151e-05
0.000108945
0.000176404
0.000234186
0.00027599
0.000302543
0.000317329
0.000323751
0.000323751
0.000317329
0.000302543
0.00027599
0.000234186
0.000176404
0.000108945
4.82149e-05
1.47002e-05
3.07233e-06
2.98961e-06
1.53691e-05
5.10397e-05
0.000114588
0.000183661
0.000241296
0.000281785
0.000306709
0.00032017
0.000325879
0.000325879
0.00032017
0.000306709
0.000281785
0.000241296
0.00018366
0.000114588
5.10399e-05
1.53692e-05
2.9896e-06
2.89938e-06
1.61475e-05
5.42478e-05
0.000120853
0.000191497
0.000248734
0.000287635
0.000310748
0.000322803
0.000327776
0.000327776
0.000322803
0.000310748
0.000287635
0.000248734
0.000191497
0.000120853
5.42477e-05
1.61474e-05
2.89938e-06
2.80121e-06
1.70616e-05
5.79247e-05
0.000127849
0.000199976
0.0002565
0.000293505
0.000314624
0.000325205
0.000329432
0.000329432
0.000325205
0.000314624
0.000293505
0.0002565
0.000199976
0.000127849
5.79248e-05
1.70616e-05
2.80121e-06
2.6958e-06
1.81416e-05
6.2163e-05
0.000135686
0.000209149
0.000264573
0.000299342
0.000318291
0.000327354
0.000330843
0.000330843
0.000327354
0.000318291
0.000299342
0.000264573
0.000209149
0.000135686
6.21629e-05
1.81415e-05
2.6958e-06
2.58306e-06
1.94332e-05
6.71021e-05
0.000144522
0.000219081
0.000272922
0.000305083
0.000321705
0.000329233
0.000331992
0.000331992
0.000329233
0.000321705
0.000305083
0.000272922
0.00021908
0.000144521
6.71022e-05
1.94332e-05
2.58306e-06
2.46393e-06
2.09831e-05
7.29047e-05
0.000154522
0.000229814
0.000281486
0.000310644
0.000324815
0.000330837
0.000332879
0.000332879
0.000330837
0.000324815
0.000310644
0.000281486
0.000229814
0.000154522
7.29046e-05
2.09831e-05
2.46394e-06
2.33869e-06
2.28834e-05
7.98177e-05
0.000165915
0.000241396
0.00029018
0.000315929
0.000327568
0.000332164
0.000333602
0.000333602
0.000332164
0.000327568
0.000315929
0.00029018
0.000241396
0.000165915
7.98177e-05
2.28835e-05
2.33869e-06
2.2085e-06
2.52343e-05
8.81453e-05
0.000178945
0.000253826
0.000298867
0.000320816
0.000329912
0.000333144
0.000334153
0.000334153
0.000333144
0.000329912
0.000320816
0.000298867
0.000253826
0.000178945
8.81451e-05
2.52343e-05
2.20851e-06
2.07395e-06
2.82176e-05
9.83553e-05
0.000193939
0.000267068
0.000307358
0.000325176
0.000331844
0.000333904
0.000334513
0.000334513
0.000333904
0.000331844
0.000325176
0.000307358
0.000267068
0.000193939
9.83553e-05
2.82176e-05
2.07395e-06
1.93636e-06
3.20661e-05
0.000111061
0.00021123
0.000280971
0.000315385
0.000328853
0.0003332
0.000334472
0.00033478
0.00033478
0.000334472
0.0003332
0.000328853
0.000315385
0.000280971
0.00021123
0.000111061
3.2066e-05
1.93636e-06
1.79644e-06
3.71607e-05
0.000127215
0.000231225
0.000295243
0.000322611
0.000331765
0.000334129
0.0003348
0.00033494
0.00033494
0.0003348
0.000334129
0.000331765
0.000322611
0.000295243
0.000231225
0.000127215
3.71607e-05
1.79644e-06
1.65541e-06
4.39377e-05
0.000148161
0.000254263
0.0003093
0.000328588
0.000333554
0.000334803
0.000335047
0.00033508
0.00033508
0.000335047
0.000334803
0.000333554
0.000328588
0.0003093
0.000254262
0.000148161
4.39376e-05
1.65541e-06
1.51338e-06
5.28962e-05
0.00017646
0.00028058
0.000322148
0.000332504
0.000334604
0.0003351
0.000335168
0.000335172
0.000335172
0.000335168
0.0003351
0.000334604
0.000332504
0.000322148
0.00028058
0.00017646
5.28962e-05
1.51338e-06
1.36973e-06
6.8167e-05
0.000219584
0.000309504
0.000330909
0.000334527
0.000335273
0.000335315
0.000335296
0.000335287
0.000335287
0.000335296
0.000335315
0.000335273
0.000334527
0.000330909
0.000309503
0.000219584
6.81669e-05
1.36973e-06
1.23421e-06
0.000116558
0.000294184
0.000330906
0.00033481
0.000335356
0.000335357
0.000335342
0.000335343
0.000335345
0.000335345
0.000335343
0.000335342
0.000335357
0.000335356
0.00033481
0.000330906
0.000294184
0.000116558
1.23421e-06
)
;

boundaryField
{
    outlet
    {
        type            calculated;
        value           nonuniform List<scalar> 
20
(
7.08541e-06
7.5362e-05
0.00011535
0.000137396
0.000140537
0.000127446
0.000111838
0.000100856
8.35916e-05
7.4189e-05
7.91457e-05
9.72845e-05
0.000105431
0.000119414
0.000135978
0.000147861
0.00014117
0.000116752
7.49502e-05
6.97992e-06
)
;
    }
    inlet1
    {
        type            calculated;
        value           nonuniform List<scalar> 
20
(
1.16508e-06
0.00021037
0.000211615
0.000274866
0.00033541
0.00033541
0.00033541
0.00033541
0.00033541
0.00033541
0.00033541
0.00033541
0.00033541
0.00033541
0.00033541
0.00033541
0.000274867
0.000211616
0.000210371
1.16508e-06
)
;
    }
    inlet2
    {
        type            calculated;
        value           nonuniform List<scalar> 
20
(
1.16508e-06
0.00021037
0.000211615
0.000274867
0.00033541
0.00033541
0.00033541
0.00033541
0.00033541
0.00033541
0.00033541
0.00033541
0.00033541
0.00033541
0.00033541
0.00033541
0.000274867
0.000211615
0.00021037
1.16508e-06
)
;
    }
    frontAndBack
    {
        type            empty;
    }
    defaultFaces
    {
        type            nutkWallFunction;
        Cmu             0.09;
        kappa           0.41;
        E               9.8;
        value           nonuniform List<scalar> 
620
(
2.28699e-06
2.28863e-06
2.28877e-06
2.28851e-06
2.28757e-06
2.28711e-06
2.28582e-06
2.28521e-06
2.28378e-06
2.28306e-06
2.28155e-06
2.2807e-06
2.27914e-06
2.27812e-06
2.27653e-06
2.27533e-06
2.2737e-06
2.27232e-06
2.27063e-06
2.26908e-06
2.26732e-06
2.26562e-06
2.26379e-06
2.26196e-06
2.26007e-06
2.25813e-06
2.25616e-06
2.25412e-06
2.25206e-06
2.24991e-06
2.24775e-06
2.24549e-06
2.24321e-06
2.24082e-06
2.23841e-06
2.23587e-06
2.23331e-06
2.23062e-06
2.22787e-06
2.22498e-06
2.22199e-06
2.21881e-06
2.2155e-06
2.21196e-06
2.20822e-06
2.2042e-06
2.19992e-06
2.19531e-06
2.19037e-06
2.18505e-06
2.17932e-06
2.17316e-06
2.16652e-06
2.15928e-06
2.15131e-06
2.14251e-06
2.13288e-06
2.12306e-06
2.11245e-06
2.10155e-06
2.08993e-06
2.07798e-06
2.06539e-06
2.05238e-06
2.03867e-06
2.02447e-06
2.00952e-06
1.99397e-06
1.97751e-06
1.96016e-06
1.94188e-06
1.9225e-06
1.90205e-06
1.88035e-06
1.85743e-06
1.83319e-06
1.80765e-06
1.78081e-06
1.75274e-06
1.72353e-06
1.69325e-06
1.66193e-06
1.62927e-06
1.59414e-06
1.55473e-06
1.51313e-06
1.46716e-06
1.4153e-06
1.35472e-06
1.28091e-06
1.18672e-06
1.05953e-06
8.8254e-07
6.36585e-07
2.96536e-07
1.19436e-07
1.89649e-07
5.75798e-07
9.01847e-07
1.00088e-06
2.21364e-06
2.21482e-06
2.21473e-06
2.21392e-06
2.21282e-06
2.21191e-06
2.2104e-06
2.20945e-06
2.20777e-06
2.20673e-06
2.20499e-06
2.20383e-06
2.20207e-06
2.20077e-06
2.19899e-06
2.19753e-06
2.19572e-06
2.19409e-06
2.19223e-06
2.19045e-06
2.18851e-06
2.18658e-06
2.18456e-06
2.1825e-06
2.1804e-06
2.17822e-06
2.17604e-06
2.17377e-06
2.17152e-06
2.16918e-06
2.16685e-06
2.16443e-06
2.16201e-06
2.15951e-06
2.157e-06
2.15441e-06
2.15181e-06
2.14913e-06
2.14643e-06
2.14365e-06
2.14085e-06
2.13797e-06
2.13505e-06
2.13203e-06
2.12895e-06
2.12575e-06
2.12241e-06
2.11891e-06
2.11522e-06
2.11132e-06
2.1072e-06
2.10281e-06
2.09818e-06
2.09327e-06
2.0881e-06
2.08269e-06
2.07697e-06
2.07077e-06
2.06411e-06
2.05666e-06
2.04845e-06
2.03906e-06
2.02873e-06
2.01806e-06
2.00658e-06
1.9948e-06
1.98221e-06
1.9692e-06
1.95529e-06
1.94077e-06
1.92534e-06
1.90908e-06
1.89142e-06
1.87282e-06
1.85257e-06
1.831e-06
1.80755e-06
1.7824e-06
1.75509e-06
1.72572e-06
1.69394e-06
1.65979e-06
1.62299e-06
1.58354e-06
1.54109e-06
1.49504e-06
1.44347e-06
1.38234e-06
1.30934e-06
1.22017e-06
1.10424e-06
9.4853e-07
7.45102e-07
5.10692e-07
2.35143e-07
1.12825e-07
1.65363e-07
5.47279e-07
8.89562e-07
9.95198e-07
2.96173e-07
1.95957e-07
7.94908e-08
0
0
0
0
0
0
0
0
0
0
0
0
0
0
8.08342e-08
2.01763e-07
3.03277e-07
3.79117e-07
4.39267e-07
4.96141e-07
5.49854e-07
6.005e-07
6.48317e-07
6.93205e-07
7.35242e-07
7.74285e-07
8.1043e-07
8.43574e-07
8.73871e-07
9.0126e-07
9.25954e-07
9.47922e-07
9.67427e-07
9.84445e-07
9.99284e-07
1.01191e-06
1.02266e-06
1.03147e-06
1.03872e-06
1.04429e-06
1.04862e-06
1.05149e-06
1.05342e-06
1.05407e-06
1.05381e-06
1.05301e-06
1.05136e-06
1.04901e-06
1.0461e-06
1.04271e-06
1.03889e-06
1.03471e-06
1.03024e-06
1.02552e-06
1.02059e-06
1.01551e-06
1.0103e-06
1.00503e-06
9.99691e-07
9.94362e-07
9.89e-07
9.83719e-07
9.78427e-07
9.73274e-07
9.68276e-07
9.63401e-07
9.5867e-07
9.5405e-07
9.49569e-07
9.45191e-07
9.40952e-07
9.36813e-07
9.32816e-07
9.28916e-07
9.25163e-07
9.21503e-07
9.17993e-07
9.14571e-07
9.11301e-07
9.08113e-07
9.05078e-07
9.02119e-07
8.99313e-07
8.96576e-07
8.93992e-07
8.91471e-07
8.89102e-07
8.86792e-07
8.84636e-07
8.82538e-07
8.80595e-07
8.78718e-07
8.77e-07
8.75365e-07
8.73903e-07
8.72561e-07
8.71434e-07
8.70508e-07
8.69817e-07
8.69471e-07
8.69608e-07
8.70098e-07
8.71321e-07
8.7299e-07
8.76526e-07
8.79899e-07
8.86925e-07
8.92814e-07
9.05008e-07
9.14438e-07
9.33962e-07
9.48017e-07
9.78565e-07
9.95716e-07
1.03228e-06
1.03479e-06
1.04377e-06
3.79117e-07
4.39267e-07
4.96141e-07
5.49854e-07
6.005e-07
6.48317e-07
6.93205e-07
7.35242e-07
7.74284e-07
8.1043e-07
8.43574e-07
8.73871e-07
9.01259e-07
9.25954e-07
9.47921e-07
9.67426e-07
9.84444e-07
9.99283e-07
1.0119e-06
1.02266e-06
1.03147e-06
1.03872e-06
1.04429e-06
1.04862e-06
1.05149e-06
1.05342e-06
1.05407e-06
1.05381e-06
1.05301e-06
1.05135e-06
1.04901e-06
1.0461e-06
1.0427e-06
1.03889e-06
1.03471e-06
1.03023e-06
1.02552e-06
1.02058e-06
1.01551e-06
1.0103e-06
1.00504e-06
9.99687e-07
9.94365e-07
9.88996e-07
9.83724e-07
9.78422e-07
9.73279e-07
9.6827e-07
9.63407e-07
9.58664e-07
9.54057e-07
9.4956e-07
9.45198e-07
9.40941e-07
9.3682e-07
9.32802e-07
9.28922e-07
9.25144e-07
9.21507e-07
9.17966e-07
9.14569e-07
9.11263e-07
9.08099e-07
9.0502e-07
9.02083e-07
8.99221e-07
8.96499e-07
8.93843e-07
8.91322e-07
8.88855e-07
8.86519e-07
8.84219e-07
8.82045e-07
8.79887e-07
8.77843e-07
8.75787e-07
8.73828e-07
8.71818e-07
8.69876e-07
8.67824e-07
8.6579e-07
8.63558e-07
8.61256e-07
8.58618e-07
8.55761e-07
8.5234e-07
8.48438e-07
8.43596e-07
8.37812e-07
8.30439e-07
8.21297e-07
8.09451e-07
7.94405e-07
7.74737e-07
7.49289e-07
7.1568e-07
6.71715e-07
6.12353e-07
5.32469e-07
4.17467e-07
1.04341e-06
1.03396e-06
1.03101e-06
9.94085e-07
9.76837e-07
9.46758e-07
9.32859e-07
9.13582e-07
9.04271e-07
8.92254e-07
8.86453e-07
8.79548e-07
8.76234e-07
8.72778e-07
8.71148e-07
8.69974e-07
8.69509e-07
8.69386e-07
8.69771e-07
8.70456e-07
8.7141e-07
8.7253e-07
8.73893e-07
8.75346e-07
8.76997e-07
8.78705e-07
8.80595e-07
8.8253e-07
8.84637e-07
8.86787e-07
8.89104e-07
8.91467e-07
8.93994e-07
8.96573e-07
8.99315e-07
9.02117e-07
9.0508e-07
9.08111e-07
9.11303e-07
9.14569e-07
9.17994e-07
9.21502e-07
9.25164e-07
9.28915e-07
9.32817e-07
9.36812e-07
9.40953e-07
9.4519e-07
9.4957e-07
9.54049e-07
9.58671e-07
9.634e-07
9.68276e-07
9.73273e-07
9.78427e-07
9.83718e-07
9.89e-07
9.94361e-07
9.99691e-07
1.00503e-06
1.0103e-06
1.01551e-06
1.02059e-06
1.02552e-06
1.03024e-06
1.03471e-06
1.03889e-06
1.04271e-06
1.0461e-06
1.04901e-06
1.05136e-06
1.05301e-06
1.05381e-06
1.05407e-06
1.05342e-06
1.05149e-06
1.04862e-06
1.04429e-06
1.03872e-06
1.03147e-06
1.02266e-06
1.0119e-06
9.99283e-07
9.84445e-07
9.67426e-07
9.47922e-07
9.25954e-07
9.0126e-07
8.73871e-07
8.43574e-07
8.1043e-07
7.74285e-07
7.35242e-07
6.93206e-07
6.48317e-07
6.005e-07
5.49854e-07
4.96141e-07
4.39267e-07
3.79117e-07
4.24067e-07
5.37653e-07
6.16123e-07
6.74626e-07
7.17826e-07
7.50953e-07
7.75969e-07
7.95358e-07
8.10162e-07
8.21842e-07
8.30847e-07
8.38122e-07
8.4383e-07
8.48615e-07
8.52475e-07
8.55861e-07
8.58696e-07
8.61312e-07
8.63603e-07
8.6582e-07
8.67851e-07
8.69892e-07
8.71834e-07
8.73837e-07
8.75797e-07
8.77847e-07
8.79893e-07
8.82047e-07
8.84224e-07
8.8652e-07
8.88858e-07
8.91323e-07
8.93845e-07
8.965e-07
8.99224e-07
9.02083e-07
9.05022e-07
9.08099e-07
9.11264e-07
9.14568e-07
9.17967e-07
9.21506e-07
9.25145e-07
9.28922e-07
9.32803e-07
9.3682e-07
9.40942e-07
9.45198e-07
9.49561e-07
9.54057e-07
9.58664e-07
9.63407e-07
9.6827e-07
9.73279e-07
9.78423e-07
9.83724e-07
9.88996e-07
9.94365e-07
9.99687e-07
1.00504e-06
1.0103e-06
1.01551e-06
1.02058e-06
1.02552e-06
1.03023e-06
1.03471e-06
1.03889e-06
1.04271e-06
1.0461e-06
1.04901e-06
1.05136e-06
1.05301e-06
1.05381e-06
1.05407e-06
1.05342e-06
1.05149e-06
1.04862e-06
1.04429e-06
1.03872e-06
1.03147e-06
1.02266e-06
1.0119e-06
9.99283e-07
9.84444e-07
9.67426e-07
9.47921e-07
9.25954e-07
9.01259e-07
8.73871e-07
8.43573e-07
8.1043e-07
7.74284e-07
7.35242e-07
6.93205e-07
6.48317e-07
6.005e-07
5.49854e-07
4.96141e-07
4.39268e-07
3.79116e-07
)
;
    }
}


// ************************************************************************* //
