/*--------------------------------*- C++ -*----------------------------------*\
| =========                 |                                                 |
| \\      /  F ield         | OpenFOAM: The Open Source CFD Toolbox           |
|  \\    /   O peration     | Version:  2.1.0                                 |
|   \\  /    A nd           | Web:      www.OpenFOAM.org                      |
|    \\/     M anipulation  |                                                 |
\*---------------------------------------------------------------------------*/
FoamFile
{
    version     2.0;
    format      ascii;
    class       volScalarField;
    location    "0.13";
    object      p;
}
// * * * * * * * * * * * * * * * * * * * * * * * * * * * * * * * * * * * * * //

dimensions      [1 -1 -2 0 0 0 0];

internalField   nonuniform List<scalar> 
6400
(
100001
99997.3
99994.2
99991.2
99988.4
99985.7
99983.1
99980.6
99978.1
99975.6
99973.2
99970.8
99968.4
99966
99963.6
99961.2
99958.8
99956.4
99954
99951.5
99949.1
99946.6
99944.1
99941.6
99939
99936.4
99933.8
99931.1
99928.3
99925.5
99922.6
99919.6
99916.6
99913.4
99910.2
99906.9
99903.5
99900
99896.4
99892.6
99888.8
99884.8
99880.7
99876.5
99872.2
99867.7
99863
99858.2
99853.2
99848.1
99842.7
99837.2
99831.6
99825.7
99819.6
99813.4
99806.9
99800.2
99793.2
99786
99778.6
99770.9
99762.9
99754.6
99746
99737
99727.8
99718.1
99708.2
99697.8
99687.1
99675.9
99664.4
99652.4
99640
99627.1
99613.8
99600
99585.8
99571.1
99555.8
99540
99523.5
99506.2
99487.9
99468.5
99447.7
99425
99400.2
99372.7
99342.7
99310.8
99278.9
99248.8
99220.4
99188.3
99137
99030.7
98682.7
97161.6
99999.4
99995.7
99992.4
99989.5
99986.9
99984.4
99981.9
99979.4
99977
99974.6
99972.2
99969.9
99967.5
99965.1
99962.8
99960.4
99958
99955.7
99953.3
99950.9
99948.4
99946
99943.5
99941
99938.5
99935.9
99933.2
99930.5
99927.8
99925
99922.1
99919.1
99916.1
99913
99909.7
99906.4
99903
99899.5
99895.9
99892.1
99888.3
99884.3
99880.2
99876
99871.7
99867.2
99862.5
99857.7
99852.7
99847.6
99842.3
99836.8
99831.1
99825.3
99819.2
99813
99806.5
99799.8
99792.9
99785.7
99778.3
99770.6
99762.6
99754.3
99745.8
99736.9
99727.7
99718.1
99708.1
99697.8
99687.1
99676.1
99664.5
99652.6
99640.3
99627.5
99614.2
99600.5
99586.3
99571.6
99556.4
99540.5
99524.1
99506.8
99488.6
99469.2
99448.4
99425.9
99401.2
99374
99344.3
99312.6
99280.7
99250.6
99224.5
99196.5
99150.6
99058.9
98778.3
98261.5
99997.9
99994.6
99991.5
99988.8
99986.2
99983.7
99981.3
99978.9
99976.5
99974.1
99971.7
99969.4
99967
99964.7
99962.3
99960
99957.6
99955.3
99952.9
99950.5
99948.1
99945.7
99943.2
99940.7
99938.2
99935.6
99933
99930.3
99927.6
99924.8
99921.9
99918.9
99915.9
99912.8
99909.6
99906.3
99902.9
99899.4
99895.8
99892.1
99888.2
99884.3
99880.2
99876
99871.7
99867.2
99862.6
99857.8
99852.9
99847.8
99842.5
99837
99831.4
99825.6
99819.6
99813.4
99806.9
99800.3
99793.4
99786.3
99778.9
99771.3
99763.4
99755.2
99746.6
99737.8
99728.7
99719.2
99709.4
99699.1
99688.6
99677.6
99666.2
99654.4
99642.2
99629.5
99616.4
99602.8
99588.8
99574.2
99559.1
99543.3
99526.9
99509.7
99491.5
99472.2
99451.4
99429
99404.5
99377.8
99348.9
99318.8
99289.2
99262
99239.2
99215.1
99184.2
99129.6
98987.6
99087.5
99995.6
99993.2
99990.6
99988.1
99985.7
99983.3
99980.9
99978.6
99976.2
99973.9
99971.5
99969.2
99966.9
99964.6
99962.2
99959.9
99957.6
99955.2
99952.9
99950.5
99948.1
99945.7
99943.3
99940.8
99938.3
99935.7
99933.1
99930.5
99927.8
99925
99922.1
99919.2
99916.2
99913.1
99909.9
99906.6
99903.3
99899.8
99896.2
99892.5
99888.7
99884.8
99880.8
99876.6
99872.3
99867.9
99863.3
99858.6
99853.7
99848.6
99843.4
99838
99832.4
99826.7
99820.7
99814.6
99808.2
99801.6
99794.8
99787.7
99780.4
99772.8
99764.9
99756.8
99748.4
99739.6
99730.5
99721.1
99711.3
99701.2
99690.6
99679.7
99668.4
99656.6
99644.4
99631.7
99618.5
99604.9
99590.8
99576.1
99560.8
99544.8
99528.2
99510.7
99492.3
99472.7
99451.7
99429.2
99405
99378.9
99351.5
99323.9
99298.2
99276.1
99259.5
99250.1
99248.5
99257.7
99291.2
99706.9
99992.7
99991.6
99989.7
99987.6
99985.4
99983.2
99980.9
99978.6
99976.2
99973.9
99971.6
99969.3
99967
99964.7
99962.4
99960.1
99957.8
99955.4
99953.1
99950.8
99948.4
99946
99943.6
99941.2
99938.7
99936.2
99933.6
99931
99928.3
99925.5
99922.7
99919.8
99916.8
99913.8
99910.6
99907.4
99904
99900.6
99897.1
99893.4
99889.6
99885.7
99881.7
99877.6
99873.3
99868.9
99864.3
99859.6
99854.8
99849.7
99844.5
99839.2
99833.6
99827.9
99821.9
99815.8
99809.4
99802.9
99796
99789
99781.7
99774.1
99766.2
99758.1
99749.6
99740.9
99731.8
99722.3
99712.5
99702.3
99691.7
99680.8
99669.4
99657.6
99645.3
99632.5
99619.3
99605.5
99591.3
99576.4
99560.9
99544.8
99527.9
99510.1
99491.4
99471.6
99450.4
99427.9
99404
99378.9
99353.2
99328.8
99308.3
99293.5
99288.3
99300.3
99339.4
99432.2
99629.9
100193
99989.4
99989.9
99988.9
99987.2
99985.3
99983.2
99981
99978.8
99976.5
99974.2
99971.9
99969.6
99967.3
99965
99962.8
99960.5
99958.2
99955.9
99953.6
99951.2
99948.9
99946.5
99944.1
99941.7
99939.3
99936.8
99934.2
99931.6
99928.9
99926.2
99923.4
99920.5
99917.6
99914.5
99911.4
99908.2
99904.8
99901.4
99897.8
99894.2
99890.4
99886.5
99882.5
99878.3
99874.1
99869.6
99865.1
99860.3
99855.5
99850.4
99845.2
99839.8
99834.2
99828.5
99822.5
99816.4
99810
99803.4
99796.6
99789.5
99782.2
99774.6
99766.7
99758.6
99750.1
99741.3
99732.2
99722.8
99713
99702.8
99692.3
99681.3
99669.8
99658
99645.6
99632.8
99619.5
99605.6
99591.2
99576.1
99560.4
99544
99526.8
99508.7
99489.6
99469.5
99448.2
99425.7
99402.1
99378
99354.3
99333.3
99318.4
99311.9
99320.9
99358.7
99445
99625.9
99953.2
100571
99986.2
99988.2
99988
99987
99985.3
99983.4
99981.3
99979.2
99976.9
99974.7
99972.4
99970.1
99967.8
99965.5
99963.2
99961
99958.7
99956.4
99954.1
99951.7
99949.4
99947
99944.6
99942.2
99939.7
99937.2
99934.7
99932.1
99929.4
99926.7
99923.9
99921
99918
99915
99911.8
99908.6
99905.2
99901.8
99898.2
99894.5
99890.7
99886.8
99882.8
99878.6
99874.3
99869.9
99865.3
99860.6
99855.7
99850.6
99845.4
99840
99834.4
99828.6
99822.7
99816.5
99810.1
99803.5
99796.7
99789.6
99782.3
99774.7
99766.9
99758.7
99750.2
99741.5
99732.4
99722.9
99713.2
99703
99692.5
99681.5
99670
99658.1
99645.7
99632.8
99619.4
99605.4
99590.8
99575.5
99559.6
99542.9
99525.3
99506.9
99487.5
99467
99445.4
99422.8
99399.6
99376.5
99354.7
99336.9
99327.1
99329
99352.7
99416.8
99550.1
99810.7
100229
100854
99983.4
99986.7
99987.3
99986.7
99985.4
99983.6
99981.6
99979.5
99977.3
99975
99972.8
99970.5
99968.2
99965.9
99963.6
99961.3
99959
99956.7
99954.4
99952.1
99949.7
99947.3
99944.9
99942.5
99940
99937.5
99934.9
99932.3
99929.6
99926.8
99924
99921.1
99918.1
99915
99911.9
99908.6
99905.2
99901.8
99898.2
99894.5
99890.7
99886.7
99882.7
99878.5
99874.2
99869.7
99865.1
99860.4
99855.5
99850.4
99845.2
99839.8
99834.2
99828.4
99822.5
99816.3
99809.9
99803.3
99796.5
99789.4
99782.1
99774.6
99766.8
99758.6
99750.2
99741.4
99732.4
99723
99713.2
99703.1
99692.6
99681.6
99670.1
99658.2
99645.8
99632.8
99619.3
99605.2
99590.5
99575.1
99558.9
99541.9
99524
99505.2
99485.3
99464.4
99442.6
99419.9
99396.9
99374.5
99354.2
99339
99333.3
99342.7
99378.7
99466.1
99640
99963.8
100440
101054
99981.4
99985.6
99986.8
99986.6
99985.4
99983.8
99981.8
99979.7
99977.5
99975.3
99973
99970.7
99968.4
99966.1
99963.7
99961.4
99959.1
99956.8
99954.4
99952.1
99949.7
99947.3
99944.9
99942.4
99939.9
99937.4
99934.8
99932.1
99929.4
99926.6
99923.8
99920.8
99917.8
99914.7
99911.5
99908.2
99904.8
99901.3
99897.7
99894
99890.2
99886.2
99882.2
99878
99873.7
99869.2
99864.6
99859.9
99855
99849.9
99844.7
99839.4
99833.8
99828.1
99822.1
99816
99809.7
99803.1
99796.3
99789.3
99782
99774.5
99766.7
99758.7
99750.3
99741.6
99732.5
99723.2
99713.5
99703.3
99692.8
99681.8
99670.5
99658.6
99646.2
99633.2
99619.6
99605.4
99590.5
99574.9
99558.5
99541.2
99522.9
99503.7
99483.4
99462.1
99439.8
99417
99394.1
99372.1
99352.8
99339.3
99336.4
99351.1
99397.3
99500.6
99703.3
100070
100578
101179
99980.4
99985.1
99986.6
99986.5
99985.4
99983.8
99981.9
99979.8
99977.6
99975.3
99973
99970.7
99968.3
99966
99963.7
99961.3
99959
99956.6
99954.3
99951.9
99949.5
99947
99944.5
99942
99939.5
99936.9
99934.2
99931.5
99928.8
99925.9
99923.1
99920.1
99917.1
99914
99910.8
99907.5
99904.1
99900.6
99897.1
99893.4
99889.6
99885.7
99881.7
99877.5
99873.3
99868.8
99864.3
99859.6
99854.7
99849.7
99844.5
99839.2
99833.6
99827.9
99822
99815.9
99809.6
99803.1
99796.3
99789.3
99782.1
99774.6
99766.8
99758.7
99750.5
99741.8
99732.9
99723.6
99713.9
99703.8
99693.3
99682.4
99671
99659.1
99646.7
99633.7
99620.1
99605.7
99590.7
99574.9
99558.2
99540.6
99522
99502.3
99481.6
99459.8
99437.2
99414
99390.9
99369
99350.2
99337.5
99335.8
99353.3
99404.5
99516
99732.7
100120
100642
101236
99980.6
99985.2
99986.7
99986.5
99985.4
99983.8
99981.9
99979.8
99977.6
99975.3
99973
99970.7
99968.4
99966
99963.7
99961.4
99959
99956.6
99954.3
99951.9
99949.5
99947
99944.5
99942
99939.5
99936.9
99934.2
99931.5
99928.8
99926
99923.1
99920.1
99917.1
99914
99910.8
99907.5
99904.1
99900.6
99897.1
99893.4
99889.6
99885.7
99881.7
99877.5
99873.2
99868.8
99864.3
99859.6
99854.7
99849.7
99844.5
99839.2
99833.7
99828
99822.1
99816
99809.7
99803.2
99796.5
99789.5
99782.3
99774.8
99767.1
99759.1
99750.8
99742.2
99733.3
99724
99714.4
99704.4
99693.9
99683
99671.7
99659.8
99647.4
99634.3
99620.6
99606.2
99591
99574.9
99558
99540.1
99521.1
99501
99479.9
99457.6
99434.4
99410.8
99387.3
99365.2
99346.2
99333.3
99331.5
99348.7
99399.7
99510.4
99725.5
100110
100631
101224
99981.8
99985.9
99987
99986.7
99985.5
99983.8
99981.9
99979.7
99977.5
99975.3
99973
99970.7
99968.4
99966
99963.7
99961.4
99959.1
99956.7
99954.4
99952
99949.6
99947.2
99944.7
99942.2
99939.7
99937.1
99934.5
99931.8
99929
99926.2
99923.3
99920.4
99917.4
99914.2
99911
99907.8
99904.4
99900.9
99897.3
99893.7
99889.9
99886
99881.9
99877.8
99873.5
99869
99864.5
99859.8
99854.9
99849.9
99844.7
99839.4
99833.9
99828.2
99822.3
99816.2
99809.9
99803.4
99796.7
99789.8
99782.6
99775.2
99767.5
99759.5
99751.3
99742.7
99733.8
99724.6
99715
99705
99694.6
99683.8
99672.4
99660.5
99648.1
99635
99621.2
99606.7
99591.3
99575.1
99558
99539.7
99520.4
99499.9
99478.2
99455.4
99431.7
99407.5
99383.4
99360.7
99340.9
99326.9
99323.4
99337.7
99383.3
99484.1
99682
100042
100545
101146
99984
99987.2
99987.6
99986.9
99985.5
99983.7
99981.7
99979.6
99977.3
99975.1
99972.8
99970.5
99968.2
99965.9
99963.6
99961.2
99958.9
99956.6
99954.3
99951.9
99949.5
99947.1
99944.6
99942.2
99939.6
99937.1
99934.5
99931.8
99929.1
99926.3
99923.4
99920.5
99917.5
99914.4
99911.2
99907.9
99904.6
99901.1
99897.6
99893.9
99890.1
99886.2
99882.2
99878.1
99873.8
99869.4
99864.8
99860.1
99855.3
99850.3
99845.1
99839.8
99834.3
99828.6
99822.7
99816.7
99810.4
99803.9
99797.2
99790.2
99783.1
99775.6
99768
99760
99751.8
99743.3
99734.4
99725.2
99715.7
99705.7
99695.4
99684.6
99673.2
99661.4
99648.9
99635.8
99621.9
99607.3
99591.9
99575.5
99558.1
99539.6
99519.9
99499.1
99476.9
99453.6
99429.2
99404.2
99379.3
99355.7
99334.8
99318.8
99312.1
99321.2
99357
99439.9
99606.4
99920.2
100388
101002
99987
99988.8
99988.5
99987.3
99985.6
99983.6
99981.5
99979.3
99977
99974.7
99972.4
99970.1
99967.8
99965.5
99963.2
99960.9
99958.6
99956.3
99953.9
99951.6
99949.2
99946.8
99944.3
99941.8
99939.3
99936.8
99934.1
99931.5
99928.8
99926
99923.1
99920.2
99917.2
99914.1
99911
99907.7
99904.4
99901
99897.4
99893.8
99890
99886.1
99882.2
99878
99873.8
99869.4
99864.8
99860.2
99855.3
99850.4
99845.2
99839.9
99834.4
99828.8
99822.9
99816.9
99810.6
99804.2
99797.5
99790.6
99783.5
99776.1
99768.5
99760.6
99752.4
99743.9
99735.1
99726
99716.5
99706.6
99696.3
99685.5
99674.2
99662.3
99649.9
99636.7
99622.8
99608.2
99592.6
99576.1
99558.5
99539.8
99519.8
99498.6
99476
99452.1
99427
99401.2
99375.3
99350.4
99327.9
99309.6
99298.8
99300.9
99323.6
99382.6
99506.9
99754.8
100162
100785
99990.4
99990.6
99989.4
99987.7
99985.7
99983.5
99981.3
99979
99976.7
99974.4
99972
99969.7
99967.4
99965.1
99962.8
99960.4
99958.1
99955.8
99953.4
99951.1
99948.7
99946.3
99943.8
99941.4
99938.8
99936.3
99933.7
99931
99928.3
99925.5
99922.6
99919.7
99916.7
99913.7
99910.5
99907.3
99903.9
99900.5
99897
99893.4
99889.6
99885.7
99881.8
99877.6
99873.4
99869
99864.5
99859.9
99855.1
99850.1
99845
99839.7
99834.2
99828.6
99822.8
99816.8
99810.5
99804.1
99797.5
99790.7
99783.6
99776.3
99768.7
99760.9
99752.8
99744.3
99735.6
99726.5
99717.1
99707.2
99696.9
99686.2
99674.9
99663.1
99650.7
99637.6
99623.7
99609
99593.4
99576.7
99559
99540.1
99519.9
99498.3
99475.4
99450.9
99425.2
99398.5
99371.4
99345.1
99320.8
99299.8
99284.2
99279
99287.1
99319.4
99395.7
99562.1
99873.7
100486
99993.7
99992.4
99990.4
99988.1
99985.8
99983.5
99981.2
99978.8
99976.5
99974.1
99971.8
99969.5
99967.1
99964.8
99962.5
99960.1
99957.8
99955.4
99953.1
99950.7
99948.3
99945.8
99943.4
99940.9
99938.3
99935.7
99933.1
99930.4
99927.7
99924.9
99922
99919.1
99916.1
99913
99909.8
99906.5
99903.2
99899.8
99896.2
99892.6
99888.8
99884.9
99881
99876.8
99872.6
99868.2
99863.7
99859.1
99854.3
99849.4
99844.3
99839
99833.6
99828
99822.2
99816.2
99810
99803.7
99797.1
99790.3
99783.2
99776
99768.5
99760.7
99752.6
99744.2
99735.6
99726.5
99717.1
99707.3
99697.1
99686.4
99675.2
99663.4
99651
99638
99624.1
99609.4
99593.7
99577.1
99559.3
99540.2
99519.8
99498
99474.7
99449.8
99423.5
99395.9
99367.7
99339.7
99313.5
99290.2
99272.1
99258.5
99252.3
99258.8
99287.5
99364.9
99543.2
100094
99996.6
99994
99991.3
99988.7
99986.2
99983.7
99981.3
99978.9
99976.5
99974.1
99971.8
99969.4
99967.1
99964.7
99962.4
99960
99957.7
99955.3
99952.9
99950.5
99948.1
99945.6
99943.1
99940.6
99938
99935.4
99932.7
99930
99927.3
99924.4
99921.5
99918.6
99915.5
99912.4
99909.2
99905.9
99902.5
99899.1
99895.5
99891.8
99888
99884.1
99880.1
99876
99871.7
99867.3
99862.8
99858.1
99853.3
99848.3
99843.2
99837.9
99832.5
99826.9
99821.1
99815.1
99808.9
99802.5
99795.9
99789.1
99782.1
99774.9
99767.4
99759.6
99751.6
99743.3
99734.6
99725.7
99716.3
99706.6
99696.5
99685.8
99674.7
99663
99650.6
99637.6
99623.8
99609.1
99593.5
99576.8
99558.9
99539.8
99519.2
99497.2
99473.6
99448.4
99421.6
99393.4
99364
99334.6
99306.6
99281.1
99259.5
99241
99223.4
99208.7
99197
99190.9
99202.1
99595
99998.9
99995.4
99992.2
99989.4
99986.7
99984.2
99981.7
99979.3
99976.8
99974.4
99972
99969.7
99967.3
99964.9
99962.6
99960.2
99957.8
99955.4
99953
99950.6
99948.1
99945.6
99943.1
99940.6
99938
99935.4
99932.7
99929.9
99927.2
99924.3
99921.4
99918.4
99915.3
99912.2
99909
99905.7
99902.3
99898.8
99895.2
99891.5
99887.6
99883.7
99879.7
99875.5
99871.2
99866.8
99862.2
99857.5
99852.6
99847.6
99842.5
99837.1
99831.6
99826
99820.1
99814.1
99807.9
99801.5
99794.9
99788
99781
99773.7
99766.1
99758.3
99750.3
99741.9
99733.2
99724.2
99714.9
99705.1
99694.9
99684.3
99673.1
99661.4
99649.1
99636
99622.2
99607.5
99591.8
99575.1
99557.2
99538
99517.4
99495.3
99471.6
99446.2
99419
99390.3
99360.2
99329.7
99300.2
99273
99249.1
99228.6
99203.9
99174.7
99134.7
99065
98899
98960.5
100000
99996.5
99993.1
99990.2
99987.4
99984.9
99982.3
99979.9
99977.4
99975
99972.6
99970.2
99967.8
99965.4
99963
99960.6
99958.3
99955.8
99953.4
99951
99948.5
99946
99943.5
99940.9
99938.3
99935.7
99933
99930.3
99927.5
99924.6
99921.7
99918.7
99915.6
99912.4
99909.2
99905.9
99902.5
99898.9
99895.3
99891.6
99887.8
99883.8
99879.8
99875.6
99871.3
99866.8
99862.3
99857.5
99852.7
99847.6
99842.4
99837.1
99831.5
99825.8
99820
99813.9
99807.7
99801.2
99794.6
99787.7
99780.6
99773.3
99765.7
99757.9
99749.7
99741.3
99732.6
99723.6
99714.2
99704.4
99694.1
99683.4
99672.2
99660.4
99647.9
99634.8
99620.8
99606
99590.2
99573.3
99555.2
99535.8
99515
99492.6
99468.6
99442.8
99415.2
99385.9
99355
99323.4
99292.4
99263.4
99236.6
99213.2
99191.3
99157.7
99102.4
98995.7
98690.2
98108.1
100001
99998.1
99994.9
99991.8
99988.9
99986.2
99983.6
99981
99978.5
99976
99973.6
99971.1
99968.7
99966.3
99963.9
99961.5
99959.1
99956.6
99954.2
99951.7
99949.2
99946.7
99944.2
99941.6
99939
99936.3
99933.6
99930.8
99928
99925.1
99922.2
99919.2
99916.1
99912.9
99909.7
99906.4
99903
99899.5
99895.8
99892.1
99888.3
99884.4
99880.3
99876.1
99871.8
99867.4
99862.8
99858.1
99853.2
99848.2
99843
99837.7
99832.1
99826.4
99820.6
99814.5
99808.3
99801.8
99795.1
99788.2
99781.1
99773.8
99766.2
99758.4
99750.3
99741.9
99733.2
99724.1
99714.7
99704.9
99694.7
99684
99672.7
99660.9
99648.5
99635.3
99621.3
99606.5
99590.7
99573.8
99555.7
99536.2
99515.4
99493
99468.9
99443
99415.3
99385.7
99354.7
99323.1
99292.2
99263.4
99237.4
99212
99179.9
99138.5
99080.3
98963.8
98593.3
96966.4
100615
101838
102357
102651
102850
102999
103116
103210
103287
103352
103405
103450
103487
103517
103542
103562
103576
103584
103588
103585
100567
101553
102159
102539
102791
102972
103108
103214
103300
103369
103426
103473
103511
103542
103567
103586
103598
103605
103606
103601
100837
101579
102100
102478
102749
102948
103098
103215
103307
103381
103442
103490
103530
103561
103585
103602
103614
103619
103619
103611
101095
101698
102140
102483
102746
102948
103103
103225
103322
103399
103462
103511
103551
103581
103604
103620
103629
103633
103632
103619
101313
101823
102210
102521
102769
102965
103120
103243
103342
103421
103484
103534
103573
103602
103623
103637
103644
103646
103643
103625
101494
101939
102286
102572
102804
102993
103145
103267
103366
103445
103507
103557
103595
103623
103642
103653
103658
103657
103652
103629
101640
102038
102357
102623
102843
103024
103172
103292
103390
103469
103531
103580
103617
103643
103659
103668
103670
103668
103660
103632
101748
102114
102414
102666
102877
103053
103198
103316
103413
103492
103554
103601
103637
103661
103675
103681
103681
103676
103665
103634
101819
102165
102454
102698
102904
103076
103219
103337
103434
103511
103573
103620
103654
103676
103688
103692
103689
103683
103669
103636
101854
102191
102475
102716
102920
103090
103232
103349
103445
103522
103583
103630
103663
103685
103696
103699
103695
103687
103671
103637
101843
102181
102465
102707
102911
103082
103224
103342
103438
103516
103578
103625
103659
103682
103693
103696
103693
103685
103670
103637
101791
102139
102429
102675
102883
103056
103201
103320
103418
103497
103560
103609
103644
103668
103682
103687
103685
103679
103665
103632
101706
102075
102378
102633
102847
103025
103172
103294
103393
103474
103538
103588
103625
103651
103667
103675
103675
103671
103661
103628
101584
101987
102310
102580
102804
102989
103140
103264
103365
103447
103512
103564
103603
103631
103650
103660
103664
103662
103654
103625
101427
101878
102230
102521
102758
102951
103108
103235
103337
103420
103486
103538
103579
103609
103631
103644
103650
103650
103646
103621
101235
101753
102146
102463
102717
102919
103079
103208
103311
103393
103460
103513
103555
103587
103611
103626
103635
103638
103635
103616
101006
101618
102068
102419
102690
102898
103060
103187
103288
103370
103436
103489
103531
103565
103590
103608
103619
103624
103622
103610
100737
101490
102022
102410
102690
102896
103052
103174
103272
103350
103414
103466
103509
103543
103569
103589
103602
103608
103609
103601
100454
101460
102081
102471
102732
102920
103062
103173
103263
103337
103398
103448
103489
103523
103550
103571
103585
103593
103595
103589
100494
101747
102280
102584
102791
102947
103069
103168
103250
103318
103375
103423
103463
103496
103523
103544
103560
103570
103574
103571
103416
103414
103413
103412
103412
103411
103410
103410
103410
103410
103410
103410
103410
103410
103411
103412
103412
103413
103414
103416
103413
103411
103410
103410
103410
103409
103409
103409
103409
103409
103409
103409
103409
103409
103409
103410
103410
103410
103411
103413
103412
103410
103410
103410
103410
103410
103410
103410
103410
103410
103410
103410
103410
103410
103410
103410
103410
103410
103410
103412
103412
103411
103410
103410
103410
103410
103410
103410
103410
103410
103410
103410
103410
103410
103410
103410
103410
103410
103411
103412
103412
103410
103410
103410
103410
103410
103410
103410
103410
103410
103410
103410
103410
103410
103410
103410
103410
103410
103410
103412
103411
103409
103409
103409
103409
103409
103409
103409
103409
103409
103409
103409
103409
103409
103409
103409
103409
103409
103409
103411
103411
103409
103409
103409
103409
103408
103408
103408
103408
103408
103408
103408
103408
103408
103408
103409
103409
103409
103409
103411
103410
103408
103408
103408
103408
103408
103408
103408
103408
103408
103408
103408
103408
103408
103408
103408
103408
103408
103408
103410
103409
103408
103407
103407
103407
103407
103407
103407
103407
103407
103407
103407
103407
103407
103407
103407
103407
103407
103408
103409
103409
103407
103407
103407
103407
103407
103406
103406
103406
103406
103406
103406
103406
103406
103407
103407
103407
103407
103407
103409
103408
103406
103406
103406
103406
103406
103406
103406
103406
103406
103406
103406
103406
103406
103406
103406
103406
103406
103406
103408
103407
103406
103405
103405
103405
103405
103405
103405
103405
103405
103405
103405
103405
103405
103405
103405
103405
103405
103406
103407
103406
103405
103405
103405
103404
103404
103404
103404
103404
103404
103404
103404
103404
103404
103404
103404
103405
103405
103405
103406
103406
103404
103404
103404
103404
103404
103404
103404
103404
103404
103404
103404
103404
103404
103404
103404
103404
103404
103404
103406
103405
103403
103403
103403
103403
103403
103403
103403
103403
103403
103403
103403
103403
103403
103403
103403
103403
103403
103403
103405
103404
103403
103402
103402
103402
103402
103402
103402
103402
103402
103402
103402
103402
103402
103402
103402
103402
103402
103403
103404
103403
103402
103402
103402
103402
103401
103401
103401
103401
103401
103401
103401
103401
103401
103401
103402
103402
103402
103402
103403
103402
103401
103401
103401
103401
103401
103401
103401
103401
103401
103401
103401
103401
103401
103401
103401
103401
103401
103401
103402
103402
103400
103400
103400
103400
103400
103400
103400
103400
103400
103400
103400
103400
103400
103400
103400
103400
103400
103400
103402
103401
103399
103399
103399
103399
103399
103399
103399
103399
103399
103399
103399
103399
103399
103399
103399
103399
103399
103399
103401
103400
103399
103399
103398
103398
103398
103398
103398
103398
103398
103398
103398
103398
103398
103398
103398
103398
103399
103399
103400
103399
103398
103398
103398
103398
103398
103397
103397
103397
103397
103397
103397
103397
103397
103398
103398
103398
103398
103398
103399
103398
103397
103397
103397
103397
103397
103397
103397
103397
103397
103397
103397
103397
103397
103397
103397
103397
103397
103397
103398
103397
103396
103396
103396
103396
103396
103396
103396
103396
103396
103396
103396
103396
103396
103396
103396
103396
103396
103396
103397
103397
103395
103395
103395
103395
103395
103395
103395
103395
103395
103395
103395
103395
103395
103395
103395
103395
103395
103395
103397
103396
103395
103395
103394
103394
103394
103394
103394
103394
103394
103394
103394
103394
103394
103394
103394
103394
103395
103395
103396
103395
103394
103394
103394
103394
103394
103394
103393
103393
103393
103393
103393
103393
103394
103394
103394
103394
103394
103394
103395
103394
103393
103393
103393
103393
103393
103393
103393
103393
103393
103393
103393
103393
103393
103393
103393
103393
103393
103393
103394
103393
103392
103392
103392
103392
103392
103392
103392
103392
103392
103392
103392
103392
103392
103392
103392
103392
103392
103392
103393
103392
103391
103391
103391
103391
103391
103391
103391
103391
103391
103391
103391
103391
103391
103391
103391
103391
103391
103391
103392
103392
103391
103390
103390
103390
103390
103390
103390
103390
103390
103390
103390
103390
103390
103390
103390
103390
103390
103391
103392
103391
103390
103390
103390
103390
103390
103390
103389
103389
103389
103389
103389
103389
103390
103390
103390
103390
103390
103390
103391
103390
103389
103389
103389
103389
103389
103389
103389
103389
103389
103389
103389
103389
103389
103389
103389
103389
103389
103389
103390
103389
103388
103388
103388
103388
103388
103388
103388
103388
103388
103388
103388
103388
103388
103388
103388
103388
103388
103388
103389
103388
103387
103387
103387
103387
103387
103387
103387
103387
103387
103387
103387
103387
103387
103387
103387
103387
103387
103387
103388
103387
103387
103386
103386
103386
103386
103386
103386
103386
103386
103386
103386
103386
103386
103386
103386
103386
103387
103387
103387
103387
103386
103386
103386
103386
103386
103386
103386
103386
103386
103386
103386
103386
103386
103386
103386
103386
103386
103386
103387
103386
103385
103385
103385
103385
103385
103385
103385
103385
103385
103385
103385
103385
103385
103385
103385
103385
103385
103385
103386
103385
103384
103384
103384
103384
103384
103384
103384
103384
103384
103384
103384
103384
103384
103384
103384
103384
103384
103384
103385
103384
103384
103383
103383
103383
103383
103383
103383
103383
103383
103383
103383
103383
103383
103383
103383
103383
103383
103384
103384
103383
103383
103383
103383
103383
103383
103383
103383
103383
103383
103383
103383
103383
103383
103383
103383
103383
103383
103383
103383
103383
103382
103382
103382
103382
103382
103382
103382
103382
103382
103382
103382
103382
103382
103382
103382
103382
103382
103382
103383
103382
103381
103381
103381
103381
103381
103381
103381
103381
103381
103381
103381
103381
103381
103381
103381
103381
103381
103381
103382
103381
103381
103380
103380
103381
103381
103381
103381
103381
103381
103381
103381
103381
103381
103381
103381
103380
103380
103381
103381
103380
103380
103380
103380
103380
103380
103380
103380
103380
103380
103380
103380
103380
103380
103380
103380
103380
103380
103380
103380
103380
103379
103379
103379
103379
103379
103379
103379
103379
103379
103379
103379
103379
103379
103379
103379
103379
103379
103379
103380
103379
103378
103378
103378
103378
103379
103379
103379
103379
103379
103379
103379
103379
103379
103379
103379
103378
103378
103378
103379
103379
103378
103378
103378
103378
103378
103378
103378
103378
103378
103378
103378
103378
103378
103378
103378
103378
103378
103378
103378
103378
103377
103377
103377
103377
103377
103377
103377
103377
103377
103377
103377
103377
103377
103377
103377
103377
103377
103377
103378
103377
103376
103376
103377
103377
103377
103377
103377
103377
103377
103377
103377
103377
103377
103377
103377
103376
103376
103377
103377
103377
103376
103376
103376
103376
103376
103376
103376
103376
103376
103376
103376
103376
103376
103376
103376
103376
103376
103376
103377
103376
103375
103375
103375
103375
103375
103375
103375
103375
103375
103375
103375
103375
103375
103375
103375
103375
103375
103375
103376
103376
103375
103375
103375
103375
103375
103375
103375
103375
103375
103375
103375
103375
103375
103375
103375
103375
103375
103375
103376
103375
103374
103374
103374
103374
103374
103374
103374
103374
103374
103374
103374
103374
103374
103374
103374
103374
103374
103374
103375
103375
103373
103373
103373
103373
103373
103373
103374
103374
103374
103374
103374
103374
103373
103373
103373
103373
103373
103373
103374
103374
103373
103373
103373
103373
103373
103373
103373
103373
103373
103373
103373
103373
103373
103373
103373
103373
103373
103373
103374
103374
103372
103372
103372
103372
103372
103372
103372
103372
103372
103372
103372
103372
103372
103372
103372
103372
103372
103372
103373
103373
103372
103371
103371
103371
103372
103372
103372
103372
103372
103372
103372
103372
103372
103372
103371
103371
103371
103372
103373
103372
103371
103371
103371
103371
103371
103371
103371
103371
103371
103371
103371
103371
103371
103371
103371
103371
103371
103371
103372
103372
103370
103370
103370
103370
103370
103370
103371
103371
103371
103371
103371
103371
103370
103370
103370
103370
103370
103370
103372
103371
103370
103369
103369
103369
103369
103370
103370
103370
103370
103370
103370
103370
103370
103369
103369
103369
103369
103370
103371
103370
103369
103368
103368
103368
103368
103368
103369
103369
103369
103369
103369
103369
103368
103368
103368
103368
103368
103369
103370
103369
103368
103367
103367
103367
103367
103367
103367
103367
103367
103368
103367
103367
103367
103367
103367
103367
103367
103368
103369
103368
103367
103366
103366
103366
103367
103367
103368
103368
103369
103369
103368
103368
103367
103367
103367
103366
103366
103367
103368
103367
103365
103365
103365
103365
103366
103366
103367
103367
103368
103368
103368
103367
103366
103366
103366
103365
103365
103366
103367
103365
103364
103364
103364
103364
103364
103363
103363
103363
103362
103362
103363
103363
103363
103364
103364
103364
103364
103364
103366
103364
103363
103363
103363
103363
103362
103362
103362
103362
103363
103362
103362
103362
103362
103363
103363
103363
103363
103363
103364
103363
103362
103362
103362
103362
103362
103363
103363
103364
103364
103364
103364
103364
103363
103363
103363
103363
103363
103363
103364
103362
103361
103361
103361
103362
103362
103362
103362
103361
103361
103361
103361
103362
103362
103362
103362
103362
103362
103362
103363
103361
103361
103361
103361
103361
103361
103361
103361
103361
103361
103361
103361
103361
103362
103361
103361
103361
103361
103361
103362
103360
103360
103360
103360
103360
103361
103361
103362
103362
103362
103363
103363
103363
103362
103361
103361
103360
103360
103360
103361
103359
103359
103359
103359
103359
103359
103360
103360
103359
103359
103359
103359
103359
103360
103360
103359
103359
103359
103359
103360
103358
103358
103358
103358
103358
103358
103358
103358
103358
103358
103358
103358
103358
103358
103358
103358
103358
103358
103358
103358
103357
103357
103357
103357
103357
103357
103357
103356
103356
103356
103356
103356
103356
103356
103356
103357
103357
103357
103357
103357
103356
103356
103356
103356
103356
103356
103356
103356
103355
103355
103355
103354
103354
103355
103356
103356
103356
103356
103356
103356
103355
103355
103355
103355
103355
103355
103356
103357
103358
103358
103357
103357
103357
103356
103356
103355
103355
103355
103355
103356
103354
103354
103354
103354
103354
103354
103354
103354
103354
103354
103354
103354
103355
103355
103355
103355
103355
103355
103355
103355
103353
103353
103353
103353
103353
103353
103352
103352
103352
103351
103352
103353
103353
103353
103354
103354
103354
103354
103354
103354
103352
103352
103352
103352
103352
103352
103352
103352
103351
103351
103351
103351
103352
103353
103353
103353
103353
103354
103354
103354
103350
103350
103351
103351
103351
103351
103351
103352
103352
103352
103352
103352
103352
103353
103353
103353
103353
103353
103353
103353
103349
103349
103349
103350
103350
103350
103351
103352
103353
103353
103353
103353
103353
103353
103353
103353
103353
103353
103353
103353
103348
103348
103348
103348
103348
103349
103349
103350
103350
103351
103352
103352
103352
103352
103352
103352
103352
103353
103353
103353
103346
103346
103346
103346
103347
103347
103348
103349
103350
103351
103351
103351
103351
103351
103352
103352
103352
103352
103353
103353
103344
103344
103344
103344
103345
103345
103345
103345
103346
103346
103347
103348
103349
103350
103351
103352
103352
103352
103353
103353
103341
103342
103342
103342
103343
103343
103344
103344
103344
103344
103346
103347
103349
103350
103351
103352
103352
103353
103353
103353
103339
103339
103340
103340
103341
103342
103343
103344
103345
103347
103348
103349
103350
103351
103351
103352
103353
103354
103354
103354
103335
103336
103337
103337
103338
103339
103341
103342
103343
103345
103346
103347
103348
103350
103352
103353
103354
103355
103356
103356
103331
103332
103333
103334
103335
103337
103339
103341
103343
103345
103347
103349
103350
103352
103353
103355
103356
103357
103358
103358
103326
103327
103328
103329
103331
103333
103336
103338
103341
103344
103347
103350
103353
103355
103356
103357
103359
103360
103361
103361
103319
103320
103322
103324
103326
103329
103332
103335
103338
103341
103344
103348
103351
103354
103358
103360
103362
103364
103366
103366
103310
103312
103314
103316
103320
103323
103327
103332
103336
103340
103344
103348
103352
103357
103361
103365
103368
103370
103372
103372
103298
103300
103303
103307
103311
103316
103322
103328
103334
103340
103346
103352
103357
103362
103367
103371
103375
103378
103380
103380
103282
103285
103289
103294
103300
103307
103314
103322
103330
103338
103346
103354
103361
103368
103374
103379
103384
103388
103391
103391
103260
103264
103269
103276
103285
103294
103305
103315
103326
103337
103347
103357
103367
103375
103383
103390
103396
103401
103405
103405
103228
103234
103241
103252
103264
103278
103292
103306
103321
103335
103349
103362
103374
103385
103395
103404
103412
103418
103422
103422
103182
103190
103202
103217
103235
103255
103275
103295
103314
103333
103351
103368
103383
103397
103410
103421
103431
103438
103443
103443
103111
103125
103144
103168
103195
103223
103251
103279
103306
103331
103354
103375
103395
103412
103428
103442
103453
103462
103467
103468
102992
103021
103055
103095
103137
103179
103220
103259
103295
103328
103358
103385
103409
103431
103450
103466
103480
103490
103496
103496
102773
102843
102911
102982
103052
103118
103178
103233
103282
103325
103364
103397
103427
103453
103475
103494
103509
103521
103527
103527
102401
102546
102683
102815
102935
103040
103130
103206
103272
103328
103376
103417
103452
103481
103506
103526
103542
103553
103559
103560
102311
102464
102609
102748
102875
102985
103080
103161
103231
103291
103342
103386
103424
103456
103483
103505
103523
103536
103543
103543
102701
102774
102845
102921
102995
103065
103130
103188
103240
103287
103328
103365
103397
103426
103450
103471
103488
103500
103507
103507
102931
102961
102997
103040
103085
103130
103174
103215
103254
103290
103322
103352
103378
103402
103422
103440
103455
103467
103473
103474
103057
103071
103092
103118
103146
103177
103207
103237
103266
103293
103318
103341
103362
103382
103399
103414
103426
103436
103442
103443
103133
103141
103154
103170
103190
103211
103232
103254
103275
103295
103315
103333
103350
103365
103379
103391
103402
103410
103415
103416
103182
103188
103196
103207
103221
103235
103251
103266
103282
103297
103312
103326
103340
103352
103363
103373
103381
103388
103392
103393
103216
103220
103226
103234
103243
103253
103264
103276
103288
103299
103311
103322
103332
103341
103350
103358
103365
103370
103374
103374
103240
103243
103247
103252
103259
103267
103275
103284
103292
103301
103310
103318
103326
103333
103340
103346
103351
103356
103358
103359
103257
103259
103262
103266
103271
103277
103283
103289
103296
103302
103309
103315
103321
103327
103332
103337
103341
103344
103347
103347
103270
103272
103274
103277
103280
103285
103289
103294
103299
103304
103309
103314
103318
103323
103327
103330
103333
103336
103338
103338
103280
103281
103283
103285
103287
103290
103294
103297
103301
103304
103308
103311
103315
103319
103322
103325
103327
103329
103331
103331
103287
103288
103289
103291
103293
103295
103297
103300
103303
103306
103308
103310
103313
103316
103319
103321
103323
103325
103326
103326
103293
103294
103294
103296
103297
103298
103300
103301
103303
103305
103308
103311
103313
103316
103317
103319
103320
103321
103322
103322
103297
103298
103299
103300
103301
103302
103303
103304
103306
103307
103309
103312
103314
103315
103316
103317
103318
103319
103320
103320
103301
103302
103302
103303
103304
103305
103306
103307
103309
103311
103312
103313
103313
103314
103315
103316
103317
103318
103318
103318
103304
103305
103305
103306
103306
103307
103308
103308
103309
103310
103311
103311
103312
103313
103315
103316
103316
103317
103317
103317
103307
103307
103308
103308
103308
103309
103310
103311
103312
103312
103313
103314
103314
103314
103315
103315
103316
103316
103317
103317
103309
103309
103310
103310
103310
103311
103312
103313
103313
103313
103313
103314
103315
103315
103315
103316
103316
103316
103316
103317
103311
103311
103312
103312
103312
103313
103313
103313
103313
103313
103314
103314
103315
103316
103316
103316
103316
103316
103317
103317
103313
103313
103313
103313
103313
103313
103314
103314
103315
103316
103317
103316
103316
103315
103316
103316
103316
103317
103317
103317
103314
103314
103314
103315
103315
103315
103315
103315
103315
103315
103315
103315
103316
103317
103317
103317
103317
103317
103317
103317
103316
103316
103316
103316
103316
103316
103317
103317
103317
103317
103317
103317
103317
103318
103318
103318
103318
103318
103318
103318
103317
103317
103317
103317
103317
103317
103317
103318
103319
103320
103320
103320
103319
103319
103318
103318
103318
103318
103319
103319
103318
103318
103318
103318
103318
103318
103317
103317
103317
103317
103317
103318
103319
103319
103319
103319
103319
103319
103319
103320
103320
103319
103319
103319
103319
103319
103319
103319
103319
103319
103319
103319
103319
103319
103320
103320
103320
103320
103320
103321
103321
103320
103320
103320
103321
103321
103322
103323
103324
103324
103324
103324
103323
103322
103321
103321
103321
103321
103321
103322
103322
103321
103321
103321
103321
103321
103321
103321
103322
103322
103322
103321
103321
103322
103322
103322
103322
103322
103322
103323
103323
103322
103322
103322
103322
103322
103322
103322
103321
103320
103320
103321
103321
103322
103322
103322
103322
103322
103322
103324
103324
103323
103323
103323
103323
103323
103323
103323
103324
103324
103324
103324
103324
103324
103324
103323
103323
103323
103323
103325
103326
103324
103324
103324
103324
103324
103324
103324
103325
103325
103326
103325
103325
103324
103324
103324
103324
103324
103324
103326
103327
103325
103325
103325
103325
103325
103326
103326
103326
103326
103326
103326
103326
103326
103325
103325
103325
103325
103325
103327
103328
103326
103326
103326
103326
103326
103326
103326
103326
103327
103327
103326
103326
103326
103326
103326
103326
103326
103326
103328
103329
103326
103326
103326
103327
103327
103327
103327
103327
103327
103327
103327
103327
103327
103327
103327
103327
103326
103327
103329
103330
103327
103327
103327
103327
103327
103328
103328
103328
103328
103328
103328
103328
103328
103327
103327
103327
103327
103327
103330
103330
103328
103328
103328
103328
103328
103328
103328
103328
103328
103328
103328
103328
103328
103328
103328
103328
103328
103328
103330
103331
103328
103328
103328
103329
103329
103329
103329
103329
103329
103329
103329
103329
103329
103329
103329
103328
103328
103328
103331
103332
103329
103329
103329
103329
103329
103329
103329
103329
103329
103329
103329
103329
103329
103329
103329
103329
103329
103329
103332
103332
103330
103329
103330
103330
103330
103330
103330
103330
103330
103330
103330
103330
103330
103330
103330
103330
103330
103330
103332
103332
103330
103330
103330
103330
103330
103330
103330
103330
103330
103330
103330
103330
103330
103330
103330
103330
103330
103330
103332
103333
103331
103331
103331
103331
103331
103331
103331
103331
103331
103331
103331
103331
103331
103331
103331
103331
103331
103331
103333
103333
103332
103332
103332
103332
103332
103332
103332
103332
103332
103332
103332
103332
103332
103332
103332
103332
103332
103332
103333
103334
103332
103332
103333
103333
103333
103333
103333
103333
103333
103333
103333
103333
103333
103333
103333
103333
103332
103332
103334
103334
103333
103333
103333
103333
103333
103333
103333
103333
103333
103333
103333
103333
103333
103333
103333
103333
103333
103333
103334
103335
103334
103334
103334
103334
103334
103334
103334
103334
103334
103334
103334
103334
103334
103334
103334
103334
103334
103334
103335
103335
103335
103335
103335
103335
103335
103335
103335
103335
103335
103335
103335
103335
103335
103335
103335
103335
103335
103335
103335
103336
103335
103335
103335
103335
103335
103335
103335
103335
103335
103335
103335
103335
103335
103335
103335
103335
103335
103335
103336
103337
103336
103336
103336
103336
103336
103336
103336
103336
103336
103336
103336
103336
103336
103336
103336
103336
103336
103336
103337
103337
103337
103337
103337
103337
103337
103337
103337
103337
103337
103337
103337
103337
103337
103337
103337
103337
103337
103337
103337
103338
103338
103337
103337
103337
103337
103337
103337
103337
103337
103337
103337
103337
103337
103337
103337
103337
103337
103338
103338
103339
103338
103338
103338
103338
103338
103338
103338
103338
103338
103338
103338
103338
103338
103338
103338
103338
103338
103338
103339
103339
103339
103339
103339
103339
103339
103339
103339
103339
103339
103339
103339
103339
103339
103339
103339
103339
103339
103339
103339
103340
103340
103340
103340
103340
103340
103340
103340
103340
103340
103340
103340
103340
103340
103340
103340
103340
103340
103340
103340
103341
103341
103340
103340
103340
103340
103340
103340
103340
103340
103340
103340
103340
103340
103340
103340
103340
103340
103341
103341
103342
103341
103341
103341
103341
103341
103341
103341
103341
103341
103341
103341
103341
103341
103341
103341
103341
103341
103341
103342
103342
103342
103342
103342
103342
103342
103342
103342
103342
103342
103342
103342
103342
103342
103342
103342
103342
103342
103342
103342
103343
103343
103343
103343
103343
103343
103343
103343
103343
103343
103343
103343
103343
103343
103343
103343
103343
103343
103343
103343
103344
103344
103344
103343
103343
103343
103343
103343
103343
103343
103343
103343
103343
103343
103343
103343
103343
103344
103344
103344
103345
103344
103344
103344
103344
103344
103344
103344
103344
103344
103344
103344
103344
103344
103344
103344
103344
103344
103344
103345
103346
103345
103345
103345
103345
103345
103345
103345
103345
103345
103345
103345
103345
103345
103345
103345
103345
103345
103345
103346
103347
103346
103346
103346
103346
103346
103346
103346
103346
103346
103346
103346
103346
103346
103346
103346
103346
103346
103346
103347
103347
103347
103347
103347
103347
103347
103347
103347
103347
103347
103347
103347
103347
103347
103347
103347
103347
103347
103347
103347
103348
103348
103348
103347
103347
103347
103347
103347
103347
103347
103347
103347
103347
103347
103347
103347
103347
103348
103348
103348
103349
103348
103348
103348
103348
103348
103348
103348
103348
103348
103348
103348
103348
103348
103348
103348
103348
103348
103348
103349
103350
103349
103349
103349
103349
103349
103349
103349
103349
103349
103349
103349
103349
103349
103349
103349
103349
103349
103349
103350
103351
103350
103350
103350
103350
103350
103350
103350
103350
103350
103350
103350
103350
103350
103350
103350
103350
103350
103350
103351
103352
103351
103351
103351
103351
103351
103351
103351
103351
103351
103351
103351
103351
103351
103351
103351
103351
103351
103351
103352
103353
103352
103352
103352
103352
103352
103352
103351
103351
103351
103351
103351
103351
103352
103352
103352
103352
103352
103352
103353
103354
103353
103353
103352
103352
103352
103352
103352
103352
103352
103352
103352
103352
103352
103352
103352
103352
103353
103353
103354
103354
103354
103353
103353
103353
103353
103353
103353
103353
103353
103353
103353
103353
103353
103353
103353
103353
103353
103354
103354
103355
103354
103354
103354
103354
103354
103354
103354
103354
103354
103354
103354
103354
103354
103354
103354
103354
103354
103354
103355
103356
103355
103355
103355
103355
103355
103355
103355
103355
103355
103355
103355
103355
103355
103355
103355
103355
103355
103355
103356
103357
103356
103356
103356
103356
103356
103356
103356
103356
103356
103356
103356
103356
103356
103356
103356
103356
103356
103356
103357
103358
103357
103357
103357
103357
103357
103357
103357
103357
103356
103356
103357
103357
103357
103357
103357
103357
103357
103357
103358
103359
103358
103358
103358
103358
103357
103357
103357
103357
103357
103357
103357
103357
103357
103357
103358
103358
103358
103358
103359
103360
103359
103358
103358
103358
103358
103358
103358
103358
103358
103358
103358
103358
103358
103358
103358
103358
103358
103359
103360
103361
103360
103359
103359
103359
103359
103359
103359
103359
103359
103359
103359
103359
103359
103359
103359
103359
103359
103360
103361
103362
103360
103360
103360
103360
103360
103360
103360
103360
103360
103360
103360
103360
103360
103360
103360
103360
103360
103360
103362
103363
103361
103361
103361
103361
103361
103361
103361
103361
103361
103361
103361
103361
103361
103361
103361
103361
103361
103361
103363
103363
103362
103362
103362
103362
103362
103362
103362
103362
103362
103362
103362
103362
103362
103362
103362
103362
103362
103362
103363
103364
103363
103363
103363
103363
103363
103363
103362
103362
103362
103362
103362
103362
103363
103363
103363
103363
103363
103363
103364
103365
103364
103364
103364
103363
103363
103363
103363
103363
103363
103363
103363
103363
103363
103363
103363
103364
103364
103364
103365
103366
103365
103364
103364
103364
103364
103364
103364
103364
103364
103364
103364
103364
103364
103364
103364
103364
103364
103365
103366
103367
103365
103365
103365
103365
103365
103365
103365
103365
103365
103365
103365
103365
103365
103365
103365
103365
103365
103365
103367
103368
103366
103366
103366
103366
103366
103366
103366
103366
103366
103366
103366
103366
103366
103366
103366
103366
103366
103366
103368
103369
103367
103367
103367
103367
103367
103367
103367
103367
103367
103367
103367
103367
103367
103367
103367
103367
103367
103367
103369
103370
103368
103368
103368
103368
103367
103367
103367
103367
103367
103367
103367
103367
103367
103367
103368
103368
103368
103368
103370
103370
103369
103369
103368
103368
103368
103368
103368
103368
103368
103368
103368
103368
103368
103368
103368
103368
103369
103369
103370
103371
103369
103369
103369
103369
103369
103369
103369
103369
103369
103369
103369
103369
103369
103369
103369
103369
103369
103369
103371
103372
103370
103370
103370
103370
103370
103370
103370
103370
103370
103370
103370
103370
103370
103370
103370
103370
103370
103370
103372
103373
103371
103371
103371
103371
103371
103370
103370
103370
103370
103370
103370
103370
103370
103371
103371
103371
103371
103371
103373
103373
103372
103372
103371
103371
103371
103371
103371
103371
103371
103371
103371
103371
103371
103371
103371
103371
103372
103372
103373
103374
103372
103372
103372
103372
103372
103372
103372
103372
103372
103372
103372
103372
103372
103372
103372
103372
103372
103372
103374
103375
103373
103373
103373
103373
103373
103373
103373
103373
103373
103373
103373
103373
103373
103373
103373
103373
103373
103373
103375
103376
103374
103374
103374
103373
103373
103373
103373
103373
103373
103373
103373
103373
103373
103373
103373
103374
103374
103374
103376
103376
103374
103374
103374
103374
103374
103374
103374
103374
103374
103374
103374
103374
103374
103374
103374
103374
103374
103374
103376
103377
103375
103375
103375
103375
103375
103375
103375
103375
103375
103375
103375
103375
103375
103375
103375
103375
103375
103375
103377
103377
103376
103375
103375
103375
103375
103375
103375
103375
103375
103375
103375
103375
103375
103375
103375
103375
103375
103376
103377
103377
103375
103375
103375
103375
103375
103375
103375
103375
103375
103375
103375
103375
103375
103375
103375
103375
103375
103375
103377
103378
103376
103375
103375
103375
103374
103374
103374
103374
103374
103374
103374
103374
103374
103374
103375
103375
103375
103376
103378
103381
103379
103378
103377
103377
103376
103376
103375
103375
103375
103375
103375
103375
103376
103376
103377
103377
103378
103379
103381
)
;

boundaryField
{
    outlet
    {
        type            fixedValue;
        value           uniform 100000;
    }
    inlet1
    {
        type            zeroGradient;
    }
    inlet2
    {
        type            zeroGradient;
    }
    frontAndBack
    {
        type            empty;
    }
    defaultFaces
    {
        type            zeroGradient;
    }
}


// ************************************************************************* //
