/*--------------------------------*- C++ -*----------------------------------*\
| =========                 |                                                 |
| \\      /  F ield         | OpenFOAM: The Open Source CFD Toolbox           |
|  \\    /   O peration     | Version:  2.1.0                                 |
|   \\  /    A nd           | Web:      www.OpenFOAM.org                      |
|    \\/     M anipulation  |                                                 |
\*---------------------------------------------------------------------------*/
FoamFile
{
    version     2.0;
    format      ascii;
    class       volScalarField;
    location    "0.42";
    object      C1;
}
// * * * * * * * * * * * * * * * * * * * * * * * * * * * * * * * * * * * * * //

dimensions      [0 0 0 0 0 0 0];

internalField   nonuniform List<scalar> 
6400
(
5.14273e-05
5.04646e-05
4.94565e-05
4.84419e-05
4.74266e-05
4.64126e-05
4.54013e-05
4.43935e-05
4.33899e-05
4.23908e-05
4.13966e-05
4.04078e-05
3.94246e-05
3.84474e-05
3.74764e-05
3.65119e-05
3.55542e-05
3.46037e-05
3.36605e-05
3.27252e-05
3.17978e-05
3.08788e-05
2.99685e-05
2.90672e-05
2.81752e-05
2.72928e-05
2.64204e-05
2.55583e-05
2.47067e-05
2.3866e-05
2.30366e-05
2.22186e-05
2.14124e-05
2.06183e-05
1.98366e-05
1.90677e-05
1.83117e-05
1.7569e-05
1.68398e-05
1.61246e-05
1.54234e-05
1.47365e-05
1.40644e-05
1.3407e-05
1.27648e-05
1.21379e-05
1.15266e-05
1.0931e-05
1.03514e-05
9.78787e-06
9.24071e-06
8.71006e-06
8.1961e-06
7.69898e-06
7.21879e-06
6.75561e-06
6.30951e-06
5.88057e-06
5.46886e-06
5.07441e-06
4.6972e-06
4.33718e-06
3.99428e-06
3.66837e-06
3.35931e-06
3.06692e-06
2.79097e-06
2.53123e-06
2.2874e-06
2.05917e-06
1.84618e-06
1.64807e-06
1.46441e-06
1.29477e-06
1.13868e-06
9.95655e-07
8.65178e-07
7.46717e-07
6.39718e-07
5.43614e-07
4.57822e-07
3.81748e-07
3.1479e-07
2.56339e-07
2.05784e-07
1.62512e-07
1.2592e-07
9.54121e-08
7.04043e-08
5.03226e-08
3.46015e-08
2.2682e-08
1.40211e-08
8.0893e-09
4.331e-09
2.15287e-09
8.98061e-10
2.81736e-10
6.30071e-11
1.13258e-11
5.82333e-05
5.72512e-05
5.62074e-05
5.5146e-05
5.40772e-05
5.30054e-05
5.19332e-05
5.08621e-05
4.97931e-05
4.87269e-05
4.7664e-05
4.66049e-05
4.55499e-05
4.44993e-05
4.34535e-05
4.24127e-05
4.13772e-05
4.03474e-05
3.93235e-05
3.83058e-05
3.72946e-05
3.62903e-05
3.52931e-05
3.43035e-05
3.33216e-05
3.23479e-05
3.13827e-05
3.04265e-05
2.94794e-05
2.8542e-05
2.76144e-05
2.66971e-05
2.57904e-05
2.48947e-05
2.40103e-05
2.31376e-05
2.22769e-05
2.14286e-05
2.0593e-05
1.97706e-05
1.89615e-05
1.81663e-05
1.73852e-05
1.66186e-05
1.58668e-05
1.51302e-05
1.44091e-05
1.37038e-05
1.30146e-05
1.23419e-05
1.16858e-05
1.10468e-05
1.04252e-05
9.82121e-06
9.23522e-06
8.66751e-06
8.11835e-06
7.58799e-06
7.07667e-06
6.5846e-06
6.11195e-06
5.65883e-06
5.22532e-06
4.81147e-06
4.41727e-06
4.04268e-06
3.68761e-06
3.35194e-06
3.03548e-06
2.73803e-06
2.45929e-06
2.19897e-06
1.9567e-06
1.73208e-06
1.52464e-06
1.33391e-06
1.15933e-06
1.00033e-06
8.56308e-07
7.26603e-07
6.10541e-07
5.07418e-07
4.1651e-07
3.37075e-07
2.68365e-07
2.09625e-07
1.60103e-07
1.19054e-07
8.57346e-08
5.93994e-08
3.92836e-08
2.45868e-08
1.44528e-08
7.95924e-09
4.13335e-09
2.1114e-09
9.68545e-10
3.89411e-10
1.4222e-10
5.46448e-11
7.31798e-05
7.21467e-05
7.10247e-05
6.98673e-05
6.86912e-05
6.75042e-05
6.6311e-05
6.51141e-05
6.39153e-05
6.27157e-05
6.15158e-05
6.03164e-05
5.91177e-05
5.79203e-05
5.67243e-05
5.553e-05
5.43379e-05
5.3148e-05
5.19609e-05
5.07766e-05
4.95955e-05
4.8418e-05
4.72442e-05
4.60746e-05
4.49093e-05
4.37488e-05
4.25935e-05
4.14438e-05
4.03e-05
3.91627e-05
3.80323e-05
3.69091e-05
3.57936e-05
3.46862e-05
3.35873e-05
3.24975e-05
3.14171e-05
3.03466e-05
2.92865e-05
2.82373e-05
2.71995e-05
2.61737e-05
2.51602e-05
2.41597e-05
2.31727e-05
2.21998e-05
2.12414e-05
2.02983e-05
1.93708e-05
1.84597e-05
1.75654e-05
1.66887e-05
1.58301e-05
1.49903e-05
1.41699e-05
1.33698e-05
1.25905e-05
1.18327e-05
1.10969e-05
1.03836e-05
9.6935e-06
9.02703e-06
8.38464e-06
7.76673e-06
7.17368e-06
6.60577e-06
6.06326e-06
5.54633e-06
5.0551e-06
4.58964e-06
4.14993e-06
3.73587e-06
3.34729e-06
2.98396e-06
2.64555e-06
2.33164e-06
2.04175e-06
1.77532e-06
1.53169e-06
1.31016e-06
1.10995e-06
9.30219e-07
7.70076e-07
6.28595e-07
5.04823e-07
3.97782e-07
3.0648e-07
2.29914e-07
1.67061e-07
1.16853e-07
7.81338e-08
4.96102e-08
2.98073e-08
1.70606e-08
9.59002e-09
5.4584e-09
2.94283e-09
1.5109e-09
7.71126e-10
4.40264e-10
9.72008e-05
9.60875e-05
9.48571e-05
9.35712e-05
9.22523e-05
9.09121e-05
8.95575e-05
8.81925e-05
8.68197e-05
8.54404e-05
8.40557e-05
8.26662e-05
8.12723e-05
7.98745e-05
7.84731e-05
7.70682e-05
7.56602e-05
7.42493e-05
7.28358e-05
7.14199e-05
7.00018e-05
6.85817e-05
6.71601e-05
6.57372e-05
6.43132e-05
6.28884e-05
6.14632e-05
6.00381e-05
5.86135e-05
5.71899e-05
5.57677e-05
5.43473e-05
5.29293e-05
5.15142e-05
5.01023e-05
4.86942e-05
4.72906e-05
4.58919e-05
4.44987e-05
4.31117e-05
4.17316e-05
4.03589e-05
3.89945e-05
3.76391e-05
3.62933e-05
3.49581e-05
3.36343e-05
3.23227e-05
3.10244e-05
2.97401e-05
2.8471e-05
2.72181e-05
2.59826e-05
2.47654e-05
2.35677e-05
2.23905e-05
2.12351e-05
2.01026e-05
1.8994e-05
1.79104e-05
1.68531e-05
1.58231e-05
1.48215e-05
1.38493e-05
1.29076e-05
1.19972e-05
1.1119e-05
1.02738e-05
9.46235e-06
8.68525e-06
7.94303e-06
7.23613e-06
6.56489e-06
5.9295e-06
5.33004e-06
4.76646e-06
4.23858e-06
3.74607e-06
3.28849e-06
2.86528e-06
2.47578e-06
2.11919e-06
1.79468e-06
1.50135e-06
1.23826e-06
1.00449e-06
7.99104e-07
6.21179e-07
4.69802e-07
3.43988e-07
2.42562e-07
1.6399e-07
1.06191e-07
6.64581e-08
4.14223e-08
2.59579e-08
1.57512e-08
9.38579e-09
5.74366e-09
4.00615e-09
0.000131358
0.000130156
0.000128815
0.0001274
0.000125938
0.000124444
0.000122926
0.00012139
0.000119839
0.000118275
0.000116699
0.000115112
0.000113513
0.000111904
0.000110285
0.000108656
0.000107017
0.000105368
0.00010371
0.000102042
0.000100364
9.86781e-05
9.6983e-05
9.52792e-05
9.35672e-05
9.18471e-05
9.01192e-05
8.83836e-05
8.66408e-05
8.48911e-05
8.31349e-05
8.13725e-05
7.96045e-05
7.78311e-05
7.60529e-05
7.42704e-05
7.24841e-05
7.06945e-05
6.89023e-05
6.71081e-05
6.53126e-05
6.35166e-05
6.17207e-05
5.9926e-05
5.81333e-05
5.63434e-05
5.45575e-05
5.27766e-05
5.10018e-05
4.92344e-05
4.74755e-05
4.57266e-05
4.39889e-05
4.22638e-05
4.05528e-05
3.88573e-05
3.71791e-05
3.55197e-05
3.38808e-05
3.2264e-05
3.06711e-05
2.91039e-05
2.75642e-05
2.60537e-05
2.45743e-05
2.31274e-05
2.17149e-05
2.03383e-05
1.89992e-05
1.7699e-05
1.64391e-05
1.52208e-05
1.40454e-05
1.29138e-05
1.18271e-05
1.0786e-05
9.79133e-06
8.84351e-06
7.94299e-06
7.09009e-06
6.28506e-06
5.52799e-06
4.81898e-06
4.15812e-06
3.54564e-06
2.98186e-06
2.46734e-06
2.00286e-06
1.58955e-06
1.2287e-06
9.21478e-07
6.68484e-07
4.69046e-07
3.207e-07
2.18681e-07
1.49252e-07
9.98105e-08
6.64646e-08
4.59388e-08
3.60289e-08
0.000176817
0.000175556
0.000174147
0.000172653
0.000171103
0.000169512
0.000167889
0.000166242
0.000164572
0.000162884
0.000161176
0.000159452
0.00015771
0.000155951
0.000154175
0.000152383
0.000150574
0.000148748
0.000146905
0.000145046
0.00014317
0.000141278
0.000139369
0.000137444
0.000135502
0.000133545
0.000131571
0.000129581
0.000127575
0.000125553
0.000123516
0.000121463
0.000119395
0.000117311
0.000115213
0.0001131
0.000110973
0.000108832
0.000106677
0.000104508
0.000102327
0.000100133
9.79279e-05
9.5711e-05
9.34835e-05
9.12459e-05
8.89989e-05
8.67434e-05
8.44801e-05
8.221e-05
7.99341e-05
7.76534e-05
7.53691e-05
7.30822e-05
7.0794e-05
6.85059e-05
6.62194e-05
6.39361e-05
6.16576e-05
5.93854e-05
5.71214e-05
5.48676e-05
5.26261e-05
5.03989e-05
4.81881e-05
4.59959e-05
4.38243e-05
4.16756e-05
3.95519e-05
3.74557e-05
3.53891e-05
3.33543e-05
3.13537e-05
2.93895e-05
2.74637e-05
2.55786e-05
2.37361e-05
2.19382e-05
2.01867e-05
1.84835e-05
1.68305e-05
1.52298e-05
1.36835e-05
1.21939e-05
1.07641e-05
9.39781e-06
8.09965e-06
6.87571e-06
5.73389e-06
4.68411e-06
3.73789e-06
2.90747e-06
2.20419e-06
1.63625e-06
1.20785e-06
8.91235e-07
6.48838e-07
4.7307e-07
3.5799e-07
3.02294e-07
0.000234617
0.000233383
0.000232012
0.000230558
0.000229046
0.000227491
0.000225901
0.000224282
0.000222639
0.000220973
0.000219285
0.000217575
0.000215845
0.000214094
0.000212322
0.00021053
0.000208716
0.000206882
0.000205026
0.000203149
0.00020125
0.00019933
0.000197387
0.000195423
0.000193436
0.000191428
0.000189397
0.000187343
0.000185267
0.000183168
0.000181045
0.000178899
0.00017673
0.000174537
0.00017232
0.000170078
0.000167812
0.000165522
0.000163206
0.000160865
0.000158498
0.000156105
0.000153687
0.000151242
0.00014877
0.000146272
0.000143746
0.000141193
0.000138613
0.000136005
0.00013337
0.000130707
0.000128016
0.000125297
0.000122551
0.000119778
0.000116977
0.000114151
0.000111298
0.000108419
0.000105515
0.000102587
9.96373e-05
9.66656e-05
9.36738e-05
9.06632e-05
8.7635e-05
8.4591e-05
8.15328e-05
7.84621e-05
7.53807e-05
7.22906e-05
6.91937e-05
6.60918e-05
6.2987e-05
5.9881e-05
5.67755e-05
5.36723e-05
5.05729e-05
4.74788e-05
4.43912e-05
4.13117e-05
3.82423e-05
3.51856e-05
3.21452e-05
2.91271e-05
2.61399e-05
2.3196e-05
2.03138e-05
1.75204e-05
1.48517e-05
1.23524e-05
1.00749e-05
8.07371e-06
6.40955e-06
5.08581e-06
3.99856e-06
3.15243e-06
2.56442e-06
2.27564e-06
0.000305094
0.000304038
0.000302876
0.000301647
0.000300369
0.000299053
0.000297706
0.000296333
0.000294937
0.000293519
0.000292081
0.000290622
0.000289143
0.000287645
0.000286127
0.000284588
0.00028303
0.00028145
0.00027985
0.00027823
0.000276587
0.000274924
0.000273238
0.000271531
0.000269801
0.000268048
0.000266272
0.000264472
0.000262649
0.0002608
0.000258926
0.000257027
0.0002551
0.000253147
0.000251166
0.000249156
0.000247116
0.000245046
0.000242944
0.00024081
0.000238642
0.00023644
0.000234202
0.000231927
0.000229614
0.000227262
0.000224869
0.000222434
0.000219955
0.000217432
0.000214863
0.000212246
0.000209579
0.000206862
0.000204093
0.00020127
0.000198391
0.000195456
0.000192462
0.000189408
0.000186292
0.000183114
0.000179871
0.000176564
0.000173191
0.00016975
0.00016624
0.000162661
0.00015901
0.000155286
0.000151489
0.000147615
0.000143665
0.000139635
0.000135522
0.000131325
0.000127039
0.00012266
0.000118182
0.0001136
0.000108905
0.000104087
9.9137e-05
9.40439e-05
8.87969e-05
8.33868e-05
7.78077e-05
7.20574e-05
6.61435e-05
6.00947e-05
5.39603e-05
4.78174e-05
4.17752e-05
3.59748e-05
3.06061e-05
2.60033e-05
2.19625e-05
1.85792e-05
1.60704e-05
1.47862e-05
0.000386911
0.000386221
0.000385467
0.000384672
0.000383845
0.000382994
0.000382122
0.000381232
0.000380326
0.000379405
0.00037847
0.00037752
0.000376556
0.000375578
0.000374586
0.000373579
0.000372559
0.000371524
0.000370475
0.00036941
0.000368331
0.000367237
0.000366127
0.000365002
0.00036386
0.000362702
0.000361526
0.000360332
0.000359121
0.00035789
0.00035664
0.00035537
0.000354079
0.000352767
0.000351432
0.000350074
0.000348692
0.000347285
0.000345851
0.00034439
0.000342901
0.000341382
0.000339833
0.000338251
0.000336636
0.000334985
0.000333299
0.000331574
0.00032981
0.000328005
0.000326157
0.000324264
0.000322324
0.000320336
0.000318297
0.000316204
0.000314057
0.000311852
0.000309587
0.000307257
0.000304859
0.000302392
0.000299852
0.000297237
0.000294542
0.000291765
0.000288901
0.000285946
0.000282895
0.000279745
0.000276488
0.00027312
0.000269635
0.000266024
0.00026228
0.000258393
0.000254353
0.00025014
0.000245741
0.000241145
0.000236325
0.000231254
0.0002259
0.000220225
0.000214187
0.000207733
0.00020081
0.000193354
0.000185286
0.000176569
0.00016717
0.000157086
0.000146348
0.000135029
0.000123269
0.000111474
0.000100821
9.11334e-05
8.33524e-05
7.90204e-05
0.000476375
0.000476205
0.000476017
0.000475816
0.000475607
0.000475389
0.000475164
0.000474932
0.000474695
0.000474451
0.000474202
0.000473948
0.000473689
0.000473424
0.000473155
0.000472881
0.000472601
0.000472317
0.000472029
0.000471735
0.000471437
0.000471134
0.000470826
0.000470513
0.000470195
0.000469872
0.000469544
0.00046921
0.000468871
0.000468525
0.000468174
0.000467817
0.000467454
0.000467084
0.000466707
0.000466323
0.000465932
0.000465533
0.000465126
0.000464711
0.000464288
0.000463855
0.000463413
0.000462962
0.000462501
0.000462029
0.000461547
0.000461055
0.000460551
0.000460035
0.000459508
0.00045897
0.000458419
0.000457857
0.000457284
0.000456699
0.000456105
0.000455501
0.000454891
0.000454268
0.000453632
0.000452982
0.000452317
0.000451636
0.000450937
0.000450219
0.000449481
0.000448719
0.000447932
0.000447115
0.000446266
0.000445378
0.000444448
0.000443468
0.00044243
0.000441327
0.000440148
0.000438885
0.000437527
0.00043605
0.000434442
0.000432687
0.000430768
0.000428665
0.000426361
0.000423836
0.000421074
0.000418042
0.000414509
0.000410404
0.000405622
0.000400047
0.000393544
0.000385945
0.000377016
0.000366459
0.000354254
0.000341787
0.000330501
0.000323054
0.00056768
0.000568128
0.000568586
0.000569048
0.000569513
0.000569982
0.000570453
0.000570926
0.000571403
0.000571883
0.000572366
0.000572853
0.000573343
0.000573839
0.000574338
0.000574843
0.000575352
0.000575867
0.000576388
0.000576915
0.000577448
0.000577988
0.000578535
0.000579089
0.000579651
0.00058022
0.000580798
0.000581385
0.000581981
0.000582586
0.000583201
0.000583827
0.000584463
0.000585111
0.000585771
0.000586442
0.000587127
0.000587826
0.000588538
0.000589266
0.000590009
0.000590769
0.000591546
0.000592341
0.000593156
0.000593991
0.000594847
0.000595726
0.000596628
0.000597556
0.00059851
0.000599491
0.000600501
0.000601542
0.000602616
0.000603722
0.000604863
0.000606041
0.000607255
0.000608511
0.000609813
0.000611166
0.000612576
0.000614046
0.000615582
0.000617188
0.00061887
0.000620634
0.000622487
0.000624437
0.000626491
0.000628658
0.000630948
0.000633371
0.000635937
0.000638657
0.000641544
0.00064461
0.000647865
0.000651321
0.000654989
0.000658878
0.000662995
0.000667348
0.000671937
0.000676765
0.000681827
0.000687142
0.000692886
0.000699138
0.000705995
0.000713478
0.000721544
0.000730225
0.000739534
0.000749424
0.000759714
0.000769893
0.000778726
0.000783898
0.000653125
0.000654085
0.000655095
0.000656133
0.000657192
0.000658268
0.000659356
0.000660455
0.000661564
0.000662684
0.000663813
0.000664952
0.000666101
0.000667261
0.000668432
0.000669615
0.000670809
0.000672016
0.000673236
0.000674469
0.000675716
0.000676978
0.000678254
0.000679546
0.000680855
0.000682179
0.000683521
0.00068488
0.000686258
0.000687654
0.00068907
0.000690507
0.000691965
0.000693445
0.000694948
0.000696474
0.000698024
0.0006996
0.000701203
0.000702833
0.000704491
0.000706179
0.000707898
0.000709649
0.000711434
0.000713253
0.000715109
0.000717004
0.000718938
0.000720914
0.000722934
0.000725
0.000727114
0.000729279
0.000731497
0.000733772
0.000736106
0.000738505
0.00074097
0.000743506
0.000746117
0.000748809
0.000751587
0.000754457
0.000757425
0.000760496
0.000763678
0.000766977
0.000770401
0.000773957
0.000777654
0.0007815
0.000785504
0.000789675
0.000794021
0.000798552
0.000803276
0.0008082
0.000813331
0.000818674
0.000824233
0.00083001
0.000836004
0.000842213
0.00084863
0.000855247
0.000862052
0.000869032
0.000876158
0.0008834
0.000890711
0.000898134
0.000905782
0.000913495
0.000921157
0.000928632
0.000935703
0.000942001
0.000946896
0.000949354
0.000727802
0.000729115
0.000730521
0.000731975
0.000733462
0.000734973
0.000736502
0.000738045
0.000739602
0.00074117
0.00074275
0.000744342
0.000745945
0.000747561
0.00074919
0.000750832
0.000752488
0.000754158
0.000755842
0.000757543
0.000759259
0.000760991
0.00076274
0.000764507
0.000766291
0.000768094
0.000769915
0.000771756
0.000773616
0.000775497
0.000777398
0.000779321
0.000781266
0.000783234
0.000785225
0.00078724
0.000789279
0.000791343
0.000793433
0.000795549
0.000797693
0.000799865
0.000802065
0.000804296
0.000806557
0.00080885
0.000811176
0.000813536
0.000815931
0.000818363
0.000820833
0.000823343
0.000825893
0.000828487
0.000831125
0.000833809
0.000836542
0.000839327
0.000842164
0.000845056
0.000848005
0.000851014
0.000854086
0.000857223
0.000860429
0.000863706
0.000867055
0.000870481
0.000873985
0.000877569
0.000881235
0.000884986
0.000888822
0.000892745
0.000896753
0.000900846
0.000905023
0.000909279
0.00091361
0.000918008
0.000922466
0.000926973
0.000931516
0.00093608
0.000940646
0.000945196
0.000949707
0.000954152
0.000958503
0.000962726
0.000966785
0.000970639
0.000974237
0.000977655
0.000980827
0.000983707
0.000986233
0.000988318
0.000989824
0.000990521
0.000789247
0.000790783
0.000792436
0.000794143
0.000795885
0.000797651
0.000799432
0.000801224
0.000803025
0.000804833
0.00080665
0.000808473
0.000810305
0.000812145
0.000813993
0.000815851
0.000817718
0.000819595
0.000821484
0.000823383
0.000825295
0.000827218
0.000829154
0.000831104
0.000833066
0.000835042
0.000837032
0.000839037
0.000841056
0.00084309
0.000845139
0.000847204
0.000849284
0.000851381
0.000853493
0.000855622
0.000857768
0.00085993
0.000862108
0.000864304
0.000866517
0.000868747
0.000870994
0.000873258
0.00087554
0.00087784
0.000880158
0.000882494
0.000884848
0.00088722
0.000889611
0.000892021
0.000894449
0.000896897
0.000899365
0.000901852
0.000904359
0.000906886
0.000909433
0.000912001
0.000914589
0.000917197
0.000919826
0.000922475
0.000925144
0.000927832
0.000930539
0.000933263
0.000936004
0.000938759
0.000941528
0.000944307
0.000947094
0.000949886
0.000952678
0.000955466
0.000958244
0.000961007
0.000963746
0.000966455
0.000969123
0.000971741
0.000974299
0.000976786
0.000979189
0.000981496
0.000983696
0.000985775
0.000987721
0.00098952
0.00099116
0.000992627
0.000993909
0.000995017
0.000995982
0.000996802
0.000997474
0.000997991
0.000998343
0.0009985
0.000837049
0.000838735
0.000840539
0.000842391
0.000844268
0.000846158
0.000848053
0.00084995
0.000851847
0.000853742
0.000855635
0.000857527
0.000859417
0.000861306
0.000863195
0.000865085
0.000866975
0.000868866
0.00087076
0.000872655
0.000874554
0.000876456
0.000878361
0.00088027
0.000882184
0.000884102
0.000886025
0.000887952
0.000889885
0.000891823
0.000893767
0.000895716
0.00089767
0.00089963
0.000901596
0.000903567
0.000905543
0.000907524
0.000909511
0.000911502
0.000913497
0.000915496
0.0009175
0.000919506
0.000921516
0.000923528
0.000925542
0.000927558
0.000929575
0.000931592
0.000933609
0.000935625
0.000937639
0.00093965
0.000941659
0.000943663
0.000945663
0.000947656
0.000949643
0.000951622
0.000953592
0.000955551
0.0009575
0.000959435
0.000961356
0.000963262
0.00096515
0.000967018
0.000968865
0.000970689
0.000972486
0.000974256
0.000975994
0.000977698
0.000979364
0.00098099
0.000982571
0.000984104
0.000985585
0.000987008
0.000988371
0.000989668
0.000990895
0.000992049
0.000993126
0.000994121
0.000995034
0.00099586
0.0009966
0.000997251
0.000997813
0.000998287
0.000998676
0.000998981
0.00099923
0.000999428
0.000999579
0.000999689
0.000999759
0.000999791
0.000872029
0.000873853
0.000875779
0.000877733
0.000879694
0.000881653
0.000883603
0.000885541
0.000887465
0.000889376
0.000891272
0.000893155
0.000895025
0.000896883
0.000898728
0.000900562
0.000902386
0.000904199
0.000906003
0.000907797
0.000909583
0.000911361
0.000913132
0.000914895
0.000916651
0.000918401
0.000920144
0.000921881
0.000923611
0.000925336
0.000927055
0.000928768
0.000930476
0.000932178
0.000933874
0.000935563
0.000937247
0.000938925
0.000940596
0.00094226
0.000943917
0.000945567
0.000947209
0.000948843
0.000950468
0.000952084
0.00095369
0.000955286
0.00095687
0.000958443
0.000960004
0.000961551
0.000963083
0.000964601
0.000966102
0.000967587
0.000969053
0.0009705
0.000971927
0.000973333
0.000974716
0.000976075
0.00097741
0.000978718
0.000979999
0.000981251
0.000982473
0.000983663
0.00098482
0.000985943
0.000987029
0.000988079
0.00098909
0.00099006
0.000990989
0.000991875
0.000992716
0.000993512
0.000994261
0.000994962
0.000995614
0.000996217
0.00099677
0.000997272
0.000997725
0.000998129
0.000998485
0.000998794
0.000999058
0.00099928
0.000999461
0.000999605
0.000999715
0.000999796
0.000999856
0.000999901
0.000999933
0.000999954
0.000999967
0.000999973
0.000895587
0.00089757
0.000899632
0.000901694
0.000903743
0.000905771
0.000907774
0.000909751
0.000911701
0.000913624
0.00091552
0.000917391
0.000919236
0.000921056
0.000922853
0.000924626
0.000926377
0.000928106
0.000929814
0.000931501
0.000933168
0.000934815
0.000936444
0.000938054
0.000939646
0.000941221
0.000942778
0.000944318
0.000945842
0.000947349
0.000948841
0.000950316
0.000951776
0.000953219
0.000954647
0.000956059
0.000957455
0.000958836
0.000960201
0.00096155
0.000962883
0.000964199
0.0009655
0.000966784
0.000968051
0.000969301
0.000970534
0.000971748
0.000972945
0.000974123
0.000975282
0.000976422
0.000977541
0.00097864
0.000979718
0.000980774
0.000981807
0.000982817
0.000983804
0.000984765
0.000985702
0.000986613
0.000987497
0.000988355
0.000989184
0.000989985
0.000990756
0.000991498
0.000992209
0.000992889
0.000993537
0.000994154
0.000994738
0.000995288
0.000995806
0.000996291
0.000996741
0.000997159
0.000997543
0.000997894
0.000998213
0.0009985
0.000998755
0.000998981
0.000999179
0.000999349
0.000999493
0.000999614
0.000999713
0.000999792
0.000999854
0.0009999
0.000999933
0.000999956
0.000999971
0.000999982
0.000999989
0.000999993
0.000999996
0.000999997
0.000909477
0.000911643
0.000913862
0.000916056
0.000918216
0.000920338
0.000922421
0.000924465
0.000926469
0.000928435
0.000930363
0.000932254
0.000934108
0.000935927
0.000937711
0.000939461
0.000941178
0.000942863
0.000944517
0.000946139
0.000947732
0.000949296
0.00095083
0.000952337
0.000953816
0.000955268
0.000956694
0.000958094
0.000959468
0.000960818
0.000962143
0.000963443
0.00096472
0.000965973
0.000967202
0.000968408
0.000969592
0.000970752
0.00097189
0.000973006
0.000974099
0.00097517
0.000976219
0.000977246
0.000978251
0.000979234
0.000980194
0.000981133
0.00098205
0.000982945
0.000983818
0.000984668
0.000985496
0.000986301
0.000987084
0.000987845
0.000988582
0.000989296
0.000989987
0.000990655
0.000991298
0.000991918
0.000992514
0.000993086
0.000993634
0.000994157
0.000994656
0.00099513
0.00099558
0.000996005
0.000996406
0.000996782
0.000997134
0.000997463
0.000997767
0.000998049
0.000998307
0.000998543
0.000998757
0.000998949
0.000999121
0.000999274
0.000999407
0.000999523
0.000999623
0.000999707
0.000999777
0.000999834
0.00099988
0.000999915
0.000999943
0.000999962
0.000999976
0.000999986
0.000999992
0.000999995
0.000999998
0.000999999
0.000999999
0.001
0.0009158
0.000918145
0.000920526
0.000922862
0.000925147
0.000927382
0.000929567
0.000931703
0.000933789
0.000935828
0.000937819
0.000939765
0.000941666
0.000943523
0.000945337
0.000947108
0.000948839
0.000950529
0.00095218
0.000953792
0.000955367
0.000956905
0.000958407
0.000959873
0.000961305
0.000962703
0.000964068
0.0009654
0.0009667
0.000967969
0.000969207
0.000970414
0.000971592
0.00097274
0.00097386
0.000974951
0.000976014
0.000977049
0.000978057
0.000979039
0.000979993
0.000980922
0.000981825
0.000982703
0.000983555
0.000984382
0.000985185
0.000985963
0.000986717
0.000987447
0.000988154
0.000988837
0.000989496
0.000990133
0.000990747
0.000991338
0.000991906
0.000992452
0.000992976
0.000993478
0.000993958
0.000994417
0.000994854
0.00099527
0.000995665
0.00099604
0.000996394
0.000996727
0.000997041
0.000997335
0.00099761
0.000997867
0.000998105
0.000998325
0.000998528
0.000998713
0.000998883
0.000999037
0.000999176
0.0009993
0.000999411
0.000999509
0.000999595
0.000999669
0.000999733
0.000999787
0.000999833
0.000999871
0.000999902
0.000999927
0.000999947
0.000999962
0.000999975
0.000999984
0.000999991
0.000999996
0.000999998
0.001
0.001
0.001
0.000917045
0.000919516
0.000922022
0.000924472
0.000926862
0.000929195
0.000931471
0.000933691
0.000935857
0.00093797
0.00094003
0.000942039
0.000943997
0.000945907
0.000947769
0.000949584
0.000951352
0.000953076
0.000954756
0.000956392
0.000957987
0.00095954
0.000961052
0.000962525
0.00096396
0.000965356
0.000966715
0.000968037
0.000969324
0.000970575
0.000971792
0.000972975
0.000974125
0.000975242
0.000976328
0.000977382
0.000978405
0.000979397
0.00098036
0.000981294
0.000982199
0.000983075
0.000983924
0.000984745
0.000985539
0.000986307
0.000987048
0.000987764
0.000988454
0.00098912
0.00098976
0.000990377
0.00099097
0.000991539
0.000992086
0.000992609
0.00099311
0.000993589
0.000994047
0.000994483
0.000994898
0.000995292
0.000995666
0.000996021
0.000996356
0.000996672
0.000996969
0.000997249
0.00099751
0.000997755
0.000997982
0.000998194
0.000998389
0.00099857
0.000998736
0.000998888
0.000999026
0.000999152
0.000999266
0.000999368
0.000999459
0.00099954
0.000999612
0.000999675
0.000999729
0.000999776
0.000999817
0.000999851
0.000999881
0.000999905
0.000999926
0.000999943
0.000999958
0.000999971
0.000999982
0.000999991
0.000999997
0.000999999
0.001
0.001
2.74651e-12
5.63524e-12
1.15352e-11
2.1842e-11
3.91275e-11
6.75142e-11
1.13688e-10
1.88732e-10
3.11474e-10
5.14763e-10
8.57534e-10
1.44868e-09
2.49573e-09
4.40702e-09
8.01201e-09
1.50446e-08
2.92022e-08
5.8309e-08
1.17162e-07
2.17402e-07
3.17909e-11
5.37331e-11
9.44058e-11
1.6139e-10
2.6744e-10
4.32203e-10
6.86662e-10
1.08097e-09
1.69866e-09
2.68293e-09
4.28666e-09
6.96982e-09
1.15949e-08
1.98298e-08
3.49968e-08
6.38801e-08
1.20544e-07
2.33585e-07
4.53623e-07
8.0697e-07
3.69426e-10
5.51924e-10
8.48786e-10
1.30016e-09
1.96839e-09
2.94346e-09
4.36202e-09
6.43923e-09
9.52471e-09
1.42036e-08
2.14839e-08
3.31526e-08
5.24698e-08
8.55585e-08
1.44243e-07
2.5191e-07
4.55356e-07
8.45584e-07
1.57154e-06
2.65481e-06
3.90926e-09
5.3152e-09
7.39037e-09
1.02953e-08
1.43027e-08
1.97841e-08
2.72808e-08
3.76224e-08
5.21276e-08
7.29542e-08
1.03725e-07
1.50688e-07
2.24885e-07
3.46367e-07
5.52552e-07
9.14763e-07
1.56964e-06
2.7684e-06
4.87797e-06
7.72422e-06
3.72661e-08
4.69182e-08
6.01278e-08
7.73323e-08
9.9513e-08
1.27971e-07
1.64558e-07
2.12064e-07
2.74867e-07
3.60006e-07
4.79065e-07
6.5147e-07
9.10381e-07
1.314e-06
1.96691e-06
3.05967e-06
4.93798e-06
8.18987e-06
1.35254e-05
1.98615e-05
3.17385e-07
3.7493e-07
4.49105e-07
5.39945e-07
6.50089e-07
7.83095e-07
9.44111e-07
1.14103e-06
1.38628e-06
1.69972e-06
2.11405e-06
2.68206e-06
3.49117e-06
4.68973e-06
6.53249e-06
9.459e-06
1.42114e-05
2.19086e-05
3.3405e-05
4.51926e-05
2.37542e-06
2.66271e-06
3.01612e-06
3.42689e-06
3.89839e-06
4.43663e-06
5.05187e-06
5.76153e-06
6.59448e-06
7.59934e-06
8.85505e-06
1.04844e-05
1.26857e-05
1.57849e-05
2.03122e-05
2.71219e-05
3.75047e-05
5.30083e-05
7.33765e-05
9.12609e-05
1.52093e-05
1.63379e-05
1.76781e-05
1.91673e-05
2.07929e-05
2.25515e-05
2.44523e-05
2.65208e-05
2.88161e-05
3.14406e-05
3.45419e-05
3.83509e-05
4.32408e-05
4.98062e-05
5.89616e-05
7.20215e-05
9.06132e-05
0.000115585
0.000143368
0.000164283
7.99541e-05
8.30116e-05
8.65542e-05
9.03264e-05
9.42399e-05
9.82301e-05
0.000102293
0.000106466
0.000110872
0.000115627
0.000120904
0.000127004
0.000134459
0.000144054
0.000157011
0.000174707
0.000198057
0.000225255
0.000249884
0.00026591
0.000322814
0.000326382
0.000330482
0.000334611
0.000338575
0.000342203
0.000345538
0.000348627
0.00035146
0.000353977
0.000356283
0.000358428
0.000360819
0.00036368
0.000367853
0.0003738
0.000381305
0.000387981
0.000390655
0.000391105
0.000782732
0.000779076
0.000774822
0.00077028
0.000765529
0.000760612
0.000755389
0.000749697
0.000743406
0.000736343
0.000728279
0.000718784
0.000707205
0.000692559
0.000673325
0.000648199
0.000617296
0.000583117
0.00055048
0.00052699
0.000948124
0.000945648
0.00094274
0.000939536
0.000936058
0.000932303
0.000928224
0.000923736
0.000918661
0.000912787
0.000905831
0.000897335
0.000886552
0.000872369
0.000853084
0.00082649
0.000790311
0.000744694
0.000696346
0.000658319
0.000990065
0.000989188
0.000988129
0.000986916
0.000985539
0.00098398
0.000982205
0.00098016
0.000977757
0.000974859
0.000971256
0.000966632
0.000960479
0.000951993
0.0009399
0.000922256
0.000896316
0.000859421
0.000813961
0.000773901
0.000998393
0.000998167
0.000997883
0.000997542
0.000997135
0.00099665
0.000996067
0.000995359
0.000994481
0.000993368
0.000991908
0.000989934
0.00098717
0.000983158
0.000977137
0.000967832
0.000953193
0.000930366
0.000898145
0.000866195
0.000999773
0.000999725
0.000999663
0.000999584
0.000999484
0.000999357
0.000999196
0.00099899
0.000998718
0.000998354
0.000997851
0.000997133
0.000996072
0.000994453
0.000991891
0.000987713
0.000980734
0.000969055
0.000950792
0.000930626
0.000999971
0.000999963
0.000999951
0.000999935
0.000999913
0.000999884
0.000999845
0.000999792
0.000999717
0.000999612
0.000999459
0.000999228
0.000998869
0.000998293
0.000997336
0.000995695
0.000992806
0.000987678
0.000979014
0.000968176
0.000999997
0.000999995
0.000999993
0.00099999
0.000999986
0.00099998
0.000999972
0.000999959
0.000999941
0.000999913
0.000999871
0.000999804
0.000999696
0.000999513
0.000999195
0.000998625
0.000997573
0.000995612
0.000992092
0.000987171
0.001
0.000999999
0.000999999
0.000999999
0.000999998
0.000999997
0.000999995
0.000999992
0.000999988
0.000999982
0.000999971
0.000999953
0.000999924
0.000999871
0.000999777
0.0009996
0.000999261
0.000998602
0.000997359
0.000995464
0.001
0.001
0.001
0.001
0.001
0.000999999
0.000999999
0.000999999
0.000999998
0.000999996
0.000999994
0.00099999
0.000999982
0.000999969
0.000999943
0.000999894
0.000999797
0.000999601
0.000999216
0.000998591
0.001
0.001
0.001
0.001
0.001
0.001
0.001
0.001
0.001
0.000999999
0.000999999
0.000999998
0.000999996
0.000999993
0.000999986
0.000999974
0.000999949
0.000999898
0.000999793
0.000999614
1.4754e-141
1.62712e-141
2.26781e-141
4.03428e-141
8.20594e-141
1.74075e-140
3.69605e-140
7.73876e-140
1.58868e-139
3.18755e-139
6.23373e-139
1.18357e-138
2.17571e-138
3.85837e-138
6.5706e-138
1.06807e-137
1.64379e-137
2.36769e-137
3.13638e-137
3.71182e-137
3.8147e-140
4.10222e-140
5.58774e-140
9.83673e-140
1.99937e-139
4.25428e-139
9.07135e-139
1.90842e-138
3.93801e-138
7.94522e-138
1.5632e-137
2.98676e-137
5.52728e-137
9.87228e-137
1.69423e-136
2.77748e-136
4.31508e-136
6.28134e-136
8.42095e-136
1.01071e-135
9.16752e-139
9.58233e-139
1.27089e-138
2.20947e-138
4.48589e-138
9.57704e-138
2.05164e-137
4.33869e-137
9.00323e-137
1.82747e-136
3.61896e-136
6.9627e-136
1.29811e-135
2.33711e-135
4.0455e-135
6.69448e-135
1.05088e-134
1.54788e-134
2.1039e-134
2.56597e-134
2.19457e-137
2.22925e-137
2.87501e-137
4.92993e-137
9.99373e-137
2.14067e-136
4.60757e-136
9.7951e-136
2.04407e-135
4.1742e-135
8.32016e-135
1.61197e-134
3.02801e-134
5.49602e-134
9.59721e-134
1.60327e-133
2.54328e-133
3.79066e-133
5.22438e-133
6.47541e-133
5.24368e-136
5.18013e-136
6.48948e-136
1.09615e-135
2.21736e-135
4.76465e-135
1.03041e-134
2.20209e-134
4.62141e-134
9.49467e-134
1.90485e-133
3.71636e-133
7.03364e-133
1.28703e-132
2.26717e-132
3.82367e-132
6.12968e-132
9.24661e-132
1.29252e-131
1.62702e-131
1.25077e-134
1.20202e-134
1.46183e-134
2.42948e-134
4.90109e-134
1.05625e-133
2.29496e-133
4.93048e-133
1.04059e-132
2.15085e-132
4.34321e-132
8.53268e-132
1.62702e-131
3.00124e-131
5.33319e-131
9.08109e-131
1.47141e-130
2.24676e-130
3.18478e-130
4.07112e-130
2.9779e-133
2.78511e-133
3.28614e-133
5.36768e-133
1.07929e-132
2.33239e-132
5.09094e-132
1.09947e-131
2.33356e-131
4.85248e-131
9.86216e-131
1.95096e-130
3.74788e-130
6.96914e-130
1.24928e-129
2.14778e-129
3.51765e-129
5.43705e-129
7.81513e-129
1.01436e-128
7.07542e-132
6.44294e-132
7.37188e-132
1.18224e-131
2.36804e-131
5.13042e-131
1.12486e-130
2.44194e-130
5.21193e-130
1.09029e-129
2.23021e-129
4.44231e-129
8.59721e-129
1.61149e-128
2.9141e-128
5.05855e-128
8.37469e-128
1.31028e-127
1.9097e-127
2.51641e-127
1.67734e-130
1.48794e-130
1.65035e-130
2.59589e-130
5.17684e-130
1.1242e-129
2.47569e-129
5.40199e-129
1.15939e-128
2.43982e-128
5.02268e-128
1.00732e-127
1.96387e-127
3.71067e-127
6.76897e-127
1.18641e-126
1.98544e-126
3.14434e-126
4.64651e-126
6.21497e-126
3.96676e-129
3.42998e-129
3.68705e-129
5.68253e-129
1.12766e-128
2.45407e-128
5.42758e-128
1.1903e-127
2.56872e-127
5.43765e-127
1.12654e-126
2.27472e-126
4.46742e-126
8.50849e-126
1.56571e-125
2.77083e-125
4.68704e-125
7.51324e-125
1.12561e-124
1.52799e-124
9.35646e-128
7.89125e-128
8.22022e-128
1.24019e-127
2.4476e-127
5.33702e-127
1.18534e-126
2.61249e-126
5.66863e-126
1.20702e-125
2.51644e-125
5.11564e-125
1.01203e-124
1.94282e-124
3.60633e-124
6.44373e-124
1.10173e-123
1.78745e-123
2.71468e-123
3.73922e-123
2.20075e-126
1.81171e-126
1.82888e-126
2.69861e-126
5.29379e-126
1.15635e-125
2.57881e-125
5.71167e-125
1.24601e-124
2.66856e-124
5.59838e-124
1.14574e-123
2.28311e-123
4.41766e-123
8.27148e-123
1.49214e-122
2.57852e-122
4.23377e-122
6.51758e-122
9.10721e-122
5.16099e-125
4.15008e-125
4.06048e-125
5.85481e-125
1.14095e-124
2.49618e-124
5.58919e-124
1.24392e-123
2.72809e-123
5.87633e-123
1.24046e-122
2.55562e-122
5.12936e-122
1.00031e-121
1.88913e-121
3.44044e-121
6.00857e-121
9.9836e-121
1.55763e-120
2.20747e-120
1.2065e-123
9.48399e-124
8.99591e-124
1.26655e-123
2.45052e-123
5.36866e-123
1.20682e-122
2.69871e-122
5.94977e-122
1.28888e-121
2.7375e-121
5.67721e-121
1.14764e-120
2.25559e-120
4.29633e-120
7.89856e-120
1.394e-119
2.34366e-119
3.70535e-119
5.32451e-119
2.81116e-122
2.16187e-122
1.98873e-122
2.73202e-122
5.24507e-122
1.15046e-121
2.59607e-121
5.83264e-121
1.29258e-120
2.81585e-120
6.0171e-120
1.25605e-119
2.55716e-119
5.06487e-119
9.72945e-119
1.80552e-118
3.21986e-118
5.47689e-118
8.77316e-118
1.27793e-117
6.52736e-121
4.91483e-121
4.3868e-121
5.87639e-121
1.11882e-120
2.45645e-120
5.56389e-120
1.25584e-119
2.79733e-119
6.12778e-119
1.31731e-118
2.76773e-118
5.67446e-118
1.13256e-117
2.19397e-117
4.10934e-117
7.40424e-117
1.27406e-116
2.0674e-116
3.05176e-116
1.51017e-119
1.11422e-119
9.65478e-120
1.26042e-119
2.37847e-119
5.22621e-119
1.18807e-118
2.69383e-118
6.0307e-118
1.32833e-117
2.87257e-117
6.07419e-117
1.25404e-116
2.522e-116
4.92637e-116
9.31221e-116
1.69507e-115
2.9502e-115
4.8486e-115
7.2508e-115
3.48089e-118
2.5186e-118
2.11999e-118
2.69595e-118
5.03942e-118
1.10795e-117
2.52768e-117
5.75689e-117
1.29522e-116
2.86832e-116
6.23934e-116
1.32773e-115
2.76009e-115
5.59265e-115
1.10147e-114
2.10107e-114
3.86324e-114
6.79995e-114
1.13166e-113
1.71393e-113
7.9925e-117
5.67565e-117
4.64405e-117
5.75057e-117
1.06419e-116
2.34057e-116
5.3583e-116
1.22575e-115
2.77127e-115
6.16992e-115
1.34991e-114
2.89066e-114
6.05014e-114
1.23505e-113
2.4523e-113
4.71992e-113
8.76529e-113
1.56007e-112
2.62849e-112
4.03047e-112
1.82791e-115
1.27494e-115
1.01485e-115
1.22327e-115
2.23994e-115
4.92725e-115
1.1318e-114
2.60027e-114
5.9073e-114
1.32212e-113
2.90922e-113
6.26839e-113
1.32082e-112
2.71612e-112
5.43661e-112
1.05568e-111
1.97983e-111
3.56251e-111
6.07545e-111
9.42881e-111
4.16353e-114
2.85449e-114
2.21218e-114
2.59512e-114
4.69937e-114
1.03367e-113
2.38215e-113
5.49611e-113
1.25454e-112
2.82238e-112
6.24549e-112
1.35393e-111
2.8719e-111
5.94861e-111
1.20016e-110
2.35091e-110
4.45176e-110
8.09727e-110
1.3974e-109
2.19424e-109
9.44423e-113
6.36926e-113
4.80974e-113
5.49065e-113
9.82759e-113
2.16108e-112
4.9961e-112
1.1575e-111
2.65446e-111
6.00237e-111
1.33562e-110
2.91293e-110
6.21934e-110
1.29745e-109
2.63822e-109
5.2125e-109
9.96505e-109
1.83183e-108
3.19834e-108
5.0796e-108
2.13322e-111
1.41621e-111
1.04297e-111
1.15858e-111
2.04869e-111
4.50279e-111
1.04417e-110
2.42903e-110
5.596e-110
1.27176e-109
2.84536e-109
6.24254e-109
1.34146e-108
2.81827e-108
5.77494e-108
1.1507e-107
2.22059e-107
4.12473e-107
7.28425e-107
1.16973e-106
4.79776e-110
3.13764e-110
2.25551e-110
2.43824e-110
4.25736e-110
9.35047e-110
2.17474e-109
5.07925e-109
1.17544e-108
2.68455e-108
6.03867e-108
1.33261e-107
2.88192e-107
6.09672e-107
1.25879e-106
2.52926e-106
4.92608e-106
9.24412e-106
1.65081e-105
2.67945e-105
1.07436e-108
6.92599e-109
4.86414e-109
5.11773e-109
8.81982e-109
1.93526e-108
4.51386e-108
1.05837e-107
2.46012e-107
5.64593e-107
1.27675e-106
2.83378e-106
6.16684e-106
1.31353e-105
2.73237e-105
5.53527e-105
1.08788e-104
2.06204e-104
3.72273e-104
6.10536e-104
2.39521e-107
1.52311e-107
1.04599e-107
1.07135e-107
1.82159e-107
3.99226e-107
9.33707e-107
2.19763e-106
5.13049e-106
1.18307e-105
2.6893e-105
6.00287e-105
1.31441e-104
2.81852e-104
5.90619e-104
1.20617e-103
2.39172e-103
4.57815e-103
8.35362e-103
1.38382e-102
5.31625e-106
3.33673e-106
2.24274e-106
2.23692e-106
3.75085e-106
8.20892e-106
1.92491e-105
4.54747e-105
1.06615e-104
2.47005e-104
5.64359e-104
1.26676e-103
2.79058e-103
6.02352e-103
1.27136e-102
2.617e-102
5.23473e-102
1.01169e-101
1.86526e-101
3.12e-101
1.17467e-104
7.28161e-105
4.79442e-105
4.65835e-105
7.70049e-105
1.68252e-104
3.95516e-104
9.37768e-104
2.20777e-103
5.13848e-103
1.17996e-102
2.66306e-102
5.90155e-102
1.28215e-101
2.7254e-101
5.65377e-101
1.14062e-100
2.22526e-100
4.1444e-100
6.99745e-100
2.58385e-103
1.58281e-103
1.02181e-103
9.6757e-104
1.57629e-103
3.43764e-103
8.10001e-103
1.92729e-102
4.55587e-102
1.06515e-101
2.45802e-101
5.57741e-101
1.24325e-100
2.71828e-100
5.8184e-100
1.21624e-99
2.47431e-99
4.87178e-99
9.16312e-99
1.56114e-98
5.65779e-102
3.42693e-102
2.17099e-102
2.0045e-102
3.21738e-102
7.00176e-102
1.65346e-101
3.94765e-101
9.36892e-101
2.20012e-100
5.10177e-100
1.16375e-99
2.60903e-99
5.74022e-99
1.23708e-98
2.60527e-98
5.34377e-98
1.06165e-97
2.01601e-97
3.46471e-97
1.23324e-100
7.38995e-101
4.59813e-101
4.14198e-101
6.54848e-101
1.42174e-100
3.3644e-100
8.05909e-100
1.92009e-99
4.52849e-99
1.05509e-98
2.41923e-98
5.45435e-98
1.20741e-97
2.61955e-97
5.55717e-97
1.14902e-96
2.30286e-96
4.41386e-96
7.64941e-96
2.67587e-99
1.58718e-99
9.70773e-100
8.53673e-100
1.32915e-99
2.87822e-99
6.82408e-99
1.63986e-98
3.92174e-98
9.28854e-98
2.17421e-97
5.01067e-97
1.13596e-96
2.52979e-96
5.52459e-96
1.18041e-95
2.45986e-95
4.97232e-95
9.61682e-95
1.6801e-94
5.77961e-98
3.39509e-98
2.04292e-98
1.75495e-98
2.69049e-98
5.80956e-98
1.37983e-97
3.32595e-97
7.98327e-97
1.89863e-96
4.46447e-96
1.03402e-95
2.35694e-95
5.27996e-95
1.16046e-94
2.49692e-94
5.24328e-94
1.06873e-93
2.08518e-93
3.67114e-93
1.24265e-96
7.23282e-97
4.2852e-97
3.59858e-97
5.4317e-97
1.16924e-96
2.78145e-96
6.72407e-96
1.61972e-95
3.86765e-95
9.13502e-95
2.12611e-94
4.87209e-94
1.09776e-93
2.42792e-93
5.25994e-93
1.11281e-92
2.28669e-92
4.49952e-92
7.98068e-92
2.6596e-95
1.53459e-95
8.95906e-96
7.36038e-96
1.09375e-95
2.34657e-95
5.58994e-95
1.35511e-94
3.27548e-94
7.85204e-94
1.86266e-93
4.35597e-93
1.0034e-92
2.27365e-92
5.05969e-92
1.10351e-91
2.3517e-91
4.87072e-91
9.66311e-91
1.72612e-90
5.66644e-94
3.2427e-94
1.86689e-94
1.50169e-94
2.19691e-94
4.69638e-94
1.1201e-93
2.72249e-93
6.60238e-93
1.58877e-92
3.78491e-92
8.89276e-92
2.05893e-91
4.69136e-91
1.0503e-90
2.30571e-90
4.94879e-90
1.03286e-89
2.06543e-89
3.71457e-89
1.20181e-92
6.82419e-93
3.87735e-93
3.05623e-93
4.40203e-93
9.37409e-93
2.23794e-92
5.45288e-92
1.32659e-91
3.20405e-91
7.66461e-91
1.80907e-90
4.2095e-90
9.6437e-90
2.17178e-89
4.79826e-89
1.03702e-88
2.18056e-88
4.39407e-88
7.95379e-88
2.53747e-91
1.4303e-91
8.02614e-92
6.20477e-92
8.7999e-92
1.86624e-91
4.45873e-91
1.08887e-90
2.65706e-90
6.44039e-90
1.54686e-89
3.66739e-89
8.57538e-89
1.97503e-88
4.47351e-88
9.94556e-88
2.16406e-87
4.58346e-87
9.30474e-87
1.69468e-86
5.33359e-90
2.9857e-90
1.6559e-90
1.25666e-90
1.75521e-90
3.70611e-90
8.85887e-90
2.16794e-89
5.30538e-89
1.29038e-88
3.11141e-88
7.4089e-88
1.7407e-87
4.02998e-87
9.17965e-87
2.05332e-86
4.49735e-86
9.59258e-86
1.9613e-85
3.59315e-85
1.1161e-88
6.20746e-89
3.40504e-89
2.53908e-89
3.49341e-89
7.34224e-89
1.75544e-88
4.3039e-88
1.05609e-87
2.57713e-87
6.23765e-87
1.49163e-86
3.52095e-86
8.19307e-86
1.87657e-85
4.22263e-85
9.30835e-85
1.99901e-84
4.11536e-84
7.58152e-84
2.32525e-87
1.28541e-87
6.97868e-88
5.11829e-88
6.93895e-88
1.45127e-87
3.46953e-87
8.52028e-87
2.09597e-86
5.13081e-86
1.24641e-85
2.99292e-85
7.09697e-85
1.65966e-84
3.82188e-84
8.65019e-84
1.91882e-83
4.14816e-83
8.59646e-83
1.59206e-82
4.82318e-86
2.6512e-86
1.42559e-86
1.0294e-86
1.37567e-86
2.8624e-86
6.84038e-86
1.68211e-85
4.14752e-85
1.01833e-84
2.48254e-84
5.9851e-84
1.42554e-83
3.34991e-83
7.75497e-83
1.76522e-82
3.93966e-82
8.57188e-82
1.78774e-81
3.32744e-81
9.96128e-85
5.44666e-85
2.90267e-85
2.06577e-85
2.72252e-85
5.63426e-85
1.34543e-84
3.31209e-84
8.18358e-84
2.01494e-83
4.92882e-83
1.19291e-82
2.8536e-82
6.73762e-82
1.56779e-81
3.58857e-81
8.05686e-81
1.764e-80
3.70157e-80
6.92211e-80
2.0485e-83
1.1146e-83
5.89103e-84
4.13659e-84
5.37937e-84
1.10697e-83
2.64039e-83
6.50487e-83
1.6102e-82
3.97502e-82
9.75492e-82
2.36983e-81
5.69287e-81
1.35037e-80
3.15805e-80
7.26788e-80
1.64124e-79
3.61529e-79
7.63118e-79
1.43342e-78
4.19485e-82
2.2721e-82
1.19175e-82
8.2661e-83
1.06136e-82
2.17121e-82
5.17083e-82
1.27441e-81
3.15961e-81
7.81883e-81
1.92468e-80
4.69272e-80
1.13191e-79
2.69705e-79
6.33847e-79
1.46647e-78
3.33038e-78
7.37955e-78
1.56655e-77
2.95494e-77
8.55426e-81
4.61389e-81
2.40321e-81
1.64851e-81
2.09146e-81
4.25223e-81
1.01066e-80
2.49093e-80
6.18361e-80
1.53356e-79
3.78595e-79
9.2629e-79
2.24311e-78
5.36823e-78
1.26766e-77
2.94803e-77
6.73205e-77
1.50029e-76
3.20235e-76
6.06451e-76
1.73722e-79
9.33355e-80
4.83088e-80
3.28135e-80
4.11692e-80
8.31711e-80
1.97187e-79
4.85801e-79
1.20712e-78
2.99952e-78
7.42499e-78
1.82266e-77
4.43066e-77
1.06487e-76
2.52633e-76
5.90479e-76
1.35565e-75
3.03805e-75
6.519e-75
1.23921e-74
3.51363e-78
1.88096e-78
9.68063e-79
6.5198e-79
8.09699e-79
1.62505e-78
3.84114e-78
9.45495e-78
2.35074e-77
5.85096e-77
1.45195e-76
3.57542e-76
8.72338e-76
2.10526e-75
5.01725e-75
1.17844e-74
2.71969e-74
6.12787e-74
1.3216e-73
2.52132e-73
7.07784e-77
3.77641e-77
1.93396e-77
1.29325e-77
1.59148e-77
3.17252e-77
7.47207e-77
1.83669e-76
4.56729e-76
1.13834e-75
2.8312e-75
6.99252e-75
1.71207e-74
4.14837e-74
9.93001e-74
2.34348e-73
5.43599e-73
1.23123e-72
2.66839e-72
5.10821e-72
1.42006e-75
7.55381e-76
3.85195e-76
2.56129e-76
3.12688e-76
6.1902e-76
1.45185e-75
3.56178e-75
8.85467e-75
2.20915e-74
5.50544e-74
1.3635e-73
3.34968e-73
8.14764e-73
1.95866e-72
4.64392e-72
1.08254e-71
2.46436e-71
5.36605e-71
1.03061e-70
2.83785e-74
1.50542e-74
7.64948e-75
5.06548e-75
6.14275e-75
1.20751e-74
2.81847e-74
6.89669e-74
1.71322e-73
4.27704e-73
1.0677e-72
2.65105e-72
6.53359e-72
1.59511e-71
3.85048e-71
9.17057e-71
2.14801e-70
4.91393e-70
1.07483e-69
2.07075e-69
5.64891e-73
2.98931e-73
1.51472e-73
1.00054e-73
1.2069e-73
2.35557e-73
5.46805e-73
1.33368e-72
3.30869e-72
8.26188e-72
2.06533e-71
5.13994e-71
1.27056e-70
3.11299e-70
7.54463e-70
1.80475e-69
4.24696e-69
9.76185e-69
2.1445e-68
4.14377e-68
1.12008e-71
5.91462e-72
2.991e-72
1.97415e-72
2.37226e-72
4.59683e-72
1.0605e-71
2.57638e-71
6.37945e-71
1.59257e-70
3.98528e-70
9.93827e-70
2.46356e-69
6.05642e-69
1.4735e-68
3.53971e-68
8.36735e-68
1.93214e-67
4.26228e-67
8.25897e-67
2.2124e-70
1.16613e-70
5.89009e-71
3.89163e-71
4.66608e-71
8.97685e-71
2.05675e-70
4.97315e-70
1.22826e-69
3.06386e-69
7.67199e-69
1.91654e-68
4.76308e-68
1.17472e-67
2.86864e-67
6.91943e-67
1.64282e-66
3.8104e-66
8.43937e-66
1.63962e-65
4.35329e-69
2.29112e-69
1.15689e-69
7.66609e-70
9.18685e-70
1.75485e-69
3.99024e-69
9.59499e-69
2.36198e-68
5.88399e-68
1.47366e-67
3.68656e-67
9.18337e-67
2.27173e-66
5.56722e-66
1.34818e-65
3.21444e-65
7.48776e-65
1.66478e-64
3.24247e-64
8.53356e-68
4.48596e-68
2.26657e-68
1.50937e-68
1.81104e-68
3.43524e-68
7.74665e-68
1.85092e-67
4.53793e-67
1.12823e-66
2.82486e-66
7.07415e-66
1.76581e-65
4.38044e-65
1.07712e-64
2.61834e-64
6.26842e-64
1.46624e-63
3.27196e-63
6.3878e-63
1.66654e-66
8.75365e-67
4.43002e-67
2.97093e-67
3.57565e-67
6.7363e-67
1.50552e-66
3.57117e-66
8.71288e-66
2.16043e-65
5.40479e-65
1.35435e-64
3.38657e-64
8.42266e-64
2.0777e-63
5.06905e-63
1.21835e-62
2.86126e-62
6.40748e-62
1.2537e-61
3.24256e-65
1.70244e-65
8.63886e-66
5.84735e-66
7.07226e-66
1.32366e-65
2.93008e-65
6.89401e-65
1.67234e-64
4.13252e-64
1.03235e-63
2.58735e-63
6.47876e-63
1.61506e-62
3.99596e-62
9.78311e-62
2.36032e-61
5.56456e-61
1.25032e-60
2.45152e-60
6.2858e-64
3.30012e-64
1.68104e-64
1.15105e-64
1.40165e-64
2.60707e-64
5.71288e-64
1.3321e-63
3.20993e-63
7.89847e-63
1.96896e-62
4.93306e-62
1.2365e-61
3.08869e-61
7.66324e-61
1.88237e-60
4.55807e-60
1.07857e-59
2.4313e-59
4.77638e-59
1.21408e-62
6.37651e-63
3.26465e-63
2.26672e-63
2.78415e-63
5.14842e-63
1.11628e-62
2.57739e-62
6.1636e-62
1.50889e-61
3.75071e-61
9.38847e-61
2.35466e-60
5.89183e-60
1.46552e-59
3.61109e-59
8.7746e-59
2.08373e-58
4.71154e-58
9.27287e-58
2.33644e-61
1.22817e-61
6.32848e-62
4.46652e-62
5.54358e-62
1.01963e-61
2.18668e-61
4.99546e-61
1.18444e-60
2.8821e-60
7.13798e-60
1.78394e-59
4.47462e-59
1.12116e-58
2.79508e-58
6.9073e-58
1.68398e-57
4.01265e-57
9.09955e-57
1.79395e-56
4.48018e-60
2.35819e-60
1.22472e-60
8.80854e-61
1.1066e-60
2.02556e-60
4.29564e-60
9.70273e-60
2.27881e-59
5.50625e-59
1.35754e-58
3.3851e-58
8.48702e-58
2.12853e-57
5.31698e-57
1.31749e-56
3.22211e-56
7.70274e-56
1.75161e-55
3.45868e-55
8.56006e-59
4.5141e-59
2.36664e-59
1.73898e-59
2.2148e-59
4.03682e-59
8.46494e-59
1.88932e-58
4.39141e-58
1.05262e-57
2.58101e-57
6.41626e-57
1.60697e-56
4.03226e-56
1.0089e-55
2.50607e-55
6.14701e-55
1.47404e-54
3.36079e-54
6.6458e-54
1.62968e-57
8.61514e-58
4.56735e-58
3.43735e-58
4.44472e-58
8.07174e-58
1.67369e-57
3.68951e-57
8.47983e-57
2.01436e-56
4.90731e-56
1.21517e-55
3.03816e-55
7.62331e-55
1.90982e-54
4.75423e-54
1.16934e-53
2.81225e-53
6.42774e-53
1.27276e-52
3.09153e-56
1.63937e-56
8.80482e-57
6.80409e-57
8.94374e-57
1.61935e-56
3.32093e-56
7.22813e-56
1.64149e-55
3.86049e-55
9.33438e-55
2.30025e-54
5.73676e-54
1.43861e-53
3.60708e-53
8.99608e-53
2.21821e-52
5.34938e-52
1.2255e-51
2.42959e-51
5.84375e-55
3.11061e-55
1.69586e-55
1.34895e-55
1.80443e-55
3.25945e-55
6.61345e-55
1.42102e-54
3.18668e-54
7.41285e-54
1.77705e-53
4.35363e-53
1.08217e-52
2.71039e-52
6.79832e-52
1.69807e-51
4.19648e-51
1.01459e-50
2.32936e-50
4.62313e-50
1.10065e-53
5.88561e-54
3.26414e-54
2.6789e-54
3.64982e-54
6.58183e-54
1.32191e-53
2.80411e-53
6.20649e-53
1.42679e-52
3.38748e-52
8.24198e-52
2.04001e-51
5.09929e-51
1.27879e-50
3.19772e-50
7.91817e-50
1.91884e-49
4.4142e-49
8.76964e-49
2.06557e-52
1.11057e-52
6.27986e-53
5.32952e-53
7.40041e-53
1.33318e-52
2.65204e-52
5.55497e-52
1.21313e-51
2.75395e-51
6.46871e-51
1.56134e-50
3.84433e-50
9.58271e-50
2.40121e-49
6.00844e-49
1.49026e-48
3.61897e-48
8.34039e-48
1.65842e-47
3.86233e-51
2.08994e-51
1.2079e-51
1.06222e-51
1.50393e-51
2.70827e-51
5.33983e-51
1.10485e-50
2.3804e-50
5.33281e-50
1.23802e-49
2.96102e-49
7.24474e-49
1.79925e-48
4.50174e-48
1.12663e-47
2.79794e-47
6.80704e-47
1.57132e-46
3.12679e-46
7.19545e-50
3.92271e-50
2.32329e-50
2.12098e-50
3.06268e-50
5.51653e-50
1.07892e-49
2.20633e-49
4.68993e-49
1.03639e-48
2.37578e-48
5.62426e-48
1.36589e-47
3.3764e-47
8.42852e-47
2.10847e-46
5.24085e-46
1.277e-45
2.95198e-45
5.87786e-45
1.33549e-48
7.34396e-49
4.46952e-49
4.24276e-49
6.2487e-49
1.12644e-48
2.18718e-48
4.42352e-48
9.27947e-48
2.02205e-47
4.5735e-47
1.07048e-46
2.57743e-46
6.33475e-46
1.57636e-45
3.93911e-45
9.79497e-45
2.38955e-44
5.53039e-44
1.10173e-43
2.46924e-47
1.3715e-47
8.60188e-48
8.50203e-48
1.277e-47
2.30516e-47
4.44751e-47
8.90327e-47
1.844e-46
3.96157e-46
8.83553e-46
2.04262e-45
4.87006e-45
1.18873e-44
2.94586e-44
7.34781e-44
1.82682e-43
4.46035e-43
1.03328e-42
2.05915e-42
4.54763e-46
2.55511e-46
1.65645e-46
1.70653e-46
2.61339e-46
4.72641e-46
9.06935e-46
1.79862e-45
3.68025e-45
7.79512e-45
1.71363e-44
3.90927e-44
9.21862e-44
2.232e-43
5.50255e-43
1.3688e-42
3.4005e-42
8.3059e-42
1.92538e-41
3.8377e-41
8.34174e-45
4.74897e-45
3.1922e-45
3.43058e-45
5.35453e-45
9.70682e-45
1.85413e-44
3.64615e-44
7.37539e-44
1.54068e-43
3.33757e-43
7.50743e-43
1.74899e-42
4.19518e-42
1.02768e-41
2.54714e-41
6.3184e-41
1.54314e-40
3.57829e-40
7.13246e-40
1.52376e-43
8.80632e-44
6.15724e-44
6.90576e-44
1.09808e-43
1.99627e-43
3.79911e-43
7.41545e-43
1.48384e-42
3.05869e-42
6.52927e-42
1.44725e-41
3.3274e-41
7.89677e-41
1.91978e-40
4.73596e-40
1.17209e-39
2.86063e-39
6.63303e-39
1.3219e-38
2.77133e-42
1.62937e-42
1.18881e-42
1.39176e-42
2.25341e-42
4.10996e-42
7.79954e-42
1.51238e-41
2.99628e-41
6.09891e-41
1.28313e-40
2.80148e-40
6.35047e-40
1.48932e-39
3.58856e-39
8.80095e-39
2.1711e-38
5.29172e-38
1.22642e-37
2.44316e-37
5.01749e-41
3.00818e-41
2.29776e-41
2.80757e-41
4.62629e-41
8.46877e-41
1.60387e-40
3.09171e-40
6.07089e-40
1.22119e-39
2.53311e-39
5.44655e-39
1.21635e-38
2.81552e-38
6.71482e-38
1.63512e-37
4.0165e-37
9.76891e-37
2.26183e-36
4.50288e-36
9.04078e-40
5.54209e-40
4.44603e-40
5.66784e-40
9.49966e-40
1.74606e-39
3.30145e-39
6.33326e-39
1.23378e-38
2.45473e-38
5.02303e-38
1.06365e-37
2.33882e-37
5.33754e-37
1.25826e-36
3.03809e-36
7.42242e-36
1.79989e-35
4.16085e-35
8.27558e-35
1.62078e-38
1.01897e-38
8.6123e-39
1.14477e-38
1.95055e-38
3.59966e-38
6.8009e-38
1.29948e-37
2.51391e-37
4.95171e-37
1.00026e-36
2.08646e-36
4.51556e-36
1.01505e-35
2.36206e-35
5.64708e-35
1.37044e-34
3.31001e-34
7.63474e-34
1.51651e-33
2.89001e-37
1.86989e-37
1.67008e-37
2.31243e-37
4.00215e-37
7.4189e-37
1.40152e-36
2.66953e-36
5.1332e-36
1.00194e-35
1.99961e-35
4.11054e-35
8.75468e-35
1.93691e-34
4.44373e-34
1.05038e-33
2.52855e-33
6.07604e-33
1.39725e-32
2.77067e-32
5.12394e-36
3.42534e-36
3.24138e-36
4.66901e-36
8.20395e-36
1.52811e-35
2.8882e-35
5.4881e-35
1.04984e-34
2.03253e-34
4.01112e-34
8.13081e-34
1.70432e-33
3.70913e-33
8.38015e-33
1.95562e-32
4.66289e-32
1.11336e-31
2.55028e-31
5.04599e-31
9.03105e-35
6.26366e-35
6.29399e-35
9.41947e-35
1.67959e-34
3.14447e-34
5.9493e-34
1.12852e-33
2.14936e-33
4.13118e-33
8.06905e-33
1.61406e-32
3.33076e-32
7.12808e-32
1.58443e-31
3.64522e-31
8.59538e-31
2.03643e-30
4.64165e-30
9.15872e-30
1.58175e-33
1.14336e-33
1.22228e-33
1.89797e-33
3.43294e-33
6.46156e-33
1.22435e-32
2.31983e-32
4.40215e-32
8.40714e-32
1.62671e-31
3.21359e-31
6.53167e-31
1.37443e-30
3.0034e-30
6.8031e-30
1.5839e-29
3.71788e-29
8.42247e-29
1.65622e-28
2.75188e-32
2.08329e-32
2.37286e-32
3.81766e-32
7.00188e-32
1.32529e-31
2.51595e-31
4.76403e-31
9.01296e-31
1.71161e-30
3.28368e-30
6.41201e-30
1.28444e-29
2.65792e-29
5.70675e-29
1.2712e-28
2.91758e-28
6.77403e-28
1.52321e-27
2.98276e-27
4.75366e-31
3.78875e-31
4.60246e-31
7.66126e-31
1.42433e-30
2.71149e-30
5.15889e-30
9.76631e-30
1.84305e-29
3.48278e-29
6.63029e-29
1.28084e-28
2.53056e-28
5.15139e-28
1.08644e-27
2.37756e-27
5.37117e-27
1.23142e-26
2.74441e-26
5.34689e-26
8.14967e-30
6.87636e-30
8.91347e-30
1.5329e-29
2.88783e-29
5.52979e-29
1.05464e-28
1.99667e-28
3.76022e-28
7.07469e-28
1.33749e-27
2.55834e-27
4.9892e-27
9.99637e-27
2.07083e-26
4.44876e-26
9.87844e-26
2.23245e-25
4.92332e-25
9.53355e-25
1.386e-28
1.2452e-28
1.72234e-28
3.05565e-28
5.83101e-28
1.12309e-27
2.14729e-27
4.06619e-27
7.64399e-27
1.43261e-26
2.69144e-26
5.10166e-26
9.82896e-26
1.93959e-25
3.94742e-25
8.32071e-25
1.81376e-24
4.03343e-24
8.78695e-24
1.68917e-23
2.33716e-27
2.24905e-27
3.31763e-27
6.06296e-27
1.17141e-26
2.26905e-26
4.3487e-26
8.23669e-26
1.54584e-25
2.88686e-25
5.39254e-25
1.0137e-24
1.9311e-24
3.75608e-24
7.51315e-24
1.55353e-23
3.32101e-23
7.25514e-23
1.55854e-22
2.97046e-22
3.90566e-26
4.0499e-26
6.36428e-26
1.19622e-25
2.33869e-25
4.55447e-25
8.7475e-25
1.65691e-24
3.10434e-24
5.777e-24
1.07322e-23
2.0019e-23
3.77389e-23
7.24146e-23
1.42454e-22
2.88977e-22
6.05393e-22
1.29734e-21
2.74318e-21
5.17622e-21
6.46479e-25
7.26635e-25
1.21447e-24
2.34396e-24
4.63402e-24
9.06893e-24
1.74483e-23
3.30372e-23
6.17672e-23
1.14517e-22
2.11583e-22
3.91728e-22
7.31193e-22
1.38524e-21
2.68214e-21
5.34009e-21
1.09603e-20
2.30132e-20
4.78157e-20
8.91933e-20
1.05929e-23
1.29797e-23
2.30211e-23
4.5543e-23
9.09648e-23
1.7877e-22
3.44298e-22
6.51143e-22
1.214e-21
2.24147e-21
4.11814e-21
7.56803e-21
1.39918e-20
2.61877e-20
4.99471e-20
9.76663e-20
1.96412e-19
4.03776e-19
8.23171e-19
1.51563e-18
1.71712e-22
2.30569e-22
4.3267e-22
8.75467e-22
1.76427e-21
3.47767e-21
6.69562e-21
1.26344e-20
2.34728e-20
4.31356e-20
7.87801e-20
1.43704e-19
2.63224e-19
4.86985e-19
9.15609e-19
1.75971e-18
3.46886e-18
6.97967e-18
1.3946e-17
2.53078e-17
2.75159e-21
4.06671e-21
8.04221e-21
1.65981e-20
3.36773e-20
6.64433e-20
1.27675e-19
2.40091e-19
4.44047e-19
8.1157e-19
1.47269e-18
2.66604e-18
4.83923e-18
8.85466e-18
1.6425e-17
3.1055e-17
6.0049e-17
1.18266e-16
2.31427e-16
4.13358e-16
4.35479e-20
7.10595e-20
1.47322e-19
3.08938e-19
6.29083e-19
1.23915e-18
2.37195e-18
4.43777e-18
8.15907e-18
1.48149e-17
2.66924e-17
4.79425e-17
8.62471e-17
1.56168e-16
2.86075e-16
5.3274e-16
1.01158e-15
1.95137e-15
3.73875e-15
6.5656e-15
6.79834e-19
1.22601e-18
2.64597e-18
5.60787e-18
1.14138e-17
2.23769e-17
4.25537e-17
7.90246e-17
1.44159e-16
2.59684e-16
4.64124e-16
8.26727e-16
1.47418e-15
2.64326e-15
4.78727e-15
8.79452e-15
1.64265e-14
3.10791e-14
5.83342e-14
1.00655e-13
1.04471e-17
2.07776e-17
4.62296e-17
9.83262e-17
1.99e-16
3.86659e-16
7.27842e-16
1.33759e-15
2.4153e-15
4.3087e-15
7.63011e-15
1.34719e-14
2.3815e-14
4.23204e-14
7.58968e-14
1.37832e-13
2.53864e-13
4.72243e-13
8.69831e-13
1.47506e-12
1.57359e-16
3.42657e-16
7.75709e-16
1.64082e-15
3.27975e-15
6.28064e-15
1.16492e-14
2.11075e-14
3.76176e-14
6.63152e-14
1.16199e-13
2.0325e-13
3.56294e-13
6.28241e-13
1.11798e-12
2.01304e-12
3.66961e-12
6.73851e-12
1.22226e-11
2.04058e-11
2.29757e-15
5.39933e-15
1.22294e-14
2.54338e-14
4.9779e-14
9.331e-14
1.69601e-13
3.01666e-13
5.28839e-13
9.19037e-13
1.59104e-12
2.75566e-12
4.79306e-12
8.40066e-12
1.48785e-11
2.6677e-11
4.83989e-11
8.83061e-11
1.58774e-10
2.62173e-10
3.15608e-14
7.82089e-14
1.738e-13
3.50653e-13
6.654e-13
1.21173e-12
2.14548e-12
3.72854e-12
6.40636e-12
1.09474e-11
1.86983e-11
3.20605e-11
5.53946e-11
9.67653e-11
1.71337e-10
3.07924e-10
5.60924e-10
1.02814e-09
1.85531e-09
3.06251e-09
3.73049e-13
9.42074e-13
2.02627e-12
3.92866e-12
7.17694e-12
1.26269e-11
2.16829e-11
3.6687e-11
6.16146e-11
1.03344e-10
1.74022e-10
2.95577e-10
5.08504e-10
8.89329e-10
1.5857e-09
2.88674e-09
5.358e-09
1.00641e-08
1.8686e-08
3.16408e-08
0.001
0.001
0.001
0.001
0.001
0.001
0.001
0.001
0.001
0.001
0.001
0.000999999
0.000999999
0.000999998
0.000999997
0.000999995
0.00099999
0.000999982
0.000999966
0.000999942
0.001
0.001
0.001
0.001
0.001
0.001
0.001
0.001
0.001
0.001
0.001
0.001
0.001
0.001
0.001
0.000999999
0.000999999
0.000999998
0.000999996
0.000999994
0.001
0.001
0.001
0.001
0.001
0.001
0.001
0.001
0.001
0.001
0.001
0.001
0.001
0.001
0.001
0.001
0.001
0.001
0.001
0.000999999
0.001
0.001
0.001
0.001
0.001
0.001
0.001
0.001
0.001
0.001
0.001
0.001
0.001
0.001
0.001
0.001
0.001
0.001
0.001
0.001
0.001
0.001
0.001
0.001
0.001
0.001
0.001
0.001
0.001
0.001
0.001
0.001
0.001
0.001
0.001
0.001
0.001
0.001
0.001
0.001
0.001
0.001
0.001
0.001
0.001
0.001
0.001
0.001
0.001
0.001
0.001
0.001
0.001
0.001
0.001
0.001
0.001
0.001
0.001
0.001
0.001
0.001
0.001
0.001
0.001
0.001
0.001
0.001
0.001
0.001
0.001
0.001
0.001
0.001
0.001
0.001
0.001
0.001
0.001
0.001
0.001
0.001
0.001
0.001
0.001
0.001
0.001
0.001
0.001
0.001
0.001
0.001
0.001
0.001
0.001
0.001
0.001
0.001
0.001
0.001
0.001
0.001
0.001
0.001
0.001
0.001
0.001
0.001
0.001
0.001
0.001
0.001
0.001
0.001
0.001
0.001
0.001
0.001
0.001
0.001
0.001
0.001
0.001
0.001
0.001
0.001
0.001
0.001
0.001
0.001
0.001
0.001
0.001
0.001
0.001
0.001
0.001
0.001
0.001
0.001
0.001
0.001
0.001
0.001
0.001
0.001
0.001
0.001
0.001
0.001
0.001
0.001
0.001
0.001
0.001
0.001
0.001
0.001
0.001
0.001
0.001
0.001
0.001
0.001
0.001
0.001
0.001
0.001
0.001
0.001
0.001
0.001
0.001
0.001
0.001
0.001
0.001
0.001
0.001
0.001
0.001
0.001
0.001
0.001
0.001
0.001
0.001
0.001
0.001
0.001
0.001
0.001
0.001
0.001
0.001
0.001
0.001
0.001
0.001
0.001
0.001
0.001
0.001
0.001
0.001
0.001
0.001
0.001
0.001
0.001
0.001
0.001
0.001
0.001
0.001
0.001
0.001
0.001
0.001
0.001
0.001
0.001
0.001
0.001
0.001
0.001
0.001
0.001
0.001
0.001
0.001
0.001
0.001
0.001
0.001
0.001
0.001
0.001
0.001
0.001
0.001
0.001
0.001
0.001
0.001
0.001
0.001
0.001
0.001
0.001
0.001
0.001
0.001
0.001
0.001
0.001
0.001
0.001
0.001
0.001
0.001
0.001
0.001
0.001
0.001
0.001
0.001
0.001
0.001
0.001
0.001
0.001
0.001
0.001
0.001
0.001
0.001
0.001
0.001
0.001
0.001
0.001
0.001
0.001
0.001
0.001
0.001
0.001
0.001
0.001
0.001
0.001
0.001
0.001
0.001
0.001
0.001
0.001
0.001
0.001
0.001
0.001
0.001
0.001
0.001
0.001
0.001
0.001
0.001
0.001
0.001
0.001
0.001
0.001
0.001
0.001
0.001
0.001
0.001
0.001
0.001
0.001
0.001
0.001
0.001
0.001
0.001
0.001
0.001
0.001
0.001
0.001
0.001
0.001
0.001
0.001
0.001
0.001
0.001
0.001
0.001
0.001
0.001
0.001
0.001
0.001
0.001
0.001
0.001
0.001
0.001
0.001
0.001
0.001
0.001
0.001
0.001
0.001
0.001
0.001
0.001
0.001
0.001
0.001
0.001
0.001
0.001
0.001
0.001
0.001
0.001
0.001
0.001
0.001
0.001
0.001
0.001
0.001
0.001
0.001
0.001
0.001
0.001
0.001
0.001
0.001
0.001
0.001
0.001
0.001
0.001
0.001
0.001
0.001
0.001
0.001
0.001
0.001
0.001
0.001
0.001
0.001
0.001
0.001
0.001
0.001
0.001
0.001
0.001
0.001
0.001
0.001
0.001
0.001
0.001
0.001
0.001
0.001
0.001
0.001
0.001
0.001
0.001
0.001
0.001
0.001
0.001
0.001
0.001
0.001
0.001
0.001
0.001
0.001
0.001
0.001
0.001
0.001
0.001
0.001
0.001
0.001
0.001
0.001
0.001
0.001
0.001
0.001
0.001
0.001
0.001
0.001
0.001
0.001
0.001
0.001
0.001
0.001
0.001
0.001
0.001
0.001
0.001
0.001
0.001
0.001
0.001
0.001
0.001
0.001
0.001
0.001
0.001
0.001
0.001
0.001
0.001
0.001
0.001
0.001
0.001
0.001
0.001
0.001
0.001
0.001
0.001
0.001
0.001
0.001
0.001
0.001
0.001
0.001
0.001
0.001
0.001
0.001
0.001
0.001
0.001
0.001
0.001
0.001
0.001
0.001
0.001
0.001
0.001
0.001
0.001
0.001
0.001
0.001
0.001
0.001
0.001
0.001
0.001
0.001
0.001
0.001
0.001
0.001
0.001
0.001
0.001
0.001
0.001
0.001
0.001
0.001
0.001
0.001
0.001
0.001
0.001
0.001
0.001
0.001
0.001
0.001
0.001
0.001
0.001
0.001
0.001
0.001
0.001
0.001
0.001
0.001
0.001
0.001
0.001
0.001
0.001
0.001
0.001
0.001
0.001
0.001
0.001
0.001
0.001
0.001
0.001
0.001
0.001
0.001
0.001
0.001
0.001
0.001
0.001
0.001
0.001
0.001
0.001
0.001
0.001
0.001
0.001
0.001
0.001
0.001
0.001
0.001
0.001
0.001
0.001
0.001
0.001
0.001
0.001
0.001
0.001
0.001
0.001
0.001
0.001
0.001
0.001
0.001
0.001
0.001
0.001
0.001
0.001
0.001
0.001
0.001
0.001
0.001
0.001
0.001
0.001
0.001
0.001
0.001
0.001
0.001
0.001
0.001
0.001
0.001
0.001
0.001
0.001
0.001
0.001
0.001
0.001
0.001
0.001
0.001
0.001
0.001
0.001
0.001
0.001
0.001
0.001
0.001
0.001
0.001
0.001
0.001
0.001
0.001
0.001
0.001
0.001
0.001
0.001
0.001
0.001
0.001
0.001
0.001
0.001
0.001
0.001
0.001
0.001
0.001
0.001
0.001
0.001
0.001
0.001
0.001
0.001
0.001
0.001
0.001
0.001
0.001
0.001
0.001
0.001
0.001
0.001
0.001
0.001
0.001
0.001
0.001
0.001
0.001
0.001
0.001
0.001
0.001
0.001
0.001
0.001
0.001
0.001
0.001
0.001
0.001
0.001
0.001
0.001
0.001
0.001
0.001
0.001
0.001
0.001
0.001
0.001
0.001
0.001
0.001
0.001
0.001
0.001
0.001
0.001
0.001
0.001
0.001
0.001
0.001
0.001
0.001
0.001
0.001
0.001
0.001
0.001
0.001
0.001
0.001
0.001
0.001
0.001
0.001
0.001
0.001
0.001
0.001
0.001
0.001
0.001
0.001
0.001
0.001
0.001
0.001
0.001
0.001
0.001
0.001
0.001
0.001
0.001
0.001
0.001
0.001
0.001
0.001
0.001
0.001
0.001
0.001
0.001
0.001
0.001
0.001
0.001
0.001
0.001
0.001
0.001
0.001
0.001
0.001
0.001
0.001
0.001
0.001
0.001
0.001
0.001
0.001
0.001
0.001
0.001
0.001
0.001
0.001
0.001
0.001
0.001
0.001
0.001
0.001
0.001
0.001
0.001
0.001
0.001
0.001
0.001
0.001
0.001
0.001
0.001
0.001
0.001
0.001
0.001
0.001
0.001
0.001
0.001
0.001
0.001
0.001
0.001
0.001
0.001
0.001
0.001
0.001
0.001
0.001
0.001
0.001
0.001
0.001
0.001
0.001
0.001
0.001
0.001
0.001
0.001
0.001
0.001
0.001
0.001
0.001
0.001
0.001
0.001
0.001
0.001
0.001
0.001
0.001
0.001
0.001
0.001
0.001
0.001
0.001
0.001
0.001
0.001
0.001
0.001
0.001
0.001
0.001
0.001
0.001
0.001
0.001
0.001
0.001
0.001
0.001
0.001
0.001
0.001
0.001
0.001
0.001
0.001
0.001
0.001
0.001
0.001
0.001
0.001
0.001
0.001
0.001
0.001
0.001
0.001
0.001
0.001
0.001
0.001
0.001
0.001
0.001
0.001
0.001
0.001
0.001
0.001
0.001
0.001
0.001
0.001
0.001
0.001
0.001
0.001
0.001
0.001
0.001
0.001
0.001
0.001
0.001
0.001
0.001
0.001
0.001
0.001
0.001
0.001
0.001
0.001
0.001
0.001
0.001
0.001
0.001
0.001
0.001
0.001
0.001
0.001
0.001
0.001
0.001
0.001
0.001
0.001
0.001
0.001
0.001
0.001
0.001
0.001
0.001
0.001
0.001
0.001
0.001
0.001
0.001
0.001
0.001
0.001
0.001
0.001
0.001
0.001
0.001
0.001
0.001
0.001
0.001
0.001
0.001
0.001
0.001
0.001
0.001
0.001
0.001
0.001
0.001
0.001
0.001
0.001
0.001
0.001
0.001
0.001
0.001
0.001
0.001
0.001
0.001
0.001
0.001
0.001
0.001
0.001
0.001
0.001
0.001
0.001
0.001
0.001
0.001
0.001
0.001
0.001
0.001
0.001
0.001
0.001
0.001
0.001
0.001
0.001
0.001
0.001
0.001
0.001
0.001
0.001
0.001
0.001
0.001
0.001
0.001
0.001
0.001
0.001
0.001
0.001
0.001
0.001
0.001
0.001
0.001
0.001
0.001
0.001
0.001
0.001
0.001
0.001
0.001
0.001
0.001
0.001
0.001
0.001
0.001
0.001
0.001
0.001
0.001
0.001
0.001
0.001
0.001
0.001
0.001
0.001
0.001
0.001
0.001
0.001
0.001
0.001
0.001
0.001
0.001
0.001
0.001
0.001
0.001
0.001
0.001
0.001
0.001
0.001
0.001
0.001
0.001
0.001
0.001
0.001
0.001
0.001
0.001
0.001
0.001
0.001
0.001
0.001
0.001
0.001
0.001
0.001
0.001
0.001
0.001
0.001
0.001
0.001
0.001
0.001
0.001
0.001
0.001
0.001
0.001
0.001
0.001
0.001
0.001
0.001
0.001
0.001
0.001
0.001
0.001
0.001
0.001
0.001
0.001
0.001
0.001
0.001
0.001
0.001
0.001
0.001
0.001
0.001
0.001
0.001
0.001
0.001
0.001
0.001
0.001
0.001
0.001
0.001
0.001
0.001
0.001
0.001
0.001
0.001
0.001
0.001
0.001
0.001
0.001
0.001
0.001
0.001
0.001
0.001
0.001
0.001
0.001
0.001
0.001
0.001
0.001
0.001
0.001
0.001
0.001
0.001
0.001
0.001
0.001
0.001
0.001
0.001
0.001
0.001
0.001
0.001
0.001
0.001
0.001
0.001
0.001
0.001
0.001
0.001
0.001
0.001
0.001
0.001
0.001
0.001
0.001
0.001
0.001
0.001
0.001
0.001
0.001
0.001
0.001
0.001
0.001
0.001
0.001
0.001
0.001
0.001
0.001
0.001
0.001
0.001
0.001
0.001
0.001
0.001
0.001
0.001
0.001
0.001
0.001
0.001
0.001
0.001
0.001
0.001
0.001
0.001
0.001
0.001
0.001
0.001
0.001
0.001
0.001
0.001
0.001
0.001
0.001
0.001
0.001
0.001
0.001
0.001
0.001
0.001
0.001
0.001
0.001
0.001
0.001
0.001
0.001
0.001
0.001
0.001
0.001
0.001
0.001
0.001
0.001
0.001
0.001
0.001
0.001
0.001
0.001
0.001
0.001
0.001
0.001
0.001
0.001
0.001
0.001
0.001
0.001
0.001
0.001
0.001
0.001
0.001
0.001
0.001
0.001
0.001
0.001
0.001
0.001
0.001
0.001
0.001
0.001
0.001
0.001
0.001
0.001
0.001
0.001
0.001
0.001
0.001
0.001
0.001
0.001
0.001
0.001
0.001
0.001
0.001
0.001
0.001
0.001
0.001
0.001
0.001
0.001
0.001
0.001
0.001
0.001
0.001
0.001
0.001
0.001
0.001
0.001
0.001
0.001
0.001
0.001
0.001
0.001
0.001
0.001
0.001
0.001
0.001
0.001
0.001
0.001
0.001
0.001
0.001
0.001
0.001
0.001
0.001
0.001
0.001
0.001
0.001
0.001
0.001
0.001
0.001
0.001
0.001
0.001
0.001
0.001
0.001
0.001
0.001
0.001
0.001
0.001
0.001
0.001
0.001
0.001
0.001
0.001
0.001
0.001
0.001
0.001
0.001
0.001
0.001
0.001
0.001
0.001
0.001
0.001
0.001
0.001
0.001
0.001
0.001
0.001
0.001
0.001
0.001
0.001
0.001
0.001
0.001
0.001
0.001
0.001
0.001
0.001
0.001
0.001
0.001
0.001
0.001
0.001
0.001
0.001
0.001
0.001
0.001
0.001
0.001
0.001
0.001
0.001
0.001
0.001
0.001
0.001
0.001
0.001
0.001
0.001
0.001
0.001
0.001
0.001
0.001
0.001
0.001
0.001
0.001
0.001
0.001
0.001
0.001
0.001
0.001
0.001
0.001
0.001
0.001
0.001
0.001
0.001
0.001
0.001
0.001
0.001
0.001
0.001
0.001
0.001
0.001
0.001
0.001
0.001
0.001
0.001
0.001
0.001
0.001
0.001
0.001
0.001
0.001
0.001
0.001
0.001
0.001
0.001
0.001
0.001
0.001
0.001
0.001
0.001
0.001
0.001
0.001
0.001
0.001
0.001
0.001
0.001
0.001
0.001
0.001
0.001
0.001
0.001
0.001
0.001
0.001
0.001
0.001
0.001
0.001
0.001
0.001
0.001
0.001
0.001
0.001
0.001
0.001
0.001
0.001
0.001
0.001
0.001
0.001
0.001
0.001
0.001
0.001
0.001
0.001
0.001
0.001
0.001
0.001
0.001
0.001
0.001
0.001
0.001
0.001
0.001
0.001
0.001
0.001
0.001
0.001
0.001
0.001
0.001
0.001
0.001
0.001
0.001
0.001
0.001
0.001
0.001
0.001
0.001
0.001
0.001
0.001
0.001
0.001
0.001
0.001
0.001
0.001
0.001
0.001
0.001
0.001
0.001
0.001
0.001
0.001
0.001
0.001
0.001
0.001
0.001
0.001
0.001
0.001
0.001
0.001
0.001
0.001
0.001
0.001
0.001
0.001
0.001
0.001
0.001
0.001
0.001
0.001
0.001
0.001
0.001
0.001
0.001
0.001
0.001
0.001
0.001
0.001
0.001
0.001
0.001
0.001
0.001
0.001
0.001
0.001
0.001
0.001
0.001
0.001
0.001
0.001
0.001
0.001
0.001
0.001
0.001
0.001
0.001
0.001
0.001
0.001
0.001
0.001
0.001
0.001
0.001
0.001
0.001
0.001
0.001
0.001
0.001
0.001
0.001
0.001
0.001
0.001
0.001
0.001
0.001
0.001
0.001
0.001
0.001
0.001
0.001
0.001
0.001
0.001
0.001
0.001
0.001
0.001
0.001
0.001
0.001
0.001
0.001
0.001
0.001
0.001
0.001
0.001
0.001
0.001
0.001
0.001
0.001
0.001
0.001
0.001
0.001
0.001
0.001
0.001
0.001
0.001
0.001
0.001
0.001
0.001
0.001
0.001
0.001
0.001
0.001
0.001
0.001
0.001
0.001
0.001
0.001
0.001
0.001
0.001
0.001
0.001
0.001
0.001
0.001
0.001
0.001
0.001
0.001
0.001
0.001
0.001
0.001
0.001
0.001
0.001
0.001
0.001
0.001
0.001
0.001
0.001
0.001
0.001
0.001
0.001
0.001
0.001
0.001
0.001
0.001
0.001
0.001
0.001
0.001
0.001
0.001
0.001
0.001
0.001
0.001
0.001
0.001
0.001
0.001
0.001
0.001
0.001
0.001
0.001
0.001
0.001
0.001
0.001
0.001
0.001
0.001
0.001
0.001
0.001
0.001
0.001
0.001
0.001
0.001
0.001
0.001
0.001
0.001
0.001
0.001
0.001
0.001
0.001
0.001
0.001
0.001
0.001
0.001
0.001
0.001
0.001
0.001
0.001
0.001
0.001
0.001
0.001
0.001
0.001
0.001
0.001
0.001
0.001
0.001
0.001
0.001
0.001
0.001
0.001
0.001
0.001
0.001
0.001
0.001
0.001
0.001
0.001
0.001
0.001
0.001
0.001
0.001
0.001
0.001
0.001
0.001
0.001
0.001
0.001
0.001
0.001
0.001
0.001
0.001
0.001
0.001
0.001
0.001
0.001
0.001
0.001
0.001
0.001
0.001
0.001
0.001
0.001
0.001
0.001
0.001
0.001
0.001
0.001
0.001
0.001
0.001
0.001
0.001
0.001
0.001
0.001
0.001
0.001
0.001
0.001
0.001
0.001
0.001
0.001
0.001
0.001
0.001
0.001
0.001
0.001
0.001
0.001
0.001
0.001
0.001
0.001
0.001
0.001
0.001
0.001
0.001
0.001
0.001
0.001
0.001
0.001
0.001
0.001
0.001
0.001
0.001
0.001
0.001
0.001
0.001
0.001
0.001
0.001
0.001
0.001
0.001
0.001
0.001
0.001
0.001
0.001
0.001
0.001
0.001
0.001
0.001
0.001
0.001
0.001
0.001
0.001
0.001
0.001
0.001
0.001
0.001
0.001
0.001
0.001
0.001
0.001
0.001
0.001
0.001
0.001
0.001
0.001
0.001
0.001
0.001
0.001
0.001
0.001
0.001
0.001
0.001
)
;

boundaryField
{
    outlet
    {
        type            zeroGradient;
    }
    inlet1
    {
        type            fixedValue;
        value           uniform 0;
    }
    inlet2
    {
        type            fixedValue;
        value           uniform 0.001;
    }
    frontAndBack
    {
        type            empty;
    }
    defaultFaces
    {
        type            zeroGradient;
    }
}


// ************************************************************************* //
