/*--------------------------------*- C++ -*----------------------------------*\
| =========                 |                                                 |
| \\      /  F ield         | OpenFOAM: The Open Source CFD Toolbox           |
|  \\    /   O peration     | Version:  2.1.0                                 |
|   \\  /    A nd           | Web:      www.OpenFOAM.org                      |
|    \\/     M anipulation  |                                                 |
\*---------------------------------------------------------------------------*/
FoamFile
{
    version     2.0;
    format      ascii;
    class       volScalarField;
    location    "0.29";
    object      C0;
}
// * * * * * * * * * * * * * * * * * * * * * * * * * * * * * * * * * * * * * //

dimensions      [0 0 0 0 0 0 0];

internalField   nonuniform List<scalar> 
6400
(
0.000102577
0.000106029
0.000110462
0.00011523
0.000120173
0.000125252
0.000130457
0.000135786
0.000141236
0.000146806
0.000152494
0.000158299
0.000164217
0.000170246
0.000176385
0.00018263
0.000188978
0.000195428
0.000201975
0.000208617
0.000215351
0.000222174
0.000229082
0.000236072
0.000243141
0.000250286
0.000257504
0.000264791
0.000272146
0.000279564
0.000287044
0.000294582
0.000302177
0.000309826
0.000317527
0.000325278
0.000333078
0.000340924
0.000348816
0.000356752
0.000364731
0.000372754
0.000380818
0.000388925
0.000397074
0.000405266
0.0004135
0.000421778
0.000430101
0.00043847
0.000446886
0.000455352
0.00046387
0.000472442
0.00048107
0.000489759
0.000498511
0.00050733
0.000516219
0.000525184
0.000534228
0.000543356
0.000552574
0.000561887
0.000571301
0.000580821
0.000590455
0.000600208
0.000610088
0.000620102
0.000630257
0.000640562
0.000651023
0.00066165
0.00067245
0.000683433
0.000694605
0.000705976
0.000717553
0.000729345
0.000741357
0.000753597
0.000766068
0.000778775
0.000791717
0.000804893
0.000818299
0.000831925
0.000845758
0.000859779
0.000873961
0.000888273
0.000902664
0.000917043
0.000931239
0.000945062
0.000958358
0.000970744
0.000981543
0.000989814
0.000104203
0.000107756
0.000112259
0.000117082
0.000122075
0.000127202
0.000132454
0.000137828
0.000143322
0.000148935
0.000154664
0.000160508
0.000166463
0.000172529
0.000178701
0.000184977
0.000191355
0.000197832
0.000204404
0.000211067
0.00021782
0.000224659
0.00023158
0.000238581
0.000245657
0.000252807
0.000260025
0.000267311
0.00027466
0.00028207
0.000289538
0.000297062
0.000304638
0.000312265
0.000319941
0.000327664
0.000335432
0.000343243
0.000351097
0.000358992
0.000366927
0.000374902
0.000382917
0.000390971
0.000399064
0.000407197
0.00041537
0.000423584
0.000431841
0.000440142
0.000448487
0.000456881
0.000465324
0.000473819
0.00048237
0.000490979
0.00049965
0.000508386
0.000517192
0.000526072
0.000535031
0.000544074
0.000553207
0.000562434
0.000571763
0.000581199
0.000590749
0.00060042
0.00061022
0.000620156
0.000630237
0.000640469
0.000650863
0.000661426
0.000672168
0.000683097
0.000694224
0.000705557
0.000717105
0.000728878
0.000740884
0.00075313
0.000765624
0.000778371
0.000791375
0.000804637
0.000818153
0.000831918
0.000845917
0.000860128
0.000874514
0.000889022
0.000903569
0.000918028
0.000932225
0.000945927
0.000958917
0.000970741
0.000980716
0.000988023
0.000106942
0.000110623
0.00011523
0.000120141
0.000125214
0.000130418
0.000135745
0.000141192
0.000146757
0.000152438
0.000158232
0.000164138
0.000170152
0.000176272
0.000182496
0.00018882
0.000195241
0.000201755
0.000208361
0.000215053
0.00022183
0.000228687
0.000235621
0.000242628
0.000249706
0.000256851
0.000264059
0.000271328
0.000278654
0.000286035
0.000293467
0.000300949
0.000308477
0.000316049
0.000323663
0.000331318
0.000339012
0.000346742
0.000354508
0.00036231
0.000370145
0.000378014
0.000385916
0.000393852
0.000401821
0.000409824
0.000417861
0.000425934
0.000434044
0.000442193
0.000450382
0.000458613
0.000466889
0.000475213
0.000483588
0.000492017
0.000500503
0.000509052
0.000517667
0.000526352
0.000535114
0.000543957
0.000552887
0.000561911
0.000571034
0.000580264
0.000589607
0.000599072
0.000608666
0.000618398
0.000628276
0.000638309
0.000648507
0.000658879
0.000669436
0.000680187
0.000691145
0.000702319
0.000713722
0.000725364
0.000737257
0.000749411
0.000761839
0.000774548
0.000787549
0.000800847
0.000814445
0.000828339
0.000842518
0.000856956
0.00087161
0.000886402
0.000901216
0.000915877
0.00093014
0.000943704
0.000956342
0.000967608
0.000976912
0.00098359
0.000110452
0.000114273
0.000119
0.000124016
0.000129188
0.000134486
0.000139904
0.000145438
0.000151087
0.000156848
0.000162719
0.000168696
0.000174777
0.000180959
0.000187238
0.000193612
0.000200077
0.000206628
0.000213264
0.00021998
0.000226772
0.000233637
0.000240571
0.000247571
0.000254632
0.000261751
0.000268926
0.000276152
0.000283426
0.000290745
0.000298107
0.000305508
0.000312946
0.000320419
0.000327925
0.000335461
0.000343025
0.000350617
0.000358236
0.000365879
0.000373547
0.000381238
0.000388954
0.000396693
0.000404456
0.000412243
0.000420056
0.000427896
0.000435763
0.00044366
0.000451588
0.00045955
0.000467549
0.000475587
0.000483667
0.000491794
0.000499971
0.000508202
0.000516492
0.000524845
0.000533268
0.000541765
0.000550344
0.000559009
0.000567769
0.00057663
0.000585599
0.000594686
0.000603897
0.000613242
0.00062273
0.000632371
0.000642175
0.000652152
0.000662314
0.000672672
0.000683239
0.000694028
0.000705052
0.000716325
0.000727861
0.000739677
0.000751788
0.000764209
0.000776956
0.000790042
0.00080348
0.000817273
0.00083142
0.0008459
0.000860669
0.000875648
0.000890705
0.000905636
0.00092015
0.000933944
0.000946774
0.000958203
0.000967656
0.000974384
0.000114394
0.000118356
0.000123208
0.000128333
0.000133607
0.000139003
0.000144515
0.000150139
0.000155873
0.000161713
0.000167657
0.000173702
0.000179845
0.000186081
0.000192407
0.00019882
0.000205316
0.00021189
0.000218539
0.000225259
0.000232046
0.000238895
0.000245804
0.000252766
0.00025978
0.000266841
0.000273945
0.000281089
0.000288269
0.000295482
0.000302725
0.000309996
0.00031729
0.000324607
0.000331942
0.000339296
0.000346665
0.000354048
0.000361445
0.000368853
0.000376272
0.000383701
0.000391141
0.000398591
0.000406052
0.000413524
0.000421008
0.000428505
0.000436017
0.000443545
0.000451091
0.000458658
0.000466248
0.000473865
0.000481511
0.00048919
0.000496906
0.000504664
0.000512467
0.000520322
0.000528233
0.000536206
0.000544247
0.000552363
0.00056056
0.000568845
0.000577226
0.000585711
0.000594309
0.000603028
0.000611878
0.000620868
0.000630009
0.000639313
0.000648791
0.000658456
0.000668322
0.000678402
0.000688713
0.000699271
0.000710095
0.000721205
0.000732621
0.000744366
0.000756466
0.000768944
0.000781824
0.000795127
0.000808867
0.000823042
0.000837631
0.000852576
0.000867768
0.000883025
0.000898072
0.00091261
0.00092637
0.00093886
0.000949355
0.000956695
0.000118402
0.000122497
0.000127464
0.000132689
0.000138056
0.00014354
0.000149135
0.000154836
0.000160641
0.000166546
0.000172548
0.000178642
0.000184827
0.000191096
0.000197446
0.000203874
0.000210374
0.000216942
0.000223574
0.000230266
0.000237012
0.000243808
0.000250651
0.000257536
0.000264457
0.000271413
0.000278397
0.000285407
0.000292439
0.000299488
0.000306553
0.000313629
0.000320714
0.000327805
0.0003349
0.000341995
0.000349091
0.000356184
0.000363273
0.000370357
0.000377435
0.000384507
0.000391572
0.00039863
0.000405682
0.000412727
0.000419767
0.000426802
0.000433835
0.000440866
0.000447897
0.000454931
0.00046197
0.000469018
0.000476077
0.00048315
0.000490242
0.000497356
0.000504498
0.000511671
0.000518881
0.000526133
0.000533433
0.000540788
0.000548203
0.000555685
0.000563242
0.000570882
0.000578611
0.00058644
0.000594377
0.000602431
0.000610614
0.000618936
0.00062741
0.000636047
0.000644863
0.000653873
0.000663093
0.000672543
0.000682244
0.000692218
0.000702493
0.000713098
0.000724065
0.000735432
0.000747236
0.000759518
0.000772315
0.000785658
0.000799566
0.000814029
0.000828999
0.000844372
0.00085995
0.000875431
0.000890514
0.000904607
0.000916683
0.000924906
0.000122074
0.000126282
0.00013134
0.000136643
0.000142079
0.000147626
0.000153278
0.000159029
0.000164877
0.000170818
0.000176847
0.00018296
0.000189152
0.00019542
0.000201759
0.000208163
0.000214628
0.000221149
0.000227721
0.00023434
0.000241
0.000247696
0.000254423
0.000261178
0.000267954
0.000274748
0.000281556
0.000288372
0.000295194
0.000302016
0.000308836
0.00031565
0.000322455
0.000329247
0.000336025
0.000342786
0.000349527
0.000356247
0.000362943
0.000369616
0.000376262
0.000382883
0.000389476
0.000396043
0.000402582
0.000409094
0.00041558
0.000422041
0.000428477
0.00043489
0.000441282
0.000447655
0.000454011
0.000460352
0.000466681
0.000473002
0.000479318
0.000485632
0.000491948
0.000498271
0.000504605
0.000510955
0.000517326
0.000523724
0.000530154
0.000536622
0.000543136
0.000549701
0.000556325
0.000563015
0.000569781
0.00057663
0.000583573
0.000590619
0.00059778
0.000605068
0.000612496
0.000620079
0.000627835
0.000635781
0.00064394
0.000652337
0.000661
0.000669961
0.000679261
0.000688942
0.000699056
0.000709658
0.000720808
0.000732571
0.000745008
0.000758171
0.000772095
0.000786786
0.00080219
0.000818025
0.000833964
0.000849339
0.000862787
0.000871717
0.000124989
0.000129275
0.000134388
0.000139732
0.000145202
0.000150776
0.000156447
0.00016221
0.000168062
0.000173998
0.000180013
0.000186102
0.00019226
0.000198483
0.000204765
0.0002111
0.000217484
0.000223911
0.000230376
0.000236873
0.000243397
0.000249942
0.000256503
0.000263076
0.000269654
0.000276233
0.000282809
0.000289376
0.00029593
0.000302468
0.000308984
0.000315476
0.00032194
0.000328372
0.00033477
0.00034113
0.000347451
0.000353731
0.000359966
0.000366156
0.000372299
0.000378395
0.000384441
0.000390439
0.000396386
0.000402284
0.000408133
0.000413933
0.000419684
0.000425388
0.000431047
0.000436661
0.000442232
0.000447763
0.000453255
0.000458711
0.000464135
0.000469528
0.000474894
0.000480236
0.000485558
0.000490865
0.000496159
0.000501446
0.00050673
0.000512017
0.000517311
0.000522618
0.000527944
0.000533295
0.000538677
0.000544098
0.000549567
0.00055509
0.000560677
0.00056634
0.000572088
0.000577936
0.000583896
0.000589987
0.000596227
0.000602638
0.000609247
0.000616085
0.000623187
0.0006306
0.000638375
0.000646571
0.000655258
0.000664516
0.000674432
0.000685101
0.000696625
0.00070911
0.000722665
0.000737213
0.000752294
0.00076733
0.000780802
0.000789628
0.000126767
0.000131085
0.000136208
0.00014155
0.00014701
0.000152568
0.000158215
0.000163947
0.000169758
0.000175645
0.000181601
0.000187622
0.000193702
0.000199835
0.000206016
0.000212239
0.000218498
0.000224787
0.000231101
0.000237434
0.000243779
0.000250131
0.000256484
0.000262832
0.000269171
0.000275495
0.000281798
0.000288075
0.000294323
0.000300536
0.00030671
0.000312841
0.000318925
0.000324958
0.000330937
0.000336859
0.000342721
0.000348521
0.000354256
0.000359924
0.000365524
0.000371053
0.000376511
0.000381897
0.000387209
0.000392448
0.000397614
0.000402705
0.000407723
0.000412667
0.000417539
0.00042234
0.00042707
0.000431731
0.000436324
0.000440852
0.000445315
0.000449716
0.000454058
0.000458342
0.000462571
0.000466747
0.000470874
0.000474955
0.000478994
0.000482992
0.000486955
0.000490886
0.000494788
0.000498667
0.000502526
0.00050637
0.000510206
0.000514038
0.000517873
0.000521719
0.000525583
0.000529473
0.000533402
0.00053738
0.000541422
0.000545542
0.000549761
0.000554098
0.00055858
0.000563242
0.000568123
0.000573269
0.000578736
0.000584588
0.000590904
0.000597771
0.0006053
0.000613627
0.000622939
0.000633469
0.000644748
0.000656384
0.00066714
0.000674238
0.000127133
0.000131431
0.000136517
0.000141812
0.000147219
0.000152716
0.000158296
0.000163953
0.000169682
0.000175478
0.000181336
0.000187249
0.000193211
0.000199218
0.000205262
0.000211337
0.000217438
0.000223557
0.00022969
0.000235828
0.000241966
0.000248098
0.000254218
0.000260319
0.000266396
0.000272443
0.000278455
0.000284426
0.00029035
0.000296224
0.000302041
0.000307798
0.000313491
0.000319114
0.000324665
0.00033014
0.000335535
0.000340848
0.000346075
0.000351215
0.000356264
0.000361222
0.000366085
0.000370854
0.000375525
0.000380099
0.000384575
0.000388951
0.000393228
0.000397405
0.000401482
0.00040546
0.000409338
0.000413118
0.0004168
0.000420384
0.000423872
0.000427265
0.000430564
0.000433769
0.000436883
0.000439907
0.000442841
0.000445688
0.000448449
0.000451126
0.000453721
0.000456236
0.000458672
0.000461031
0.000463317
0.000465529
0.000467672
0.000469748
0.00047176
0.000473711
0.000475605
0.000477446
0.00047924
0.000480993
0.000482712
0.000484403
0.000486077
0.00048774
0.000489396
0.000491066
0.000492766
0.000494513
0.000496326
0.000498231
0.000500259
0.000502441
0.000504821
0.000507457
0.000510428
0.000513849
0.00051789
0.000522279
0.000526505
0.000529346
0.000125983
0.00013021
0.000135213
0.00014042
0.000145732
0.00015113
0.000156604
0.00016215
0.000167761
0.000173433
0.00017916
0.000184934
0.000190751
0.000196604
0.000202486
0.000208391
0.000214312
0.000220243
0.000226176
0.000232106
0.000238025
0.000243928
0.000249806
0.000255655
0.000261467
0.000267236
0.000272957
0.000278623
0.000284229
0.00028977
0.00029524
0.000300633
0.000305947
0.000311174
0.000316312
0.000321357
0.000326304
0.00033115
0.000335891
0.000340525
0.000345048
0.000349459
0.000353754
0.000357932
0.000361991
0.000365929
0.000369744
0.000373436
0.000377002
0.000380443
0.000383758
0.000386945
0.000390005
0.000392937
0.000395741
0.000398417
0.000400964
0.000403384
0.000405675
0.000407838
0.000409873
0.000411781
0.000413562
0.000415217
0.000416744
0.000418143
0.000419415
0.00042056
0.000421576
0.000422465
0.000423225
0.000423855
0.000424355
0.000424725
0.000424963
0.000425069
0.00042504
0.000424878
0.000424579
0.000424144
0.000423572
0.000422861
0.000422011
0.000421023
0.000419903
0.000418642
0.000417227
0.000415645
0.000413868
0.000411876
0.000409647
0.000407138
0.000404317
0.000401136
0.00039754
0.00039347
0.000388884
0.000383799
0.000378632
0.000374586
0.000123428
0.00012754
0.000132421
0.000137504
0.000142689
0.000147954
0.000153292
0.000158696
0.000164162
0.000169683
0.000175253
0.000180867
0.000186517
0.000192197
0.000197901
0.000203621
0.000209351
0.000215083
0.000220812
0.000226529
0.000232227
0.0002379
0.000243541
0.000249143
0.000254698
0.000260202
0.000265646
0.000271025
0.000276332
0.000281562
0.000286708
0.000291766
0.000296729
0.000301593
0.000306353
0.000311004
0.000315542
0.000319962
0.000324262
0.000328436
0.000332481
0.000336396
0.000340175
0.000343817
0.00034732
0.00035068
0.000353896
0.000356965
0.000359887
0.000362659
0.000365279
0.000367747
0.000370062
0.000372221
0.000374225
0.000376071
0.00037776
0.00037929
0.000380661
0.00038187
0.000382919
0.000383805
0.000384528
0.000385086
0.000385478
0.000385702
0.000385757
0.000385641
0.000385351
0.000384885
0.000384241
0.000383415
0.000382405
0.000381206
0.000379815
0.000378226
0.000376436
0.000374438
0.000372227
0.000369796
0.000367138
0.000364245
0.000361107
0.000357716
0.000354059
0.000350117
0.000345869
0.000341293
0.000336364
0.000331031
0.000325209
0.00031879
0.000311711
0.000303897
0.000295263
0.000285754
0.000275425
0.000264639
0.000254473
0.000247273
0.000119738
0.0001237
0.000128429
0.000133361
0.000138392
0.0001435
0.000148678
0.000153918
0.000159217
0.000164568
0.000169964
0.0001754
0.00018087
0.000186366
0.000191881
0.000197409
0.000202942
0.000208473
0.000213996
0.000219502
0.000224985
0.000230436
0.00023585
0.000241218
0.000246534
0.00025179
0.000256979
0.000262096
0.000267133
0.000272083
0.000276941
0.0002817
0.000286355
0.000290899
0.000295328
0.000299636
0.000303819
0.00030787
0.000311787
0.000315564
0.000319198
0.000322685
0.00032602
0.000329202
0.000332226
0.00033509
0.00033779
0.000340325
0.000342691
0.000344886
0.000346909
0.000348757
0.000350427
0.000351919
0.000353231
0.00035436
0.000355305
0.000356064
0.000356636
0.000357018
0.000357208
0.000357205
0.000357007
0.000356611
0.000356014
0.000355214
0.000354208
0.000352993
0.000351564
0.000349918
0.000348051
0.000345958
0.000343633
0.000341072
0.000338267
0.000335211
0.000331898
0.000328319
0.000324464
0.000320324
0.000315889
0.000311145
0.00030608
0.000300677
0.00029492
0.000288786
0.00028225
0.000275284
0.000267854
0.000259913
0.000251412
0.000242299
0.000232413
0.00022173
0.000210232
0.000197954
0.000185096
0.000172205
0.000160525
0.000152482
0.000115269
0.000119061
0.000123617
0.00012838
0.00013324
0.000138176
0.000143178
0.000148241
0.00015336
0.000158529
0.000163742
0.000168992
0.000174274
0.00017958
0.000184904
0.000190237
0.000195575
0.000200908
0.000206229
0.000211532
0.000216808
0.00022205
0.000227251
0.000232404
0.000237499
0.000242532
0.000247493
0.000252377
0.000257175
0.000261882
0.00026649
0.000270993
0.000275384
0.000279658
0.000283809
0.00028783
0.000291717
0.000295463
0.000299064
0.000302516
0.000305812
0.00030895
0.000311924
0.000314731
0.000317367
0.000319828
0.00032211
0.000324211
0.000326128
0.000327857
0.000329396
0.000330741
0.00033189
0.000332841
0.000333591
0.000334138
0.000334478
0.00033461
0.000334532
0.000334239
0.00033373
0.000333002
0.000332052
0.000330877
0.000329473
0.000327837
0.000325964
0.000323851
0.000321492
0.000318884
0.00031602
0.000312895
0.000309502
0.000305835
0.000301886
0.000297646
0.000293108
0.000288262
0.000283098
0.000277605
0.000271772
0.000265586
0.000259032
0.000252098
0.000244765
0.000237017
0.000228833
0.000220193
0.000211076
0.000201458
0.00019132
0.000180647
0.000169426
0.000157577
0.000145189
0.000132389
0.000119459
0.000106962
9.59645e-05
8.84034e-05
0.000110423
0.000114034
0.00011841
0.000122995
0.000127679
0.000132436
0.000137259
0.000142141
0.000147078
0.000152064
0.000157092
0.000162157
0.000167253
0.000172372
0.000177508
0.000182654
0.000187803
0.000192946
0.000198078
0.00020319
0.000208274
0.000213324
0.000218331
0.000223289
0.000228188
0.000233022
0.000237784
0.000242465
0.00024706
0.000251559
0.000255957
0.000260247
0.000264421
0.000268474
0.000272399
0.00027619
0.00027984
0.000283345
0.000286698
0.000289894
0.000292929
0.000295796
0.000298492
0.000301012
0.000303351
0.000305506
0.000307472
0.000309245
0.000310822
0.000312199
0.000313373
0.000314341
0.000315098
0.000315643
0.000315971
0.00031608
0.000315968
0.000315629
0.000315062
0.000314264
0.00031323
0.000311958
0.000310444
0.000308684
0.000306675
0.000304411
0.000301889
0.000299104
0.00029605
0.000292723
0.000289116
0.000285223
0.000281038
0.000276553
0.000271761
0.000266654
0.000261224
0.00025546
0.000249355
0.000242897
0.000236078
0.000228887
0.000221314
0.000213347
0.000204977
0.000196195
0.000186991
0.000177362
0.000167305
0.000156828
0.000145948
0.000134703
0.000123152
0.00011132
9.9301e-05
8.72838e-05
7.55661e-05
6.46309e-05
5.52502e-05
4.87271e-05
0.000105588
0.00010902
0.000113217
0.000117629
0.000122141
0.000126727
0.000131377
0.000136086
0.000140849
0.00014566
0.000150514
0.000155405
0.000160326
0.000165272
0.000170234
0.000175206
0.000180182
0.000185153
0.000190113
0.000195053
0.000199967
0.000204846
0.000209684
0.000214472
0.000219202
0.000223867
0.00022846
0.000232973
0.000237398
0.000241728
0.000245956
0.000250074
0.000254076
0.000257955
0.000261704
0.000265317
0.000268787
0.000272109
0.000275276
0.000278283
0.000281125
0.000283795
0.000286289
0.000288602
0.000290729
0.000292666
0.000294408
0.00029595
0.00029729
0.000298422
0.000299343
0.00030005
0.000300537
0.000300803
0.000300843
0.000300654
0.000300233
0.000299576
0.000298679
0.000297538
0.000296151
0.000294513
0.000292621
0.00029047
0.000288057
0.000285376
0.000282422
0.000279192
0.00027568
0.000271881
0.000267787
0.000263395
0.000258697
0.000253686
0.000248355
0.000242698
0.000236706
0.000230371
0.000223688
0.000216646
0.00020924
0.000201462
0.000193306
0.000184768
0.000175843
0.000166533
0.000156839
0.000146772
0.00013635
0.000125602
0.000114578
0.000103351
9.20244e-05
8.07356e-05
6.956e-05
5.87082e-05
4.84605e-05
3.92048e-05
3.14638e-05
2.6013e-05
0.000101111
0.000104374
0.000108405
0.00011266
0.000117016
0.000121447
0.000125942
0.000130496
0.000135104
0.00013976
0.00014446
0.000149197
0.000153965
0.000158758
0.000163569
0.000168391
0.000173217
0.000178041
0.000182854
0.00018765
0.00019242
0.000197157
0.000201854
0.000206503
0.000211096
0.000215625
0.000220082
0.000224461
0.000228753
0.000232952
0.000237048
0.000241036
0.000244909
0.000248658
0.000252278
0.000255762
0.000259103
0.000262294
0.000265331
0.000268206
0.000270914
0.00027345
0.000275808
0.000277982
0.000279969
0.000281762
0.000283358
0.000284752
0.000285939
0.000286915
0.000287677
0.00028822
0.00028854
0.000288633
0.000288497
0.000288127
0.000287519
0.00028667
0.000285576
0.000284234
0.00028264
0.000280789
0.000278678
0.000276304
0.00027366
0.000270745
0.000267551
0.000264076
0.000260314
0.00025626
0.000251908
0.000247253
0.000242289
0.00023701
0.00023141
0.000225483
0.000219223
0.000212623
0.000205677
0.000198381
0.00019073
0.000182719
0.000174347
0.000165614
0.000156521
0.000147076
0.000137289
0.000127179
0.000116775
0.00010612
9.52773e-05
8.43366e-05
7.34217e-05
6.26969e-05
5.2286e-05
4.23725e-05
3.3215e-05
2.51452e-05
1.85513e-05
1.38932e-05
9.7299e-05
0.000100411
0.000104298
0.000108419
0.000112646
0.000116948
0.000121315
0.000125741
0.000130222
0.000134752
0.000139326
0.000143938
0.000148582
0.000153252
0.000157942
0.000162644
0.000167352
0.000172059
0.000176758
0.00018144
0.000186099
0.000190728
0.000195317
0.000199861
0.00020435
0.000208778
0.000213137
0.000217418
0.000221614
0.000225719
0.000229723
0.000233621
0.000237404
0.000241066
0.000244599
0.000247997
0.000251253
0.000254361
0.000257315
0.000260107
0.000262733
0.000265186
0.000267461
0.000269553
0.000271457
0.000273167
0.000274678
0.000275987
0.000277088
0.000277977
0.000278651
0.000279104
0.000279334
0.000279336
0.000279106
0.000278641
0.000277937
0.000276991
0.000275799
0.000274357
0.000272662
0.00027071
0.000268497
0.000266019
0.000263274
0.000260255
0.00025696
0.000253384
0.000249523
0.000245372
0.000240927
0.000236182
0.000231133
0.000225775
0.000220103
0.000214112
0.000207797
0.000201154
0.000194179
0.000186867
0.000179218
0.000171229
0.000162902
0.000154238
0.000145244
0.000135929
0.000126308
0.000116402
0.000106243
9.58734e-05
8.53569e-05
7.47791e-05
6.42548e-05
5.39289e-05
4.39782e-05
3.45458e-05
2.58757e-05
1.82864e-05
1.21509e-05
7.84053e-06
9.44324e-05
9.74166e-05
0.000101191
0.000105212
0.000109343
0.000113551
0.000117825
0.000122159
0.000126548
0.000130987
0.000135471
0.000139993
0.00014455
0.000149133
0.000153738
0.000158357
0.000162983
0.000167609
0.000172229
0.000176835
0.000181419
0.000185974
0.000190493
0.000194968
0.00019939
0.000203753
0.000208048
0.000212269
0.000216406
0.000220454
0.000224403
0.000228247
0.000231979
0.00023559
0.000239075
0.000242426
0.000245637
0.000248701
0.000251611
0.000254361
0.000256946
0.000259358
0.000261594
0.000263647
0.000265512
0.000267184
0.000268657
0.000269929
0.000270992
0.000271845
0.000272481
0.000272898
0.000273091
0.000273056
0.00027279
0.000272289
0.000271549
0.000270568
0.000269341
0.000267865
0.000266137
0.000264153
0.00026191
0.000259404
0.000256632
0.000253589
0.000250274
0.00024668
0.000242806
0.000238646
0.000234198
0.000229457
0.000224419
0.00021908
0.000213437
0.000207486
0.000201223
0.000194646
0.000187751
0.000180538
0.000173006
0.000165155
0.000156988
0.000148509
0.000139726
0.000130651
0.000121297
0.000111687
0.000101848
9.18198e-05
8.16531e-05
7.14191e-05
6.12126e-05
5.11531e-05
4.13981e-05
3.20909e-05
2.34449e-05
1.57714e-05
9.48785e-06
5.03926e-06
9.27908e-05
9.56821e-05
9.93867e-05
0.00010335
0.000107428
0.000111584
0.000115807
0.000120091
0.00012443
0.00012882
0.000133255
0.000137731
0.000142241
0.000146779
0.000151339
0.000155915
0.000160499
0.000165085
0.000169665
0.000174233
0.00017878
0.0001833
0.000187785
0.000192228
0.000196619
0.000200953
0.00020522
0.000209414
0.000213527
0.000217551
0.000221478
0.000225301
0.000229014
0.000232607
0.000236075
0.000239411
0.000242607
0.000245657
0.000248554
0.000251293
0.000253867
0.00025627
0.000258496
0.000260541
0.000262398
0.000264062
0.00026553
0.000266795
0.000267853
0.0002687
0.000269332
0.000269745
0.000269934
0.000269896
0.000269627
0.000269124
0.000268383
0.000267401
0.000266174
0.000264699
0.000262973
0.000260993
0.000258755
0.000256256
0.000253492
0.00025046
0.000247158
0.000243581
0.000239725
0.000235589
0.000231167
0.000226457
0.000221456
0.000216159
0.000210565
0.000204669
0.00019847
0.000191966
0.000185154
0.000178034
0.000170606
0.000162872
0.000154835
0.000146501
0.000137877
0.000128976
0.000119811
0.000110404
0.000100778
9.0967e-05
8.101e-05
7.09627e-05
6.09066e-05
5.09619e-05
4.12766e-05
3.1994e-05
2.32916e-05
1.54293e-05
8.80595e-06
3.94726e-06
0.000994225
0.000994152
0.00099335
0.00099225
0.000990964
0.000989527
0.000987949
0.000986224
0.00098434
0.000982272
0.000979984
0.00097743
0.000974549
0.000971276
0.000967538
0.000963281
0.000958503
0.000953334
0.00094821
0.000944264
0.000991606
0.000991311
0.000990025
0.000988301
0.000986319
0.000984144
0.000981794
0.000979268
0.000976545
0.00097359
0.000970353
0.000966766
0.000962747
0.0009582
0.000953035
0.000947186
0.000940671
0.000933708
0.000926951
0.000921955
0.00098663
0.000985776
0.000983743
0.000981141
0.000978203
0.000975024
0.000971642
0.000968058
0.000964247
0.000960163
0.000955735
0.000950872
0.000945462
0.000939385
0.000932524
0.000924809
0.000916289
0.000907285
0.000898689
0.000892516
0.000976909
0.000975205
0.000972123
0.000968364
0.000964206
0.000959772
0.000955118
0.000950252
0.000945145
0.000939738
0.000933939
0.00092763
0.000920667
0.000912902
0.000904196
0.000894479
0.000883842
0.000872736
0.000862322
0.000855093
0.000958581
0.000955808
0.000951437
0.00094631
0.000940752
0.000934914
0.000928867
0.000922624
0.000916153
0.000909383
0.000902198
0.000894451
0.000885971
0.000876579
0.00086612
0.000854531
0.000841969
0.00082904
0.000817194
0.000809317
0.000925989
0.000922094
0.00091641
0.000909929
0.000903029
0.000895886
0.000888582
0.000881133
0.000873506
0.000865615
0.000857323
0.00084846
0.000838829
0.000828228
0.000816491
0.000803577
0.000789728
0.000775728
0.000763312
0.00075548
0.000871956
0.000867206
0.000860582
0.000853176
0.000845408
0.000837474
0.000829463
0.000821394
0.000813228
0.000804868
0.000796162
0.000786929
0.000776963
0.000766045
0.00075401
0.000740852
0.000726908
0.000713134
0.000701442
0.000694493
0.000789253
0.000784351
0.000777684
0.000770331
0.000762718
0.000755042
0.00074739
0.000739779
0.000732161
0.000724429
0.000716446
0.000708049
0.000699039
0.000689206
0.000678395
0.000666635
0.000654338
0.000642554
0.000633076
0.000627748
0.000673712
0.00066975
0.00066443
0.000658624
0.000652683
0.00064678
0.000640976
0.000635274
0.000629611
0.000623916
0.000618103
0.000612056
0.000605619
0.00059863
0.000590954
0.000582642
0.0005741
0.00056624
0.000560289
0.000557071
0.000528932
0.000527081
0.000524653
0.00052204
0.000519404
0.000516836
0.000514353
0.000511948
0.000509606
0.000507318
0.000505048
0.000502765
0.0005004
0.000497901
0.000495202
0.000492337
0.000489508
0.000487084
0.000485452
0.000484647
0.000373489
0.000374295
0.000375629
0.000377133
0.00037868
0.000380207
0.000381724
0.000383258
0.000384838
0.000386499
0.000388271
0.000390209
0.000392386
0.000394886
0.000397802
0.000401129
0.000404685
0.000408105
0.000410949
0.000412758
0.000246391
0.000248911
0.000252579
0.000256666
0.000260894
0.000265135
0.000269351
0.000273549
0.000277795
0.000282167
0.000286749
0.000291653
0.000297028
0.000303033
0.000309805
0.000317341
0.000325353
0.000333105
0.0003395
0.000343476
0.000151665
0.000154856
0.000159447
0.000164586
0.000169949
0.000175394
0.000180864
0.000186356
0.000191919
0.000197645
0.000203657
0.000210098
0.000217146
0.000224986
0.000233771
0.000243517
0.000253957
0.00026431
0.000273128
0.000278664
8.73645e-05
9.03868e-05
9.48111e-05
9.98197e-05
0.000105107
0.000110538
0.000116058
0.000121662
0.000127387
0.000133315
0.000139573
0.000146309
0.000153697
0.000161923
0.00017114
0.000181391
0.000192469
0.000203692
0.000213593
0.000219924
4.73469e-05
4.97258e-05
5.33646e-05
5.75627e-05
6.20601e-05
6.67415e-05
7.1558e-05
7.65051e-05
8.16158e-05
8.69595e-05
9.2645e-05
9.88072e-05
0.000105602
0.000113197
0.000121737
0.000131283
0.000141696
0.000152428
0.000162192
0.000168598
2.43436e-05
2.59447e-05
2.86043e-05
3.17613e-05
3.52065e-05
3.88462e-05
4.26412e-05
4.65884e-05
5.07163e-05
5.50824e-05
5.97737e-05
6.49028e-05
7.06008e-05
7.70087e-05
8.4256e-05
9.24117e-05
0.000101392
0.000110786
0.00011955
0.000125523
1.20448e-05
1.2953e-05
1.47176e-05
1.68997e-05
1.93332e-05
2.19455e-05
2.4708e-05
2.76209e-05
3.07079e-05
3.40146e-05
3.76082e-05
4.15764e-05
4.60238e-05
5.10647e-05
5.68072e-05
6.33195e-05
7.05584e-05
7.82306e-05
8.5534e-05
9.06979e-05
5.87808e-06
6.2727e-06
7.35197e-06
8.76183e-06
1.03705e-05
1.21254e-05
1.40096e-05
1.60265e-05
1.81954e-05
2.05507e-05
2.3142e-05
2.60346e-05
2.93074e-05
3.30492e-05
3.73467e-05
4.22609e-05
4.77757e-05
5.36912e-05
5.94189e-05
6.35967e-05
2.9277e-06
3.00677e-06
3.62835e-06
4.48922e-06
5.49255e-06
6.60623e-06
7.82259e-06
9.1467e-06
1.05935e-05
1.21874e-05
1.39636e-05
1.59681e-05
1.8258e-05
2.08987e-05
2.39571e-05
2.74847e-05
3.14822e-05
3.58231e-05
4.00969e-05
4.32998e-05
1.49828e-06
1.4653e-06
1.81228e-06
2.31118e-06
2.90521e-06
3.57835e-06
4.3283e-06
5.15991e-06
6.08379e-06
7.11665e-06
8.28197e-06
9.61085e-06
1.11422e-05
1.29219e-05
1.49985e-05
1.74132e-05
2.0177e-05
2.32218e-05
2.6289e-05
2.8684e-05
0.001
0.001
0.001
0.001
0.001
0.001
0.001
0.001
0.001
0.001
0.001
0.001
0.001
0.001
0.001
0.001
0.001
0.001
0.001
0.001
0.001
0.001
0.001
0.001
0.001
0.001
0.001
0.001
0.001
0.001
0.001
0.001
0.001
0.001
0.001
0.001
0.001
0.001
0.001
0.001
0.001
0.001
0.001
0.001
0.001
0.001
0.001
0.001
0.001
0.001
0.001
0.001
0.001
0.001
0.001
0.001
0.001
0.001
0.001
0.001
0.001
0.001
0.001
0.001
0.001
0.001
0.001
0.001
0.001
0.001
0.001
0.001
0.001
0.001
0.001
0.001
0.001
0.001
0.001
0.001
0.001
0.001
0.001
0.001
0.001
0.001
0.001
0.001
0.001
0.001
0.001
0.001
0.001
0.001
0.001
0.001
0.001
0.001
0.001
0.001
0.001
0.001
0.001
0.001
0.001
0.001
0.001
0.001
0.001
0.001
0.001
0.001
0.001
0.001
0.001
0.001
0.001
0.001
0.001
0.001
0.001
0.001
0.001
0.001
0.001
0.001
0.001
0.001
0.001
0.001
0.001
0.001
0.001
0.001
0.001
0.001
0.001
0.001
0.001
0.001
0.001
0.001
0.001
0.001
0.001
0.001
0.001
0.001
0.001
0.001
0.001
0.001
0.001
0.001
0.001
0.001
0.001
0.001
0.001
0.001
0.001
0.001
0.001
0.001
0.001
0.001
0.001
0.001
0.001
0.001
0.001
0.001
0.001
0.001
0.001
0.001
0.001
0.001
0.001
0.001
0.001
0.001
0.001
0.001
0.001
0.001
0.001
0.001
0.001
0.001
0.001
0.001
0.001
0.001
0.001
0.001
0.001
0.001
0.001
0.001
0.001
0.001
0.001
0.001
0.001
0.001
0.001
0.001
0.001
0.001
0.001
0.001
0.001
0.001
0.001
0.001
0.001
0.001
0.001
0.001
0.001
0.001
0.001
0.001
0.001
0.001
0.001
0.001
0.001
0.001
0.001
0.001
0.001
0.001
0.001
0.001
0.001
0.001
0.001
0.001
0.001
0.001
0.001
0.001
0.001
0.001
0.001
0.001
0.001
0.001
0.001
0.001
0.001
0.001
0.001
0.001
0.001
0.001
0.001
0.001
0.001
0.001
0.001
0.001
0.001
0.001
0.001
0.001
0.001
0.001
0.001
0.001
0.001
0.001
0.001
0.001
0.001
0.001
0.001
0.001
0.001
0.001
0.001
0.001
0.001
0.001
0.001
0.001
0.001
0.001
0.001
0.001
0.001
0.001
0.001
0.001
0.001
0.001
0.001
0.001
0.001
0.001
0.001
0.001
0.001
0.001
0.001
0.001
0.001
0.001
0.001
0.001
0.001
0.001
0.001
0.001
0.001
0.001
0.001
0.001
0.001
0.001
0.001
0.001
0.001
0.001
0.001
0.001
0.001
0.001
0.001
0.001
0.001
0.001
0.001
0.001
0.001
0.001
0.001
0.001
0.001
0.001
0.001
0.001
0.001
0.001
0.001
0.001
0.001
0.001
0.001
0.001
0.001
0.001
0.001
0.001
0.001
0.001
0.001
0.001
0.001
0.001
0.001
0.001
0.001
0.001
0.001
0.001
0.001
0.001
0.001
0.001
0.001
0.001
0.001
0.001
0.001
0.001
0.001
0.001
0.001
0.001
0.001
0.001
0.001
0.001
0.001
0.001
0.001
0.001
0.001
0.001
0.001
0.001
0.001
0.001
0.001
0.001
0.001
0.001
0.001
0.001
0.001
0.001
0.001
0.001
0.001
0.001
0.001
0.001
0.001
0.001
0.001
0.001
0.001
0.001
0.001
0.001
0.001
0.001
0.001
0.001
0.001
0.001
0.001
0.001
0.001
0.001
0.001
0.001
0.001
0.001
0.001
0.001
0.001
0.001
0.001
0.001
0.001
0.001
0.001
0.001
0.001
0.001
0.001
0.001
0.001
0.001
0.001
0.001
0.001
0.001
0.001
0.001
0.001
0.001
0.001
0.001
0.001
0.001
0.001
0.001
0.001
0.001
0.001
0.001
0.001
0.001
0.001
0.001
0.001
0.001
0.001
0.001
0.001
0.001
0.001
0.001
0.001
0.001
0.001
0.001
0.001
0.001
0.001
0.001
0.001
0.001
0.001
0.001
0.001
0.001
0.001
0.001
0.001
0.001
0.001
0.001
0.001
0.001
0.001
0.001
0.001
0.001
0.001
0.001
0.001
0.001
0.001
0.001
0.001
0.001
0.001
0.001
0.001
0.001
0.001
0.001
0.001
0.001
0.001
0.001
0.001
0.001
0.001
0.001
0.001
0.001
0.001
0.001
0.001
0.001
0.001
0.001
0.001
0.001
0.001
0.001
0.001
0.001
0.001
0.001
0.001
0.001
0.001
0.001
0.001
0.001
0.001
0.001
0.001
0.001
0.001
0.001
0.001
0.001
0.001
0.001
0.001
0.001
0.001
0.001
0.001
0.001
0.001
0.001
0.001
0.001
0.001
0.001
0.001
0.001
0.001
0.001
0.001
0.001
0.001
0.001
0.001
0.001
0.001
0.001
0.001
0.001
0.001
0.001
0.001
0.001
0.001
0.001
0.001
0.001
0.001
0.001
0.001
0.001
0.001
0.001
0.001
0.001
0.001
0.001
0.001
0.001
0.001
0.001
0.001
0.001
0.001
0.001
0.001
0.001
0.001
0.001
0.001
0.001
0.001
0.001
0.001
0.001
0.001
0.001
0.001
0.001
0.001
0.001
0.001
0.001
0.001
0.001
0.001
0.001
0.001
0.001
0.001
0.001
0.001
0.001
0.001
0.001
0.001
0.001
0.001
0.001
0.001
0.001
0.001
0.001
0.001
0.001
0.001
0.001
0.001
0.001
0.001
0.001
0.001
0.001
0.001
0.001
0.001
0.001
0.001
0.001
0.001
0.001
0.001
0.001
0.001
0.001
0.001
0.001
0.001
0.001
0.001
0.001
0.001
0.001
0.001
0.001
0.001
0.001
0.001
0.001
0.001
0.001
0.001
0.001
0.001
0.001
0.001
0.001
0.001
0.001
0.001
0.001
0.001
0.001
0.001
0.001
0.001
0.001
0.001
0.001
0.001
0.001
0.001
0.001
0.001
0.001
0.001
0.001
0.001
0.001
0.001
0.001
0.001
0.001
0.001
0.001
0.001
0.001
0.001
0.001
0.001
0.001
0.001
0.001
0.001
0.001
0.001
0.001
0.001
0.001
0.001
0.001
0.001
0.001
0.001
0.001
0.001
0.001
0.001
0.001
0.001
0.001
0.001
0.001
0.001
0.001
0.001
0.001
0.001
0.001
0.001
0.001
0.001
0.001
0.001
0.001
0.001
0.001
0.001
0.001
0.001
0.001
0.001
0.001
0.001
0.001
0.001
0.001
0.001
0.001
0.001
0.001
0.001
0.001
0.001
0.001
0.001
0.001
0.001
0.001
0.001
0.001
0.001
0.001
0.001
0.001
0.001
0.001
0.001
0.001
0.001
0.001
0.001
0.001
0.001
0.001
0.001
0.001
0.001
0.001
0.001
0.001
0.001
0.001
0.001
0.001
0.001
0.001
0.001
0.001
0.001
0.001
0.001
0.001
0.001
0.001
0.001
0.001
0.001
0.001
0.001
0.001
0.001
0.001
0.001
0.001
0.001
0.001
0.001
0.001
0.001
0.001
0.001
0.001
0.001
0.001
0.001
0.001
0.001
0.001
0.001
0.001
0.001
0.001
0.001
0.001
0.001
0.001
0.001
0.001
0.001
0.001
0.001
0.001
0.001
0.001
0.001
0.001
0.001
0.001
0.001
0.001
0.001
0.001
0.001
0.001
0.001
0.001
0.001
0.001
0.001
0.001
0.001
0.001
0.001
0.001
0.001
0.001
0.001
0.001
0.001
0.001
0.001
0.001
0.001
0.001
0.001
0.001
0.001
0.001
0.001
0.001
0.001
0.001
0.001
0.001
0.001
0.001
0.001
0.001
0.001
0.001
0.001
0.001
0.001
0.001
0.001
0.001
0.001
0.001
0.001
0.001
0.001
0.001
0.001
0.001
0.001
0.001
0.001
0.001
0.001
0.001
0.001
0.001
0.001
0.001
0.001
0.001
0.001
0.001
0.001
0.001
0.001
0.001
0.001
0.001
0.001
0.001
0.001
0.001
0.001
0.001
0.001
0.001
0.001
0.001
0.001
0.001
0.001
0.001
0.001
0.001
0.001
0.001
0.001
0.001
0.001
0.001
0.001
0.001
0.001
0.001
0.001
0.001
0.001
0.001
0.001
0.001
0.001
0.001
0.001
0.001
0.001
0.001
0.001
0.001
0.001
0.001
0.001
0.001
0.001
0.001
0.001
0.001
0.001
0.001
0.001
0.001
0.001
0.001
0.001
0.001
0.001
0.001
0.001
0.001
0.001
0.001
0.001
0.001
0.001
0.001
0.001
0.001
0.001
0.001
0.001
0.001
0.001
0.001
0.001
0.001
0.001
0.001
0.001
0.001
0.001
0.001
0.001
0.001
0.001
0.001
0.001
0.001
0.001
0.001
0.001
0.001
0.001
0.001
0.001
0.001
0.001
0.001
0.001
0.001
0.001
0.001
0.001
0.001
0.001
0.001
0.001
0.001
0.001
0.001
0.001
0.001
0.001
0.001
0.001
0.001
0.001
0.001
0.001
0.001
0.001
0.001
0.001
0.001
0.001
0.001
0.001
0.001
0.001
0.001
0.001
0.001
0.001
0.001
0.001
0.001
0.001
0.001
0.001
0.001
0.001
0.001
0.001
0.001
0.001
0.001
0.001
0.001
0.001
0.001
0.001
0.001
0.001
0.001
0.001
0.001
0.001
0.001
0.001
0.001
0.001
0.001
0.001
0.001
0.001
0.001
0.001
0.001
0.001
0.001
0.001
0.001
0.001
0.001
0.001
0.001
0.001
0.001
0.001
0.001
0.001
0.001
0.001
0.001
0.001
0.001
0.001
0.001
0.001
0.001
0.001
0.001
0.001
0.001
0.001
0.001
0.001
0.001
0.001
0.001
0.001
0.001
0.001
0.001
0.001
0.001
0.001
0.001
0.001
0.001
0.001
0.001
0.001
0.001
0.001
0.001
0.001
0.001
0.001
0.001
0.001
0.001
0.001
0.001
0.001
0.001
0.001
0.001
0.001
0.001
0.001
0.001
0.001
0.001
0.001
0.001
0.001
0.001
0.001
0.001
0.001
0.001
0.001
0.001
0.001
0.001
0.001
0.001
0.001
0.001
0.001
0.001
0.001
0.001
0.001
0.001
0.001
0.001
0.001
0.001
0.001
0.001
0.001
0.001
0.001
0.001
0.001
0.001
0.001
0.001
0.001
0.001
0.001
0.001
0.001
0.001
0.001
0.001
0.001
0.001
0.001
0.001
0.001
0.001
0.001
0.001
0.001
0.001
0.001
0.001
0.001
0.001
0.001
0.001
0.001
0.001
0.001
0.001
0.001
0.001
0.001
0.001
0.001
0.001
0.001
0.001
0.001
0.001
0.001
0.001
0.001
0.001
0.001
0.001
0.001
0.001
0.001
0.001
0.001
0.001
0.000999999
0.000999999
0.000999999
0.000999999
0.001
0.001
0.001
0.001
0.001
0.001
0.001
0.001
0.001
0.001
0.001
0.001
0.001
0.000999999
0.000999999
0.000999999
0.000999999
0.000999999
0.000999999
0.000999999
0.000999999
0.000999999
0.000999999
0.000999999
0.000999999
0.000999999
0.000999999
0.000999999
0.000999999
0.000999999
0.000999999
0.000999999
0.000999999
0.000999999
0.000999999
0.000999999
0.000999999
0.000999999
0.000999999
0.000999999
0.000999999
0.000999999
0.000999999
0.000999999
0.000999999
0.000999999
0.000999999
0.000999999
0.000999999
0.000999999
0.000999999
0.000999999
0.000999999
0.000999999
0.000999999
0.000999999
0.000999999
0.000999999
0.000999999
0.000999999
0.000999999
0.000999999
0.000999999
0.000999999
0.000999999
0.000999999
0.000999999
0.000999999
0.000999999
0.000999999
0.000999999
0.000999999
0.000999999
0.000999999
0.000999999
0.000999999
0.000999998
0.000999998
0.000999998
0.000999998
0.000999998
0.000999998
0.000999998
0.000999998
0.000999998
0.000999998
0.000999998
0.000999998
0.000999998
0.000999998
0.000999998
0.000999998
0.000999998
0.000999998
0.000999998
0.000999998
0.000999997
0.000999997
0.000999998
0.000999998
0.000999998
0.000999998
0.000999998
0.000999998
0.000999998
0.000999998
0.000999998
0.000999998
0.000999998
0.000999998
0.000999998
0.000999998
0.000999998
0.000999998
0.000999997
0.000999997
0.000999996
0.000999997
0.000999997
0.000999997
0.000999997
0.000999997
0.000999997
0.000999997
0.000999997
0.000999997
0.000999997
0.000999997
0.000999997
0.000999997
0.000999997
0.000999997
0.000999997
0.000999997
0.000999997
0.000999996
0.000999995
0.000999995
0.000999996
0.000999996
0.000999996
0.000999996
0.000999996
0.000999996
0.000999996
0.000999996
0.000999996
0.000999996
0.000999996
0.000999996
0.000999996
0.000999996
0.000999996
0.000999996
0.000999995
0.000999995
0.000999994
0.000999994
0.000999994
0.000999994
0.000999995
0.000999995
0.000999995
0.000999995
0.000999995
0.000999995
0.000999995
0.000999995
0.000999995
0.000999995
0.000999995
0.000999995
0.000999994
0.000999994
0.000999994
0.000999994
0.000999992
0.000999992
0.000999992
0.000999992
0.000999993
0.000999993
0.000999993
0.000999993
0.000999993
0.000999993
0.000999993
0.000999993
0.000999993
0.000999993
0.000999993
0.000999993
0.000999992
0.000999992
0.000999992
0.000999992
0.000999989
0.000999989
0.00099999
0.00099999
0.00099999
0.000999991
0.000999991
0.000999991
0.000999991
0.000999991
0.000999991
0.000999991
0.000999991
0.000999991
0.000999991
0.00099999
0.00099999
0.00099999
0.000999989
0.000999989
0.000999985
0.000999986
0.000999986
0.000999987
0.000999987
0.000999988
0.000999988
0.000999988
0.000999988
0.000999988
0.000999988
0.000999988
0.000999988
0.000999988
0.000999988
0.000999987
0.000999987
0.000999986
0.000999986
0.000999985
0.000999981
0.000999981
0.000999982
0.000999983
0.000999983
0.000999984
0.000999984
0.000999985
0.000999985
0.000999985
0.000999985
0.000999985
0.000999984
0.000999984
0.000999984
0.000999983
0.000999983
0.000999982
0.000999981
0.000999981
0.000999975
0.000999976
0.000999976
0.000999977
0.000999978
0.000999979
0.000999979
0.00099998
0.00099998
0.00099998
0.00099998
0.00099998
0.00099998
0.000999979
0.000999979
0.000999978
0.000999977
0.000999976
0.000999975
0.000999975
0.000999967
0.000999968
0.000999969
0.000999971
0.000999972
0.000999972
0.000999973
0.000999974
0.000999974
0.000999974
0.000999974
0.000999974
0.000999973
0.000999973
0.000999972
0.000999971
0.00099997
0.000999969
0.000999968
0.000999967
0.000999958
0.000999959
0.00099996
0.000999962
0.000999963
0.000999964
0.000999965
0.000999966
0.000999966
0.000999966
0.000999966
0.000999966
0.000999966
0.000999965
0.000999964
0.000999963
0.000999961
0.00099996
0.000999958
0.000999957
0.000999945
0.000999947
0.000999949
0.000999951
0.000999952
0.000999954
0.000999955
0.000999956
0.000999956
0.000999956
0.000999956
0.000999956
0.000999955
0.000999954
0.000999953
0.000999952
0.00099995
0.000999948
0.000999946
0.000999944
0.000999929
0.000999931
0.000999934
0.000999936
0.000999938
0.00099994
0.000999942
0.000999943
0.000999943
0.000999944
0.000999944
0.000999943
0.000999942
0.000999941
0.00099994
0.000999938
0.000999936
0.000999933
0.00099993
0.000999928
0.00099991
0.000999912
0.000999915
0.000999918
0.000999921
0.000999923
0.000999925
0.000999926
0.000999927
0.000999928
0.000999928
0.000999927
0.000999926
0.000999924
0.000999922
0.00099992
0.000999917
0.000999914
0.00099991
0.000999908
0.000999885
0.000999888
0.000999892
0.000999896
0.000999899
0.000999902
0.000999904
0.000999906
0.000999907
0.000999907
0.000999907
0.000999906
0.000999905
0.000999903
0.0009999
0.000999897
0.000999894
0.000999889
0.000999885
0.000999882
0.000999854
0.000999858
0.000999863
0.000999867
0.000999872
0.000999875
0.000999878
0.00099988
0.000999881
0.000999882
0.000999882
0.00099988
0.000999879
0.000999876
0.000999873
0.000999869
0.000999864
0.000999859
0.000999853
0.000999849
0.000999815
0.00099982
0.000999826
0.000999832
0.000999838
0.000999842
0.000999845
0.000999848
0.000999849
0.00099985
0.000999849
0.000999848
0.000999846
0.000999842
0.000999838
0.000999833
0.000999827
0.00099982
0.000999813
0.000999807
0.000999768
0.000999774
0.000999781
0.000999789
0.000999795
0.0009998
0.000999805
0.000999808
0.000999809
0.00099981
0.000999809
0.000999807
0.000999804
0.0009998
0.000999794
0.000999787
0.000999779
0.000999771
0.000999762
0.000999755
0.00099971
0.000999717
0.000999726
0.000999735
0.000999743
0.000999749
0.000999754
0.000999758
0.000999759
0.00099976
0.000999759
0.000999756
0.000999752
0.000999746
0.000999739
0.00099973
0.00099972
0.000999709
0.000999698
0.000999689
0.000999639
0.000999648
0.000999659
0.000999669
0.000999679
0.000999686
0.000999692
0.000999696
0.000999698
0.000999698
0.000999696
0.000999692
0.000999687
0.000999679
0.00099967
0.000999658
0.000999646
0.000999631
0.000999617
0.000999606
0.000999553
0.000999564
0.000999577
0.00099959
0.000999601
0.00099961
0.000999616
0.00099962
0.000999622
0.000999621
0.000999618
0.000999613
0.000999605
0.000999595
0.000999583
0.000999568
0.000999551
0.000999533
0.000999515
0.000999501
0.000999451
0.000999463
0.000999479
0.000999493
0.000999506
0.000999516
0.000999523
0.000999527
0.000999528
0.000999526
0.000999521
0.000999514
0.000999503
0.000999489
0.000999473
0.000999454
0.000999432
0.000999409
0.000999385
0.000999367
0.000999329
0.000999343
0.000999361
0.000999378
0.000999392
0.000999403
0.00099941
0.000999413
0.000999412
0.000999408
0.000999401
0.000999389
0.000999374
0.000999356
0.000999334
0.000999308
0.000999279
0.000999248
0.000999218
0.000999195
0.000999185
0.000999202
0.000999222
0.00099924
0.000999255
0.000999266
0.000999271
0.000999273
0.00099927
0.000999262
0.000999249
0.000999232
0.000999211
0.000999185
0.000999154
0.000999119
0.00099908
0.000999039
0.000998999
0.000998968
0.000999018
0.000999036
0.000999058
0.000999077
0.000999091
0.0009991
0.000999103
0.0009991
0.000999091
0.000999077
0.000999056
0.00099903
0.000998999
0.000998961
0.000998918
0.000998869
0.000998814
0.000998757
0.000998702
0.00099866
0.000998824
0.000998843
0.000998864
0.000998882
0.000998894
0.000998898
0.000998894
0.000998883
0.000998864
0.000998838
0.000998804
0.000998763
0.000998714
0.000998657
0.000998593
0.000998521
0.000998442
0.00099836
0.00099828
0.00099822
0.000998599
0.000998618
0.000998637
0.000998649
0.000998652
0.000998645
0.000998628
0.000998601
0.000998563
0.000998516
0.000998458
0.00099839
0.000998311
0.000998221
0.00099812
0.000998007
0.000997885
0.000997758
0.000997636
0.000997544
0.000998338
0.000998353
0.000998363
0.000998361
0.000998346
0.000998316
0.000998272
0.000998213
0.00099814
0.000998052
0.000997949
0.00099783
0.000997695
0.000997543
0.000997373
0.000997185
0.000996981
0.000996768
0.000996565
0.000996412
0.000998025
0.000998028
0.000998016
0.000997983
0.000997928
0.000997851
0.000997751
0.00099763
0.000997486
0.00099732
0.000997129
0.000996913
0.000996668
0.000996394
0.000996087
0.000995748
0.000995379
0.000994994
0.000994627
0.000994353
0.000997625
0.0009976
0.000997536
0.000997433
0.000997293
0.000997116
0.000996904
0.000996657
0.000996373
0.00099605
0.000995684
0.000995272
0.000994808
0.000994286
0.0009937
0.000993049
0.00099234
0.000991599
0.000990892
0.000990367
0.000997054
0.000996958
0.000996775
0.000996518
0.000996195
0.000995812
0.00099537
0.000994868
0.000994303
0.000993668
0.000992955
0.000992153
0.000991248
0.000990226
0.000989075
0.000987787
0.000986375
0.000984894
0.00098348
0.000982438
0.000996069
0.00099583
0.000995386
0.000994797
0.000994092
0.000993286
0.000992383
0.000991377
0.000990262
0.000989023
0.000987641
0.00098609
0.000984338
0.000982352
0.000980097
0.000977553
0.000974737
0.000971753
0.000968881
0.000966764
5.60689e-07
6.42344e-07
8.10183e-07
1.04053e-06
1.32091e-06
1.64699e-06
2.01915e-06
2.44097e-06
2.91879e-06
3.4619e-06
4.08277e-06
4.79741e-06
5.62527e-06
6.58849e-06
7.70916e-06
9.00302e-06
1.04657e-05
1.20456e-05
1.35902e-05
1.47421e-05
2.06404e-07
2.38183e-07
2.9862e-07
3.83356e-07
4.89801e-07
6.17197e-07
7.66226e-07
9.38733e-07
1.13764e-06
1.36697e-06
1.63195e-06
1.93908e-06
2.29602e-06
2.71125e-06
3.19285e-06
3.74588e-06
4.36661e-06
5.03155e-06
5.67704e-06
6.159e-06
7.93926e-08
8.94666e-08
1.09837e-07
1.39633e-07
1.78317e-07
2.25847e-07
2.8265e-07
3.49568e-07
4.27832e-07
5.19073e-07
6.25341e-07
7.49122e-07
8.93294e-07
1.06097e-06
1.25509e-06
1.4774e-06
1.72634e-06
1.99281e-06
2.25214e-06
2.44784e-06
3.08262e-08
3.38542e-08
4.04947e-08
5.066e-08
6.42776e-08
8.14042e-08
1.02246e-07
1.27154e-07
1.56616e-07
1.91261e-07
2.31857e-07
2.7932e-07
3.34694e-07
3.99099e-07
4.7359e-07
5.58817e-07
6.54265e-07
7.56649e-07
8.568e-07
9.33228e-07
1.19441e-08
1.28248e-08
1.49439e-08
1.83399e-08
2.30234e-08
2.90352e-08
3.64633e-08
4.54442e-08
5.61623e-08
6.88494e-08
8.37849e-08
1.01296e-07
1.21753e-07
1.45552e-07
1.73068e-07
2.04544e-07
2.3983e-07
2.77792e-07
3.1513e-07
3.4391e-07
4.59728e-09
4.84332e-09
5.50708e-09
6.62312e-09
8.2056e-09
1.0274e-08
1.28627e-08
1.60223e-08
1.98195e-08
2.43372e-08
2.96741e-08
3.59447e-08
4.32777e-08
5.18104e-08
6.16747e-08
7.29604e-08
8.56266e-08
9.92933e-08
1.12803e-07
1.23308e-07
1.75417e-09
1.81875e-09
2.02259e-09
2.38402e-09
2.91104e-09
3.61155e-09
4.49802e-09
5.58846e-09
6.90626e-09
8.48022e-09
1.03444e-08
1.25382e-08
1.51055e-08
1.80933e-08
2.15471e-08
2.54991e-08
2.99392e-08
3.47426e-08
3.95122e-08
4.32488e-08
6.62941e-10
6.78113e-10
7.39276e-10
8.54686e-10
1.02798e-09
1.26217e-09
1.56153e-09
1.93218e-09
2.38214e-09
2.92119e-09
3.56086e-09
4.31444e-09
5.19674e-09
6.22359e-09
7.41043e-09
8.76859e-09
1.02958e-08
1.19516e-08
1.36022e-08
1.49038e-08
2.4807e-10
2.50839e-10
2.68674e-10
3.05006e-10
3.61328e-10
4.38743e-10
5.38678e-10
6.63149e-10
8.14812e-10
9.96929e-10
1.21335e-09
1.46849e-09
1.76727e-09
2.11498e-09
2.51678e-09
2.97658e-09
3.49393e-09
4.05594e-09
4.61809e-09
5.06384e-09
9.19143e-11
9.2026e-11
9.70357e-11
1.08308e-10
1.26417e-10
1.51749e-10
1.8478e-10
2.2616e-10
2.76746e-10
3.37607e-10
4.10004e-10
4.9539e-10
5.95388e-10
7.11738e-10
8.46155e-10
9.99962e-10
1.17311e-09
1.36152e-09
1.55053e-09
1.70112e-09
3.37279e-11
3.34824e-11
3.4818e-11
3.82612e-11
4.40255e-11
5.22418e-11
6.30631e-11
7.66992e-11
9.34245e-11
1.13581e-10
1.37577e-10
1.65885e-10
1.99037e-10
2.376e-10
2.8214e-10
3.33103e-10
3.90498e-10
4.53037e-10
5.15939e-10
5.66264e-10
1.22609e-11
1.20824e-11
1.24106e-11
1.34443e-11
1.52614e-11
1.7905e-11
2.14233e-11
2.58825e-11
3.13699e-11
3.79944e-11
4.58871e-11
5.52007e-11
6.61066e-11
7.87905e-11
9.34379e-11
1.10197e-10
1.29076e-10
1.49671e-10
1.7043e-10
1.87098e-10
4.41714e-12
4.32505e-12
4.39432e-12
4.69863e-12
5.26583e-12
6.11005e-12
7.24618e-12
8.69472e-12
1.04831e-11
1.26461e-11
1.52255e-11
1.82703e-11
2.18357e-11
2.59821e-11
3.07696e-11
3.62466e-11
4.24178e-11
4.91553e-11
5.59596e-11
6.14407e-11
1.57763e-12
1.53615e-12
1.54571e-12
1.63322e-12
1.80853e-12
2.07622e-12
2.44082e-12
2.90864e-12
3.48824e-12
4.19057e-12
5.02898e-12
6.01912e-12
7.17878e-12
8.5273e-12
1.00841e-11
1.18647e-11
1.38712e-11
1.60634e-11
1.82811e-11
2.00727e-11
5.58834e-13
5.41503e-13
5.40205e-13
5.64649e-13
6.18293e-13
7.02604e-13
8.18952e-13
9.69258e-13
1.15618e-12
1.38316e-12
1.65443e-12
1.97498e-12
2.35048e-12
2.78711e-12
3.29107e-12
3.86741e-12
4.51689e-12
5.22688e-12
5.94622e-12
6.52889e-12
1.96403e-13
1.89504e-13
1.8761e-13
1.94185e-13
2.1043e-13
2.36815e-13
2.73753e-13
3.21824e-13
3.81848e-13
4.54902e-13
5.4232e-13
6.45682e-13
7.66791e-13
9.07612e-13
1.07012e-12
1.25594e-12
1.46534e-12
1.69437e-12
1.92675e-12
2.11542e-12
6.8512e-14
6.58593e-14
6.47599e-14
6.64359e-14
7.13025e-14
7.951e-14
9.11811e-14
1.06491e-13
1.25691e-13
1.49116e-13
1.77184e-13
2.10395e-13
2.49318e-13
2.94576e-13
3.46797e-13
4.06499e-13
4.73779e-13
5.47401e-13
6.22194e-13
6.83059e-13
2.37303e-14
2.2737e-14
2.22227e-14
2.2615e-14
2.40562e-14
2.65942e-14
3.02656e-14
3.51225e-14
4.12419e-14
4.87275e-14
5.77099e-14
6.83458e-14
8.08149e-14
9.5314e-14
1.12042e-13
1.31164e-13
1.52712e-13
1.76303e-13
2.00297e-13
2.19864e-13
8.16415e-15
7.79992e-15
7.58264e-15
7.66045e-15
8.08184e-15
8.86219e-15
1.00122e-14
1.15475e-14
1.34913e-14
1.58757e-14
1.87414e-14
2.21373e-14
2.61199e-14
3.07512e-14
3.60939e-14
4.22006e-14
4.90822e-14
5.66187e-14
6.42929e-14
7.05637e-14
2.79083e-15
2.65958e-15
2.57313e-15
2.58243e-15
2.70391e-15
2.94247e-15
3.30126e-15
3.78487e-15
4.40038e-15
5.1576e-15
6.06914e-15
7.15031e-15
8.41877e-15
9.894e-15
1.15958e-14
1.35406e-14
1.57322e-14
1.81332e-14
2.05807e-14
2.25844e-14
9.48213e-16
9.01599e-16
8.68564e-16
8.66508e-16
9.00956e-16
9.73474e-16
1.08498e-15
1.23681e-15
1.43112e-15
1.6709e-15
1.96005e-15
2.30332e-15
2.70625e-15
3.17491e-15
3.71551e-15
4.33326e-15
5.02939e-15
5.79226e-15
6.57068e-15
7.20916e-15
3.20286e-16
3.03941e-16
2.9169e-16
2.89428e-16
2.99005e-16
3.20922e-16
3.55444e-16
4.02965e-16
4.64124e-16
5.39839e-16
6.31312e-16
7.40016e-16
8.67671e-16
1.01618e-15
1.18747e-15
1.38319e-15
1.60374e-15
1.84549e-15
2.09241e-15
2.2953e-15
1.07582e-16
1.01913e-16
9.74734e-17
9.62452e-17
9.88433e-17
1.05429e-16
1.16078e-16
1.30904e-16
1.501e-16
1.73944e-16
2.02805e-16
2.3714e-16
2.7748e-16
3.24419e-16
3.78559e-16
4.40414e-16
5.10108e-16
5.86522e-16
6.64644e-16
7.28948e-16
3.59427e-17
3.39958e-17
3.24161e-17
3.18662e-17
3.2549e-17
3.45158e-17
3.77888e-17
4.24009e-17
4.8409e-17
5.58979e-17
6.49806e-17
7.57976e-17
8.85138e-17
1.03313e-16
1.20382e-16
1.39881e-16
1.6185e-16
1.85942e-16
2.10595e-16
2.30921e-16
1.19466e-17
1.12838e-17
1.07302e-17
1.05059e-17
1.06776e-17
1.12614e-17
1.22637e-17
1.36942e-17
1.55696e-17
1.79155e-17
2.07665e-17
2.41658e-17
2.81642e-17
3.28185e-17
3.81867e-17
4.43184e-17
5.1226e-17
5.88025e-17
6.65618e-17
7.29705e-17
3.95114e-18
3.72728e-18
3.53576e-18
3.44929e-18
3.48959e-18
3.66178e-18
3.96767e-18
4.41002e-18
4.99385e-18
5.72683e-18
6.61947e-18
7.68502e-18
8.93912e-18
1.03992e-17
1.20834e-17
1.40067e-17
1.61731e-17
1.85497e-17
2.09857e-17
2.30009e-17
1.30051e-18
1.22547e-18
1.15995e-18
1.12785e-18
1.13622e-18
1.18667e-18
1.2797e-18
1.41609e-18
1.59736e-18
1.82578e-18
2.10456e-18
2.43773e-18
2.8301e-18
3.28702e-18
3.81403e-18
4.4158e-18
5.09356e-18
5.83714e-18
6.59986e-18
7.23193e-18
4.26075e-19
4.01089e-19
3.78901e-19
3.67313e-19
3.68603e-19
3.83275e-19
4.11471e-19
4.53412e-19
5.09536e-19
5.8054e-19
6.67383e-19
7.71296e-19
8.93745e-19
1.03637e-18
1.20087e-18
1.38868e-18
1.60017e-18
1.83221e-18
2.0704e-18
2.26812e-18
1.38961e-19
1.30696e-19
1.23249e-19
1.19155e-19
1.19146e-19
1.2338e-19
1.31897e-19
1.44757e-19
1.62089e-19
1.84103e-19
2.11087e-19
2.43414e-19
2.81531e-19
3.2594e-19
3.77156e-19
4.35618e-19
5.01439e-19
5.7366e-19
6.4785e-19
7.09532e-19
4.51216e-20
4.24044e-20
3.99252e-20
3.85038e-20
3.83744e-20
3.95863e-20
4.21499e-20
4.60823e-20
5.14208e-20
5.8228e-20
6.65909e-20
7.66221e-20
8.84573e-20
1.02249e-19
1.18154e-19
1.36305e-19
1.56737e-19
1.79155e-19
2.02201e-19
2.21392e-19
1.45884e-20
1.37003e-20
1.28812e-20
1.23949e-20
1.23158e-20
1.26594e-20
1.34284e-20
1.46275e-20
1.62675e-20
1.8367e-20
2.09522e-20
2.40569e-20
2.77222e-20
3.19942e-20
3.69205e-20
4.25414e-20
4.88669e-20
5.58073e-20
6.29464e-20
6.89012e-20
4.6968e-21
4.40817e-21
4.13943e-21
3.97508e-21
3.93873e-21
4.03514e-21
4.26504e-21
4.62967e-21
5.13216e-21
5.77801e-21
6.57507e-21
7.53351e-21
8.66566e-21
9.98547e-21
1.15073e-20
1.32433e-20
1.51963e-20
1.73391e-20
1.95446e-20
2.13872e-20
1.50593e-21
1.41263e-21
1.32504e-21
1.2701e-21
1.25526e-21
1.282e-21
1.35049e-21
1.46106e-21
1.61461e-21
1.81277e-21
2.05788e-21
2.35297e-21
2.70176e-21
3.10843e-21
3.5773e-21
4.11199e-21
4.71337e-21
5.37312e-21
6.05257e-21
6.62112e-21
4.80894e-22
4.50888e-22
4.22518e-22
4.04332e-22
3.98668e-22
4.05979e-22
4.26312e-22
4.5975e-22
5.06551e-22
5.67191e-22
6.42367e-22
7.32983e-22
8.40149e-22
9.65119e-22
1.10918e-21
1.27343e-21
1.45809e-21
1.66066e-21
1.86939e-21
2.04432e-21
1.52955e-22
1.43354e-22
1.34219e-22
1.28252e-22
1.26182e-22
1.28149e-22
1.34164e-22
1.44248e-22
1.58475e-22
1.76982e-22
1.99978e-22
2.2773e-22
2.60568e-22
2.98868e-22
3.43013e-22
3.93325e-22
4.49873e-22
5.11891e-22
5.75831e-22
6.29502e-22
4.84593e-23
4.54021e-23
4.24776e-23
4.05349e-23
3.98017e-23
4.03204e-23
4.20937e-23
4.51266e-23
4.94395e-23
5.50731e-23
6.20885e-23
7.05647e-23
8.06001e-23
9.23056e-23
1.05795e-22
1.21165e-22
1.38432e-22
1.57365e-22
1.76895e-22
1.93314e-22
1.52937e-23
1.43248e-23
1.33936e-23
1.27659e-23
1.25123e-23
1.26456e-23
1.31665e-23
1.40762e-23
1.53802e-23
1.70905e-23
1.92249e-23
2.18068e-23
2.48652e-23
2.84329e-23
3.25436e-23
3.72252e-23
4.24828e-23
4.82465e-23
5.41943e-23
5.92024e-23
4.80832e-24
4.50271e-24
4.20776e-24
4.00634e-24
3.9202e-24
3.95334e-24
4.10583e-24
4.37789e-24
4.77113e-24
5.28894e-24
5.93658e-24
6.72087e-24
7.65036e-24
8.73472e-24
9.98385e-24
1.14059e-23
1.30022e-23
1.47516e-23
1.65576e-23
1.80807e-23
1.50605e-24
1.41009e-24
1.31714e-24
1.25293e-24
1.22414e-24
1.23198e-24
1.27645e-24
1.3576e-24
1.47587e-24
1.63222e-24
1.82819e-24
2.06578e-24
2.34748e-24
2.67613e-24
3.05463e-24
3.48533e-24
3.96857e-24
4.498e-24
5.04479e-24
5.50659e-24
4.6997e-25
4.39974e-25
4.10827e-25
3.90482e-25
3.80984e-25
3.82701e-25
3.95628e-25
4.19766e-25
4.55237e-25
5.0232e-25
5.61457e-25
6.33228e-25
7.18365e-25
8.17692e-25
9.32051e-25
1.06212e-24
1.20798e-24
1.36774e-24
1.53277e-24
1.67237e-24
1.46118e-25
1.36783e-25
1.27687e-25
1.21279e-25
1.18181e-25
1.18506e-25
1.22249e-25
1.2941e-25
1.4002e-25
1.5416e-25
1.71956e-25
1.93576e-25
2.19233e-25
2.49167e-25
2.8362e-25
3.22787e-25
3.66684e-25
4.14743e-25
4.64407e-25
5.06477e-25
4.52643e-26
4.23716e-26
3.95465e-26
3.75394e-26
3.65395e-26
3.65803e-26
3.76606e-26
3.9779e-26
4.29442e-26
4.71787e-26
5.25191e-26
5.90138e-26
6.6724e-26
7.57188e-26
8.60683e-26
9.78278e-26
1.10999e-25
1.25413e-25
1.40312e-25
1.52952e-25
1.39715e-26
1.30789e-26
1.22055e-26
1.15803e-26
1.12605e-26
1.12561e-26
1.15667e-26
1.21917e-26
1.31334e-26
1.43981e-26
1.59962e-26
1.79416e-26
2.0252e-26
2.29471e-26
2.60469e-26
2.9567e-26
3.35074e-26
3.78173e-26
4.22733e-26
4.60591e-26
4.29713e-27
4.0229e-27
3.7541e-27
3.56036e-27
3.45891e-27
3.45276e-27
3.54176e-27
3.72565e-27
4.00504e-27
4.38171e-27
4.85861e-27
5.4397e-27
6.12999e-27
6.93515e-27
7.86085e-27
8.91146e-27
1.00867e-26
1.13715e-26
1.27e-26
1.38303e-26
1.31697e-27
1.23307e-27
1.15071e-27
1.09098e-27
1.05905e-27
1.05581e-27
1.08122e-27
1.13518e-27
1.21785e-27
1.32973e-27
1.47164e-27
1.64471e-27
1.85036e-27
2.0902e-27
2.36582e-27
2.67844e-27
3.02789e-27
3.4097e-27
3.80456e-27
4.14098e-27
4.02206e-28
3.76641e-28
3.5152e-28
3.33198e-28
3.23218e-28
3.21851e-28
3.29078e-28
3.4487e-28
3.69266e-28
4.02401e-28
4.44511e-28
4.95909e-28
5.56998e-28
6.2823e-28
7.10052e-28
8.02794e-28
9.06382e-28
1.0195e-27
1.13648e-27
1.2363e-27
1.22408e-28
1.1465e-28
1.07021e-28
1.01427e-28
9.83297e-29
9.78078e-29
9.98567e-29
1.04466e-28
1.11646e-28
1.21433e-28
1.33892e-28
1.49112e-28
1.67206e-28
1.88299e-28
2.12516e-28
2.39945e-28
2.70559e-28
3.03965e-28
3.38515e-28
3.68034e-28
3.71252e-29
3.47808e-29
3.24735e-29
3.07741e-29
2.98188e-29
2.96313e-29
3.021e-29
3.15519e-29
3.36591e-29
3.65417e-29
4.02177e-29
4.47117e-29
5.0055e-29
5.62826e-29
6.34286e-29
7.15165e-29
8.05354e-29
9.03702e-29
1.00542e-28
1.09243e-28
1.12212e-29
1.05155e-29
9.82077e-30
9.30686e-30
9.01402e-30
8.94929e-30
9.11224e-30
9.50186e-30
1.01186e-29
1.09653e-29
1.20468e-29
1.33698e-29
1.49431e-29
1.67763e-29
1.88786e-29
2.12561e-29
2.39049e-29
2.67911e-29
2.97759e-29
3.23328e-29
3.38009e-30
3.16855e-30
2.96023e-30
2.80554e-30
2.7163e-30
2.6946e-30
2.74033e-30
2.85316e-30
3.0332e-30
3.28118e-30
3.59844e-30
3.98682e-30
4.4487e-30
4.9867e-30
5.6033e-30
6.30002e-30
7.07554e-30
7.91987e-30
8.7929e-30
9.54176e-30
1.01473e-30
9.51567e-31
8.89364e-31
8.43009e-31
8.15969e-31
8.08859e-31
8.21649e-31
8.54242e-31
9.06657e-31
9.79083e-31
1.07189e-30
1.18556e-30
1.32076e-30
1.47817e-30
1.65847e-30
1.86202e-30
2.08836e-30
2.33457e-30
2.58909e-30
2.8077e-30
3.03606e-31
2.84823e-31
2.66327e-31
2.52499e-31
2.44351e-31
2.42063e-31
2.45629e-31
2.55021e-31
2.70239e-31
2.91333e-31
3.18401e-31
3.51576e-31
3.9103e-31
4.36951e-31
4.89509e-31
5.48791e-31
6.14643e-31
6.86208e-31
7.6017e-31
8.23776e-31
9.05363e-32
8.49724e-32
7.94956e-32
7.53889e-32
7.29465e-32
7.22218e-32
7.32132e-32
7.59124e-32
8.0319e-32
8.64456e-32
9.43179e-32
1.03971e-31
1.15451e-31
1.28806e-31
1.4408e-31
1.61292e-31
1.8039e-31
2.01125e-31
2.22546e-31
2.40992e-31
2.69087e-32
2.52671e-32
2.36521e-32
2.24379e-32
2.17096e-32
2.1483e-32
2.17579e-32
2.25318e-32
2.38044e-32
2.55788e-32
2.78617e-32
3.06623e-32
3.39925e-32
3.78649e-32
4.22903e-32
4.72718e-32
5.27931e-32
5.87808e-32
6.49645e-32
7.02959e-32
7.97133e-33
7.48892e-33
7.01465e-33
6.6572e-33
6.44115e-33
6.37114e-33
6.44715e-33
6.6685e-33
7.03503e-33
7.5475e-33
8.20763e-33
9.01775e-33
9.98091e-33
1.11003e-32
1.23785e-32
1.38158e-32
1.54069e-32
1.71304e-32
1.89095e-32
2.04453e-32
2.35366e-33
2.21246e-33
2.07376e-33
1.96899e-33
1.90522e-33
1.88381e-33
1.90478e-33
1.96794e-33
2.07323e-33
2.22083e-33
2.41116e-33
2.64481e-33
2.92255e-33
3.24515e-33
3.61319e-33
4.02658e-33
4.48362e-33
4.9781e-33
5.48821e-33
5.92911e-33
6.9269e-34
6.51527e-34
6.11133e-34
5.80558e-34
5.61828e-34
5.55343e-34
5.61118e-34
5.79099e-34
6.09264e-34
6.51653e-34
7.06373e-34
7.73562e-34
8.53409e-34
9.46097e-34
1.05174e-33
1.17026e-33
1.30113e-33
1.44253e-33
1.5883e-33
1.71443e-33
2.03199e-34
1.91249e-34
1.79534e-34
1.70649e-34
1.65175e-34
1.63228e-34
1.64816e-34
1.69923e-34
1.78543e-34
1.90683e-34
2.06369e-34
2.25633e-34
2.48519e-34
2.75068e-34
3.05298e-34
3.39172e-34
3.76521e-34
4.16822e-34
4.58335e-34
4.94293e-34
5.94157e-35
5.59606e-35
5.2577e-35
5.00065e-35
4.84144e-35
4.78348e-35
4.82706e-35
4.9718e-35
5.21747e-35
5.5642e-35
6.01257e-35
6.56326e-35
7.21726e-35
7.97537e-35
8.83771e-35
9.80277e-35
1.08653e-34
1.20101e-34
1.31882e-34
1.42096e-34
1.73174e-35
1.63226e-35
1.53494e-35
1.4609e-35
1.41481e-35
1.39769e-35
1.40965e-35
1.45058e-35
1.52042e-35
1.61917e-35
1.74696e-35
1.90392e-35
2.09024e-35
2.30606e-35
2.55128e-35
2.82534e-35
3.12662e-35
3.45072e-35
3.78393e-35
4.07302e-35
5.03124e-36
4.74599e-36
4.46728e-36
4.2549e-36
4.12215e-36
4.07198e-36
4.10476e-36
4.22027e-36
4.41828e-36
4.69876e-36
5.06192e-36
5.50796e-36
6.03719e-36
6.64967e-36
7.34481e-36
8.12063e-36
8.97211e-36
9.88659e-36
1.08257e-35
1.16409e-35
1.45708e-36
1.37563e-36
1.29615e-36
1.2355e-36
1.19744e-36
1.18284e-36
1.19184e-36
1.22437e-36
1.28037e-36
1.35981e-36
1.46272e-36
1.5891e-36
1.73896e-36
1.91224e-36
2.10868e-36
2.32759e-36
2.56745e-36
2.8246e-36
3.08833e-36
3.31741e-36
4.20645e-37
3.97486e-37
3.74914e-37
3.5767e-37
3.46814e-37
3.42597e-37
3.45066e-37
3.5421e-37
3.70007e-37
3.92446e-37
4.21523e-37
4.57223e-37
4.99533e-37
5.48407e-37
6.03741e-37
6.65312e-37
7.32655e-37
8.04719e-37
8.7852e-37
9.42652e-37
1.21054e-37
1.14497e-37
1.08114e-37
1.03233e-37
1.00151e-37
9.89417e-38
9.96204e-38
1.02185e-37
1.06631e-37
1.12951e-37
1.21143e-37
1.31198e-37
1.43107e-37
1.56849e-37
1.72386e-37
1.89647e-37
2.08492e-37
2.28618e-37
2.49197e-37
2.67084e-37
3.4728e-38
3.28792e-38
3.10822e-38
2.97066e-38
2.8836e-38
2.84917e-38
2.86786e-38
2.93968e-38
3.06446e-38
3.24202e-38
3.47215e-38
3.75451e-38
4.08865e-38
4.47383e-38
4.90873e-38
5.39107e-38
5.91662e-38
6.47677e-38
7.04853e-38
7.54558e-38
9.93177e-39
9.41274e-39
8.90897e-39
8.52305e-39
8.2783e-39
8.18094e-39
8.23259e-39
8.43332e-39
8.78271e-39
9.28011e-39
9.92475e-39
1.07153e-38
1.165e-38
1.27263e-38
1.39397e-38
1.52831e-38
1.67439e-38
1.82975e-38
1.98803e-38
2.12563e-38
2.83155e-39
2.68647e-39
2.54586e-39
2.43808e-39
2.36962e-39
2.34229e-39
2.3566e-39
2.41261e-39
2.5102e-39
2.64916e-39
2.82922e-39
3.04989e-39
3.31057e-39
3.61035e-39
3.94783e-39
4.32076e-39
4.72543e-39
5.15481e-39
5.5914e-39
5.97088e-39
8.04789e-40
7.64409e-40
7.25338e-40
6.95373e-40
6.76321e-40
6.68704e-40
6.72682e-40
6.88283e-40
7.15476e-40
7.54194e-40
8.0434e-40
8.65755e-40
9.38233e-40
1.02147e-39
1.11503e-39
1.21821e-39
1.32993e-39
1.44819e-39
1.56817e-39
1.67242e-39
2.28037e-40
2.16848e-40
2.06039e-40
1.97747e-40
1.92472e-40
1.90365e-40
1.91475e-40
1.95814e-40
2.03372e-40
2.14131e-40
2.28057e-40
2.45098e-40
2.65187e-40
2.88227e-40
3.14078e-40
3.42534e-40
3.73272e-40
4.05726e-40
4.38578e-40
4.67108e-40
6.4417e-41
6.13303e-41
5.83537e-41
5.60699e-41
5.4617e-41
5.40384e-41
5.43495e-41
5.55542e-41
5.76503e-41
6.06316e-41
6.44879e-41
6.92023e-41
7.47533e-41
8.11104e-41
8.82306e-41
9.60517e-41
1.0448e-40
1.13355e-40
1.22316e-40
1.30093e-40
1.81416e-41
1.72939e-41
1.64779e-41
1.58519e-41
1.54539e-41
1.52963e-41
1.53838e-41
1.57178e-41
1.62977e-41
1.71217e-41
1.81864e-41
1.94867e-41
2.10159e-41
2.27643e-41
2.4719e-41
2.68615e-41
2.91644e-41
3.15826e-41
3.40179e-41
3.61295e-41
5.09373e-42
4.86201e-42
4.63937e-42
4.46861e-42
4.36016e-42
4.31758e-42
4.34229e-42
4.43475e-42
4.59482e-42
4.82192e-42
5.11507e-42
5.47265e-42
5.89257e-42
6.37194e-42
6.90682e-42
7.49174e-42
8.11881e-42
8.77534e-42
9.43461e-42
1.00057e-41
1.4259e-42
1.36285e-42
1.3024e-42
1.25605e-42
1.22666e-42
1.21526e-42
1.22226e-42
1.24782e-42
1.2919e-42
1.35433e-42
1.43481e-42
1.53285e-42
1.6478e-42
1.77881e-42
1.92469e-42
2.08385e-42
2.254e-42
2.43159e-42
2.60938e-42
2.76318e-42
3.97963e-43
3.80889e-43
3.64552e-43
3.52035e-43
3.4412e-43
3.41096e-43
3.43088e-43
3.50142e-43
3.62252e-43
3.79367e-43
4.01398e-43
4.28196e-43
4.5957e-43
4.95259e-43
5.34915e-43
5.78071e-43
6.24078e-43
6.71941e-43
7.19702e-43
7.60955e-43
1.10739e-43
1.06138e-43
1.01745e-43
9.83829e-44
9.62638e-44
9.54695e-44
9.60374e-44
9.79818e-44
1.01301e-43
1.05981e-43
1.11995e-43
1.19298e-43
1.27834e-43
1.37525e-43
1.48269e-43
1.59932e-43
1.72327e-43
1.85179e-43
1.97958e-43
2.08977e-43
3.07238e-44
2.949e-44
2.83148e-44
2.74164e-44
2.68526e-44
2.66464e-44
2.68087e-44
2.73438e-44
2.82516e-44
2.95279e-44
3.11647e-44
3.3149e-44
3.5464e-44
3.80871e-44
4.09885e-44
4.41293e-44
4.7457e-44
5.0895e-44
5.43009e-44
5.72314e-44
8.499e-45
8.16987e-45
7.8571e-45
7.6184e-45
7.46938e-45
7.4165e-45
7.46296e-45
7.61005e-45
7.85777e-45
8.2049e-45
8.64911e-45
9.18666e-45
9.81256e-45
1.05202e-44
1.13011e-44
1.21441e-44
1.30342e-44
1.39504e-44
1.48544e-44
1.56304e-44
2.34416e-45
2.25682e-45
2.17403e-45
2.11098e-45
2.07187e-45
2.0585e-45
2.07181e-45
2.11219e-45
2.17963e-45
2.27379e-45
2.39401e-45
2.53919e-45
2.70788e-45
2.89819e-45
3.10765e-45
3.33309e-45
3.57033e-45
3.81355e-45
4.05253e-45
4.2571e-45
6.44677e-46
6.21625e-46
5.99835e-46
5.83279e-46
5.73088e-46
5.69768e-46
5.73583e-46
5.84649e-46
6.02969e-46
6.28447e-46
6.60888e-46
6.99979e-46
7.45303e-46
7.96315e-46
8.52309e-46
9.12388e-46
9.75389e-46
1.03971e-45
1.10262e-45
1.1563e-45
1.76782e-46
1.70732e-46
1.6503e-46
1.60711e-46
1.58077e-46
1.57269e-46
1.58362e-46
1.6139e-46
1.66356e-46
1.73231e-46
1.8196e-46
1.92455e-46
2.04594e-46
2.18223e-46
2.33141e-46
2.49096e-46
2.65763e-46
2.82705e-46
2.99195e-46
3.13217e-46
4.83373e-47
4.6759e-47
4.5276e-47
4.41565e-47
4.34815e-47
4.32899e-47
4.3603e-47
4.44306e-47
4.57734e-47
4.76238e-47
4.99661e-47
5.27748e-47
5.60159e-47
5.96451e-47
6.36062e-47
6.78282e-47
7.22213e-47
7.66659e-47
8.09698e-47
8.46148e-47
1.3179e-47
1.27698e-47
1.23865e-47
1.20985e-47
1.19271e-47
1.18832e-47
1.19728e-47
1.21986e-47
1.25609e-47
1.30576e-47
1.36843e-47
1.44338e-47
1.52964e-47
1.62597e-47
1.73078e-47
1.8421e-47
1.95746e-47
2.07359e-47
2.18543e-47
2.27971e-47
3.58302e-48
3.47759e-48
3.37921e-48
3.30564e-48
3.2626e-48
3.25303e-48
3.2786e-48
3.34011e-48
3.43766e-48
3.57066e-48
3.73786e-48
3.93724e-48
4.16611e-48
4.42094e-48
4.69732e-48
4.98978e-48
5.29152e-48
5.59372e-48
5.88301e-48
6.12564e-48
9.71372e-49
9.44399e-49
9.19328e-49
9.00692e-49
8.90008e-49
8.88076e-49
8.95361e-49
9.12092e-49
9.38296e-49
9.73812e-49
1.01829e-48
1.07118e-48
1.13171e-48
1.1989e-48
1.27153e-48
1.34808e-48
1.4267e-48
1.50502e-48
1.5795e-48
1.64161e-48
2.62605e-49
2.55754e-49
2.49414e-49
2.44735e-49
2.42119e-49
2.41782e-49
2.43853e-49
2.48395e-49
2.55418e-49
2.64878e-49
2.76679e-49
2.90663e-49
3.06621e-49
3.24279e-49
3.43298e-49
3.63263e-49
3.83669e-49
4.03876e-49
4.22963e-49
4.38776e-49
7.07959e-50
6.90694e-50
6.74793e-50
6.63165e-50
6.5686e-50
6.56466e-50
6.62335e-50
6.74647e-50
6.93427e-50
7.18558e-50
7.49775e-50
7.86644e-50
8.28582e-50
8.74833e-50
9.24464e-50
9.76341e-50
1.02909e-49
1.08101e-49
1.12968e-49
1.16971e-49
1.90331e-50
1.86017e-50
1.82065e-50
1.79207e-50
1.77717e-50
1.77753e-50
1.79412e-50
1.82742e-50
1.87753e-50
1.94412e-50
2.02646e-50
2.12338e-50
2.23324e-50
2.35398e-50
2.48304e-50
2.61733e-50
2.75314e-50
2.88593e-50
3.00943e-50
3.11014e-50
5.10291e-51
4.9961e-51
4.89888e-51
4.82951e-51
4.79515e-51
4.80001e-51
4.84672e-51
4.93663e-51
5.07001e-51
5.24599e-51
5.4626e-51
5.71657e-51
6.00348e-51
6.31765e-51
6.65207e-51
6.99838e-51
7.34661e-51
7.68472e-51
7.99646e-51
8.24826e-51
1.36439e-51
1.33822e-51
1.31458e-51
1.29798e-51
1.29031e-51
1.29267e-51
1.30578e-51
1.33001e-51
1.36543e-51
1.41181e-51
1.46863e-51
1.53499e-51
1.60968e-51
1.69115e-51
1.7775e-51
1.86647e-51
1.95539e-51
2.04108e-51
2.11934e-51
2.18188e-51
3.63819e-52
3.57481e-52
3.51802e-52
3.47904e-52
3.46265e-52
3.47184e-52
3.50848e-52
3.57362e-52
3.66746e-52
3.78941e-52
3.93802e-52
4.11089e-52
4.30472e-52
4.51529e-52
4.73747e-52
4.96516e-52
5.19126e-52
5.4074e-52
5.60278e-52
5.75698e-52
9.67531e-53
9.5238e-53
9.38951e-53
9.29989e-53
9.26726e-53
9.29943e-53
9.40148e-53
9.57621e-53
9.82424e-53
1.0144e-52
1.05316e-52
1.09806e-52
1.1482e-52
1.20245e-52
1.25941e-52
1.31746e-52
1.37471e-52
1.42896e-52
1.47744e-52
1.51518e-52
2.56618e-53
2.53053e-53
2.49934e-53
2.4793e-53
2.47356e-53
2.48417e-53
2.51247e-53
2.55923e-53
2.62464e-53
2.70827e-53
2.80909e-53
2.92535e-53
3.05465e-53
3.19393e-53
3.33946e-53
3.48687e-53
3.63119e-53
3.76668e-53
3.88627e-53
3.97784e-53
6.78828e-54
6.70595e-54
6.63516e-54
6.59203e-54
6.58457e-54
6.61813e-54
6.69629e-54
6.82112e-54
6.99316e-54
7.21133e-54
7.47282e-54
7.77296e-54
8.10536e-54
8.46178e-54
8.83227e-54
9.20521e-54
9.56745e-54
9.90406e-54
1.01971e-53
1.04173e-53
1.79097e-54
1.77241e-54
1.7568e-54
1.74802e-54
1.74808e-54
1.75838e-54
1.77987e-54
1.81311e-54
1.85826e-54
1.91502e-54
1.98265e-54
2.05991e-54
2.14508e-54
2.23599e-54
2.32998e-54
2.42397e-54
2.51449e-54
2.59768e-54
2.66897e-54
2.72138e-54
4.71257e-55
4.67197e-55
4.63896e-55
4.62263e-55
4.62807e-55
4.65892e-55
4.71773e-55
4.80603e-55
4.92422e-55
5.07153e-55
5.24595e-55
5.44418e-55
5.66172e-55
5.89279e-55
6.1304e-55
6.36638e-55
6.59162e-55
6.79606e-55
6.96821e-55
7.09149e-55
1.23635e-55
1.22785e-55
1.22128e-55
1.21875e-55
1.22153e-55
1.23059e-55
1.24661e-55
1.26999e-55
1.30086e-55
1.33898e-55
1.38382e-55
1.43451e-55
1.48987e-55
1.54839e-55
1.60823e-55
1.66725e-55
1.72305e-55
1.773e-55
1.81422e-55
1.84283e-55
3.22908e-56
3.21245e-56
3.20072e-56
3.19852e-56
3.20916e-56
3.23525e-56
3.27861e-56
3.3403e-56
3.42056e-56
3.5188e-56
3.63358e-56
3.76261e-56
3.90281e-56
4.05025e-56
4.20018e-56
4.34705e-56
4.48459e-56
4.60587e-56
4.70348e-56
4.76871e-56
8.33146e-57
8.30323e-57
8.28609e-57
8.29097e-57
8.32665e-57
8.39994e-57
8.51565e-57
8.67641e-57
8.88274e-57
9.133e-57
9.42345e-57
9.74813e-57
1.00991e-56
1.04663e-56
1.08376e-56
1.11989e-56
1.1534e-56
1.18251e-56
1.20529e-56
1.21969e-56
2.04025e-57
2.03652e-57
2.03516e-57
2.03865e-57
2.04917e-57
2.06841e-57
2.09756e-57
2.13727e-57
2.18764e-57
2.24824e-57
2.31817e-57
2.39595e-57
2.47964e-57
2.56678e-57
2.65444e-57
2.73918e-57
2.81706e-57
2.88369e-57
2.93439e-57
2.96442e-57
3.62892e-58
3.62645e-58
3.62737e-58
3.63635e-58
3.65725e-58
3.69307e-58
3.74592e-58
3.81692e-58
3.90628e-58
4.01326e-58
4.13623e-58
4.27258e-58
4.41884e-58
4.57064e-58
4.72275e-58
4.86903e-58
5.00252e-58
5.11553e-58
5.19978e-58
5.24654e-58
)
;

boundaryField
{
    outlet
    {
        type            zeroGradient;
    }
    inlet1
    {
        type            fixedValue;
        value           uniform 0.001;
    }
    inlet2
    {
        type            fixedValue;
        value           uniform 0;
    }
    frontAndBack
    {
        type            empty;
    }
    defaultFaces
    {
        type            zeroGradient;
    }
}


// ************************************************************************* //
