/*--------------------------------*- C++ -*----------------------------------*\
| =========                 |                                                 |
| \\      /  F ield         | OpenFOAM: The Open Source CFD Toolbox           |
|  \\    /   O peration     | Version:  2.1.0                                 |
|   \\  /    A nd           | Web:      www.OpenFOAM.org                      |
|    \\/     M anipulation  |                                                 |
\*---------------------------------------------------------------------------*/
FoamFile
{
    version     2.0;
    format      ascii;
    class       volScalarField;
    location    "0.1";
    object      C0;
}
// * * * * * * * * * * * * * * * * * * * * * * * * * * * * * * * * * * * * * //

dimensions      [0 0 0 0 0 0 0];

internalField   nonuniform List<scalar> 
6400
(
2.26115e-28
3.70221e-28
6.3929e-28
1.10363e-27
1.89676e-27
3.24478e-27
5.52546e-27
9.36686e-27
1.58083e-26
2.6562e-26
4.44366e-26
7.40188e-26
1.22768e-25
2.02761e-25
3.33475e-25
5.46186e-25
8.9092e-25
1.44737e-24
2.34199e-24
3.77466e-24
6.06011e-24
9.69204e-24
1.5442e-23
2.45115e-23
3.87644e-23
6.10829e-23
9.59075e-23
1.50057e-22
2.33969e-22
3.63567e-22
5.63071e-22
8.69202e-22
1.33748e-21
2.05157e-21
3.13725e-21
4.78301e-21
7.27055e-21
1.10198e-20
1.66549e-20
2.51014e-20
3.77277e-20
5.65528e-20
8.45469e-20
1.2607e-19
1.87507e-19
2.78185e-19
4.11696e-19
6.07811e-19
8.95214e-19
1.31544e-18
1.9285e-18
2.82092e-18
4.11724e-18
5.99632e-18
8.71461e-18
1.26392e-17
1.82944e-17
2.64286e-17
3.81074e-17
5.48468e-17
7.88003e-17
1.13023e-16
1.61847e-16
2.31402e-16
3.30366e-16
4.71001e-16
6.70633e-16
9.53727e-16
1.35482e-15
1.92263e-15
2.72593e-15
3.86174e-15
5.46701e-15
7.73512e-15
1.09393e-14
1.54659e-14
2.18616e-14
3.09016e-14
4.36856e-14
6.17778e-14
8.74071e-14
1.23758e-13
1.75397e-13
2.48893e-13
3.53748e-13
5.03799e-13
7.19356e-13
1.03058e-12
1.48295e-12
2.14647e-12
3.13216e-12
4.62322e-12
6.93883e-12
1.0671e-11
1.69856e-11
2.83031e-11
4.97662e-11
9.26622e-11
1.79552e-10
3.40153e-10
2.94698e-28
4.8613e-28
8.40906e-28
1.45308e-27
2.49966e-27
4.28025e-27
7.29601e-27
1.2381e-26
2.09172e-26
3.51835e-26
5.89224e-26
9.8252e-26
1.63131e-25
2.69701e-25
4.44011e-25
7.27934e-25
1.18849e-24
1.93252e-24
3.12969e-24
5.04834e-24
8.11128e-24
1.29821e-23
2.06985e-23
3.2877e-23
5.20269e-23
8.2029e-23
1.28865e-22
2.01721e-22
3.14662e-22
4.89145e-22
7.57807e-22
1.17013e-21
1.8009e-21
2.76282e-21
4.22526e-21
6.44194e-21
9.79196e-21
1.48401e-20
2.24258e-20
3.37926e-20
5.0779e-20
7.60954e-20
1.13728e-19
1.69523e-19
2.5204e-19
3.73772e-19
5.5292e-19
8.15934e-19
1.20118e-18
1.76416e-18
2.58504e-18
3.77933e-18
5.51319e-18
8.02513e-18
1.16569e-17
1.68974e-17
2.44449e-17
3.52947e-17
5.08641e-17
7.31677e-17
1.05066e-16
1.50616e-16
2.15563e-16
3.08041e-16
4.39548e-16
6.26331e-16
8.91334e-16
1.26693e-15
1.79882e-15
2.55142e-15
3.61561e-15
5.11958e-15
7.24416e-15
1.02446e-14
1.44814e-14
2.04641e-14
2.89137e-14
4.08516e-14
5.77275e-14
8.16024e-14
1.15414e-13
1.63361e-13
2.31466e-13
3.28401e-13
4.66722e-13
6.64729e-13
9.49318e-13
1.36045e-12
1.95836e-12
2.83555e-12
4.13773e-12
6.10211e-12
9.13204e-12
1.39508e-11
2.19267e-11
3.57452e-11
6.0537e-11
1.05835e-10
1.85939e-10
3.09622e-10
4.10736e-28
6.82211e-28
1.18481e-27
2.05467e-27
3.54712e-27
6.09552e-27
1.04273e-26
1.77574e-26
3.01054e-26
5.08133e-26
8.53863e-26
1.42852e-25
2.37946e-25
3.94618e-25
6.51624e-25
1.0714e-24
1.75413e-24
2.85984e-24
4.64317e-24
7.50763e-24
1.209e-23
1.93916e-23
3.098e-23
4.93011e-23
7.81557e-23
1.23429e-22
1.942e-22
3.04426e-22
4.75489e-22
7.4003e-22
1.14772e-21
1.77389e-21
2.73245e-21
4.19505e-21
6.41967e-21
9.79278e-21
1.48917e-20
2.25765e-20
3.41248e-20
5.14292e-20
7.72861e-20
1.15816e-19
1.73077e-19
2.57949e-19
3.83421e-19
5.68446e-19
8.40611e-19
1.23998e-18
1.82462e-18
2.67847e-18
3.92268e-18
5.73165e-18
8.35602e-18
1.21553e-17
1.7644e-17
2.55576e-17
3.69452e-17
5.33011e-17
7.67505e-17
1.10311e-16
1.58262e-16
2.26664e-16
3.24094e-16
4.6267e-16
6.59505e-16
9.38746e-16
1.33444e-15
1.89455e-15
2.68666e-15
3.80592e-15
5.38633e-15
7.61651e-15
1.07621e-14
1.51973e-14
2.14497e-14
3.02631e-14
4.2688e-14
6.02092e-14
8.4929e-14
1.1983e-13
1.6915e-13
2.38934e-13
3.37824e-13
4.78232e-13
6.78068e-13
9.63333e-13
1.37206e-12
1.96043e-12
2.81238e-12
4.05528e-12
5.88606e-12
8.61643e-12
1.27538e-11
1.91492e-11
2.92609e-11
4.55838e-11
7.21793e-11
1.15016e-10
1.80181e-10
2.65675e-10
5.7038e-28
9.53512e-28
1.66435e-27
2.90024e-27
5.03091e-27
8.68644e-27
1.49292e-26
2.5541e-26
4.34968e-26
7.37388e-26
1.2444e-25
2.09053e-25
3.49617e-25
5.82069e-25
9.64749e-25
1.59194e-24
2.61531e-24
4.27786e-24
6.96714e-24
1.12987e-23
1.82461e-23
2.9343e-23
4.69953e-23
7.49625e-23
1.19096e-22
1.8847e-22
2.971e-22
4.66554e-22
7.29909e-22
1.13771e-21
1.7669e-21
2.73429e-21
4.21655e-21
6.48003e-21
9.92509e-21
1.51516e-20
2.30557e-20
3.49723e-20
5.28837e-20
7.9726e-20
1.19836e-19
1.79599e-19
2.684e-19
3.99987e-19
5.94454e-19
8.81096e-19
1.30252e-18
1.92055e-18
2.82467e-18
4.14416e-18
6.0653e-18
8.85601e-18
1.29008e-17
1.87503e-17
2.71917e-17
3.93483e-17
5.68197e-17
8.18803e-17
1.17759e-16
1.69031e-16
2.42173e-16
3.46336e-16
4.94438e-16
7.04691e-16
1.00274e-15
1.42468e-15
2.02125e-15
2.8637e-15
4.05211e-15
5.72689e-15
8.08502e-15
1.14028e-14
1.60675e-14
2.26226e-14
3.18302e-14
4.47599e-14
6.29139e-14
8.8403e-14
1.24198e-13
1.74482e-13
2.45163e-13
3.44593e-13
4.84616e-13
6.82077e-13
9.61025e-13
1.35596e-12
1.91663e-12
2.7153e-12
3.85771e-12
5.5001e-12
7.87576e-12
1.13369e-11
1.64207e-11
2.39505e-11
3.5177e-11
5.1932e-11
7.67543e-11
1.12487e-10
1.6056e-10
2.16086e-10
7.69831e-28
1.29459e-27
2.27112e-27
3.97711e-27
6.93272e-27
1.2028e-26
2.07704e-26
3.56991e-26
6.1071e-26
1.03987e-25
1.76234e-25
2.97285e-25
4.99156e-25
8.34228e-25
1.38781e-24
2.29817e-24
3.78842e-24
6.21688e-24
1.01565e-23
1.65195e-23
2.67516e-23
4.31347e-23
6.92552e-23
1.10727e-22
1.76301e-22
2.79564e-22
4.41531e-22
6.9458e-22
1.08841e-21
1.69901e-21
2.64221e-21
4.09385e-21
6.32005e-21
9.72214e-21
1.49035e-20
2.2768e-20
3.46663e-20
5.26091e-20
7.9582e-20
1.20005e-19
1.80401e-19
2.70372e-19
4.04012e-19
6.01954e-19
8.9432e-19
1.32498e-18
1.95764e-18
2.88462e-18
4.23936e-18
6.21427e-18
9.08618e-18
1.32524e-17
1.92822e-17
2.79887e-17
4.05322e-17
5.85636e-17
8.44285e-17
1.21453e-16
1.74343e-16
2.49751e-16
3.57057e-16
5.09473e-16
7.25579e-16
1.03147e-15
1.46373e-15
2.07361e-15
2.93286e-15
4.1417e-15
5.84014e-15
8.22356e-15
1.15644e-14
1.62424e-14
2.27865e-14
3.19333e-14
4.47085e-14
6.25396e-14
8.74144e-14
1.22101e-13
1.70455e-13
2.37853e-13
3.31793e-13
4.62749e-13
6.45363e-13
9.00148e-13
1.25589e-12
1.75306e-12
2.44878e-12
3.42379e-12
4.79264e-12
6.71823e-12
9.43249e-12
1.32653e-11
1.86827e-11
2.63332e-11
3.70888e-11
5.20556e-11
7.25086e-11
9.94229e-11
1.32281e-10
1.66158e-10
9.98879e-28
1.68848e-27
2.97546e-27
5.23363e-27
9.16332e-27
1.59674e-26
2.76909e-26
4.77925e-26
8.20918e-26
1.40331e-25
2.3874e-25
4.04216e-25
6.81122e-25
1.14226e-24
1.90654e-24
3.16721e-24
5.23685e-24
8.61872e-24
1.41193e-23
2.30251e-23
3.73791e-23
6.04114e-23
9.72068e-23
1.55735e-22
2.48438e-22
3.94652e-22
6.24316e-22
9.83597e-22
1.54341e-21
2.41225e-21
3.75554e-21
5.82452e-21
8.99944e-21
1.38538e-20
2.12495e-20
3.24779e-20
4.94667e-20
7.50851e-20
1.1359e-19
1.71277e-19
2.5743e-19
3.85697e-19
5.76087e-19
8.57845e-19
1.2736e-18
1.88533e-18
2.78288e-18
4.09615e-18
6.0125e-18
8.80147e-18
1.28498e-17
1.87113e-17
2.71767e-17
3.93729e-17
5.69018e-17
8.20359e-17
1.17992e-16
1.69314e-16
2.42408e-16
3.46287e-16
4.9361e-16
7.02122e-16
9.96656e-16
1.41191e-15
1.99627e-15
2.81714e-15
3.96828e-15
5.57988e-15
7.83255e-15
1.09765e-14
1.5358e-14
2.14559e-14
2.99312e-14
4.16966e-14
5.80101e-14
8.0605e-14
1.11868e-13
1.55083e-13
2.14765e-13
2.97125e-13
4.1069e-13
5.67176e-13
7.82667e-13
1.07923e-12
1.48715e-12
2.04793e-12
2.81842e-12
3.87637e-12
5.32786e-12
7.31693e-12
1.00377e-11
1.37487e-11
1.87873e-11
2.55798e-11
3.46357e-11
4.65082e-11
6.16908e-11
8.02684e-11
1.01143e-10
1.20221e-10
1.23776e-27
2.1012e-27
3.71648e-27
6.56103e-27
1.15295e-26
2.01631e-26
3.5091e-26
6.07741e-26
1.04741e-25
1.79632e-25
3.06566e-25
5.20637e-25
8.79877e-25
1.47975e-24
2.47654e-24
4.12479e-24
6.83705e-24
1.12788e-23
1.85183e-23
3.02625e-23
4.92257e-23
7.97053e-23
1.28474e-22
2.06157e-22
3.29357e-22
5.23895e-22
8.29775e-22
1.30871e-21
2.05551e-21
3.21528e-21
5.00923e-21
7.77331e-21
1.20158e-20
1.85029e-20
2.83857e-20
4.33871e-20
6.60772e-20
1.00277e-19
1.5165e-19
2.28558e-19
3.43317e-19
5.14002e-19
7.67063e-19
1.14109e-18
1.69221e-18
2.50185e-18
3.68777e-18
5.41979e-18
7.94221e-18
1.16054e-17
1.69108e-17
2.45737e-17
3.56123e-17
5.14725e-17
7.42018e-17
1.06694e-16
1.53026e-16
2.18937e-16
3.12475e-16
4.44913e-16
6.32003e-16
8.95707e-16
1.26659e-15
1.7871e-15
2.51609e-15
3.53498e-15
4.95622e-15
6.93486e-15
9.68428e-15
1.34977e-14
1.87773e-14
2.60738e-14
3.61406e-14
5.00061e-14
6.90721e-14
9.52464e-14
1.31121e-13
1.80214e-13
2.47286e-13
3.38776e-13
4.6337e-13
6.32757e-13
8.62636e-13
1.17403e-12
1.59497e-12
2.16277e-12
2.92675e-12
3.95176e-12
5.32239e-12
7.14764e-12
9.56579e-12
1.27484e-11
1.69012e-11
2.22598e-11
2.90731e-11
3.75548e-11
4.77966e-11
5.95506e-11
7.17339e-11
8.13505e-11
1.45808e-27
2.48331e-27
4.40473e-27
7.79767e-27
1.37404e-26
2.40946e-26
4.20443e-26
7.30035e-26
1.26131e-25
2.16838e-25
3.70923e-25
6.31346e-25
1.06927e-24
1.80199e-24
3.0218e-24
5.04244e-24
8.37311e-24
1.38362e-23
2.27537e-23
3.72396e-23
6.06595e-23
9.83455e-23
1.58706e-22
2.54943e-22
4.07688e-22
6.49042e-22
1.02874e-21
1.62351e-21
2.55121e-21
3.99218e-21
6.22121e-21
9.65541e-21
1.49254e-20
2.29811e-20
3.5248e-20
5.38576e-20
8.19856e-20
1.24347e-19
1.87918e-19
2.82985e-19
4.24668e-19
6.35117e-19
9.46677e-19
1.40643e-18
2.08272e-18
3.07439e-18
4.52407e-18
6.63686e-18
9.70694e-18
1.4155e-17
2.05808e-17
2.98375e-17
4.3135e-17
6.21846e-17
8.94006e-17
1.2818e-16
1.83292e-16
2.6141e-16
3.71858e-16
5.27624e-16
7.46759e-16
1.05429e-15
1.48484e-15
2.0862e-15
2.92416e-15
4.08912e-15
5.70501e-15
7.9413e-15
1.10293e-14
1.5284e-14
2.11332e-14
2.9157e-14
4.01398e-14
5.51399e-14
7.55816e-14
1.03376e-13
1.41084e-13
1.92119e-13
2.61029e-13
3.5384e-13
4.78517e-13
6.45535e-13
8.68603e-13
1.16556e-12
1.55945e-12
2.07986e-12
2.76433e-12
3.65999e-12
4.82522e-12
6.33076e-12
8.26023e-12
1.07089e-11
1.37797e-11
1.75756e-11
2.21862e-11
2.766e-11
3.39091e-11
4.0629e-11
4.69906e-11
5.1082e-11
1.62718e-27
2.77751e-27
4.93589e-27
8.75414e-27
1.54538e-26
2.71473e-26
4.74524e-26
8.25306e-26
1.42819e-25
2.45904e-25
4.21261e-25
7.18034e-25
1.21772e-24
2.05479e-24
3.44993e-24
5.76347e-24
9.58077e-24
1.58479e-23
2.60864e-23
4.2731e-23
6.9659e-23
1.13016e-22
1.82494e-22
2.93312e-22
4.69252e-22
7.47317e-22
1.18482e-21
1.87013e-21
2.93896e-21
4.59882e-21
7.16569e-21
1.11188e-20
1.7182e-20
2.64446e-20
4.05392e-20
6.1904e-20
9.41667e-20
1.42705e-19
2.15463e-19
3.24135e-19
4.85878e-19
7.25776e-19
1.08038e-18
1.6028e-18
2.3699e-18
3.49264e-18
5.13067e-18
7.51298e-18
1.09671e-17
1.59598e-17
2.3155e-17
3.34935e-17
4.8305e-17
6.94635e-17
9.96027e-17
1.42413e-16
2.03053e-16
2.88711e-16
4.09378e-16
5.78904e-16
8.16431e-16
1.14835e-15
1.61096e-15
2.254e-15
3.14553e-15
4.37834e-15
6.07866e-15
8.41765e-15
1.16268e-14
1.60184e-14
2.20122e-14
3.01708e-14
4.12462e-14
5.62396e-14
7.64798e-14
1.03724e-13
1.40285e-13
1.89195e-13
2.54412e-13
3.41068e-13
4.55786e-13
6.0705e-13
8.05641e-13
1.06515e-12
1.40252e-12
1.83856e-12
2.39843e-12
3.11184e-12
4.01342e-12
5.14176e-12
6.53816e-12
8.24369e-12
1.02946e-11
1.27159e-11
1.55123e-11
1.86582e-11
2.20366e-11
2.53866e-11
2.81921e-11
2.94315e-11
1.71534e-27
2.93126e-27
5.21396e-27
9.25564e-27
1.63535e-26
2.87522e-26
5.02987e-26
8.7549e-26
1.51616e-25
2.61233e-25
4.47818e-25
7.63774e-25
1.29605e-24
2.18816e-24
3.6757e-24
6.14351e-24
1.02168e-23
1.69065e-23
2.78381e-23
4.56134e-23
7.43756e-23
1.2069e-22
1.94913e-22
3.13297e-22
5.01237e-22
7.98228e-22
1.26541e-21
1.99704e-21
3.13773e-21
4.9085e-21
7.64563e-21
1.18587e-20
1.83169e-20
2.81764e-20
4.31684e-20
6.58753e-20
1.00135e-19
1.51629e-19
2.28739e-19
3.43786e-19
5.14817e-19
7.68174e-19
1.14218e-18
1.69239e-18
2.4991e-18
3.67794e-18
5.39491e-18
7.88758e-18
1.14948e-17
1.66986e-17
2.4182e-17
3.49105e-17
5.02443e-17
7.20938e-17
1.03134e-16
1.47101e-16
2.09191e-16
2.96619e-16
4.19362e-16
5.91184e-16
8.31007e-16
1.16477e-15
1.62792e-15
2.26875e-15
3.15282e-15
4.36888e-15
6.03665e-15
8.31711e-15
1.14259e-14
1.5651e-14
2.13751e-14
2.91056e-14
3.95112e-14
5.34706e-14
7.21319e-14
9.69881e-14
1.29969e-13
1.73556e-13
2.30914e-13
3.06051e-13
4.03997e-13
5.31006e-13
6.94758e-13
9.04557e-13
1.17149e-12
1.50851e-12
1.93038e-12
2.45342e-12
3.09442e-12
3.86955e-12
4.79301e-12
5.87393e-12
7.11281e-12
8.49672e-12
9.99346e-12
1.15447e-11
1.30567e-11
1.43755e-11
1.52373e-11
1.52361e-11
1.70495e-27
2.91319e-27
5.1814e-27
9.19711e-27
1.62487e-26
2.85656e-26
4.99679e-26
8.69652e-26
1.5059e-25
2.59439e-25
4.44695e-25
7.58363e-25
1.28671e-24
2.17211e-24
3.64824e-24
6.09672e-24
1.01375e-23
1.67723e-23
2.76124e-23
4.52353e-23
7.37446e-23
1.19642e-22
1.93177e-22
3.10433e-22
4.96532e-22
7.90524e-22
1.25285e-21
1.97661e-21
3.10464e-21
4.85507e-21
7.55965e-21
1.17208e-20
1.80964e-20
2.78247e-20
4.26093e-20
6.49892e-20
9.87341e-20
1.49421e-19
2.25268e-19
3.38343e-19
5.06304e-19
7.54893e-19
1.12151e-18
1.6603e-18
2.4494e-18
3.60114e-18
5.27653e-18
7.70551e-18
1.12155e-17
1.62708e-17
2.35286e-17
3.39146e-17
4.87297e-17
6.97958e-17
9.96554e-17
1.41846e-16
2.01272e-16
2.84711e-16
4.01499e-16
5.6445e-16
7.91092e-16
1.10532e-15
1.53959e-15
2.13782e-15
2.95925e-15
4.08343e-15
5.6168e-15
7.7012e-15
1.05248e-14
1.43362e-14
1.94622e-14
2.63303e-14
3.54967e-14
4.76811e-14
6.38086e-14
8.50608e-14
1.12935e-13
1.49313e-13
1.96538e-13
2.57496e-13
3.35699e-13
4.35357e-13
5.61434e-13
7.19662e-13
9.16483e-13
1.1589e-12
1.45419e-12
1.8094e-12
2.23054e-12
2.72172e-12
3.28273e-12
3.90753e-12
4.58315e-12
5.28611e-12
5.97985e-12
6.61255e-12
7.11604e-12
7.40647e-12
7.3931e-12
7.00508e-12
1.59855e-27
2.72786e-27
4.84653e-27
8.59366e-27
1.51668e-26
2.66365e-26
4.65473e-26
8.0934e-26
1.40016e-25
2.41004e-25
4.12734e-25
7.0326e-25
1.19224e-24
2.01101e-24
3.37504e-24
5.6359e-24
9.36436e-24
1.54823e-23
2.54712e-23
4.17001e-23
6.79384e-23
1.10155e-22
1.77757e-22
2.85496e-22
4.56406e-22
7.26277e-22
1.15048e-21
1.81428e-21
2.84844e-21
4.45258e-21
6.9302e-21
1.07408e-20
1.65771e-20
2.54795e-20
3.90039e-20
5.94688e-20
9.03148e-20
1.36629e-19
2.05904e-19
3.09137e-19
4.62406e-19
6.89135e-19
1.02333e-18
1.51417e-18
2.23255e-18
3.28031e-18
4.80318e-18
7.00907e-18
1.01935e-17
1.47749e-17
2.13442e-17
3.07325e-17
4.41045e-17
6.30877e-17
8.99467e-17
1.27823e-16
1.81057e-16
2.55626e-16
3.59729e-16
5.0457e-16
7.05405e-16
9.82918e-16
1.36504e-15
1.88936e-15
2.60617e-15
3.58257e-15
4.90757e-15
6.69874e-15
9.11055e-15
1.23449e-14
1.6664e-14
2.24066e-14
3.00071e-14
4.0019e-14
5.31412e-14
7.02494e-14
9.24297e-14
1.21014e-13
1.57616e-13
2.04162e-13
2.6291e-13
3.36456e-13
4.27704e-13
5.39798e-13
6.75989e-13
8.39424e-13
1.03282e-12
1.25804e-12
1.51548e-12
1.80335e-12
2.11674e-12
2.44654e-12
2.77737e-12
3.08946e-12
3.35652e-12
3.54703e-12
3.62763e-12
3.57035e-12
3.3658e-12
3.03937e-12
1.41709e-27
2.41243e-27
4.27743e-27
7.56947e-27
1.3333e-26
2.33706e-26
4.07633e-26
7.07473e-26
1.22175e-25
2.09931e-25
3.58918e-25
6.10569e-25
1.03347e-24
1.74055e-24
2.9168e-24
4.86372e-24
8.07017e-24
1.33248e-23
2.18937e-23
3.57992e-23
5.82564e-23
9.43514e-23
1.52093e-22
2.44033e-22
3.89753e-22
6.19663e-22
9.80782e-22
1.54548e-21
2.42469e-21
3.7877e-21
5.89177e-21
9.12628e-21
1.40781e-20
2.16284e-20
3.30946e-20
5.04392e-20
7.65742e-20
1.15804e-19
1.74467e-19
2.61862e-19
3.91584e-19
5.83428e-19
8.66122e-19
1.2812e-18
1.8885e-18
2.77391e-18
4.06028e-18
5.92269e-18
8.60976e-18
1.24732e-17
1.8009e-17
2.59137e-17
3.71618e-17
5.31123e-17
7.56523e-17
1.07393e-16
1.51934e-16
2.14213e-16
3.00986e-16
4.21447e-16
5.88061e-16
8.17651e-16
1.13282e-15
1.56381e-15
2.15083e-15
2.94715e-15
4.02289e-15
5.46989e-15
7.40767e-15
9.99079e-15
1.34178e-14
1.79417e-14
2.38825e-14
3.16413e-14
4.17157e-14
5.47165e-14
7.1384e-14
9.26025e-14
1.19411e-13
1.53004e-13
1.94726e-13
2.46037e-13
3.08464e-13
3.83504e-13
4.725e-13
5.76446e-13
6.95746e-13
8.29904e-13
9.77175e-13
1.13416e-12
1.29545e-12
1.45329e-12
1.59686e-12
1.71266e-12
1.7863e-12
1.80321e-12
1.75232e-12
1.63122e-12
1.45307e-12
1.25133e-12
1.19136e-27
2.02126e-27
3.57333e-27
6.3051e-27
1.10738e-26
1.93553e-26
3.36653e-26
5.82688e-26
1.00358e-25
1.71997e-25
2.93322e-25
4.97762e-25
8.4053e-25
1.41236e-24
2.36157e-24
3.92945e-24
6.5065e-24
1.07217e-23
1.75829e-23
2.86978e-23
4.66184e-23
7.53766e-23
1.21313e-22
1.94353e-22
3.09966e-22
4.92151e-22
7.7798e-22
1.22447e-21
1.91895e-21
2.99461e-21
4.65372e-21
7.20228e-21
1.11013e-20
1.70425e-20
2.60602e-20
3.96941e-20
6.02285e-20
9.1039e-20
1.37096e-19
2.05689e-19
3.07472e-19
4.57958e-19
6.79655e-19
1.00509e-18
1.48113e-18
2.175e-18
3.18284e-18
4.64159e-18
6.74559e-18
9.76967e-18
1.41009e-17
2.02825e-17
2.90739e-17
4.15323e-17
5.91239e-17
8.38743e-17
1.18569e-16
1.67023e-16
2.3444e-16
3.27881e-16
4.56889e-16
6.34295e-16
8.77264e-16
1.20864e-15
1.65866e-15
2.26712e-15
3.08605e-15
4.18308e-15
5.64546e-15
7.58495e-15
1.01435e-14
1.35e-14
1.78774e-14
2.35507e-14
3.08553e-14
4.01943e-14
5.20449e-14
6.6961e-14
8.55718e-14
1.08572e-13
1.36701e-13
1.70708e-13
2.113e-13
2.59059e-13
3.14345e-13
3.77159e-13
4.46986e-13
5.22626e-13
6.02013e-13
6.82067e-13
7.58616e-13
8.26445e-13
8.79472e-13
9.10094e-13
9.11873e-13
8.7982e-13
8.12708e-13
7.15446e-13
6.01224e-13
4.91807e-13
9.53258e-28
1.61025e-27
2.83586e-27
4.98493e-27
8.72206e-27
1.51878e-26
2.63196e-26
4.53907e-26
7.79029e-26
1.33057e-25
2.2616e-25
3.82551e-25
6.43965e-25
1.0788e-24
1.79856e-24
2.98423e-24
4.92797e-24
8.09932e-24
1.32492e-23
2.15727e-23
3.49636e-23
5.64084e-23
9.0596e-23
1.44855e-22
2.3059e-22
3.65472e-22
5.76762e-22
9.06343e-22
1.41829e-21
2.21023e-21
3.4303e-21
5.30244e-21
8.16374e-21
1.25198e-20
1.91258e-20
2.91058e-20
4.41266e-20
6.665e-20
1.003e-19
1.50389e-19
2.2468e-19
3.34474e-19
4.96163e-19
7.33432e-19
1.08039e-18
1.58597e-18
2.3201e-18
3.3824e-18
4.91416e-18
7.11511e-18
1.02664e-17
1.47625e-17
2.11542e-17
3.0208e-17
4.29858e-17
6.09527e-17
8.61211e-17
1.21243e-16
1.70063e-16
2.37654e-16
3.30855e-16
4.58831e-16
6.33807e-16
8.71988e-16
1.19473e-15
1.63e-15
2.21416e-15
2.99417e-15
4.03018e-15
5.39859e-15
7.19553e-15
9.54077e-15
1.25818e-14
1.64981e-14
2.15045e-14
2.78546e-14
3.58412e-14
4.57947e-14
5.8077e-14
7.30693e-14
9.11519e-14
1.12674e-13
1.37911e-13
1.6701e-13
1.99917e-13
2.36301e-13
2.7546e-13
3.1624e-13
3.56972e-13
3.95448e-13
4.28974e-13
4.54535e-13
4.69068e-13
4.69248e-13
4.52499e-13
4.1798e-13
3.67391e-13
3.05744e-13
2.41541e-13
1.86071e-13
7.29309e-28
1.22547e-27
2.14832e-27
3.75923e-27
6.54777e-27
1.13507e-26
1.95838e-26
3.3629e-26
5.74746e-26
9.77646e-26
1.65513e-25
2.78888e-25
4.67713e-25
7.807e-25
1.29704e-24
2.14484e-24
3.53037e-24
5.78421e-24
9.43369e-24
1.53162e-23
2.47553e-23
3.98343e-23
6.38169e-23
1.01795e-22
1.61678e-22
2.55701e-22
4.0271e-22
6.31615e-22
9.86584e-22
1.53483e-21
2.37822e-21
3.67056e-21
5.64316e-21
8.6426e-21
1.31862e-20
2.00433e-20
3.03536e-20
4.58001e-20
6.88576e-20
1.03154e-19
1.53985e-19
2.2906e-19
3.39553e-19
5.01607e-19
7.38456e-19
1.08342e-18
1.58412e-18
2.30833e-18
3.35217e-18
4.85145e-18
6.99728e-18
1.00576e-17
1.44064e-17
2.05637e-17
2.92496e-17
4.14563e-17
5.85455e-17
8.23769e-17
1.15478e-16
1.61267e-16
2.24342e-16
3.10853e-16
4.28981e-16
5.89542e-16
8.06738e-16
1.09909e-15
1.4906e-15
2.01205e-15
2.7027e-15
3.61203e-15
4.80188e-15
6.34854e-15
8.34505e-15
1.09031e-14
1.41547e-14
1.82527e-14
2.33697e-14
2.96954e-14
3.74303e-14
4.67747e-14
5.79139e-14
7.09958e-14
8.61018e-14
1.03211e-13
1.22157e-13
1.42583e-13
1.63897e-13
1.85235e-13
2.05451e-13
2.23147e-13
2.36746e-13
2.44656e-13
2.45474e-13
2.38236e-13
2.21862e-13
1.96825e-13
1.64999e-13
1.29821e-13
9.5966e-14
6.86717e-14
5.37054e-28
8.97004e-28
1.56442e-27
2.72376e-27
4.72051e-27
8.14276e-27
1.39808e-26
2.38936e-26
4.06466e-26
6.88277e-26
1.16012e-25
1.94645e-25
3.25082e-25
5.40452e-25
8.94423e-25
1.47354e-24
2.4167e-24
3.94588e-24
6.41416e-24
1.03807e-23
1.67274e-23
2.68384e-23
4.28784e-23
6.82167e-23
1.08077e-22
1.70525e-22
2.67964e-22
4.19386e-22
6.53766e-22
1.01513e-21
1.57012e-21
2.41922e-21
3.71337e-21
5.6785e-21
8.65149e-21
1.31328e-20
1.98635e-20
2.99363e-20
4.49577e-20
6.72802e-20
1.00337e-19
1.4912e-19
2.20863e-19
3.26009e-19
4.79581e-19
7.03113e-19
1.02735e-18
1.49605e-18
2.17122e-18
3.1404e-18
4.52672e-18
6.50268e-18
9.3089e-18
1.32796e-17
1.88773e-17
2.67383e-17
3.77354e-17
5.30587e-17
7.43234e-17
1.03711e-16
1.44149e-16
1.99549e-16
2.751e-16
3.77645e-16
5.16146e-16
7.02254e-16
9.51002e-16
1.28162e-15
1.71849e-15
2.29221e-15
3.04076e-15
4.01069e-15
5.25826e-15
6.85041e-15
8.86523e-15
1.13919e-14
1.45294e-14
1.83839e-14
2.30638e-14
2.86726e-14
3.52983e-14
4.29986e-14
5.17835e-14
6.15926e-14
7.22715e-14
8.35463e-14
9.50022e-14
1.06071e-13
1.16036e-13
1.24067e-13
1.29291e-13
1.30907e-13
1.28332e-13
1.21374e-13
1.09802e-13
9.41007e-14
7.5601e-14
5.63521e-14
3.88013e-14
2.53003e-14
3.84817e-28
6.38544e-28
1.10793e-27
1.9195e-27
3.31039e-27
5.68262e-27
9.71007e-27
1.65165e-26
2.79671e-26
4.71429e-26
7.91106e-26
1.32162e-25
2.19807e-25
3.63955e-25
5.99975e-25
9.84715e-25
1.60914e-24
2.61818e-24
4.24173e-24
6.84296e-24
1.09931e-23
1.75869e-23
2.80203e-23
4.4462e-23
7.02676e-23
1.10609e-22
1.73424e-22
2.70853e-22
4.21383e-22
6.53071e-22
1.00833e-21
1.55102e-21
2.37699e-21
3.62953e-21
5.5221e-21
8.37155e-21
1.26466e-20
1.90379e-20
2.85601e-20
4.2698e-20
6.36169e-20
9.44634e-20
1.39794e-19
2.06183e-19
3.03081e-19
4.44028e-19
6.48342e-19
9.43495e-19
1.36839e-18
1.97792e-18
2.84922e-18
4.09025e-18
5.85148e-18
8.34171e-18
1.18494e-17
1.67713e-17
2.36505e-17
3.32265e-17
4.65017e-17
6.48269e-17
9.00127e-17
1.24471e-16
1.71397e-16
2.3499e-16
3.20736e-16
4.35748e-16
5.8917e-16
7.92654e-16
1.06091e-15
1.41233e-15
1.86959e-15
2.46035e-15
3.21781e-15
4.18112e-15
5.39559e-15
6.91233e-15
8.78733e-15
1.10795e-14
1.38476e-14
1.71453e-14
2.1015e-14
2.54788e-14
3.0528e-14
3.61102e-14
4.21161e-14
4.8366e-14
5.45986e-14
6.04664e-14
6.55433e-14
6.93506e-14
7.14068e-14
7.1303e-14
6.87879e-14
6.38386e-14
5.66424e-14
4.73644e-14
3.68257e-14
2.61848e-14
1.67659e-14
9.71974e-15
2.75055e-28
4.5326e-28
7.83239e-28
1.35199e-27
2.32314e-27
3.9733e-27
6.76441e-27
1.1464e-26
1.93415e-26
3.24864e-26
5.43233e-26
9.0439e-26
1.49907e-25
2.47398e-25
4.06531e-25
6.65166e-25
1.08373e-24
1.75826e-24
2.84077e-24
4.57085e-24
7.32463e-24
1.16902e-23
1.85831e-23
2.94238e-23
4.64064e-23
7.29073e-23
1.14103e-22
1.77896e-22
2.76314e-22
4.27584e-22
6.59231e-22
1.01268e-21
1.55002e-21
2.36403e-21
3.59284e-21
5.44134e-21
8.21241e-21
1.23523e-20
1.85159e-20
2.76614e-20
4.11856e-20
6.11172e-20
9.03926e-20
1.33247e-19
1.95765e-19
2.86659e-19
4.18358e-19
6.08519e-19
8.82137e-19
1.27445e-18
1.83495e-18
2.63284e-18
3.76448e-18
5.36345e-18
7.61411e-18
1.07697e-17
1.51763e-17
2.13048e-17
2.9792e-17
4.14949e-17
5.75596e-17
7.95102e-17
1.09359e-16
1.49748e-16
2.04116e-16
2.76907e-16
3.73818e-16
5.02083e-16
6.70797e-16
8.91272e-16
1.17741e-15
1.54606e-15
2.01732e-15
2.61476e-15
3.36542e-15
4.29954e-15
5.44989e-15
6.85048e-15
8.5346e-15
1.05318e-14
1.28641e-14
1.55404e-14
1.85509e-14
2.1859e-14
2.53943e-14
2.90449e-14
3.26513e-14
3.60041e-14
3.88496e-14
4.09052e-14
4.18912e-14
4.15801e-14
3.98472e-14
3.66847e-14
3.22785e-14
2.67263e-14
2.04405e-14
1.40862e-14
8.45233e-15
4.23977e-15
2.1059e-28
3.44434e-28
5.94111e-28
1.02447e-27
1.75863e-27
3.00472e-27
5.10997e-27
8.65057e-27
1.45782e-26
2.44578e-26
4.08505e-26
6.793e-26
1.12467e-25
1.85397e-25
3.04307e-25
4.9736e-25
8.09459e-25
1.31191e-24
2.11748e-24
3.40375e-24
5.44926e-24
8.68916e-24
1.38005e-23
2.18328e-23
3.44061e-23
5.40119e-23
8.44678e-23
1.316e-22
2.0427e-22
3.15902e-22
4.86764e-22
7.47345e-22
1.14335e-21
1.74305e-21
2.64805e-21
4.00911e-21
6.04902e-21
9.09601e-21
1.36319e-20
2.03614e-20
3.03118e-20
4.49753e-20
6.65116e-20
9.80352e-20
1.44021e-19
2.10876e-19
3.07737e-19
4.47583e-19
6.48786e-19
9.37238e-19
1.34929e-18
1.93574e-18
2.76731e-18
3.94197e-18
5.59485e-18
7.91142e-18
1.1145e-17
1.56398e-17
2.1861e-17
3.04337e-17
4.2193e-17
5.82476e-17
8.00595e-17
1.09544e-16
1.49189e-16
2.02206e-16
2.72697e-16
3.65864e-16
4.88223e-16
6.47859e-16
8.54674e-16
1.12062e-15
1.45992e-15
1.88914e-15
2.42723e-15
3.09527e-15
3.91594e-15
4.91263e-15
6.10799e-15
7.52186e-15
9.16855e-15
1.10533e-14
1.31678e-14
1.54857e-14
1.79572e-14
2.0504e-14
2.30158e-14
2.53483e-14
2.73263e-14
2.8754e-14
2.94357e-14
2.92111e-14
2.79982e-14
2.57943e-14
2.27074e-14
1.88199e-14
1.43846e-14
9.82744e-15
5.67831e-15
2.46562e-15
5.38775e-10
5.29964e-10
4.95515e-10
4.56952e-10
4.1948e-10
3.84801e-10
3.53579e-10
3.25983e-10
3.01869e-10
2.80895e-10
2.6259e-10
2.46404e-10
2.31737e-10
2.17961e-10
2.04447e-10
1.9061e-10
1.76027e-10
1.60677e-10
1.45484e-10
1.33563e-10
4.31243e-10
4.24954e-10
3.93188e-10
3.57163e-10
3.22993e-10
2.92337e-10
2.65505e-10
2.4233e-10
2.22444e-10
2.05386e-10
1.90653e-10
1.77726e-10
1.66083e-10
1.55211e-10
1.44618e-10
1.33877e-10
1.22711e-10
1.11181e-10
1.00076e-10
9.17207e-11
3.37032e-10
3.29282e-10
3.02254e-10
2.71586e-10
2.42702e-10
2.17173e-10
1.95208e-10
1.76538e-10
1.60733e-10
1.47322e-10
1.35835e-10
1.25817e-10
1.16837e-10
1.0849e-10
1.00407e-10
9.2283e-11
8.39468e-11
7.54904e-11
6.75338e-11
6.17212e-11
2.54566e-10
2.45574e-10
2.2376e-10
1.99493e-10
1.76753e-10
1.56792e-10
1.39768e-10
1.25432e-10
1.13401e-10
1.03266e-10
9.46324e-11
8.71332e-11
8.04325e-11
7.42247e-11
6.82421e-11
6.2277e-11
5.62273e-11
5.01882e-11
4.46233e-11
4.0663e-11
1.84131e-10
1.75296e-10
1.58689e-10
1.40712e-10
1.23969e-10
1.09322e-10
9.68777e-11
8.64439e-11
7.77242e-11
7.0405e-11
6.41859e-11
5.87928e-11
5.39803e-11
4.95301e-11
4.52572e-11
4.10244e-11
3.67748e-11
3.25941e-11
2.88171e-11
2.62057e-11
1.26534e-10
1.19032e-10
1.07209e-10
9.47556e-11
8.32284e-11
7.3159e-11
6.46099e-11
5.74461e-11
5.14624e-11
4.64414e-11
4.21738e-11
3.84705e-11
3.51641e-11
3.21078e-11
2.91796e-11
2.62927e-11
2.34192e-11
2.063e-11
1.81603e-11
1.65105e-11
8.19788e-11
7.63591e-11
6.85526e-11
6.05269e-11
5.31361e-11
4.6678e-11
4.11852e-11
3.65721e-11
3.2709e-11
2.94587e-11
2.66883e-11
2.42778e-11
2.21206e-11
2.0124e-11
1.82121e-11
1.63334e-11
1.44769e-11
1.26976e-11
1.11559e-11
1.01662e-11
4.96374e-11
4.58894e-11
4.11528e-11
3.6382e-11
3.20041e-11
2.817e-11
2.48957e-11
2.2133e-11
1.98072e-11
1.78387e-11
1.61517e-11
1.46771e-11
1.33525e-11
1.21235e-11
1.09459e-11
9.79141e-12
8.6574e-12
7.58398e-12
6.67619e-12
6.11739e-12
2.77481e-11
2.55275e-11
2.29242e-11
2.03468e-11
1.79854e-11
1.59084e-11
1.41219e-11
1.26017e-11
1.13113e-11
1.02101e-11
9.25914e-12
8.42252e-12
7.66719e-12
6.96425e-12
6.29037e-12
5.63122e-12
4.98745e-12
4.38608e-12
3.89052e-12
3.59726e-12
1.39978e-11
1.28535e-11
1.15977e-11
1.03712e-11
9.24453e-12
8.2458e-12
7.37732e-12
6.62941e-12
5.9867e-12
5.43185e-12
4.94756e-12
4.51778e-12
4.12741e-12
3.76344e-12
3.4152e-12
3.07656e-12
2.74899e-12
2.44769e-12
2.20497e-12
2.06582e-12
6.27053e-12
5.76779e-12
5.25565e-12
4.7612e-12
4.30367e-12
3.89184e-12
3.52705e-12
3.20652e-12
2.92539e-12
2.67774e-12
2.45752e-12
2.25891e-12
2.07656e-12
1.90591e-12
1.74363e-12
1.58839e-12
1.44222e-12
1.31208e-12
1.2109e-12
1.15617e-12
2.66911e-12
2.46545e-12
2.27287e-12
2.08924e-12
1.91762e-12
1.7602e-12
1.61762e-12
1.48934e-12
1.37409e-12
1.27019e-12
1.17583e-12
1.08924e-12
1.00888e-12
9.33495e-13
8.62486e-13
7.96102e-13
7.3595e-13
6.85241e-13
6.48477e-13
6.30096e-13
1.07989e-12
1.0042e-12
9.38914e-13
8.77606e-13
8.19493e-13
7.64815e-13
7.13784e-13
6.66385e-13
6.22443e-13
5.81669e-13
5.43697e-13
5.08167e-13
4.74805e-13
4.43497e-13
4.14414e-13
3.88106e-13
3.65636e-13
3.48525e-13
3.38216e-13
3.34691e-13
4.15722e-13
3.90029e-13
3.70964e-13
3.53563e-13
3.36678e-13
3.20116e-13
3.03908e-13
2.88119e-13
2.72806e-13
2.58017e-13
2.43781e-13
2.3013e-13
2.17145e-13
2.04982e-13
1.93924e-13
1.84423e-13
1.77115e-13
1.72738e-13
1.71708e-13
1.73046e-13
1.52607e-13
1.44654e-13
1.40434e-13
1.36941e-13
1.33362e-13
1.29484e-13
1.2528e-13
1.2079e-13
1.16081e-13
1.11234e-13
1.06337e-13
1.01484e-13
9.67952e-14
9.24268e-14
8.85946e-14
8.55908e-14
8.37752e-14
8.35047e-14
8.48758e-14
8.70297e-14
5.36497e-14
5.13587e-14
5.10746e-14
5.11556e-14
5.11185e-14
5.08106e-14
5.01958e-14
4.92879e-14
4.8127e-14
4.67668e-14
4.52712e-14
4.37119e-14
4.21732e-14
4.07595e-14
3.96024e-14
3.88676e-14
3.87475e-14
3.9415e-14
4.08772e-14
4.2575e-14
1.82231e-14
1.75365e-14
1.79204e-14
1.85151e-14
1.90509e-14
1.94332e-14
1.96335e-14
1.96542e-14
1.9514e-14
1.92412e-14
1.88706e-14
1.84432e-14
1.80071e-14
1.76207e-14
1.73558e-14
1.72991e-14
1.75481e-14
1.81859e-14
1.92013e-14
2.02725e-14
6.09545e-15
5.80862e-15
6.10787e-15
6.53686e-15
6.94654e-15
7.28396e-15
7.53223e-15
7.69045e-15
7.76612e-15
7.77183e-15
7.72409e-15
7.64307e-15
7.55309e-15
7.48376e-15
7.47118e-15
7.55835e-15
7.79259e-15
8.21291e-15
8.80915e-15
9.40953e-15
2.08584e-15
1.89643e-15
2.04649e-15
2.27286e-15
2.49633e-15
2.6906e-15
2.84693e-15
2.96379e-15
3.04347e-15
3.09082e-15
3.11283e-15
3.11854e-15
3.11925e-15
3.12893e-15
3.16476e-15
3.24717e-15
3.39846e-15
3.6368e-15
3.95628e-15
4.27047e-15
7.54794e-16
6.23731e-16
6.84185e-16
7.8509e-16
8.88661e-16
9.82787e-16
1.06293e-15
1.12763e-15
1.17714e-15
1.21302e-15
1.23793e-15
1.25562e-15
1.27102e-15
1.29042e-15
1.32165e-15
1.37416e-15
1.45846e-15
1.58355e-15
1.74803e-15
1.91172e-15
0.001
0.001
0.001
0.001
0.001
0.001
0.001
0.001
0.001
0.001
0.001
0.001
0.001
0.001
0.001
0.001
0.001
0.001
0.001
0.001
0.001
0.001
0.001
0.001
0.001
0.001
0.001
0.001
0.001
0.001
0.001
0.001
0.001
0.001
0.001
0.001
0.001
0.001
0.001
0.001
0.001
0.001
0.001
0.001
0.001
0.001
0.001
0.001
0.001
0.001
0.001
0.001
0.001
0.001
0.001
0.001
0.001
0.001
0.001
0.001
0.001
0.001
0.001
0.001
0.001
0.001
0.001
0.001
0.001
0.001
0.001
0.001
0.001
0.001
0.001
0.001
0.001
0.001
0.001
0.001
0.001
0.001
0.001
0.001
0.001
0.001
0.001
0.001
0.001
0.001
0.001
0.001
0.001
0.001
0.001
0.001
0.001
0.001
0.001
0.001
0.000999999
0.000999999
0.000999999
0.000999999
0.000999999
0.000999999
0.000999999
0.000999999
0.000999999
0.000999999
0.000999999
0.000999999
0.000999999
0.000999999
0.000999999
0.000999999
0.000999999
0.000999999
0.000999999
0.000999999
0.000999999
0.000999999
0.000999999
0.000999999
0.000999999
0.000999999
0.000999999
0.000999999
0.000999999
0.000999999
0.000999999
0.000999999
0.000999999
0.000999999
0.000999999
0.000999999
0.000999999
0.000999999
0.000999999
0.000999999
0.000999998
0.000999998
0.000999998
0.000999998
0.000999998
0.000999998
0.000999998
0.000999998
0.000999998
0.000999998
0.000999998
0.000999998
0.000999998
0.000999998
0.000999998
0.000999998
0.000999998
0.000999998
0.000999998
0.000999998
0.000999996
0.000999996
0.000999996
0.000999996
0.000999996
0.000999996
0.000999996
0.000999996
0.000999996
0.000999996
0.000999996
0.000999996
0.000999996
0.000999996
0.000999996
0.000999996
0.000999996
0.000999996
0.000999996
0.000999996
0.000999993
0.000999993
0.000999993
0.000999994
0.000999994
0.000999994
0.000999994
0.000999994
0.000999994
0.000999994
0.000999994
0.000999994
0.000999994
0.000999994
0.000999994
0.000999994
0.000999994
0.000999993
0.000999993
0.000999993
0.000999989
0.000999989
0.000999989
0.000999989
0.000999989
0.000999989
0.000999989
0.000999989
0.000999989
0.000999989
0.000999989
0.000999989
0.000999989
0.000999989
0.000999989
0.000999989
0.000999989
0.000999989
0.000999989
0.000999989
0.000999981
0.000999981
0.000999981
0.000999981
0.000999982
0.000999982
0.000999982
0.000999982
0.000999982
0.000999982
0.000999982
0.000999982
0.000999982
0.000999982
0.000999982
0.000999982
0.000999981
0.000999981
0.000999981
0.000999981
0.000999968
0.000999969
0.000999969
0.000999969
0.00099997
0.00099997
0.00099997
0.00099997
0.00099997
0.00099997
0.00099997
0.00099997
0.00099997
0.00099997
0.00099997
0.00099997
0.000999969
0.000999969
0.000999969
0.000999968
0.000999949
0.000999949
0.00099995
0.00099995
0.000999951
0.000999951
0.000999951
0.000999952
0.000999952
0.000999952
0.000999952
0.000999952
0.000999952
0.000999951
0.000999951
0.000999951
0.00099995
0.00099995
0.000999949
0.000999949
0.000999918
0.000999919
0.00099992
0.000999921
0.000999922
0.000999922
0.000999923
0.000999923
0.000999923
0.000999923
0.000999923
0.000999923
0.000999923
0.000999923
0.000999922
0.000999922
0.000999921
0.00099992
0.000999919
0.000999918
0.000999871
0.000999873
0.000999874
0.000999876
0.000999877
0.000999878
0.000999879
0.000999879
0.00099988
0.00099988
0.00099988
0.00099988
0.000999879
0.000999879
0.000999878
0.000999877
0.000999876
0.000999874
0.000999873
0.000999871
0.0009998
0.000999803
0.000999806
0.000999808
0.00099981
0.000999812
0.000999813
0.000999814
0.000999814
0.000999815
0.000999815
0.000999814
0.000999814
0.000999813
0.000999812
0.00099981
0.000999808
0.000999806
0.000999803
0.0009998
0.000999695
0.000999699
0.000999704
0.000999707
0.00099971
0.000999713
0.000999715
0.000999716
0.000999717
0.000999718
0.000999718
0.000999717
0.000999716
0.000999715
0.000999713
0.00099971
0.000999707
0.000999704
0.000999699
0.000999695
0.000999541
0.000999548
0.000999554
0.00099956
0.000999565
0.000999569
0.000999572
0.000999574
0.000999576
0.000999576
0.000999576
0.000999576
0.000999574
0.000999572
0.000999569
0.000999565
0.00099956
0.000999554
0.000999548
0.000999541
0.000999319
0.000999329
0.000999339
0.000999348
0.000999355
0.000999361
0.000999366
0.000999369
0.000999372
0.000999373
0.000999373
0.000999371
0.000999369
0.000999366
0.000999361
0.000999355
0.000999347
0.000999339
0.000999328
0.000999318
0.000999001
0.000999017
0.000999032
0.000999045
0.000999056
0.000999065
0.000999072
0.000999078
0.000999081
0.000999083
0.000999083
0.000999081
0.000999077
0.000999072
0.000999065
0.000999056
0.000999045
0.000999032
0.000999016
0.000999001
0.000998556
0.000998578
0.000998601
0.00099862
0.000998637
0.00099865
0.00099866
0.000998668
0.000998673
0.000998675
0.000998675
0.000998673
0.000998668
0.00099866
0.00099865
0.000998636
0.00099862
0.0009986
0.000998577
0.000998555
0.000997937
0.00099797
0.000998003
0.000998031
0.000998055
0.000998074
0.000998089
0.0009981
0.000998107
0.00099811
0.00099811
0.000998107
0.000998099
0.000998088
0.000998073
0.000998054
0.00099803
0.000998002
0.000997969
0.000997936
0.000997091
0.000997137
0.000997184
0.000997224
0.000997258
0.000997286
0.000997307
0.000997322
0.000997332
0.000997337
0.000997336
0.000997331
0.000997321
0.000997306
0.000997284
0.000997257
0.000997223
0.000997182
0.000997135
0.000997089
0.000995946
0.000996011
0.000996077
0.000996134
0.000996181
0.000996219
0.000996249
0.00099627
0.000996284
0.00099629
0.00099629
0.000996283
0.000996269
0.000996247
0.000996218
0.00099618
0.000996132
0.000996075
0.000996009
0.000995944
0.000994419
0.000994509
0.0009946
0.000994679
0.000994744
0.000994796
0.000994836
0.000994864
0.000994883
0.000994892
0.000994892
0.000994882
0.000994863
0.000994834
0.000994793
0.000994741
0.000994676
0.000994596
0.000994505
0.000994415
0.000992406
0.000992529
0.000992653
0.00099276
0.000992848
0.000992917
0.000992971
0.000993009
0.000993034
0.000993045
0.000993045
0.000993032
0.000993007
0.000992968
0.000992914
0.000992843
0.000992755
0.000992648
0.000992524
0.000992401
0.000989788
0.000989952
0.000990118
0.00099026
0.000990377
0.000990469
0.000990539
0.000990589
0.000990621
0.000990636
0.000990635
0.000990619
0.000990586
0.000990535
0.000990464
0.000990371
0.000990254
0.00099011
0.000989944
0.00098978
0.000986421
0.000986639
0.000986857
0.000987044
0.000987196
0.000987315
0.000987405
0.000987469
0.000987509
0.000987529
0.000987528
0.000987507
0.000987465
0.000987399
0.000987308
0.000987187
0.000987034
0.000986847
0.000986628
0.00098641
0.000982146
0.00098243
0.000982713
0.000982955
0.000983149
0.000983301
0.000983414
0.000983493
0.000983544
0.000983567
0.000983566
0.00098354
0.000983487
0.000983405
0.00098329
0.000983137
0.00098294
0.000982698
0.000982414
0.00098213
0.000976783
0.000977146
0.000977509
0.000977815
0.000978061
0.000978249
0.000978389
0.000978486
0.000978546
0.000978574
0.000978572
0.000978541
0.000978477
0.000978376
0.000978234
0.000978043
0.000977795
0.000977487
0.000977124
0.000976759
0.000970132
0.000970592
0.000971049
0.000971432
0.000971736
0.000971967
0.000972135
0.00097225
0.000972321
0.000972353
0.000972351
0.000972313
0.000972237
0.000972117
0.000971945
0.00097171
0.000971404
0.000971019
0.00097056
0.000970099
0.000961981
0.000962556
0.000963124
0.000963595
0.000963964
0.000964241
0.000964439
0.000964573
0.000964654
0.00096469
0.000964686
0.000964643
0.000964555
0.000964415
0.00096421
0.000963928
0.000963555
0.000963081
0.000962511
0.000961935
0.000952107
0.000952816
0.00095351
0.000954082
0.000954524
0.000954849
0.000955078
0.000955229
0.000955318
0.000955357
0.000955352
0.000955303
0.000955204
0.000955044
0.000954807
0.000954474
0.000954027
0.000953451
0.000952753
0.000952044
0.000940282
0.000941143
0.000941982
0.000942665
0.000943185
0.000943561
0.00094382
0.000943986
0.000944081
0.000944121
0.000944114
0.00094406
0.000943952
0.000943773
0.000943503
0.000943117
0.000942589
0.000941901
0.000941058
0.000940194
0.000926278
0.000927312
0.000928311
0.000929116
0.00092972
0.000930148
0.000930434
0.000930611
0.000930709
0.000930747
0.000930738
0.000930681
0.000930565
0.000930371
0.000930069
0.000929628
0.000929014
0.000928202
0.000927197
0.000926161
0.000909881
0.000911106
0.000912283
0.000913219
0.00091391
0.000914389
0.000914698
0.000914883
0.000914979
0.000915014
0.000915002
0.000914942
0.000914822
0.000914615
0.000914284
0.000913788
0.000913084
0.000912138
0.000910955
0.000909726
0.000890897
0.000892331
0.0008937
0.000894777
0.000895558
0.000896085
0.000896415
0.0008966
0.000896691
0.000896719
0.000896703
0.000896643
0.000896521
0.000896305
0.000895949
0.000895399
0.0008946
0.000893511
0.000892134
0.000890695
0.000869165
0.000870825
0.0008724
0.000873624
0.000874496
0.000875071
0.000875414
0.000875596
0.000875676
0.000875696
0.000875675
0.000875615
0.000875494
0.000875273
0.000874894
0.000874291
0.000873397
0.000872157
0.000870572
0.000868906
0.000844571
0.00084647
0.000848262
0.000849639
0.000850604
0.000851222
0.000851575
0.000851748
0.000851813
0.00085182
0.000851794
0.000851735
0.000851618
0.000851395
0.000850998
0.000850344
0.000849352
0.000847956
0.000846151
0.000844244
0.00081706
0.000819208
0.000821224
0.000822758
0.000823815
0.000824474
0.000824832
0.000824991
0.000825037
0.000825029
0.000824997
0.000824939
0.000824827
0.000824607
0.000824194
0.000823492
0.000822402
0.000820845
0.000818813
0.000816656
0.000786648
0.000789049
0.000791293
0.000792984
0.000794133
0.000794829
0.000795187
0.000795327
0.00079535
0.000795326
0.000795286
0.00079523
0.000795126
0.000794911
0.000794486
0.000793738
0.000792551
0.000790832
0.00078857
0.000786158
0.000753433
0.000756083
0.000758553
0.000760399
0.000761636
0.000762366
0.000762721
0.000762838
0.000762836
0.000762792
0.000762744
0.00076269
0.000762596
0.000762388
0.000761956
0.000761164
0.000759882
0.000758004
0.000755512
0.000752848
0.000717594
0.000720486
0.000723174
0.000725169
0.000726488
0.000727249
0.000727597
0.000727689
0.000727658
0.000727595
0.000727538
0.000727487
0.000727404
0.000727206
0.000726767
0.000725936
0.000724565
0.000722533
0.000719819
0.000716912
0.000679402
0.000682519
0.000685411
0.000687544
0.000688939
0.000689726
0.000690065
0.000690129
0.00069007
0.000689985
0.000689919
0.000689872
0.000689801
0.000689615
0.000689173
0.000688307
0.000686853
0.000684678
0.000681759
0.000678626
0.000639211
0.000642528
0.000645601
0.000647858
0.00064932
0.000650129
0.000650457
0.000650493
0.000650405
0.0006503
0.000650225
0.000650181
0.000650123
0.00064995
0.000649508
0.000648611
0.000647085
0.000644784
0.000641682
0.000638349
0.000597447
0.000600931
0.000604157
0.000606517
0.000608036
0.000608863
0.000609181
0.000609191
0.000609075
0.00060895
0.000608867
0.000608827
0.00060878
0.000608622
0.000608181
0.00060726
0.000605673
0.000603268
0.000600014
0.000596514
0.000554597
0.00055821
0.000561551
0.00056399
0.000565553
0.000566395
0.000566704
0.000566693
0.000566554
0.000566411
0.00056632
0.000566282
0.000566247
0.000566101
0.000565663
0.000564724
0.000563091
0.000560608
0.00055724
0.000553612
0.00051119
0.000514886
0.000518301
0.000520789
0.000522381
0.000523234
0.000523538
0.000523512
0.000523357
0.000523202
0.000523104
0.000523068
0.00052304
0.000522903
0.000522468
0.000521518
0.000519856
0.000517325
0.000513886
0.000510177
0.000467775
0.000471504
0.000474946
0.000477451
0.000479055
0.000479913
0.000480216
0.000480186
0.000480024
0.000479861
0.00047976
0.000479723
0.000479698
0.000479566
0.000479133
0.000478178
0.000476507
0.000473961
0.000470497
0.000466758
0.000424895
0.000428604
0.000432026
0.000434515
0.000436113
0.000436971
0.000437274
0.000437247
0.000437088
0.000436926
0.000436823
0.000436784
0.000436758
0.000436626
0.000436196
0.000435245
0.000433582
0.000431055
0.000427615
0.000423898
0.000383066
0.000386705
0.000390059
0.000392499
0.000394071
0.000394921
0.000395228
0.00039521
0.000395064
0.000394909
0.000394807
0.000394765
0.000394733
0.000394598
0.000394171
0.000393232
0.000391599
0.000389124
0.000385756
0.000382112
0.000342757
0.000346277
0.000349519
0.000351879
0.000353406
0.00035424
0.000354549
0.000354547
0.000354418
0.000354277
0.00035418
0.000354133
0.000354094
0.000353953
0.000353531
0.000352615
0.000351031
0.00034864
0.000345389
0.000341865
0.000304371
0.000307732
0.000310823
0.000313075
0.00031454
0.000315346
0.000315657
0.000315671
0.000315562
0.000315437
0.000315348
0.0003153
0.000315254
0.000315106
0.000314692
0.000313809
0.000312294
0.000310015
0.000306918
0.000303556
0.000268235
0.000271403
0.000274313
0.000276435
0.00027782
0.00027859
0.000278895
0.000278925
0.000278838
0.000278731
0.000278652
0.000278605
0.000278552
0.000278401
0.000278
0.000277162
0.000275732
0.000273587
0.000270674
0.000267508
0.000234595
0.000237545
0.00024025
0.000242225
0.000243518
0.000244242
0.000244537
0.000244579
0.000244514
0.000244427
0.000244359
0.000244313
0.000244255
0.000244105
0.000243725
0.00024294
0.000241607
0.000239614
0.000236908
0.000233961
0.000203614
0.000206329
0.000208816
0.000210632
0.000211824
0.000212496
0.000212776
0.000212828
0.000212783
0.000212715
0.000212657
0.000212613
0.000212553
0.000212409
0.000212054
0.00021133
0.000210104
0.000208272
0.000205786
0.000203075
0.00017538
0.000177852
0.000180113
0.000181764
0.000182851
0.000183467
0.000183731
0.00018379
0.00018376
0.000183708
0.000183661
0.00018362
0.000183561
0.000183425
0.0001831
0.00018244
0.000181325
0.00017966
0.000177401
0.000174933
0.00014991
0.000152137
0.000154172
0.000155658
0.000156638
0.000157197
0.000157443
0.000157506
0.000157489
0.00015745
0.000157412
0.000157376
0.000157321
0.000157194
0.000156899
0.000156305
0.000155302
0.000153806
0.000151773
0.00014955
0.000127163
0.00012915
0.000130962
0.000132287
0.000133161
0.000133663
0.00013389
0.000133956
0.00013395
0.000133921
0.000133891
0.00013386
0.000133808
0.000133693
0.00013343
0.0001329
0.000132007
0.000130675
0.000128865
0.000126882
0.000107045
0.000108801
0.000110401
0.00011157
0.000112343
0.00011279
0.000112996
0.000113063
0.000113064
0.000113044
0.00011302
0.000112993
0.000112948
0.000112846
0.000112612
0.000112144
0.000111356
0.000110182
0.000108585
0.000106833
8.94245e-05
9.09613e-05
9.23599e-05
9.33828e-05
9.40604e-05
9.44537e-05
9.46387e-05
9.47029e-05
9.471e-05
9.46965e-05
9.46791e-05
9.46576e-05
9.46191e-05
9.45286e-05
9.43226e-05
9.39132e-05
9.32251e-05
9.21983e-05
9.08019e-05
8.9269e-05
7.41359e-05
7.54685e-05
7.66803e-05
7.75671e-05
7.81556e-05
7.84988e-05
7.86626e-05
7.87224e-05
7.87332e-05
7.87261e-05
7.87135e-05
7.86972e-05
7.86643e-05
7.85853e-05
7.8406e-05
7.80511e-05
7.7455e-05
7.65654e-05
7.53552e-05
7.40255e-05
6.09938e-05
6.21389e-05
6.31795e-05
6.39414e-05
6.44479e-05
6.47447e-05
6.48885e-05
6.49433e-05
6.49559e-05
6.4953e-05
6.49443e-05
6.49312e-05
6.49034e-05
6.48357e-05
6.46817e-05
6.4377e-05
6.38651e-05
6.31011e-05
6.20615e-05
6.09186e-05
4.98007e-05
5.07757e-05
5.16614e-05
5.23101e-05
5.2742e-05
5.29964e-05
5.31216e-05
5.31712e-05
5.31842e-05
5.31832e-05
5.31769e-05
5.31661e-05
5.31428e-05
5.30857e-05
5.29548e-05
5.26957e-05
5.22602e-05
5.16098e-05
5.07246e-05
4.9751e-05
4.03539e-05
4.11766e-05
4.19238e-05
4.24713e-05
4.28363e-05
4.30521e-05
4.31595e-05
4.32033e-05
4.32157e-05
4.32155e-05
4.32111e-05
4.32026e-05
4.31834e-05
4.31352e-05
4.30245e-05
4.28061e-05
4.24389e-05
4.18902e-05
4.1143e-05
4.0321e-05
3.2452e-05
3.31401e-05
3.37649e-05
3.42228e-05
3.45283e-05
3.47093e-05
3.48e-05
3.48375e-05
3.48489e-05
3.48496e-05
3.48466e-05
3.48402e-05
3.48246e-05
3.47836e-05
3.46908e-05
3.45082e-05
3.42012e-05
3.37422e-05
3.3117e-05
3.2429e-05
2.59004e-05
2.64709e-05
2.69888e-05
2.73683e-05
2.76215e-05
2.77715e-05
2.78471e-05
2.78787e-05
2.78888e-05
2.78901e-05
2.78882e-05
2.78833e-05
2.78702e-05
2.78361e-05
2.7759e-05
2.76074e-05
2.73528e-05
2.69721e-05
2.64535e-05
2.58827e-05
2.05154e-05
2.09843e-05
2.14099e-05
2.17217e-05
2.19296e-05
2.20527e-05
2.21148e-05
2.2141e-05
2.21496e-05
2.2151e-05
2.21498e-05
2.21459e-05
2.2135e-05
2.2107e-05
2.20436e-05
2.19189e-05
2.17095e-05
2.13964e-05
2.09698e-05
2.05004e-05
1.61272e-05
1.65093e-05
1.68561e-05
1.71102e-05
1.72795e-05
1.73795e-05
1.74298e-05
1.74512e-05
1.74582e-05
1.74596e-05
1.74585e-05
1.74554e-05
1.74464e-05
1.74236e-05
1.73719e-05
1.72703e-05
1.70995e-05
1.68442e-05
1.64963e-05
1.61136e-05
1.25818e-05
1.28906e-05
1.31708e-05
1.3376e-05
1.35127e-05
1.35933e-05
1.36338e-05
1.36511e-05
1.36569e-05
1.36577e-05
1.36568e-05
1.36538e-05
1.36464e-05
1.3628e-05
1.35862e-05
1.35041e-05
1.33662e-05
1.31597e-05
1.28784e-05
1.25691e-05
9.74167e-06
9.98912e-06
1.02137e-05
1.03781e-05
1.04875e-05
1.0552e-05
1.05843e-05
1.0598e-05
1.06027e-05
1.06032e-05
1.06021e-05
1.05994e-05
1.05933e-05
1.05783e-05
1.05447e-05
1.04791e-05
1.03685e-05
1.0203e-05
9.97757e-06
9.72964e-06
7.48579e-06
7.6824e-06
7.86083e-06
7.99145e-06
8.07833e-06
8.12952e-06
8.15509e-06
8.16579e-06
8.16932e-06
8.16968e-06
8.16857e-06
8.16625e-06
8.16109e-06
8.14883e-06
8.12221e-06
8.07004e-06
7.98215e-06
7.85057e-06
7.67139e-06
7.47441e-06
5.70902e-06
5.86393e-06
6.00456e-06
6.10748e-06
6.17589e-06
6.21613e-06
6.23614e-06
6.24442e-06
6.24697e-06
6.24715e-06
6.24624e-06
6.24418e-06
6.23984e-06
6.23007e-06
6.20901e-06
6.16781e-06
6.09848e-06
5.99474e-06
5.85352e-06
5.69833e-06
4.32128e-06
4.44233e-06
4.55223e-06
4.63266e-06
4.68607e-06
4.71741e-06
4.7329e-06
4.73924e-06
4.74108e-06
4.74108e-06
4.74029e-06
4.73857e-06
4.73507e-06
4.72732e-06
4.71072e-06
4.6784e-06
4.62412e-06
4.543e-06
4.43263e-06
4.3114e-06
3.24638e-06
3.34017e-06
3.42535e-06
3.48769e-06
3.52905e-06
3.55325e-06
3.5651e-06
3.56984e-06
3.57114e-06
3.57104e-06
3.57036e-06
3.569e-06
3.56624e-06
3.56014e-06
3.54715e-06
3.52196e-06
3.4798e-06
3.41688e-06
3.33134e-06
3.23742e-06
2.42063e-06
2.4927e-06
2.55818e-06
2.60609e-06
2.63785e-06
2.6564e-06
2.6654e-06
2.66889e-06
2.66974e-06
2.66955e-06
2.66896e-06
2.66792e-06
2.6658e-06
2.66107e-06
2.65097e-06
2.6315e-06
2.59901e-06
2.5506e-06
2.48485e-06
2.41269e-06
1.79148e-06
1.8464e-06
1.89632e-06
1.93283e-06
1.95703e-06
1.97113e-06
1.97793e-06
1.98049e-06
1.981e-06
1.98071e-06
1.98019e-06
1.9794e-06
1.9778e-06
1.97417e-06
1.96638e-06
1.95145e-06
1.92663e-06
1.88969e-06
1.83956e-06
1.78458e-06
1.31603e-06
1.35754e-06
1.39528e-06
1.42288e-06
1.44117e-06
1.4518e-06
1.45687e-06
1.45871e-06
1.45901e-06
1.45869e-06
1.45823e-06
1.45761e-06
1.45639e-06
1.45364e-06
1.44769e-06
1.43634e-06
1.41753e-06
1.38957e-06
1.35166e-06
1.3101e-06
9.59662e-07
9.90765e-07
1.01906e-06
1.03976e-06
1.05346e-06
1.0614e-06
1.06515e-06
1.06644e-06
1.06657e-06
1.0663e-06
1.0659e-06
1.06539e-06
1.06446e-06
1.06236e-06
1.05786e-06
1.04931e-06
1.03517e-06
1.01418e-06
9.8573e-07
9.54576e-07
6.94698e-07
7.1781e-07
7.38843e-07
7.54233e-07
7.64413e-07
7.70292e-07
7.73022e-07
7.73917e-07
7.73949e-07
7.73688e-07
7.73353e-07
7.72945e-07
7.72204e-07
7.70613e-07
7.67239e-07
7.60852e-07
7.50307e-07
7.34671e-07
7.13492e-07
6.90323e-07
4.99273e-07
5.16303e-07
5.31805e-07
5.43147e-07
5.50642e-07
5.5495e-07
5.56916e-07
5.57516e-07
5.57481e-07
5.57243e-07
5.56958e-07
5.56618e-07
5.56035e-07
5.54824e-07
5.52302e-07
5.4757e-07
5.39772e-07
5.28214e-07
5.1257e-07
4.95475e-07
3.56281e-07
3.68723e-07
3.8005e-07
3.88336e-07
3.93801e-07
3.96923e-07
3.98313e-07
3.98695e-07
3.98615e-07
3.98403e-07
3.98162e-07
3.97873e-07
3.97406e-07
3.96479e-07
3.9461e-07
3.9113e-07
3.85404e-07
3.76923e-07
3.65455e-07
3.52941e-07
2.52473e-07
2.61486e-07
2.6969e-07
2.75688e-07
2.79633e-07
2.81867e-07
2.82832e-07
2.83057e-07
2.82953e-07
2.82752e-07
2.82542e-07
2.823e-07
2.81921e-07
2.81215e-07
2.79835e-07
2.77288e-07
2.73111e-07
2.66931e-07
2.58586e-07
2.49497e-07
1.77693e-07
1.84166e-07
1.90056e-07
1.94355e-07
1.97173e-07
1.98752e-07
1.99409e-07
1.99525e-07
1.99403e-07
1.99212e-07
1.99023e-07
1.98815e-07
1.98514e-07
1.97976e-07
1.96953e-07
1.95094e-07
1.92063e-07
1.87591e-07
1.81563e-07
1.75013e-07
1.24234e-07
1.28842e-07
1.33032e-07
1.36085e-07
1.38075e-07
1.39175e-07
1.39611e-07
1.39653e-07
1.39519e-07
1.3934e-07
1.39165e-07
1.38987e-07
1.38744e-07
1.38331e-07
1.37569e-07
1.36214e-07
1.34027e-07
1.30811e-07
1.26486e-07
1.21802e-07
8.63056e-08
8.9557e-08
9.25091e-08
9.46546e-08
9.60436e-08
9.6797e-08
9.70747e-08
9.70672e-08
9.69307e-08
9.67622e-08
9.65995e-08
9.64425e-08
9.62424e-08
9.59208e-08
9.53527e-08
9.43672e-08
9.2795e-08
9.04959e-08
8.74139e-08
8.40899e-08
5.95948e-08
6.18674e-08
6.39269e-08
6.54178e-08
6.63737e-08
6.68786e-08
6.70457e-08
6.70076e-08
6.68734e-08
6.67152e-08
6.65657e-08
6.64213e-08
6.62522e-08
6.6001e-08
6.55757e-08
6.48593e-08
6.37333e-08
6.20975e-08
5.99149e-08
5.75738e-08
4.092e-08
4.24928e-08
4.3914e-08
4.49371e-08
4.55837e-08
4.59122e-08
4.60022e-08
4.59463e-08
4.58206e-08
4.5675e-08
4.55356e-08
4.54034e-08
4.52581e-08
4.50569e-08
4.47361e-08
4.42151e-08
4.34105e-08
4.22516e-08
4.07151e-08
3.90787e-08
2.79555e-08
2.90323e-08
3.00011e-08
3.06927e-08
3.11208e-08
3.13254e-08
3.13628e-08
3.12974e-08
3.11822e-08
3.10515e-08
3.09241e-08
3.08037e-08
3.06761e-08
3.05116e-08
3.0267e-08
2.98865e-08
2.93117e-08
2.84935e-08
2.74177e-08
2.62827e-08
1.90164e-08
1.97448e-08
2.0396e-08
2.08549e-08
2.11301e-08
2.12491e-08
2.12515e-08
2.11818e-08
2.10771e-08
2.09616e-08
2.08483e-08
2.07395e-08
2.06268e-08
2.0491e-08
2.03018e-08
2.00215e-08
1.96101e-08
1.90336e-08
1.82843e-08
1.7503e-08
1.28928e-08
1.33789e-08
1.38091e-08
1.41062e-08
1.42756e-08
1.43363e-08
1.43161e-08
1.42459e-08
1.41515e-08
1.40498e-08
1.39501e-08
1.38539e-08
1.37555e-08
1.36422e-08
1.34941e-08
1.32856e-08
1.29899e-08
1.25842e-08
1.20647e-08
1.15312e-08
8.72367e-09
9.04265e-09
9.32071e-09
9.50644e-09
9.60342e-09
9.62499e-09
9.5909e-09
9.52267e-09
9.43804e-09
9.34894e-09
9.26178e-09
9.17771e-09
9.09286e-09
8.99855e-09
8.88156e-09
8.72525e-09
8.51181e-09
8.22628e-09
7.86766e-09
7.50628e-09
5.90124e-09
6.10609e-09
6.2802e-09
6.39001e-09
6.43795e-09
6.43389e-09
6.39195e-09
6.32713e-09
6.25171e-09
6.17396e-09
6.09834e-09
6.02562e-09
5.95315e-09
5.87502e-09
5.78249e-09
5.66473e-09
5.51019e-09
5.30932e-09
5.06293e-09
4.82031e-09
4.0003e-09
4.12777e-09
4.23134e-09
4.28971e-09
4.30491e-09
4.28449e-09
4.23877e-09
4.17827e-09
4.11148e-09
4.04406e-09
3.97902e-09
3.91684e-09
3.85565e-09
3.79145e-09
3.71847e-09
3.62972e-09
3.51776e-09
3.37673e-09
3.20842e-09
3.04718e-09
2.72573e-09
2.80095e-09
2.85673e-09
2.8803e-09
2.87383e-09
2.84341e-09
2.79668e-09
2.74109e-09
2.68242e-09
2.6245e-09
2.56925e-09
2.51686e-09
2.46598e-09
2.41388e-09
2.35679e-09
2.29015e-09
2.20928e-09
2.11071e-09
1.99665e-09
1.89079e-09
1.87437e-09
1.91401e-09
1.9371e-09
1.93699e-09
1.91635e-09
1.88026e-09
1.8345e-09
1.78423e-09
1.73336e-09
1.6843e-09
1.63816e-09
1.5949e-09
1.55346e-09
1.51196e-09
1.46789e-09
1.41833e-09
1.36035e-09
1.29204e-09
1.21561e-09
1.14714e-09
1.30734e-09
1.3219e-09
1.32191e-09
1.30548e-09
1.2758e-09
1.2372e-09
1.1939e-09
1.14942e-09
1.10615e-09
1.06548e-09
1.02788e-09
9.93099e-10
9.60263e-10
9.28035e-10
8.94726e-10
8.58456e-10
8.17444e-10
7.70752e-10
7.20355e-10
6.76904e-10
9.3009e-10
9.25572e-10
9.08458e-10
8.80715e-10
8.45831e-10
8.07225e-10
7.67772e-10
7.29551e-10
6.93823e-10
6.61145e-10
6.31521e-10
6.0453e-10
5.79427e-10
5.55223e-10
5.30769e-10
5.04862e-10
4.76455e-10
4.45177e-10
4.12647e-10
3.8573e-10
6.77756e-10
6.58548e-10
6.28603e-10
5.93534e-10
5.56663e-10
5.20247e-10
4.85796e-10
4.54187e-10
4.25771e-10
4.0051e-10
3.78086e-10
3.57989e-10
3.39568e-10
3.22081e-10
3.04738e-10
2.8677e-10
2.67582e-10
2.47097e-10
2.26549e-10
2.10255e-10
1.45528e-16
1.43766e-16
1.59956e-16
1.84499e-16
2.10994e-16
2.36291e-16
2.58889e-16
2.78143e-16
2.93932e-16
3.06531e-16
3.16561e-16
3.24981e-16
3.33104e-16
3.42619e-16
3.55608e-16
3.74495e-16
4.01764e-16
4.39054e-16
4.84568e-16
5.26296e-16
2.55924e-17
2.66402e-17
2.98837e-17
3.45301e-17
3.9721e-17
4.48884e-17
4.97006e-17
5.39853e-17
5.76826e-17
6.08222e-17
6.35131e-17
6.5941e-17
6.8369e-17
7.11375e-17
7.46601e-17
7.94001e-17
8.58029e-17
9.41109e-17
1.03877e-16
1.12684e-16
4.8024e-18
5.03208e-18
5.6288e-18
6.48527e-18
7.47141e-18
8.48726e-18
9.46609e-18
1.03685e-17
1.1177e-17
1.18931e-17
1.2535e-17
1.31371e-17
1.37495e-17
1.44377e-17
1.52796e-17
1.63605e-17
1.77597e-17
1.95184e-17
2.15529e-17
2.33992e-17
9.27609e-19
9.64503e-19
1.06854e-18
1.2229e-18
1.40615e-18
1.60062e-18
1.79344e-18
1.97629e-18
2.14496e-18
2.29899e-18
2.44128e-18
2.57799e-18
2.71836e-18
2.87448e-18
3.06066e-18
3.29229e-18
3.58358e-18
3.94238e-18
4.35505e-18
4.73434e-18
1.81353e-19
1.86424e-19
2.03934e-19
2.31266e-19
2.64761e-19
3.0128e-19
3.38393e-19
3.7442e-19
4.08437e-19
4.40224e-19
4.70226e-19
4.99514e-19
5.29744e-19
5.63099e-19
6.02155e-19
6.49667e-19
7.0821e-19
7.79358e-19
8.61091e-19
9.37262e-19
3.55824e-20
3.61555e-20
3.90225e-20
4.37944e-20
4.98384e-20
5.65954e-20
6.36138e-20
7.05643e-20
7.7252e-20
8.36148e-20
8.97164e-20
9.57376e-20
1.01969e-19
1.08799e-19
1.16685e-19
1.26121e-19
1.37575e-19
1.51366e-19
1.67224e-19
1.82202e-19
6.97386e-21
7.01115e-21
7.46854e-21
8.29169e-21
9.37066e-21
1.06061e-20
1.19149e-20
1.32336e-20
1.45227e-20
1.57668e-20
1.69743e-20
1.81749e-20
1.94187e-20
2.07736e-20
2.23208e-20
2.41484e-20
2.63422e-20
2.89666e-20
3.19904e-20
3.48816e-20
1.36165e-21
1.35613e-21
1.42705e-21
1.56748e-21
1.75831e-21
1.98193e-21
2.22318e-21
2.47e-21
2.71451e-21
2.95327e-21
3.18716e-21
3.42098e-21
3.66319e-21
3.92553e-21
4.22229e-21
4.56925e-21
4.98228e-21
5.47419e-21
6.0424e-21
6.59177e-21
2.64436e-22
2.61221e-22
2.71838e-22
2.95538e-22
3.29006e-22
3.69129e-22
4.13156e-22
4.58821e-22
5.04583e-22
5.49706e-22
5.94234e-22
6.38917e-22
6.85171e-22
7.34985e-22
7.90864e-22
8.55666e-22
9.32334e-22
1.0234e-21
1.12888e-21
1.23188e-21
5.10295e-23
5.00549e-23
5.15698e-23
5.5526e-23
6.13506e-23
6.84931e-23
7.64571e-23
8.48211e-23
9.32882e-23
1.01706e-22
1.10062e-22
1.18468e-22
1.27154e-22
1.36459e-22
1.46823e-22
1.58766e-22
1.72834e-22
1.8952e-22
2.08904e-22
2.27997e-22
9.77978e-24
9.53489e-24
9.73581e-24
1.03889e-23
1.13951e-23
1.26574e-23
1.40866e-23
1.56049e-23
1.71558e-23
1.87084e-23
2.0257e-23
2.18164e-23
2.34234e-23
2.51376e-23
2.70365e-23
2.92139e-23
3.17713e-23
3.48023e-23
3.83336e-23
4.18386e-23
1.86086e-24
1.80478e-24
1.82818e-24
1.93472e-24
2.10734e-24
2.3289e-24
2.58352e-24
2.85689e-24
3.13842e-24
3.42189e-24
3.70532e-24
3.99086e-24
4.28474e-24
4.59697e-24
4.94133e-24
5.33477e-24
5.7959e-24
6.34238e-24
6.98087e-24
7.61884e-24
3.51495e-25
3.39365e-25
3.41341e-25
3.58501e-25
3.87906e-25
4.26551e-25
4.71607e-25
5.20462e-25
5.71122e-25
6.22329e-25
6.7363e-25
7.25361e-25
7.78573e-25
8.34914e-25
8.96804e-25
9.67334e-25
1.0499e-24
1.14777e-24
1.26244e-24
1.37769e-24
6.59082e-26
6.33849e-26
6.33544e-26
6.60794e-26
7.10545e-26
7.77537e-26
8.56749e-26
9.43416e-26
1.03376e-25
1.12539e-25
1.21744e-25
1.3103e-25
1.40571e-25
1.50653e-25
1.61691e-25
1.74244e-25
1.88931e-25
2.06354e-25
2.26824e-25
2.475e-25
1.22687e-26
1.17588e-26
1.16876e-26
1.21134e-26
1.29493e-26
1.41036e-26
1.54871e-26
1.70128e-26
1.86109e-26
2.02383e-26
2.18757e-26
2.35287e-26
2.52253e-26
2.70146e-26
2.89691e-26
3.1189e-26
3.37862e-26
3.68704e-26
4.05038e-26
4.41899e-26
2.26743e-27
2.16674e-27
2.1429e-27
2.20817e-27
2.34766e-27
2.54536e-27
2.78542e-27
3.05199e-27
3.33254e-27
3.61919e-27
3.90822e-27
4.20049e-27
4.50001e-27
4.81515e-27
5.15892e-27
5.54915e-27
6.00584e-27
6.54891e-27
7.19033e-27
7.8436e-27
4.16099e-28
3.9658e-28
3.90472e-28
4.00246e-28
4.23358e-28
4.57013e-28
4.98393e-28
5.4465e-28
5.93546e-28
6.4363e-28
6.94312e-28
7.45611e-28
7.98157e-28
8.53315e-28
9.13382e-28
9.81567e-28
1.06144e-27
1.15658e-27
1.26922e-27
1.38435e-27
7.58295e-29
7.2105e-29
7.07103e-29
7.21309e-29
7.59314e-29
8.16248e-29
8.87126e-29
9.66881e-29
1.0515e-28
1.13844e-28
1.22667e-28
1.31608e-28
1.40768e-28
1.50365e-28
1.60799e-28
1.72646e-28
1.86543e-28
2.03126e-28
2.22809e-28
2.42988e-28
1.37251e-29
1.3024e-29
1.2726e-29
1.29241e-29
1.35441e-29
1.45013e-29
1.5708e-29
1.70739e-29
1.85285e-29
2.00287e-29
2.15542e-29
2.31024e-29
2.46884e-29
2.63491e-29
2.81521e-29
3.01994e-29
3.26049e-29
3.54811e-29
3.89035e-29
4.24217e-29
2.46765e-30
2.33728e-30
2.27631e-30
2.30233e-30
2.40261e-30
2.5625e-30
2.7666e-30
2.99902e-30
3.24771e-30
3.50507e-30
3.76703e-30
4.03325e-30
4.30635e-30
4.59215e-30
4.90202e-30
5.25403e-30
5.66835e-30
6.16479e-30
6.75692e-30
7.36715e-30
4.40761e-31
4.16777e-31
4.04695e-31
4.07774e-31
4.23843e-31
4.50365e-31
4.84659e-31
5.23989e-31
5.66281e-31
6.10135e-31
6.5487e-31
7.00425e-31
7.47146e-31
7.96021e-31
8.48998e-31
9.09225e-31
9.80241e-31
1.06552e-30
1.16747e-30
1.27277e-30
7.82207e-32
7.38524e-32
7.15156e-32
7.18071e-32
7.43558e-32
7.87238e-32
8.44494e-32
9.10672e-32
9.82185e-32
1.05652e-31
1.13254e-31
1.21001e-31
1.28945e-31
1.37254e-31
1.46263e-31
1.56518e-31
1.68633e-31
1.83213e-31
2.00682e-31
2.18762e-31
1.37937e-32
1.30054e-32
1.25623e-32
1.25723e-32
1.29722e-32
1.36867e-32
1.4637e-32
1.57441e-32
1.69461e-32
1.82006e-32
1.94861e-32
2.07943e-32
2.21365e-32
2.35415e-32
2.50661e-32
2.6804e-32
2.88612e-32
3.13422e-32
3.43212e-32
3.741e-32
2.41723e-33
2.27622e-33
2.19358e-33
2.18863e-33
2.25065e-33
2.36679e-33
2.52367e-33
2.70785e-33
2.90873e-33
3.11919e-33
3.33519e-33
3.55517e-33
3.7805e-33
4.01668e-33
4.27352e-33
4.56673e-33
4.91443e-33
5.33462e-33
5.8402e-33
6.36531e-33
4.20985e-34
3.95969e-34
3.80777e-34
3.78837e-34
3.8834e-34
4.07109e-34
4.32869e-34
4.63338e-34
4.96743e-34
5.31828e-34
5.67869e-34
6.04645e-34
6.42328e-34
6.81817e-34
7.2486e-34
7.74102e-34
8.32599e-34
9.03433e-34
9.88829e-34
1.07766e-33
7.28721e-35
6.84698e-35
6.57125e-35
6.5204e-35
6.66408e-35
6.96554e-35
7.38626e-35
7.88784e-35
8.43997e-35
9.02142e-35
9.61992e-35
1.02305e-34
1.08575e-34
1.15149e-34
1.22325e-34
1.30555e-34
1.40351e-34
1.52237e-34
1.66592e-34
1.81547e-34
1.25386e-35
1.17697e-35
1.12751e-35
1.116e-35
1.13739e-35
1.1855e-35
1.25384e-35
1.33594e-35
1.4267e-35
1.52254e-35
1.62134e-35
1.7223e-35
1.82599e-35
1.93488e-35
2.05396e-35
2.19081e-35
2.35409e-35
2.55261e-35
2.7928e-35
3.04333e-35
2.14475e-36
2.01144e-36
1.92363e-36
1.89957e-36
1.93084e-36
2.00708e-36
2.11741e-36
2.25104e-36
2.39947e-36
2.55657e-36
2.71877e-36
2.88483e-36
3.05556e-36
3.235e-36
3.4316e-36
3.65808e-36
3.92896e-36
4.25895e-36
4.65894e-36
5.07661e-36
3.64743e-37
3.4179e-37
3.26354e-37
3.21569e-37
3.26037e-37
3.38029e-37
3.55726e-37
3.77351e-37
4.01492e-37
4.27118e-37
4.53625e-37
4.80785e-37
5.0876e-37
5.38188e-37
5.70489e-37
6.07793e-37
6.52515e-37
7.07111e-37
7.73398e-37
8.42691e-37
6.16755e-38
5.77502e-38
5.50607e-38
5.41418e-38
5.47622e-38
5.66337e-38
5.94565e-38
6.29387e-38
6.68429e-38
7.09983e-38
7.53108e-38
7.97316e-38
8.42884e-38
8.9092e-38
9.4374e-38
1.00489e-37
1.07838e-37
1.16828e-37
1.27761e-37
1.392e-37
1.03701e-38
9.70318e-39
9.23845e-39
9.06652e-39
9.14935e-39
9.43943e-39
9.88743e-39
1.04452e-38
1.10732e-38
1.17434e-38
1.24406e-38
1.31568e-38
1.38954e-38
1.46757e-38
1.55355e-38
1.65333e-38
1.77352e-38
1.92084e-38
2.10028e-38
2.28819e-38
1.73391e-39
1.62133e-39
1.54166e-39
1.51017e-39
1.52065e-39
1.56529e-39
1.63596e-39
1.72474e-39
1.82524e-39
1.93288e-39
2.04488e-39
2.16023e-39
2.27946e-39
2.40563e-39
2.54496e-39
2.70703e-39
2.90267e-39
3.14294e-39
3.43601e-39
3.74317e-39
2.88323e-40
2.69438e-40
2.55884e-40
2.5022e-40
2.51434e-40
2.58245e-40
2.69321e-40
2.83373e-40
2.99353e-40
3.1654e-40
3.34469e-40
3.52958e-40
3.72106e-40
3.92415e-40
4.14892e-40
4.41092e-40
4.72787e-40
5.11788e-40
5.59421e-40
6.09381e-40
4.76839e-41
4.45352e-41
4.22462e-41
4.12423e-41
4.13596e-41
4.23892e-41
4.41138e-41
4.63238e-41
4.88533e-41
5.15828e-41
5.44389e-41
5.73887e-41
6.045e-41
6.3704e-41
6.7313e-41
7.15283e-41
7.66393e-41
8.29401e-41
9.06443e-41
9.87307e-41
7.84385e-42
7.32204e-42
6.93811e-42
6.76248e-42
6.76867e-42
6.92274e-42
7.18941e-42
7.53509e-42
7.9335e-42
8.36491e-42
8.81711e-42
9.28544e-42
9.7729e-42
1.0292e-41
1.08688e-41
1.15439e-41
1.23643e-41
1.33775e-41
1.46176e-41
1.59201e-41
1.28343e-42
1.19747e-42
1.13351e-42
1.10313e-42
1.1021e-42
1.12491e-42
1.16589e-42
1.2197e-42
1.28203e-42
1.34981e-42
1.42109e-42
1.49511e-42
1.57232e-42
1.65477e-42
1.74657e-42
1.85424e-42
1.98535e-42
2.14752e-42
2.3462e-42
2.555e-42
2.08894e-43
1.94815e-43
1.84228e-43
1.79028e-43
1.7854e-43
1.81883e-43
1.88145e-43
1.9647e-43
2.06164e-43
2.16749e-43
2.27927e-43
2.39569e-43
2.51742e-43
2.64775e-43
2.79329e-43
2.96436e-43
3.173e-43
3.43141e-43
3.74823e-43
4.08138e-43
3.38231e-44
3.15304e-44
2.9789e-44
2.89075e-44
2.8779e-44
2.92631e-44
3.02135e-44
3.14929e-44
3.29926e-44
3.46367e-44
3.63786e-44
3.82002e-44
4.01118e-44
4.21638e-44
4.44619e-44
4.71692e-44
5.0476e-44
5.45756e-44
5.96045e-44
6.48949e-44
5.44832e-45
5.0771e-45
4.79247e-45
4.64436e-45
4.61599e-45
4.68496e-45
4.82797e-45
5.0234e-45
5.25405e-45
5.50798e-45
5.7782e-45
6.06182e-45
6.36054e-45
6.68242e-45
7.04399e-45
7.47078e-45
7.99273e-45
8.64035e-45
9.43498e-45
1.02711e-44
8.73175e-46
8.13409e-46
7.67167e-46
7.42485e-46
7.36736e-46
7.4636e-46
7.67688e-46
7.97347e-46
8.32618e-46
8.7165e-46
9.13384e-46
9.5735e-46
1.00381e-45
1.05406e-45
1.11074e-45
1.17778e-45
1.25983e-45
1.3617e-45
1.4867e-45
1.61822e-45
1.39237e-46
1.29668e-46
1.22199e-46
1.18116e-46
1.1701e-46
1.18319e-46
1.21471e-46
1.2594e-46
1.31306e-46
1.37283e-46
1.43698e-46
1.50478e-46
1.5767e-46
1.65484e-46
1.74333e-46
1.84823e-46
1.97673e-46
2.13631e-46
2.33207e-46
2.53796e-46
2.20923e-47
2.05688e-47
1.93691e-47
1.86983e-47
1.8493e-47
1.86655e-47
1.91267e-47
1.97956e-47
2.06076e-47
2.15185e-47
2.24997e-47
2.35401e-47
2.46484e-47
2.58588e-47
2.72355e-47
2.8871e-47
3.08754e-47
3.33648e-47
3.64172e-47
3.96252e-47
3.48807e-48
3.24682e-48
3.05518e-48
2.94568e-48
2.90863e-48
2.93037e-48
2.99718e-48
3.09657e-48
3.21874e-48
3.35675e-48
3.50599e-48
3.66503e-48
3.83525e-48
4.02205e-48
4.23543e-48
4.48946e-48
4.80089e-48
5.18765e-48
5.6615e-48
6.15898e-48
5.48029e-49
5.10034e-49
4.79587e-49
4.61825e-49
4.5528e-49
4.57841e-49
4.67407e-49
4.82079e-49
5.00349e-49
5.21108e-49
5.43709e-49
5.67922e-49
5.93981e-49
6.22719e-49
6.5566e-49
6.94959e-49
7.43162e-49
8.03009e-49
8.76247e-49
9.53026e-49
8.5686e-50
7.97349e-50
7.49227e-50
7.20589e-50
7.09232e-50
7.11915e-50
7.25445e-50
7.46934e-50
7.74058e-50
8.05148e-50
8.39238e-50
8.75932e-50
9.15668e-50
9.59722e-50
1.01039e-49
1.07095e-49
1.14527e-49
1.2375e-49
1.35021e-49
1.46814e-49
1.33326e-50
1.24056e-50
1.16489e-50
1.11898e-50
1.09957e-50
1.10172e-50
1.12059e-50
1.15181e-50
1.19187e-50
1.23823e-50
1.28936e-50
1.34476e-50
1.40511e-50
1.47236e-50
1.55001e-50
1.64297e-50
1.7571e-50
1.89868e-50
2.07137e-50
2.25163e-50
2.06457e-51
1.92093e-51
1.80258e-51
1.72939e-51
1.69666e-51
1.69691e-51
1.72284e-51
1.76786e-51
1.82671e-51
1.89544e-51
1.97181e-51
2.05511e-51
2.14633e-51
2.24858e-51
2.3671e-51
2.50925e-51
2.68387e-51
2.90032e-51
3.16377e-51
3.43797e-51
3.18168e-52
2.9604e-52
2.77622e-52
2.66021e-52
2.60564e-52
2.60135e-52
2.63636e-52
2.70083e-52
2.78675e-52
2.88822e-52
3.00178e-52
3.12638e-52
3.2637e-52
3.41849e-52
3.59867e-52
3.81523e-52
4.08139e-52
4.41104e-52
4.81117e-52
5.22608e-52
4.87993e-53
4.54099e-53
4.2559e-53
4.07301e-53
3.98297e-53
3.96928e-53
4.01554e-53
4.10706e-53
4.23173e-53
4.38072e-53
4.54876e-53
4.73437e-53
4.94027e-53
5.17366e-53
5.44656e-53
5.77534e-53
6.1796e-53
6.67964e-53
7.28464e-53
7.90923e-53
7.44971e-54
6.93318e-54
6.49421e-54
6.20752e-54
6.06044e-54
6.02872e-54
6.08801e-54
6.21646e-54
6.39599e-54
6.61339e-54
6.86091e-54
7.13639e-54
7.44405e-54
7.7949e-54
8.20692e-54
8.70438e-54
9.31613e-54
1.00716e-53
1.09822e-53
1.19182e-53
1.13204e-54
1.0537e-54
9.86449e-55
9.41757e-55
9.17951e-55
9.11487e-55
9.1877e-55
9.36564e-55
9.62204e-55
9.93739e-55
1.03003e-54
1.07076e-54
1.1166e-54
1.16919e-54
1.23121e-54
1.30621e-54
1.39844e-54
1.51213e-54
1.64861e-54
1.78826e-54
1.71235e-55
1.59412e-55
1.49156e-55
1.42226e-55
1.38406e-55
1.37181e-55
1.38022e-55
1.40454e-55
1.44087e-55
1.48634e-55
1.5393e-55
1.59932e-55
1.66739e-55
1.74598e-55
1.839e-55
1.95169e-55
2.09021e-55
2.26059e-55
2.46433e-55
2.67179e-55
2.57827e-56
2.40068e-56
2.24501e-56
2.13816e-56
2.07739e-56
2.05526e-56
2.06405e-56
2.09684e-56
2.14792e-56
2.21313e-56
2.29006e-56
2.37814e-56
2.47887e-56
2.59588e-56
2.73491e-56
2.90357e-56
3.11076e-56
3.36507e-56
3.66799e-56
3.97487e-56
3.86403e-57
3.59878e-57
3.36366e-57
3.19983e-57
3.10396e-57
3.06538e-57
3.0729e-57
3.11644e-57
3.18774e-57
3.28075e-57
3.39201e-57
3.52075e-57
3.66923e-57
3.84277e-57
4.04973e-57
4.30112e-57
4.60974e-57
4.98773e-57
5.43623e-57
5.88797e-57
5.76392e-58
5.36991e-58
5.01675e-58
4.76702e-58
4.61703e-58
4.55161e-58
4.55463e-58
4.6115e-58
4.71028e-58
4.84226e-58
5.00246e-58
5.18987e-58
5.40785e-58
5.66419e-58
5.97098e-58
6.34409e-58
6.80184e-58
7.36119e-58
8.02213e-58
8.68372e-58
8.55788e-59
7.97557e-59
7.44807e-59
7.06981e-59
6.83707e-59
6.72862e-59
6.7213e-59
6.79416e-59
6.92998e-59
7.11628e-59
7.34594e-59
7.61764e-59
7.93636e-59
8.31341e-59
8.76624e-59
9.31759e-59
9.99347e-59
1.08173e-58
1.17866e-58
1.27509e-58
1.26471e-59
1.17907e-59
1.10072e-59
1.04379e-59
1.00798e-59
9.90333e-60
9.87566e-60
9.9668e-60
1.01521e-59
1.04137e-59
1.07415e-59
1.11338e-59
1.1598e-59
1.21502e-59
1.28157e-59
1.36268e-59
1.46201e-59
1.58276e-59
1.72421e-59
1.86412e-59
1.86038e-60
1.73504e-60
1.61931e-60
1.53417e-60
1.47951e-60
1.45126e-60
1.4448e-60
1.45586e-60
1.48093e-60
1.51748e-60
1.56407e-60
1.62049e-60
1.6878e-60
1.76835e-60
1.86572e-60
1.98449e-60
2.12976e-60
2.30585e-60
2.51125e-60
2.71333e-60
2.72393e-61
2.54139e-61
2.37142e-61
2.24486e-61
2.16209e-61
2.11754e-61
2.10471e-61
2.1176e-61
2.15124e-61
2.20203e-61
2.26797e-61
2.34877e-61
2.44598e-61
2.56296e-61
2.70478e-61
2.87786e-61
3.08929e-61
3.34482e-61
3.64159e-61
3.93212e-61
3.96992e-62
3.70541e-62
3.45715e-62
3.27021e-62
3.14581e-62
3.07644e-62
3.05306e-62
3.06723e-62
3.11195e-62
3.18218e-62
3.27509e-62
3.39034e-62
3.53015e-62
3.69929e-62
3.90488e-62
4.15591e-62
4.4621e-62
4.83103e-62
5.25767e-62
5.6734e-62
5.75912e-63
5.37781e-63
5.01725e-63
4.74283e-63
4.55729e-63
4.45053e-63
4.4101e-63
4.42424e-63
4.48314e-63
4.57974e-63
4.71013e-63
4.87384e-63
5.07407e-63
5.31752e-63
5.61418e-63
5.97648e-63
6.41768e-63
6.94761e-63
7.55785e-63
8.14986e-63
8.31615e-64
7.76936e-64
7.24866e-64
6.84834e-64
6.57361e-64
6.4111e-64
6.34377e-64
6.35531e-64
6.4321e-64
6.56431e-64
6.7465e-64
6.97811e-64
7.26363e-64
7.61248e-64
8.03852e-64
8.55884e-64
9.19135e-64
9.94864e-64
1.0817e-63
1.16559e-63
1.19532e-64
1.11733e-64
1.04257e-64
9.84526e-65
9.44137e-65
9.19649e-65
9.08746e-65
9.09187e-65
9.1909e-65
9.3709e-65
9.62442e-65
9.95072e-65
1.03561e-64
1.08537e-64
1.14627e-64
1.22062e-64
1.31084e-64
1.4185e-64
1.54142e-64
1.65969e-64
1.71019e-65
1.59956e-65
1.49283e-65
1.4092e-65
1.35024e-65
1.31369e-65
1.29642e-65
1.29539e-65
1.30801e-65
1.33239e-65
1.36752e-65
1.4133e-65
1.47061e-65
1.54127e-65
1.62788e-65
1.73362e-65
1.86163e-65
2.01388e-65
2.18698e-65
2.35287e-65
2.43561e-66
2.27955e-66
2.12806e-66
2.00831e-66
1.92282e-66
1.86875e-66
1.84192e-66
1.8382e-66
1.85405e-66
1.88691e-66
1.93538e-66
1.99934e-66
2.08001e-66
2.17988e-66
2.30249e-66
2.45208e-66
2.63281e-66
2.84699e-66
3.08946e-66
3.32093e-66
3.45287e-67
3.23395e-67
3.0202e-67
2.84976e-67
2.72666e-67
2.64735e-67
2.60631e-67
2.59799e-67
2.61761e-67
2.66166e-67
2.72825e-67
2.81724e-67
2.9303e-67
3.07079e-67
3.24352e-67
3.45412e-67
3.70793e-67
4.00764e-67
4.34547e-67
4.66676e-67
4.8727e-68
4.56732e-68
4.26748e-68
4.02638e-68
3.85031e-68
3.73491e-68
3.67302e-68
3.6572e-68
3.68102e-68
3.73977e-68
3.83089e-68
3.95418e-68
4.11192e-68
4.30867e-68
4.55082e-68
4.84579e-68
5.20041e-68
5.61757e-68
6.08573e-68
6.52934e-68
6.84513e-69
6.42158e-69
6.00345e-69
5.66448e-69
5.41428e-69
5.24771e-69
5.15549e-69
5.12784e-69
5.15614e-69
5.23409e-69
5.35823e-69
5.52833e-69
5.74744e-69
6.02167e-69
6.35949e-69
6.77055e-69
7.26343e-69
7.84102e-69
8.48629e-69
9.09547e-69
9.5725e-70
8.98843e-70
8.40877e-70
7.93507e-70
7.58184e-70
7.34321e-70
7.20737e-70
7.1615e-70
7.19421e-70
7.29707e-70
7.4655e-70
7.69918e-70
8.00219e-70
8.38263e-70
8.85162e-70
9.42156e-70
1.01031e-69
1.08985e-69
1.1783e-69
1.2615e-69
1.33263e-70
1.25255e-70
1.17267e-70
1.10687e-70
1.05732e-70
1.02338e-70
1.00358e-70
9.96245e-71
9.99888e-71
1.01339e-70
1.03615e-70
1.06811e-70
1.10983e-70
1.16236e-70
1.22715e-70
1.30577e-70
1.39951e-70
1.50847e-70
1.62907e-70
1.74208e-70
1.84692e-71
1.73777e-71
1.62832e-71
1.53747e-71
1.46839e-71
1.42047e-71
1.39188e-71
1.38048e-71
1.38432e-71
1.40195e-71
1.43257e-71
1.47611e-71
1.53328e-71
1.60547e-71
1.69454e-71
1.80245e-71
1.93072e-71
2.07918e-71
2.24271e-71
2.39537e-71
2.54829e-72
2.40038e-72
2.25131e-72
2.1266e-72
2.03091e-72
1.96371e-72
1.9228e-72
1.90546e-72
1.90919e-72
1.93209e-72
1.9731e-72
2.03215e-72
2.11015e-72
2.20889e-72
2.33073e-72
2.4781e-72
2.6527e-72
2.85392e-72
3.07445e-72
3.27952e-72
3.50048e-73
3.30122e-73
3.09935e-73
2.9292e-73
2.79744e-73
2.70384e-73
2.64579e-73
2.6199e-73
2.62298e-73
2.65255e-73
2.70726e-73
2.787e-73
2.89294e-73
3.02735e-73
3.1932e-73
3.39343e-73
3.62988e-73
3.90115e-73
4.19693e-73
4.47088e-73
4.78736e-74
4.52048e-74
4.24873e-74
4.01792e-74
3.83759e-74
3.70809e-74
3.62639e-74
3.58833e-74
3.58987e-74
3.62785e-74
3.70053e-74
3.80773e-74
3.95096e-74
4.13307e-74
4.35772e-74
4.62841e-74
4.94695e-74
5.31072e-74
5.70528e-74
6.06919e-74
6.51877e-75
6.16347e-75
5.79977e-75
5.48849e-75
5.24317e-75
5.06513e-75
4.95103e-75
4.89585e-75
4.8945e-75
4.94302e-75
5.03914e-75
5.18265e-75
5.37541e-75
5.62097e-75
5.92378e-75
6.28787e-75
6.71479e-75
7.20003e-75
7.72348e-75
8.20415e-75
8.83795e-76
8.36772e-76
7.8838e-76
7.46643e-76
7.13467e-76
6.89145e-76
6.73329e-76
6.65422e-76
6.64799e-76
6.70959e-76
6.83619e-76
7.02746e-76
7.28569e-76
7.61524e-76
8.0214e-76
8.50865e-76
9.0779e-76
9.72175e-76
1.04124e-75
1.10437e-75
1.19307e-76
1.13121e-76
1.0672e-76
1.01156e-76
9.66955e-77
9.33934e-77
9.12168e-77
9.00961e-77
8.99558e-77
9.07336e-77
9.23938e-77
9.49318e-77
9.83754e-77
1.02777e-76
1.08198e-76
1.14686e-76
1.22237e-76
1.30735e-76
1.39798e-76
1.48042e-76
1.60371e-77
1.52283e-77
1.43864e-77
1.36488e-77
1.30527e-77
1.26071e-77
1.23096e-77
1.21524e-77
1.21264e-77
1.2224e-77
1.24408e-77
1.27761e-77
1.32332e-77
1.38183e-77
1.45383e-77
1.53979e-77
1.63945e-77
1.75102e-77
1.8693e-77
1.97633e-77
2.14656e-78
2.04144e-78
1.93136e-78
1.83416e-78
1.75493e-78
1.69517e-78
1.65478e-78
1.63293e-78
1.62855e-78
1.64073e-78
1.66891e-78
1.71301e-78
1.77341e-78
1.85081e-78
1.94598e-78
2.0593e-78
2.19015e-78
2.33587e-78
2.48938e-78
2.62753e-78
2.8611e-79
2.72533e-79
2.58224e-79
2.45486e-79
2.35016e-79
2.27048e-79
2.21601e-79
2.1859e-79
2.17893e-79
2.19403e-79
2.23051e-79
2.28826e-79
2.36769e-79
2.46961e-79
2.59478e-79
2.74343e-79
2.91435e-79
3.10367e-79
3.30182e-79
3.47907e-79
3.7976e-80
3.62333e-80
3.43842e-80
3.27244e-80
3.13488e-80
3.02925e-80
2.95626e-80
2.91511e-80
2.90446e-80
2.92305e-80
2.97008e-80
3.04536e-80
3.14935e-80
3.2829e-80
3.44674e-80
3.64074e-80
3.86288e-80
4.10755e-80
4.36189e-80
4.58797e-80
5.01979e-81
4.79753e-81
4.55998e-81
4.34494e-81
4.16521e-81
4.02601e-81
3.92879e-81
3.87299e-81
3.85718e-81
3.87993e-81
3.94027e-81
4.03797e-81
4.17348e-81
4.34766e-81
4.56106e-81
4.81301e-81
5.10023e-81
5.41476e-81
5.73943e-81
6.02603e-81
6.60812e-82
6.32647e-82
6.02311e-82
5.74607e-82
5.51257e-82
5.33017e-82
5.20149e-82
5.12638e-82
5.10344e-82
5.13107e-82
5.20817e-82
5.3344e-82
5.51017e-82
5.73624e-82
6.01285e-82
6.33843e-82
6.70792e-82
7.11013e-82
7.52225e-82
7.88331e-82
8.66365e-83
8.30909e-83
7.924e-83
7.5691e-83
7.26743e-83
7.02978e-83
6.86048e-83
6.7601e-83
6.72742e-83
6.76074e-83
6.85881e-83
7.02117e-83
7.24811e-83
7.54016e-83
7.89695e-83
8.31559e-83
8.78848e-83
9.30009e-83
9.82026e-83
1.02723e-82
1.13127e-83
1.08694e-83
1.03835e-83
9.93148e-84
9.5439e-84
9.23601e-84
9.01457e-84
8.88135e-84
8.8355e-84
8.87538e-84
8.99958e-84
9.20747e-84
9.49913e-84
9.87462e-84
1.03326e-83
1.08682e-83
1.14704e-83
1.21177e-83
1.27705e-83
1.33328e-83
1.47128e-84
1.41622e-84
1.35529e-84
1.29804e-84
1.24853e-84
1.20886e-84
1.18006e-84
1.1625e-84
1.15616e-84
1.16089e-84
1.17655e-84
1.20305e-84
1.24036e-84
1.2884e-84
1.34691e-84
1.4151e-84
1.49138e-84
1.57284e-84
1.6543e-84
1.72377e-84
1.90588e-85
1.838e-85
1.76206e-85
1.68998e-85
1.62707e-85
1.57624e-85
1.53901e-85
1.516e-85
1.50733e-85
1.51289e-85
1.53255e-85
1.56617e-85
1.61368e-85
1.67488e-85
1.74925e-85
1.83563e-85
1.93177e-85
2.03373e-85
2.13478e-85
2.22005e-85
2.45915e-86
2.37607e-86
2.28203e-86
2.19179e-86
2.11231e-86
2.04755e-86
1.99968e-86
1.96972e-86
1.95799e-86
1.96447e-86
1.98903e-86
2.03151e-86
2.09172e-86
2.16929e-86
2.26338e-86
2.37226e-86
2.4928e-86
2.61974e-86
2.74434e-86
2.84826e-86
3.16066e-87
3.05977e-87
2.94404e-87
2.83174e-87
2.73188e-87
2.64981e-87
2.58861e-87
2.54984e-87
2.53412e-87
2.54159e-87
2.57213e-87
2.62555e-87
2.70152e-87
2.79938e-87
2.91784e-87
3.0544e-87
3.20476e-87
3.36193e-87
3.51465e-87
3.64037e-87
4.04661e-88
3.92504e-88
3.78358e-88
3.64464e-88
3.51986e-88
3.41643e-88
3.33861e-88
3.28873e-88
3.26787e-88
3.27636e-88
3.31418e-88
3.38106e-88
3.47646e-88
3.59934e-88
3.74775e-88
3.91818e-88
4.10477e-88
4.29829e-88
4.48433e-88
4.63529e-88
5.16106e-89
5.0158e-89
4.84404e-89
4.67317e-89
4.51815e-89
4.38849e-89
4.29007e-89
4.22627e-89
4.1988e-89
4.20833e-89
4.25495e-89
4.33829e-89
4.45753e-89
4.61111e-89
4.79617e-89
5.00781e-89
5.23815e-89
5.47508e-89
5.70028e-89
5.88011e-89
6.55745e-90
6.38544e-90
6.17834e-90
5.96948e-90
5.77795e-90
5.61628e-90
5.49247e-90
5.41133e-90
5.37544e-90
5.38596e-90
5.44314e-90
5.54652e-90
5.69488e-90
5.88592e-90
6.11557e-90
6.37709e-90
6.65995e-90
6.94841e-90
7.21925e-90
7.43168e-90
8.30035e-91
8.09859e-91
7.85068e-91
7.59694e-91
7.36162e-91
7.16111e-91
7.00618e-91
6.90353e-91
6.857e-91
6.86839e-91
6.93821e-91
7.06584e-91
7.24958e-91
7.48611e-91
7.76972e-91
8.09128e-91
8.43682e-91
8.78601e-91
9.10956e-91
9.35826e-91
1.04674e-91
1.02332e-91
9.93862e-92
9.63227e-92
9.34477e-92
9.09737e-92
8.90449e-92
8.77536e-92
8.71545e-92
8.7275e-92
8.81234e-92
8.96919e-92
9.19566e-92
9.48712e-92
9.83573e-92
1.02292e-91
1.06491e-91
1.10693e-91
1.14532e-91
1.17416e-91
1.31516e-92
1.28827e-92
1.25355e-92
1.2168e-92
1.18186e-92
1.15149e-92
1.1276e-92
1.11145e-92
1.10379e-92
1.10502e-92
1.11528e-92
1.13447e-92
1.16225e-92
1.19799e-92
1.24064e-92
1.28854e-92
1.33931e-92
1.38959e-92
1.4348e-92
1.46789e-92
1.64636e-93
1.6159e-93
1.57532e-93
1.53151e-93
1.48928e-93
1.45218e-93
1.42274e-93
1.40263e-93
1.39291e-93
1.39413e-93
1.40648e-93
1.42983e-93
1.46374e-93
1.50736e-93
1.55928e-93
1.61733e-93
1.6784e-93
1.7382e-93
1.79104e-93
1.82857e-93
2.05349e-94
2.01948e-94
1.9725e-94
1.92059e-94
1.8698e-94
1.82471e-94
1.78861e-94
1.76374e-94
1.75149e-94
1.75262e-94
1.7674e-94
1.79568e-94
1.83687e-94
1.88984e-94
1.95274e-94
2.02275e-94
2.09585e-94
2.16658e-94
2.2278e-94
2.26981e-94
2.55128e-95
2.51419e-95
2.46027e-95
2.3991e-95
2.33834e-95
2.28383e-95
2.23983e-95
2.20925e-95
2.19392e-95
2.19487e-95
2.21248e-95
2.24655e-95
2.29631e-95
2.36029e-95
2.43609e-95
2.52008e-95
2.60713e-95
2.69032e-95
2.76073e-95
2.80677e-95
3.13893e-96
3.09943e-96
3.03842e-96
2.96724e-96
2.89537e-96
2.83021e-96
2.77716e-96
2.73996e-96
2.72101e-96
2.72164e-96
2.74239e-96
2.78302e-96
2.84253e-96
2.919e-96
3.00938e-96
3.10908e-96
3.2116e-96
3.30831e-96
3.38821e-96
3.4376e-96
3.31586e-97
3.27937e-97
3.21943e-97
3.14783e-97
3.07456e-97
3.00747e-97
2.95244e-97
2.91354e-97
2.89344e-97
2.89365e-97
2.91476e-97
2.95654e-97
3.01788e-97
3.09669e-97
3.1896e-97
3.29163e-97
3.39585e-97
3.49307e-97
3.57184e-97
3.61783e-97
)
;

boundaryField
{
    outlet
    {
        type            zeroGradient;
    }
    inlet1
    {
        type            fixedValue;
        value           uniform 0.001;
    }
    inlet2
    {
        type            fixedValue;
        value           uniform 0;
    }
    frontAndBack
    {
        type            empty;
    }
    defaultFaces
    {
        type            zeroGradient;
    }
}


// ************************************************************************* //
