/*--------------------------------*- C++ -*----------------------------------*\
| =========                 |                                                 |
| \\      /  F ield         | OpenFOAM: The Open Source CFD Toolbox           |
|  \\    /   O peration     | Version:  2.1.0                                 |
|   \\  /    A nd           | Web:      www.OpenFOAM.org                      |
|    \\/     M anipulation  |                                                 |
\*---------------------------------------------------------------------------*/
FoamFile
{
    version     2.0;
    format      ascii;
    class       volScalarField;
    location    "0.1";
    object      nut;
}
// * * * * * * * * * * * * * * * * * * * * * * * * * * * * * * * * * * * * * //

dimensions      [0 2 -1 0 0 0 0];

internalField   nonuniform List<scalar> 
6400
(
5.17518e-06
5.13327e-06
5.12634e-06
5.09774e-06
5.08914e-06
5.06415e-06
5.05173e-06
5.02791e-06
5.01195e-06
4.98836e-06
4.96957e-06
4.94664e-06
4.92637e-06
4.90461e-06
4.8848e-06
4.86565e-06
4.84906e-06
4.83494e-06
4.82438e-06
4.81747e-06
4.81477e-06
4.81633e-06
4.82228e-06
4.83253e-06
4.84704e-06
4.86589e-06
4.88919e-06
4.91654e-06
4.95194e-06
4.99363e-06
5.04143e-06
5.09648e-06
5.15909e-06
5.22934e-06
5.307e-06
5.39155e-06
5.48214e-06
5.57755e-06
5.67665e-06
5.77864e-06
5.88297e-06
5.98901e-06
6.09597e-06
6.20312e-06
6.30984e-06
6.41564e-06
6.52007e-06
6.62276e-06
6.72345e-06
6.82192e-06
6.91807e-06
7.01173e-06
7.10289e-06
7.19229e-06
7.27569e-06
7.35407e-06
7.43187e-06
7.50765e-06
7.58064e-06
7.65011e-06
7.71565e-06
7.77728e-06
7.83571e-06
7.89115e-06
7.94367e-06
7.9925e-06
8.03524e-06
8.07239e-06
8.1078e-06
8.14164e-06
8.16748e-06
8.18255e-06
8.19291e-06
8.19982e-06
8.20028e-06
8.19423e-06
8.18373e-06
8.17046e-06
8.15608e-06
8.14279e-06
8.13165e-06
8.11887e-06
8.09529e-06
8.07268e-06
8.05536e-06
8.03838e-06
8.01846e-06
7.9871e-06
7.9206e-06
7.78619e-06
7.51525e-06
6.98751e-06
6.0365e-06
4.47895e-06
2.44755e-06
1.60244e-06
1.83113e-06
2.97449e-06
2.89553e-06
3.09701e-06
1.34241e-05
1.33489e-05
1.34313e-05
1.3552e-05
1.36992e-05
1.39172e-05
1.41873e-05
1.45401e-05
1.49448e-05
1.54459e-05
1.60139e-05
1.66832e-05
1.74216e-05
1.82591e-05
1.91818e-05
2.02134e-05
2.1339e-05
2.25551e-05
2.38383e-05
2.51742e-05
2.6542e-05
2.79252e-05
2.9309e-05
3.06898e-05
3.20705e-05
3.34578e-05
3.48594e-05
3.62806e-05
3.7724e-05
3.91899e-05
4.06759e-05
4.21778e-05
4.36882e-05
4.51973e-05
4.66939e-05
4.8167e-05
4.96041e-05
5.09913e-05
5.23227e-05
5.35964e-05
5.48109e-05
5.59615e-05
5.70436e-05
5.80535e-05
5.89897e-05
5.98509e-05
6.06357e-05
6.13428e-05
6.19716e-05
6.25211e-05
6.29902e-05
6.33767e-05
6.36787e-05
6.38944e-05
6.40246e-05
6.40715e-05
6.40361e-05
6.39192e-05
6.37243e-05
6.34421e-05
6.3071e-05
6.26223e-05
6.21045e-05
6.1513e-05
6.08562e-05
6.01288e-05
5.92947e-05
5.8383e-05
5.74178e-05
5.63965e-05
5.52512e-05
5.40171e-05
5.27387e-05
5.13822e-05
4.99319e-05
4.84084e-05
4.68217e-05
4.51709e-05
4.34622e-05
4.17064e-05
3.99115e-05
3.80709e-05
3.61925e-05
3.42418e-05
3.22343e-05
3.01604e-05
2.80065e-05
2.57655e-05
2.34206e-05
2.0985e-05
1.84769e-05
1.59707e-05
1.35647e-05
1.13337e-05
9.23375e-06
7.31273e-06
5.83131e-06
4.7401e-06
4.09719e-06
4.92208e-06
1.26051e-05
1.34082e-05
1.36983e-05
1.4521e-05
1.50535e-05
1.60499e-05
1.68685e-05
1.80968e-05
1.91938e-05
2.05922e-05
2.18806e-05
2.34072e-05
2.4923e-05
2.66488e-05
2.84176e-05
3.0338e-05
3.22926e-05
3.43201e-05
3.63573e-05
3.84219e-05
4.04841e-05
4.25525e-05
4.46077e-05
4.66405e-05
4.86483e-05
5.06341e-05
5.26015e-05
5.45536e-05
5.6491e-05
5.84109e-05
6.03073e-05
6.21719e-05
6.3993e-05
6.57577e-05
6.74521e-05
6.90647e-05
7.05898e-05
7.20248e-05
7.33624e-05
7.45965e-05
7.57255e-05
7.67449e-05
7.76502e-05
7.84377e-05
7.91072e-05
7.96576e-05
8.00874e-05
8.03954e-05
8.05823e-05
8.06497e-05
8.05996e-05
8.04329e-05
8.01476e-05
7.9741e-05
7.92243e-05
7.86108e-05
7.79e-05
7.70993e-05
7.62063e-05
7.52088e-05
7.40986e-05
7.29208e-05
7.16588e-05
7.03061e-05
6.89095e-05
6.74758e-05
6.59316e-05
6.43126e-05
6.26765e-05
6.09795e-05
5.92017e-05
5.73875e-05
5.55447e-05
5.36386e-05
5.16764e-05
4.96823e-05
4.76496e-05
4.55726e-05
4.34636e-05
4.13308e-05
3.91775e-05
3.70109e-05
3.48481e-05
3.27131e-05
3.06092e-05
2.85475e-05
2.65412e-05
2.4599e-05
2.2715e-05
2.08782e-05
1.90841e-05
1.73568e-05
1.55951e-05
1.38135e-05
1.1955e-05
1.01025e-05
8.33588e-06
6.77226e-06
5.95255e-06
7.07809e-06
1.33367e-05
1.48384e-05
1.5272e-05
1.66466e-05
1.74188e-05
1.89235e-05
2.01232e-05
2.18799e-05
2.34406e-05
2.54048e-05
2.72082e-05
2.92494e-05
3.11318e-05
3.31341e-05
3.49991e-05
3.69334e-05
3.8786e-05
4.07002e-05
4.25747e-05
4.44816e-05
4.63647e-05
4.82587e-05
5.01397e-05
5.20096e-05
5.38382e-05
5.56254e-05
5.73784e-05
5.90991e-05
6.07801e-05
6.24122e-05
6.39877e-05
6.54994e-05
6.69376e-05
6.82928e-05
6.95567e-05
7.07236e-05
7.17899e-05
7.27527e-05
7.3608e-05
7.43523e-05
7.49843e-05
7.55017e-05
7.59032e-05
7.61883e-05
7.63581e-05
7.64132e-05
7.63532e-05
7.61765e-05
7.58855e-05
7.5486e-05
7.49859e-05
7.43925e-05
7.36957e-05
7.28808e-05
7.19739e-05
7.09931e-05
6.98887e-05
6.8726e-05
6.75397e-05
6.6262e-05
6.48587e-05
6.34415e-05
6.1986e-05
6.04408e-05
5.88617e-05
5.72625e-05
5.56052e-05
5.39169e-05
5.22295e-05
5.05157e-05
4.87821e-05
4.7058e-05
4.53358e-05
4.36099e-05
4.19035e-05
4.02257e-05
3.85709e-05
3.69465e-05
3.53568e-05
3.37963e-05
3.22683e-05
3.07698e-05
2.92986e-05
2.78595e-05
2.64176e-05
2.49823e-05
2.35377e-05
2.20886e-05
2.06272e-05
1.91477e-05
1.76421e-05
1.61107e-05
1.45577e-05
1.29631e-05
1.13275e-05
9.73289e-06
8.34443e-06
7.5188e-06
6.74761e-06
6.29454e-06
1.43537e-05
1.63274e-05
1.69745e-05
1.88642e-05
1.98903e-05
2.17889e-05
2.32508e-05
2.52667e-05
2.70084e-05
2.90644e-05
3.0881e-05
3.28475e-05
3.45999e-05
3.64159e-05
3.8072e-05
3.97699e-05
4.13693e-05
4.30025e-05
4.45751e-05
4.61572e-05
4.76927e-05
4.92127e-05
5.06886e-05
5.21327e-05
5.35367e-05
5.48997e-05
5.62153e-05
5.74815e-05
5.86941e-05
5.98442e-05
6.09238e-05
6.19277e-05
6.28505e-05
6.36869e-05
6.44319e-05
6.50824e-05
6.5636e-05
6.6091e-05
6.64449e-05
6.66968e-05
6.68468e-05
6.68944e-05
6.68392e-05
6.6684e-05
6.64326e-05
6.60928e-05
6.56665e-05
6.51426e-05
6.45241e-05
6.3803e-05
6.30127e-05
6.2203e-05
6.13411e-05
6.03379e-05
5.92912e-05
5.8239e-05
5.7116e-05
5.5944e-05
5.47671e-05
5.35604e-05
5.23158e-05
5.10756e-05
4.98317e-05
4.85678e-05
4.73091e-05
4.60619e-05
4.48113e-05
4.35728e-05
4.23553e-05
4.11404e-05
3.99216e-05
3.87106e-05
3.75091e-05
3.6293e-05
3.50948e-05
3.38905e-05
3.26782e-05
3.14467e-05
3.01945e-05
2.89354e-05
2.76693e-05
2.63986e-05
2.50986e-05
2.37755e-05
2.23046e-05
2.06728e-05
1.91758e-05
1.77561e-05
1.64452e-05
1.5177e-05
1.3802e-05
1.25175e-05
1.14257e-05
1.04151e-05
9.32436e-06
8.4275e-06
7.50602e-06
7.05527e-06
6.89149e-06
6.93429e-06
1.5251e-05
1.76382e-05
1.85122e-05
2.0832e-05
2.20555e-05
2.42295e-05
2.5776e-05
2.78517e-05
2.94782e-05
3.13425e-05
3.28313e-05
3.44083e-05
3.57217e-05
3.70824e-05
3.82969e-05
3.95542e-05
4.07306e-05
4.19316e-05
4.30736e-05
4.42154e-05
4.53103e-05
4.63881e-05
4.74255e-05
4.84331e-05
4.93993e-05
5.0324e-05
5.12013e-05
5.20287e-05
5.28029e-05
5.35161e-05
5.41644e-05
5.47455e-05
5.52549e-05
5.569e-05
5.60476e-05
5.63263e-05
5.65256e-05
5.66443e-05
5.66827e-05
5.66436e-05
5.65322e-05
5.63463e-05
5.60807e-05
5.57368e-05
5.53037e-05
5.48403e-05
5.43741e-05
5.38149e-05
5.316e-05
5.2507e-05
5.18266e-05
5.10774e-05
5.02966e-05
4.94954e-05
4.86594e-05
4.77972e-05
4.69158e-05
4.60162e-05
4.50973e-05
4.41643e-05
4.32235e-05
4.22763e-05
4.12932e-05
4.03113e-05
3.93024e-05
3.82844e-05
3.72539e-05
3.61959e-05
3.5118e-05
3.34804e-05
3.19312e-05
3.04024e-05
2.89693e-05
2.75585e-05
2.62139e-05
2.48929e-05
2.36172e-05
2.23991e-05
2.12422e-05
2.01358e-05
1.90813e-05
1.80688e-05
1.70826e-05
1.61674e-05
1.52699e-05
1.44574e-05
1.36517e-05
1.29394e-05
1.22046e-05
1.15315e-05
1.08515e-05
1.02505e-05
9.63418e-06
9.11843e-06
8.56329e-06
8.17244e-06
7.86029e-06
7.72654e-06
7.70613e-06
7.89049e-06
1.68038e-05
1.9533e-05
2.05482e-05
2.30658e-05
2.43257e-05
2.65616e-05
2.80228e-05
2.9983e-05
3.13449e-05
3.29121e-05
3.39727e-05
3.51547e-05
3.60169e-05
3.69727e-05
3.7764e-05
3.86129e-05
3.93684e-05
4.01461e-05
4.08641e-05
4.15877e-05
4.22774e-05
4.29633e-05
4.36228e-05
4.42642e-05
4.48748e-05
4.54559e-05
4.60018e-05
4.65119e-05
4.69823e-05
4.74082e-05
4.7787e-05
4.81165e-05
4.83919e-05
4.86116e-05
4.87731e-05
4.88764e-05
4.89204e-05
4.89013e-05
4.88022e-05
4.86341e-05
4.84397e-05
4.82199e-05
4.78874e-05
4.74924e-05
4.70799e-05
4.65999e-05
4.60587e-05
4.54769e-05
4.48244e-05
4.41308e-05
4.30438e-05
4.19155e-05
4.07811e-05
3.96424e-05
3.84961e-05
3.7354e-05
3.62164e-05
3.50906e-05
3.3961e-05
3.28482e-05
3.17568e-05
3.06665e-05
2.96096e-05
2.85746e-05
2.75547e-05
2.65729e-05
2.56091e-05
2.46678e-05
2.37527e-05
2.28665e-05
2.20193e-05
2.12e-05
2.04228e-05
1.96628e-05
1.89454e-05
1.82458e-05
1.75815e-05
1.69496e-05
1.63401e-05
1.57587e-05
1.52062e-05
1.46715e-05
1.41607e-05
1.36761e-05
1.31972e-05
1.27512e-05
1.23054e-05
1.18866e-05
1.14648e-05
1.10735e-05
1.06822e-05
1.03247e-05
9.97681e-06
9.67447e-06
9.40118e-06
9.21915e-06
9.10407e-06
9.04993e-06
9.40493e-06
9.63142e-06
1.81691e-05
1.92053e-05
2.00642e-05
2.22756e-05
2.43021e-05
2.67155e-05
2.90991e-05
3.10761e-05
3.29835e-05
3.41971e-05
3.55452e-05
3.62978e-05
3.73127e-05
3.79259e-05
3.86545e-05
3.91077e-05
3.95117e-05
3.97659e-05
3.99687e-05
4.01341e-05
4.02751e-05
4.03935e-05
4.04703e-05
4.05121e-05
4.05175e-05
4.04997e-05
4.04602e-05
4.03977e-05
4.03097e-05
4.01935e-05
4.00485e-05
3.98738e-05
3.96678e-05
3.94178e-05
3.91148e-05
3.88084e-05
3.85183e-05
3.81528e-05
3.77271e-05
3.73236e-05
3.69005e-05
3.64173e-05
3.58948e-05
3.53663e-05
3.48492e-05
3.43069e-05
3.37364e-05
3.31746e-05
3.26189e-05
3.20499e-05
3.14813e-05
3.093e-05
3.03817e-05
2.98414e-05
2.93105e-05
2.87936e-05
2.82883e-05
2.7796e-05
2.73121e-05
2.68467e-05
2.63917e-05
2.59423e-05
2.55128e-05
2.50894e-05
2.46744e-05
2.42765e-05
2.38798e-05
2.35023e-05
2.31463e-05
2.2785e-05
2.24465e-05
2.21084e-05
2.17872e-05
2.14644e-05
2.11567e-05
2.08462e-05
2.05432e-05
2.02439e-05
1.99415e-05
1.96455e-05
1.93457e-05
1.90481e-05
1.87471e-05
1.84443e-05
1.81328e-05
1.78123e-05
1.74761e-05
1.71236e-05
1.67512e-05
1.63594e-05
1.59476e-05
1.5523e-05
1.50925e-05
1.46746e-05
1.43184e-05
1.40583e-05
1.38626e-05
1.4031e-05
1.45125e-05
1.48871e-05
1.6133e-05
1.72689e-05
1.83466e-05
2.04809e-05
2.24679e-05
2.46917e-05
2.67441e-05
2.83835e-05
2.98328e-05
3.07521e-05
3.17119e-05
3.22943e-05
3.3021e-05
3.34041e-05
3.38287e-05
3.39487e-05
3.40266e-05
3.39604e-05
3.38847e-05
3.37783e-05
3.36594e-05
3.35095e-05
3.33259e-05
3.31207e-05
3.29067e-05
3.26954e-05
3.24872e-05
3.22803e-05
3.2076e-05
3.18767e-05
3.16785e-05
3.14727e-05
3.12768e-05
3.1099e-05
3.09164e-05
3.07277e-05
3.05538e-05
3.03819e-05
3.02051e-05
3.00399e-05
2.98796e-05
2.97157e-05
2.95608e-05
2.94192e-05
2.92835e-05
2.91544e-05
2.90321e-05
2.89197e-05
2.8819e-05
2.87206e-05
2.86318e-05
2.85443e-05
2.84661e-05
2.83905e-05
2.83248e-05
2.82671e-05
2.82155e-05
2.81722e-05
2.81381e-05
2.81137e-05
2.8097e-05
2.80904e-05
2.80939e-05
2.8105e-05
2.81256e-05
2.81555e-05
2.81917e-05
2.82366e-05
2.82888e-05
2.83477e-05
2.84133e-05
2.8485e-05
2.85626e-05
2.86454e-05
2.87363e-05
2.88332e-05
2.89363e-05
2.90472e-05
2.91619e-05
2.92824e-05
2.94024e-05
2.9526e-05
2.96475e-05
2.97676e-05
2.98819e-05
2.99911e-05
3.00896e-05
3.01758e-05
3.02365e-05
3.02752e-05
3.02829e-05
3.02644e-05
3.02176e-05
3.01558e-05
3.00912e-05
3.00732e-05
3.02013e-05
3.05665e-05
3.11663e-05
2.99614e-05
1.50695e-05
1.62768e-05
1.73974e-05
1.94402e-05
2.13394e-05
2.33921e-05
2.52128e-05
2.66539e-05
2.7843e-05
2.86148e-05
2.93917e-05
2.99162e-05
3.04966e-05
3.08015e-05
3.10856e-05
3.10821e-05
3.10411e-05
3.08746e-05
3.07214e-05
3.05431e-05
3.03561e-05
3.01356e-05
2.98916e-05
2.96393e-05
2.93983e-05
2.9174e-05
2.8966e-05
2.87709e-05
2.85939e-05
2.84387e-05
2.83058e-05
2.81905e-05
2.80897e-05
2.80043e-05
2.79338e-05
2.78786e-05
2.78395e-05
2.7813e-05
2.77981e-05
2.77965e-05
2.7807e-05
2.78274e-05
2.78586e-05
2.79008e-05
2.79525e-05
2.80142e-05
2.80855e-05
2.81645e-05
2.82516e-05
2.83439e-05
2.84401e-05
2.85405e-05
2.86446e-05
2.87521e-05
2.88645e-05
2.8982e-05
2.91044e-05
2.92331e-05
2.93683e-05
2.95102e-05
2.9659e-05
2.9815e-05
2.99784e-05
3.01487e-05
3.03273e-05
3.05136e-05
3.07081e-05
3.09111e-05
3.11228e-05
3.13428e-05
3.15707e-05
3.18059e-05
3.20487e-05
3.22984e-05
3.25558e-05
3.282e-05
3.30922e-05
3.33723e-05
3.36603e-05
3.39583e-05
3.42658e-05
3.45829e-05
3.49101e-05
3.52476e-05
3.55958e-05
3.59547e-05
3.63245e-05
3.67052e-05
3.7104e-05
3.75173e-05
3.79534e-05
3.84094e-05
3.88918e-05
3.93989e-05
3.9935e-05
4.04933e-05
4.10473e-05
4.15295e-05
4.14476e-05
4.13062e-05
1.51834e-05
1.63452e-05
1.74458e-05
1.94801e-05
2.13682e-05
2.34283e-05
2.52554e-05
2.67118e-05
2.79121e-05
2.86902e-05
2.94696e-05
2.99982e-05
3.05848e-05
3.08999e-05
3.11983e-05
3.12073e-05
3.11755e-05
3.10138e-05
3.08609e-05
3.06818e-05
3.04917e-05
3.02683e-05
3.00204e-05
2.97635e-05
2.95181e-05
2.92898e-05
2.90783e-05
2.8879e-05
2.86963e-05
2.85337e-05
2.83932e-05
2.827e-05
2.81604e-05
2.80647e-05
2.79835e-05
2.79152e-05
2.78616e-05
2.78207e-05
2.77901e-05
2.7772e-05
2.77652e-05
2.77663e-05
2.77776e-05
2.77992e-05
2.78279e-05
2.78668e-05
2.79147e-05
2.79681e-05
2.80295e-05
2.80973e-05
2.81681e-05
2.82428e-05
2.83217e-05
2.84035e-05
2.84899e-05
2.85812e-05
2.86767e-05
2.87784e-05
2.88856e-05
2.8998e-05
2.9116e-05
2.92409e-05
2.93718e-05
2.95095e-05
2.96537e-05
2.98054e-05
2.99633e-05
3.01287e-05
3.03003e-05
3.04782e-05
3.06621e-05
3.08514e-05
3.10453e-05
3.12434e-05
3.14457e-05
3.16517e-05
3.18624e-05
3.20775e-05
3.22975e-05
3.25227e-05
3.27527e-05
3.29886e-05
3.32305e-05
3.34798e-05
3.37377e-05
3.40056e-05
3.42857e-05
3.45795e-05
3.48901e-05
3.52179e-05
3.55637e-05
3.59315e-05
3.6336e-05
3.67794e-05
3.72806e-05
3.78498e-05
3.84995e-05
3.91912e-05
3.95184e-05
3.95972e-05
1.63726e-05
1.73832e-05
1.83943e-05
2.0485e-05
2.24359e-05
2.46545e-05
2.67152e-05
2.83826e-05
2.98569e-05
3.07941e-05
3.17628e-05
3.2355e-05
3.30938e-05
3.35021e-05
3.39616e-05
3.41175e-05
3.42268e-05
3.41825e-05
3.41216e-05
3.4025e-05
3.3911e-05
3.37619e-05
3.35787e-05
3.33701e-05
3.31548e-05
3.29433e-05
3.27351e-05
3.25285e-05
3.23211e-05
3.21146e-05
3.19128e-05
3.17026e-05
3.1489e-05
3.12876e-05
3.10939e-05
3.08763e-05
3.06643e-05
3.04652e-05
3.02503e-05
3.0036e-05
2.98337e-05
2.96206e-05
2.94085e-05
2.9208e-05
2.90008e-05
2.88017e-05
2.86131e-05
2.84174e-05
2.82298e-05
2.80549e-05
2.78765e-05
2.77003e-05
2.75333e-05
2.73642e-05
2.72011e-05
2.70437e-05
2.68887e-05
2.67437e-05
2.65989e-05
2.64571e-05
2.63278e-05
2.62038e-05
2.60842e-05
2.5972e-05
2.58624e-05
2.57603e-05
2.56603e-05
2.55649e-05
2.54679e-05
2.5372e-05
2.52713e-05
2.51662e-05
2.5054e-05
2.49319e-05
2.48009e-05
2.46571e-05
2.45019e-05
2.43329e-05
2.41502e-05
2.39528e-05
2.37393e-05
2.351e-05
2.32645e-05
2.30026e-05
2.27281e-05
2.24489e-05
2.21658e-05
2.18763e-05
2.15968e-05
2.13235e-05
2.10727e-05
2.08408e-05
2.06402e-05
2.0493e-05
2.04158e-05
2.04582e-05
2.06891e-05
2.12043e-05
2.21561e-05
2.28772e-05
1.84462e-05
1.93332e-05
2.00705e-05
2.21642e-05
2.41109e-05
2.64626e-05
2.88215e-05
3.08098e-05
3.27442e-05
3.39839e-05
3.50842e-05
3.60023e-05
3.65397e-05
3.72317e-05
3.76919e-05
3.82373e-05
3.86369e-05
3.90668e-05
3.94146e-05
3.97783e-05
4.01069e-05
4.04388e-05
4.06994e-05
4.07542e-05
4.07807e-05
4.07865e-05
4.07711e-05
4.07377e-05
4.06793e-05
4.05911e-05
4.04754e-05
4.03297e-05
4.01534e-05
3.99436e-05
3.96884e-05
3.93718e-05
3.9047e-05
3.87357e-05
3.8346e-05
3.78866e-05
3.74466e-05
3.69669e-05
3.6445e-05
3.59013e-05
3.52989e-05
3.46903e-05
3.40992e-05
3.345e-05
3.27855e-05
3.21457e-05
3.14769e-05
3.08011e-05
3.01417e-05
2.947e-05
2.88178e-05
2.81693e-05
2.75194e-05
2.68903e-05
2.62728e-05
2.56536e-05
2.5062e-05
2.44727e-05
2.38935e-05
2.33327e-05
2.27724e-05
2.22244e-05
2.16853e-05
2.11506e-05
2.06353e-05
2.01262e-05
1.96371e-05
1.91581e-05
1.86869e-05
1.82257e-05
1.77711e-05
1.73282e-05
1.68896e-05
1.646e-05
1.60393e-05
1.56241e-05
1.52196e-05
1.48229e-05
1.44371e-05
1.40578e-05
1.36949e-05
1.33353e-05
1.29938e-05
1.26628e-05
1.23499e-05
1.20528e-05
1.17778e-05
1.15221e-05
1.12964e-05
1.11025e-05
1.09569e-05
1.0835e-05
1.09037e-05
1.1115e-05
1.16184e-05
1.18918e-05
1.65061e-05
1.91026e-05
2.00685e-05
2.24672e-05
2.36466e-05
2.57662e-05
2.71353e-05
2.9016e-05
3.0324e-05
3.18661e-05
3.29051e-05
3.40901e-05
3.49367e-05
3.59114e-05
3.67151e-05
3.75967e-05
3.83831e-05
3.91996e-05
3.99538e-05
4.07152e-05
4.14414e-05
4.21646e-05
4.28661e-05
4.35501e-05
4.42091e-05
4.48433e-05
4.54472e-05
4.60194e-05
4.6555e-05
4.70513e-05
4.75034e-05
4.79107e-05
4.82679e-05
4.85743e-05
4.88255e-05
4.90187e-05
4.9154e-05
4.92312e-05
4.92433e-05
4.91911e-05
4.90533e-05
4.8874e-05
4.86783e-05
4.84053e-05
4.80325e-05
4.76412e-05
4.71985e-05
4.66827e-05
4.61292e-05
4.55165e-05
4.4833e-05
4.39539e-05
4.27571e-05
4.15124e-05
4.03284e-05
3.9093e-05
3.78572e-05
3.66476e-05
3.54371e-05
3.42245e-05
3.30435e-05
3.18706e-05
3.07125e-05
2.95935e-05
2.84932e-05
2.74166e-05
2.63789e-05
2.537e-05
2.4387e-05
2.34417e-05
2.25318e-05
2.16602e-05
2.08228e-05
2.00248e-05
1.92456e-05
1.85114e-05
1.77967e-05
1.71155e-05
1.64523e-05
1.58227e-05
1.51988e-05
1.46151e-05
1.4049e-05
1.34974e-05
1.29767e-05
1.24579e-05
1.19672e-05
1.14968e-05
1.10559e-05
1.0623e-05
1.02381e-05
9.84774e-06
9.52622e-06
9.20476e-06
8.94082e-06
8.72044e-06
8.61553e-06
8.53945e-06
8.82319e-06
9.03996e-06
1.51003e-05
1.73384e-05
1.81529e-05
2.03344e-05
2.14677e-05
2.35129e-05
2.49565e-05
2.69327e-05
2.84781e-05
3.02821e-05
3.17236e-05
3.32746e-05
3.4559e-05
3.59119e-05
3.71178e-05
3.8382e-05
3.95712e-05
4.07969e-05
4.197e-05
4.31501e-05
4.42879e-05
4.54131e-05
4.6504e-05
4.75686e-05
4.85979e-05
4.95916e-05
5.05447e-05
5.14538e-05
5.23143e-05
5.3122e-05
5.38712e-05
5.45593e-05
5.51808e-05
5.57341e-05
5.62152e-05
5.66203e-05
5.69473e-05
5.71962e-05
5.7364e-05
5.74516e-05
5.746e-05
5.73942e-05
5.72559e-05
5.70384e-05
5.67449e-05
5.63625e-05
5.59149e-05
5.54508e-05
5.49619e-05
5.4353e-05
5.36925e-05
5.30354e-05
5.23199e-05
5.15471e-05
5.07543e-05
4.99277e-05
4.90619e-05
4.818e-05
4.72692e-05
4.63279e-05
4.53825e-05
4.44133e-05
4.34271e-05
4.24505e-05
4.14445e-05
4.04201e-05
3.93899e-05
3.83334e-05
3.72649e-05
3.61682e-05
3.44938e-05
3.28866e-05
3.1291e-05
2.98142e-05
2.83472e-05
2.69737e-05
2.56237e-05
2.43516e-05
2.30924e-05
2.19114e-05
2.07249e-05
1.95908e-05
1.85176e-05
1.7486e-05
1.65243e-05
1.55762e-05
1.46376e-05
1.37033e-05
1.28998e-05
1.2109e-05
1.14042e-05
1.0584e-05
9.86594e-06
9.15473e-06
8.63096e-06
8.09507e-06
7.71255e-06
7.57406e-06
7.56675e-06
7.73517e-06
1.43017e-05
1.61463e-05
1.67359e-05
1.84912e-05
1.94215e-05
2.11878e-05
2.2537e-05
2.44324e-05
2.60643e-05
2.80233e-05
2.97582e-05
3.16579e-05
3.33549e-05
3.51292e-05
3.67516e-05
3.84256e-05
4.00088e-05
4.16357e-05
4.32129e-05
4.48116e-05
4.63743e-05
4.79315e-05
4.94558e-05
5.09545e-05
5.24155e-05
5.38381e-05
5.52233e-05
5.65672e-05
5.78642e-05
5.91104e-05
6.02983e-05
6.14198e-05
6.24685e-05
6.34407e-05
6.43306e-05
6.5133e-05
6.58442e-05
6.64623e-05
6.69841e-05
6.74076e-05
6.77306e-05
6.7953e-05
6.80744e-05
6.80937e-05
6.80117e-05
6.78322e-05
6.75591e-05
6.72006e-05
6.67522e-05
6.6202e-05
6.55657e-05
6.48241e-05
6.40222e-05
6.32019e-05
6.23046e-05
6.12716e-05
6.02126e-05
5.91331e-05
5.79713e-05
5.67663e-05
5.55604e-05
5.43179e-05
5.30361e-05
5.17615e-05
5.04882e-05
4.9193e-05
4.79083e-05
4.66448e-05
4.53774e-05
4.41198e-05
4.2881e-05
4.16417e-05
4.04116e-05
3.91965e-05
3.79816e-05
3.67741e-05
3.55884e-05
3.43839e-05
3.31927e-05
3.19882e-05
3.07791e-05
2.9532e-05
2.825e-05
2.69426e-05
2.56272e-05
2.38924e-05
2.2289e-05
2.04045e-05
1.86164e-05
1.69948e-05
1.57746e-05
1.44059e-05
1.2806e-05
1.09914e-05
9.99821e-06
9.04705e-06
7.85819e-06
7.11099e-06
6.85511e-06
6.86879e-06
1.33367e-05
1.47545e-05
1.51462e-05
1.64219e-05
1.71132e-05
1.85096e-05
1.96033e-05
2.12459e-05
2.26958e-05
2.455e-05
2.62529e-05
2.82041e-05
3.00069e-05
3.19394e-05
3.37453e-05
3.56249e-05
3.74222e-05
3.92843e-05
4.11157e-05
4.29898e-05
4.48485e-05
4.67234e-05
4.85899e-05
5.0455e-05
5.23094e-05
5.41469e-05
5.59488e-05
5.7716e-05
5.94571e-05
6.1167e-05
6.28317e-05
6.44428e-05
6.59943e-05
6.74776e-05
6.88832e-05
7.02027e-05
7.14309e-05
7.25639e-05
7.35988e-05
7.45317e-05
7.53587e-05
7.60768e-05
7.66845e-05
7.71796e-05
7.7561e-05
7.78295e-05
7.79851e-05
7.80274e-05
7.79556e-05
7.77683e-05
7.74705e-05
7.7067e-05
7.65659e-05
7.5973e-05
7.52732e-05
7.44583e-05
7.35608e-05
7.25928e-05
7.15044e-05
7.03341e-05
6.9127e-05
6.78734e-05
6.64827e-05
6.50452e-05
6.35944e-05
6.20551e-05
6.04569e-05
5.88486e-05
5.71973e-05
5.54985e-05
5.37824e-05
5.20523e-05
5.0295e-05
4.85254e-05
4.67671e-05
4.50128e-05
4.32662e-05
4.15484e-05
3.98586e-05
3.81932e-05
3.65648e-05
3.49712e-05
3.34008e-05
3.18535e-05
3.0324e-05
2.88003e-05
2.72993e-05
2.57767e-05
2.41976e-05
2.25933e-05
2.09235e-05
1.91682e-05
1.72809e-05
1.53314e-05
1.33381e-05
1.13293e-05
9.5372e-06
8.32217e-06
7.09597e-06
6.53142e-06
1.25077e-05
1.32742e-05
1.35476e-05
1.43231e-05
1.48134e-05
1.57519e-05
1.65081e-05
1.7661e-05
1.86846e-05
2.00059e-05
2.12119e-05
2.26418e-05
2.40568e-05
2.56679e-05
2.73284e-05
2.91357e-05
3.09955e-05
3.29381e-05
3.49022e-05
3.69054e-05
3.89194e-05
4.09512e-05
4.29925e-05
4.50289e-05
4.7046e-05
4.90344e-05
5.10062e-05
5.29714e-05
5.49308e-05
5.68825e-05
5.88222e-05
6.07427e-05
6.26356e-05
6.44894e-05
6.62919e-05
6.80301e-05
6.96936e-05
7.12742e-05
7.2769e-05
7.41757e-05
7.54869e-05
7.66984e-05
7.78072e-05
7.88086e-05
7.9698e-05
8.04747e-05
8.11374e-05
8.16837e-05
8.2112e-05
8.24217e-05
8.26136e-05
8.26896e-05
8.26511e-05
8.24988e-05
8.22288e-05
8.18406e-05
8.13468e-05
8.07586e-05
8.00701e-05
7.92887e-05
7.84284e-05
7.74679e-05
7.63928e-05
7.52311e-05
7.40122e-05
7.2709e-05
7.13088e-05
6.98351e-05
6.83152e-05
6.67479e-05
6.50716e-05
6.3347e-05
6.15832e-05
5.97314e-05
5.78169e-05
5.58612e-05
5.38333e-05
5.17265e-05
4.95718e-05
4.7357e-05
4.50719e-05
4.27369e-05
4.03585e-05
3.79416e-05
3.5501e-05
3.30556e-05
3.06291e-05
2.82447e-05
2.59225e-05
2.36679e-05
2.1462e-05
1.92969e-05
1.71637e-05
1.49939e-05
1.28866e-05
1.09135e-05
9.06693e-06
7.53943e-06
6.63438e-06
7.4456e-06
1.32423e-05
1.31457e-05
1.32235e-05
1.33435e-05
1.34807e-05
1.3679e-05
1.39282e-05
1.42569e-05
1.46355e-05
1.51045e-05
1.56368e-05
1.62654e-05
1.69603e-05
1.77469e-05
1.86115e-05
1.95764e-05
2.06336e-05
2.17833e-05
2.30051e-05
2.42863e-05
2.56077e-05
2.69534e-05
2.83071e-05
2.96602e-05
3.10128e-05
3.2369e-05
3.37377e-05
3.51282e-05
3.65454e-05
3.79903e-05
3.94618e-05
4.09567e-05
4.24698e-05
4.39923e-05
4.55142e-05
4.70241e-05
4.85118e-05
4.99678e-05
5.13813e-05
5.27434e-05
5.40527e-05
5.53082e-05
5.65057e-05
5.76405e-05
5.87086e-05
5.97082e-05
6.06386e-05
6.1498e-05
6.22851e-05
6.29992e-05
6.36397e-05
6.42062e-05
6.46973e-05
6.51119e-05
6.54479e-05
6.57046e-05
6.58841e-05
6.59894e-05
6.60196e-05
6.59716e-05
6.58451e-05
6.56421e-05
6.53529e-05
6.49842e-05
6.45492e-05
6.40432e-05
6.34555e-05
6.27909e-05
6.20578e-05
6.12418e-05
6.03236e-05
5.93107e-05
5.82114e-05
5.70452e-05
5.57402e-05
5.43341e-05
5.28511e-05
5.12277e-05
4.94911e-05
4.76573e-05
4.57091e-05
4.36545e-05
4.15051e-05
3.92683e-05
3.69457e-05
3.45443e-05
3.20563e-05
2.94893e-05
2.67805e-05
2.40073e-05
2.11535e-05
1.82853e-05
1.54693e-05
1.27303e-05
1.02791e-05
8.17071e-06
6.47635e-06
5.26516e-06
4.55568e-06
4.98731e-06
5.17446e-06
5.13174e-06
5.12461e-06
5.09533e-06
5.08648e-06
5.06091e-06
5.04813e-06
5.02363e-06
5.00725e-06
4.98296e-06
4.96345e-06
4.93969e-06
4.91833e-06
4.89545e-06
4.87407e-06
4.85313e-06
4.83426e-06
4.81752e-06
4.80391e-06
4.79364e-06
4.78728e-06
4.78503e-06
4.78704e-06
4.79322e-06
4.80352e-06
4.81795e-06
4.83674e-06
4.86011e-06
4.88772e-06
4.92397e-06
4.9669e-06
5.01622e-06
5.0731e-06
5.13787e-06
5.2105e-06
5.2907e-06
5.37795e-06
5.47141e-06
5.57001e-06
5.67255e-06
5.7782e-06
5.88649e-06
5.99684e-06
6.10853e-06
6.22082e-06
6.33308e-06
6.44488e-06
6.55586e-06
6.66559e-06
6.77386e-06
6.88047e-06
6.98538e-06
7.08849e-06
7.18974e-06
7.28897e-06
7.38619e-06
7.48202e-06
7.57594e-06
7.66578e-06
7.75589e-06
7.84617e-06
7.93595e-06
8.02483e-06
8.11305e-06
8.20158e-06
8.29113e-06
8.3819e-06
8.47433e-06
8.56899e-06
8.66545e-06
8.76257e-06
8.86153e-06
8.96636e-06
9.07845e-06
9.18959e-06
9.29972e-06
9.42091e-06
9.54694e-06
9.67484e-06
9.81002e-06
9.953e-06
1.0104e-05
1.02647e-05
1.04354e-05
1.06121e-05
1.07928e-05
1.09499e-05
1.10269e-05
1.09678e-05
1.06549e-05
9.86801e-06
8.42619e-06
6.5885e-06
4.56044e-06
2.97556e-06
2.08777e-06
2.09513e-06
3.31207e-06
3.22096e-06
3.40702e-06
8.5299e-06
8.00405e-07
1.01492e-06
1.34647e-06
1.67721e-06
1.98065e-06
2.30445e-06
2.65139e-06
2.99674e-06
3.35096e-06
3.70791e-06
3.99069e-06
4.18348e-06
4.29573e-06
4.41522e-06
5.08685e-06
6.7316e-06
8.01313e-06
8.3985e-06
4.33062e-06
3.78366e-06
1.02506e-06
1.03252e-06
1.24925e-06
1.47193e-06
1.7509e-06
2.07172e-06
2.40188e-06
2.74476e-06
3.13186e-06
3.4627e-06
3.75022e-06
3.98704e-06
4.19818e-06
4.66679e-06
5.86311e-06
7.63856e-06
8.51589e-06
8.27237e-06
4.45079e-06
3.39491e-06
1.49023e-06
1.51168e-06
1.4766e-06
1.62321e-06
1.84343e-06
2.10077e-06
2.41017e-06
2.78288e-06
3.23014e-06
3.46273e-06
3.675e-06
3.94187e-06
4.39923e-06
5.32287e-06
6.94042e-06
8.42047e-06
9.06628e-06
8.07398e-06
4.58173e-06
3.76144e-06
2.12152e-06
2.14274e-06
1.95976e-06
2.09897e-06
2.18421e-06
2.46461e-06
2.80271e-06
3.28571e-06
3.91699e-06
3.84737e-06
4.0826e-06
4.65054e-06
5.47685e-06
6.98467e-06
8.77428e-06
8.94372e-06
9.12194e-06
7.79051e-06
4.7253e-06
4.425e-06
3.03402e-06
3.05186e-06
2.75503e-06
3.03416e-06
3.02444e-06
3.40581e-06
3.7986e-06
4.49868e-06
5.10207e-06
5.01623e-06
5.74746e-06
6.54429e-06
7.92215e-06
9.60066e-06
9.43838e-06
9.81242e-06
8.99567e-06
7.52414e-06
4.87853e-06
5.38636e-06
4.29276e-06
4.28031e-06
3.89948e-06
4.28337e-06
4.42014e-06
5.01074e-06
5.84117e-06
7.14298e-06
7.94271e-06
8.55668e-06
9.52581e-06
1.05688e-05
1.09196e-05
1.04965e-05
1.05176e-05
9.81004e-06
8.89922e-06
7.05841e-06
4.18907e-06
6.9908e-06
6.28667e-06
6.29978e-06
6.11502e-06
6.85086e-06
7.71181e-06
9.36332e-06
1.14898e-05
1.51369e-05
1.54992e-05
1.40928e-05
1.32809e-05
1.25848e-05
1.19264e-05
1.14699e-05
1.07798e-05
1.0055e-05
8.70015e-06
6.3144e-06
3.36407e-06
1.07216e-05
1.10789e-05
1.1596e-05
1.27535e-05
1.50168e-05
1.81043e-05
2.11141e-05
1.95666e-05
1.85535e-05
1.69588e-05
1.58967e-05
1.48653e-05
1.40323e-05
1.30488e-05
1.23715e-05
1.12387e-05
1.00439e-05
8.31042e-06
5.24885e-06
2.52163e-06
2.39307e-05
2.63461e-05
2.75644e-05
2.95533e-05
2.74359e-05
2.58388e-05
2.37613e-05
2.23746e-05
2.05767e-05
1.94243e-05
1.79118e-05
1.68992e-05
1.54548e-05
1.44159e-05
1.29727e-05
1.12134e-05
9.65564e-06
7.12398e-06
3.80816e-06
1.64099e-06
3.7072e-05
3.52824e-05
3.31976e-05
3.07055e-05
2.90751e-05
2.67104e-05
2.54363e-05
2.33223e-05
2.22402e-05
2.03049e-05
1.93508e-05
1.74032e-05
1.63532e-05
1.42375e-05
1.2859e-05
9.85704e-06
7.11931e-06
4.15171e-06
2.147e-06
7.81663e-07
3.63065e-05
3.42533e-05
3.29587e-05
3.02138e-05
2.88383e-05
2.6437e-05
2.52413e-05
2.31954e-05
2.21901e-05
2.0402e-05
1.95295e-05
1.77838e-05
1.68949e-05
1.4911e-05
1.37918e-05
1.17274e-05
8.55925e-06
5.64713e-06
2.68964e-06
9.04287e-07
1.74339e-05
1.93777e-05
2.03859e-05
2.26027e-05
2.50086e-05
2.36156e-05
2.24921e-05
2.07137e-05
1.96613e-05
1.82601e-05
1.7408e-05
1.63439e-05
1.55449e-05
1.44518e-05
1.33648e-05
1.20828e-05
1.0431e-05
8.47466e-06
4.39944e-06
1.82377e-06
9.26877e-06
9.03934e-06
9.18603e-06
9.46745e-06
1.0831e-05
1.28884e-05
1.58156e-05
1.79455e-05
1.71159e-05
1.59779e-05
1.49699e-05
1.41806e-05
1.36958e-05
1.31311e-05
1.25196e-05
1.19132e-05
1.05987e-05
9.20302e-06
5.97965e-06
2.76985e-06
6.62358e-06
5.80915e-06
5.74677e-06
5.37896e-06
5.90449e-06
6.33175e-06
7.45935e-06
8.95993e-06
1.13703e-05
1.22759e-05
1.32841e-05
1.27594e-05
1.2153e-05
1.18705e-05
1.16016e-05
1.12854e-05
1.06113e-05
9.40844e-06
7.00879e-06
3.68792e-06
5.21547e-06
4.06826e-06
4.0336e-06
3.65253e-06
3.98542e-06
4.05434e-06
4.54815e-06
5.17364e-06
6.23984e-06
6.58944e-06
7.20827e-06
8.2175e-06
9.48649e-06
1.06525e-05
1.04338e-05
1.07782e-05
1.04726e-05
9.52269e-06
7.69992e-06
4.56223e-06
4.32045e-06
2.89603e-06
2.88164e-06
2.56592e-06
2.79977e-06
2.77488e-06
3.1064e-06
3.48217e-06
4.11398e-06
4.65438e-06
4.49923e-06
5.1694e-06
6.00049e-06
7.45458e-06
9.41267e-06
9.45814e-06
1.03103e-05
9.5932e-06
8.13048e-06
5.0939e-06
3.74235e-06
2.06259e-06
2.06906e-06
1.89592e-06
2.01827e-06
2.08791e-06
2.32335e-06
2.63078e-06
3.07308e-06
3.64471e-06
3.64631e-06
3.84919e-06
4.38916e-06
5.24801e-06
6.85834e-06
8.88062e-06
9.22979e-06
9.77122e-06
8.385e-06
4.93201e-06
3.50996e-06
1.44381e-06
1.43746e-06
1.43505e-06
1.58134e-06
1.8088e-06
2.05527e-06
2.3511e-06
2.68624e-06
3.10479e-06
3.3449e-06
3.56771e-06
3.81484e-06
4.25064e-06
5.23196e-06
6.98738e-06
8.5908e-06
9.57429e-06
8.64558e-06
4.77942e-06
4.16935e-06
1.01485e-06
1.01611e-06
1.22139e-06
1.44779e-06
1.71759e-06
2.0332e-06
2.36358e-06
2.70348e-06
3.07054e-06
3.39878e-06
3.6767e-06
3.89681e-06
4.09079e-06
4.57008e-06
5.88884e-06
7.85905e-06
8.96867e-06
8.85024e-06
4.64307e-06
8.99875e-06
7.98308e-07
1.01073e-06
1.34656e-06
1.66948e-06
1.96458e-06
2.27513e-06
2.60418e-06
2.93607e-06
3.29066e-06
3.64164e-06
3.92047e-06
4.09158e-06
4.18163e-06
4.30269e-06
5.02216e-06
6.84235e-06
8.34457e-06
8.97768e-06
4.51837e-06
1.23438e-06
0.000116588
0.000294231
0.000330907
0.00033481
0.000335356
0.000335357
0.000335342
0.000335343
0.000335345
0.000335345
0.000335343
0.000335342
0.000335357
0.000335356
0.00033481
0.000330907
0.000294232
0.000116588
1.23438e-06
1.37033e-06
6.81125e-05
0.000219432
0.00030942
0.0003309
0.000334526
0.000335272
0.000335315
0.000335296
0.000335287
0.000335287
0.000335296
0.000335315
0.000335272
0.000334526
0.0003309
0.00030942
0.000219431
6.81122e-05
1.37033e-06
1.51226e-06
5.29507e-05
0.000176596
0.000280686
0.000322181
0.000332509
0.000334605
0.000335101
0.000335168
0.000335172
0.000335172
0.000335168
0.000335101
0.000334605
0.000332509
0.000322181
0.000280687
0.000176597
5.2951e-05
1.51226e-06
1.6543e-06
4.39991e-05
0.000148315
0.000254394
0.000309365
0.000328615
0.000333557
0.000334803
0.000335048
0.000335081
0.000335081
0.000335048
0.000334803
0.000333557
0.000328615
0.000309364
0.000254394
0.000148315
4.3999e-05
1.6543e-06
1.79821e-06
3.70836e-05
0.000127036
0.000231064
0.000295148
0.000322571
0.000331759
0.000334127
0.000334799
0.000334939
0.000334939
0.000334799
0.000334127
0.000331759
0.000322571
0.000295147
0.000231064
0.000127036
3.70836e-05
1.79821e-06
1.93784e-06
3.20105e-05
0.000110909
0.000211065
0.000280859
0.000315328
0.000328827
0.000333195
0.00033447
0.000334778
0.000334778
0.00033447
0.000333195
0.000328827
0.000315328
0.00028086
0.000211066
0.000110909
3.20105e-05
1.93785e-06
2.07221e-06
2.82601e-05
9.84591e-05
0.000194046
0.000267143
0.000307401
0.000325195
0.000331849
0.000333907
0.000334515
0.000334515
0.000333907
0.000331849
0.000325195
0.000307401
0.000267143
0.000194046
9.84589e-05
2.82601e-05
2.07221e-06
2.2065e-06
2.5287e-05
8.82955e-05
0.000179133
0.000253975
0.000298958
0.000320862
0.000329931
0.00033315
0.000334156
0.000334156
0.00033315
0.000329931
0.000320863
0.000298959
0.000253975
0.000179133
8.82958e-05
2.52871e-05
2.20649e-06
2.34008e-06
2.28623e-05
7.97818e-05
0.00016589
0.000241386
0.000290176
0.000315926
0.000327567
0.000332165
0.000333601
0.000333601
0.000332165
0.000327567
0.000315926
0.000290176
0.000241386
0.00016589
7.97819e-05
2.28623e-05
2.34008e-06
2.4661e-06
2.0944e-05
7.27899e-05
0.000154366
0.000229678
0.000281391
0.000310587
0.000324785
0.000330825
0.000332875
0.000332875
0.000330825
0.000324785
0.000310588
0.000281392
0.000229678
0.000154366
7.27897e-05
2.09439e-05
2.4661e-06
2.58246e-06
1.94353e-05
6.70839e-05
0.000144473
0.000219024
0.000272875
0.000305052
0.000321687
0.000329223
0.000331988
0.000331988
0.000329223
0.000321687
0.000305052
0.000272876
0.000219024
0.000144474
6.7084e-05
1.94353e-05
2.58246e-06
2.69351e-06
1.81686e-05
6.22417e-05
0.000135791
0.000209241
0.000264638
0.000299384
0.000318316
0.000327366
0.000330846
0.000330846
0.000327366
0.000318316
0.000299384
0.000264638
0.000209241
0.000135791
6.22419e-05
1.81686e-05
2.69351e-06
2.8011e-06
1.70709e-05
5.79746e-05
0.000127942
0.000200078
0.000256585
0.000293565
0.000314661
0.000325226
0.000329445
0.000329445
0.000325227
0.000314661
0.000293565
0.000256585
0.000200078
0.000127942
5.79744e-05
1.70708e-05
2.8011e-06
2.90124e-06
1.61355e-05
5.4217e-05
0.000120822
0.000191477
0.000248725
0.000287631
0.000310746
0.000322801
0.000327773
0.000327773
0.000322801
0.000310746
0.000287631
0.000248726
0.000191479
0.000120823
5.42176e-05
1.61356e-05
2.90123e-06
2.99052e-06
1.53545e-05
5.09849e-05
0.000114497
0.000183564
0.000241216
0.000281727
0.00030667
0.000320145
0.00032586
0.00032586
0.000320145
0.00030667
0.000281727
0.000241216
0.000183564
0.000114497
5.0985e-05
1.53545e-05
2.99052e-06
3.0708e-06
1.47028e-05
4.82147e-05
0.000108929
0.000176374
0.000234151
0.000275959
0.000302518
0.00031731
0.000323734
0.000323734
0.00031731
0.000302519
0.000275959
0.000234152
0.000176374
0.00010893
4.82149e-05
1.47028e-05
3.0708e-06
3.14555e-06
1.41395e-05
4.57683e-05
0.000103928
0.000169762
0.00022747
0.000270324
0.000298311
0.000314319
0.000321416
0.000321416
0.00031432
0.000298313
0.000270326
0.000227473
0.000169765
0.00010393
4.57694e-05
1.41396e-05
3.14554e-06
3.21473e-06
1.36378e-05
4.35407e-05
9.9315e-05
0.000163556
0.000221053
0.000264763
0.000294022
0.000311154
0.000318887
0.000318887
0.000311154
0.000294022
0.000264763
0.000221054
0.000163557
9.93164e-05
4.35416e-05
1.36379e-05
3.21472e-06
3.27556e-06
1.31955e-05
4.15134e-05
9.50397e-05
0.000157691
0.000214854
0.000259246
0.000289633
0.000307803
0.000316134
0.000316134
0.000307804
0.000289634
0.000259248
0.000214855
0.000157693
9.5041e-05
4.15141e-05
1.31956e-05
3.27555e-06
3.32693e-06
1.2819e-05
3.97063e-05
9.11398e-05
0.00015222
0.000208931
0.000253839
0.000285207
0.00030432
0.000313208
0.000313208
0.000304322
0.00028521
0.000253844
0.000208937
0.000152227
9.11455e-05
3.97089e-05
1.28191e-05
3.32693e-06
3.37099e-06
1.25056e-05
3.81278e-05
8.76579e-05
0.000147221
0.000203388
0.000248648
0.000280837
0.00030078
0.000310166
0.000310166
0.00030078
0.000280838
0.00024865
0.000203392
0.000147226
8.76625e-05
3.81299e-05
1.25055e-05
3.37099e-06
3.41042e-06
1.22392e-05
3.67384e-05
8.45468e-05
0.000142673
0.000198234
0.0002437
0.000276553
0.000297206
0.000307029
0.00030703
0.000297208
0.000276557
0.000243703
0.000198238
0.000142676
8.45496e-05
3.67397e-05
1.22389e-05
3.4104e-06
3.44546e-06
1.20024e-05
3.54613e-05
8.16603e-05
0.000138406
0.000193326
0.000238899
0.000272307
0.000293584
0.000303802
0.000303803
0.000293588
0.000272313
0.000238908
0.000193337
0.000138416
8.1669e-05
3.54654e-05
1.20023e-05
3.44545e-06
3.47445e-06
1.17918e-05
3.42616e-05
7.89236e-05
0.000134317
0.000188565
0.000234176
0.000268064
0.000289911
0.000300492
0.000300494
0.000289916
0.000268074
0.000234191
0.000188584
0.000134337
7.89394e-05
3.42689e-05
1.17919e-05
3.47447e-06
3.49667e-06
1.16074e-05
3.31749e-05
7.64077e-05
0.000130496
0.000184031
0.000229581
0.000263832
0.000286148
0.000297037
0.000297039
0.000286153
0.00026384
0.000229591
0.000184044
0.00013051
7.64186e-05
3.31795e-05
1.16066e-05
3.49673e-06
3.51282e-06
1.14611e-05
3.22244e-05
7.4154e-05
0.000127006
0.00017981
0.000225203
0.000259688
0.000282357
0.000293487
0.000293489
0.000282362
0.000259695
0.000225212
0.00017982
0.000127017
7.41637e-05
3.22281e-05
1.14589e-05
3.51288e-06
3.52463e-06
1.13444e-05
3.13938e-05
7.21368e-05
0.000123816
0.000175872
0.000221036
0.000255669
0.000278629
0.000289971
0.000289972
0.000278633
0.000255678
0.00022105
0.00017589
0.000123836
7.21544e-05
3.14019e-05
1.13424e-05
3.52475e-06
3.53716e-06
1.1248e-05
3.06722e-05
7.03462e-05
0.000120905
0.000172183
0.000217061
0.000251801
0.000275033
0.000286582
0.000286586
0.000275046
0.000251822
0.000217089
0.000172215
0.000120938
7.03714e-05
3.06822e-05
1.12453e-05
3.53728e-06
3.54484e-06
1.1169e-05
3.00533e-05
6.87901e-05
0.000118323
0.000168822
0.000213344
0.000248089
0.000271485
0.000283168
0.000283174
0.000271502
0.000248117
0.000213383
0.000168867
0.000118364
6.88181e-05
3.00625e-05
1.11647e-05
3.54522e-06
3.55023e-06
1.10982e-05
2.95047e-05
6.74198e-05
0.00011605
0.000165869
0.000210021
0.000244649
0.000268063
0.000279784
0.000279788
0.000268077
0.000244672
0.000210049
0.000165898
0.000116079
6.74438e-05
2.95139e-05
1.10932e-05
3.55062e-06
3.55281e-06
1.10327e-05
2.89862e-05
6.61524e-05
0.00011397
0.000163206
0.000207047
0.000241553
0.000264941
0.000276664
0.000276663
0.000264936
0.000241543
0.000207039
0.00016321
0.00011399
6.61749e-05
2.89949e-05
1.1026e-05
3.55327e-06
3.55189e-06
1.0975e-05
2.84952e-05
6.49659e-05
0.000112013
0.000160662
0.000204219
0.00023864
0.000262046
0.000273809
0.000273803
0.000262026
0.00023861
0.000204186
0.000160644
0.000112011
6.49742e-05
2.84967e-05
1.09628e-05
3.55258e-06
3.55044e-06
1.0935e-05
2.80831e-05
6.39188e-05
0.00011021
0.00015824
0.000201377
0.000235642
0.000259143
0.00027103
0.000271022
0.000259121
0.000235614
0.000201345
0.000158206
0.000110198
6.39178e-05
2.80793e-05
1.09208e-05
3.55137e-06
3.54861e-06
1.09144e-05
2.77876e-05
6.30795e-05
0.000108674
0.000156027
0.000198637
0.000232888
0.000256642
0.000268729
0.000268711
0.000256595
0.000232843
0.000198612
0.00015601
0.000108657
6.30749e-05
2.77804e-05
1.08978e-05
3.54973e-06
3.54727e-06
1.09061e-05
2.7558e-05
6.24095e-05
0.000107472
0.000154139
0.000196481
0.000230996
0.000255228
0.000267629
0.000267603
0.000255164
0.000230929
0.000196426
0.000154101
0.000107433
6.23875e-05
2.75374e-05
1.08848e-05
3.54859e-06
3.54468e-06
1.08923e-05
2.73254e-05
6.18045e-05
0.000106421
0.000152775
0.000195388
0.00023051
0.000255312
0.000268023
0.000267986
0.000255209
0.000230383
0.000195271
0.000152661
0.000106331
6.17358e-05
2.72779e-05
1.0864e-05
3.54601e-06
3.54049e-06
1.08698e-05
2.7078e-05
6.12327e-05
0.000105431
0.000151729
0.000194673
0.00023039
0.000255633
0.000268512
0.000268445
0.000255452
0.000230161
0.000194462
0.000151558
0.000105296
6.11206e-05
2.70122e-05
1.08373e-05
3.54179e-06
3.53628e-06
1.08432e-05
2.68192e-05
6.06844e-05
0.00010452
0.000150563
0.000193706
0.000229911
0.000255473
0.000268393
0.00026827
0.000255164
0.000229596
0.000193473
0.00015034
0.000104319
6.05602e-05
2.67559e-05
1.08101e-05
3.53764e-06
3.53207e-06
1.08107e-05
2.65291e-05
6.00728e-05
0.000103444
0.000149011
0.000192189
0.000228705
0.000254383
0.000267228
0.000267036
0.000253875
0.000228155
0.000191868
0.000148856
0.000103278
5.99662e-05
2.64749e-05
1.07774e-05
3.53346e-06
3.52533e-06
1.07821e-05
2.61989e-05
5.93103e-05
0.000102056
0.000146955
0.000189955
0.000226723
0.000252459
0.000265191
0.000264926
0.000251753
0.00022601
0.000189651
0.000146826
0.000101882
5.91852e-05
2.61345e-05
1.07461e-05
3.52648e-06
3.51296e-06
1.07871e-05
2.58589e-05
5.83955e-05
0.000100329
0.000144493
0.000187367
0.000224382
0.000250273
0.000262936
0.000262579
0.000249379
0.000223532
0.000187009
0.000144361
0.000100122
5.82149e-05
2.57624e-05
1.07505e-05
3.51345e-06
3.49351e-06
1.08655e-05
2.55534e-05
5.74414e-05
9.84927e-05
0.000141899
0.000184723
0.000222337
0.000248441
0.000261033
0.000260636
0.000247425
0.000221388
0.000184388
0.000141755
9.82316e-05
5.72057e-05
2.543e-05
1.08376e-05
3.49341e-06
3.46795e-06
1.09817e-05
2.53025e-05
5.66072e-05
9.68357e-05
0.00013964
0.000182697
0.000206308
0.000247303
0.000259907
0.000259488
0.000246354
0.000220113
0.000182278
0.000139414
9.65356e-05
5.63457e-05
2.51731e-05
1.09544e-05
3.4674e-06
3.43856e-06
1.10727e-05
2.50971e-05
5.6003e-05
9.57356e-05
0.000138205
0.000135883
0.000177625
0.000246881
0.00025946
0.000259062
0.000246036
0.000218324
0.000157979
0.00013788
9.53672e-05
5.57365e-05
2.49762e-05
1.10467e-05
3.43759e-06
3.40801e-06
1.10977e-05
2.48935e-05
5.55457e-05
9.49927e-05
0.000127217
0.000161248
0.000219549
0.000245989
0.000258372
0.000257992
0.000245184
0.000218951
0.000155368
0.000136944
9.46139e-05
5.52918e-05
2.47892e-05
1.10722e-05
3.4067e-06
3.37867e-06
1.10567e-05
2.45471e-05
5.4792e-05
9.37359e-05
0.000135461
0.000178584
0.000188333
0.000200438
0.00025562
0.000255362
0.000242787
0.000216816
0.000178354
0.00013519
9.33994e-05
5.45616e-05
2.44544e-05
1.10317e-05
3.37709e-06
3.35225e-06
1.07808e-05
2.36508e-05
5.28768e-05
9.04899e-05
0.000130894
0.000102407
0.000100671
0.000140491
0.000179759
0.000173965
0.000137685
0.000105227
0.000108483
0.000130802
9.0257e-05
5.2709e-05
2.35707e-05
1.0756e-05
3.35039e-06
3.32937e-06
9.86824e-06
2.16776e-05
4.88662e-05
8.40549e-05
8.18388e-05
8.39005e-05
0.000130647
0.000224726
0.000251161
0.000251536
0.000237401
0.000140329
8.74136e-05
8.2395e-05
8.39262e-05
4.87533e-05
2.16202e-05
9.83871e-06
3.32735e-06
3.31042e-06
8.80359e-06
1.92352e-05
4.54317e-05
7.98972e-05
0.000119668
0.000165059
0.000209209
0.000241231
0.000257787
0.000258516
0.000243097
0.000211599
0.000166876
0.000120188
7.97905e-05
4.53208e-05
1.91919e-05
8.77407e-06
3.30841e-06
3.29544e-06
7.96056e-06
1.66783e-05
4.15614e-05
7.60038e-05
8.66515e-05
5.77833e-05
5.74599e-05
7.5392e-05
6.7135e-05
6.60535e-05
7.47029e-05
6.14648e-05
5.8216e-05
8.22627e-05
7.59138e-05
4.1435e-05
1.66245e-05
7.92833e-06
3.29362e-06
3.284e-06
7.28995e-06
1.42547e-05
3.7572e-05
7.1805e-05
6.2526e-05
6.81003e-05
7.74244e-05
6.79338e-05
8.84352e-05
0.000101138
7.18601e-05
7.44267e-05
6.70589e-05
6.18564e-05
7.17934e-05
3.75037e-05
1.42109e-05
7.25203e-06
3.2826e-06
3.27564e-06
6.76386e-06
1.22386e-05
3.40397e-05
6.77791e-05
6.62527e-05
7.58111e-05
0.000219244
0.000161424
0.000157193
0.000149389
0.000134785
0.000224242
7.92452e-05
6.62448e-05
6.78461e-05
3.40527e-05
1.22345e-05
6.72312e-06
3.27465e-06
3.26975e-06
6.3637e-06
1.07816e-05
3.12122e-05
6.43206e-05
6.24556e-05
4.46662e-05
3.80571e-05
3.98831e-05
5.73873e-05
7.21873e-05
3.88286e-05
3.59459e-05
4.42901e-05
6.08049e-05
6.45146e-05
3.12866e-05
1.08085e-05
6.31874e-06
3.2692e-06
3.26547e-06
6.06658e-06
9.76551e-06
2.90835e-05
5.35114e-05
4.1653e-05
4.72521e-05
0.000100541
0.000233131
8.07543e-05
6.99255e-05
0.000154493
0.000126337
4.95993e-05
4.20678e-05
5.24857e-05
2.92424e-05
9.80476e-06
6.01413e-06
3.2656e-06
3.26255e-06
5.84818e-06
9.06999e-06
2.75763e-05
5.97128e-05
5.10111e-05
4.70962e-05
6.62226e-05
0.000158436
0.000106869
0.000106255
0.000288799
7.15378e-05
4.47905e-05
4.77243e-05
6.02725e-05
2.78322e-05
9.12542e-06
5.78644e-06
3.26326e-06
3.26067e-06
5.69297e-06
8.62586e-06
2.65865e-05
5.84638e-05
4.65583e-05
4.33367e-05
5.04884e-05
5.72932e-05
9.07809e-05
5.39033e-05
3.76578e-05
5.36352e-05
6.26071e-05
5.19481e-05
5.60323e-05
2.69126e-05
8.711e-06
5.63148e-06
3.26162e-06
3.25938e-06
5.58511e-06
8.37216e-06
2.59981e-05
4.85236e-05
3.72618e-05
3.73899e-05
5.61575e-05
0.000161637
0.000154397
6.32346e-05
0.000290203
3.27377e-05
2.52761e-05
3.36691e-05
5.51281e-05
2.63177e-05
8.45405e-06
5.53791e-06
3.26024e-06
3.2584e-06
5.50923e-06
8.2276e-06
2.56733e-05
5.74118e-05
4.60669e-05
4.47581e-05
6.50992e-05
0.000150652
0.000326268
6.8549e-05
6.5759e-05
0.000239444
0.000175856
5.86525e-05
4.72593e-05
2.59317e-05
8.29333e-06
5.47819e-06
3.25914e-06
3.2576e-06
5.46016e-06
8.14848e-06
2.54936e-05
5.16926e-05
4.89911e-05
5.48165e-05
5.02242e-05
6.06533e-05
0.000115461
7.26653e-05
8.37087e-05
4.17071e-05
2.18823e-05
3.16539e-05
5.77115e-05
2.56691e-05
8.19844e-06
5.43304e-06
3.2584e-06
3.25696e-06
5.43055e-06
8.10556e-06
2.53861e-05
5.14511e-05
3.26553e-05
2.93253e-05
6.53483e-05
0.000193837
0.00033001
0.000106429
4.9213e-05
0.000100777
0.000176277
5.15569e-05
3.86534e-05
2.55577e-05
8.1474e-06
5.39906e-06
3.25813e-06
3.25639e-06
5.4117e-06
8.07853e-06
2.53186e-05
4.64768e-05
6.07972e-05
0.000153679
8.9769e-05
5.76449e-05
9.09252e-05
0.000170277
0.000301476
5.80725e-05
2.9082e-05
3.6005e-05
5.75279e-05
2.54863e-05
8.12393e-06
5.37387e-06
3.25826e-06
3.25585e-06
5.395e-06
8.06117e-06
2.52612e-05
5.71804e-05
3.19733e-05
2.37084e-05
4.51883e-05
0.000119151
6.1598e-05
4.99324e-05
5.14253e-05
0.000126918
0.000129038
5.20955e-05
4.20655e-05
2.548e-05
8.11538e-06
5.35621e-06
3.25837e-06
3.25539e-06
5.3769e-06
8.05545e-06
2.52518e-05
4.43284e-05
5.36335e-05
0.000108578
5.56874e-05
3.51077e-05
5.42069e-05
0.000115663
0.000214046
3.22418e-05
2.59618e-05
3.52e-05
5.75455e-05
2.54873e-05
8.1164e-06
5.34264e-06
3.25828e-06
3.25518e-06
5.35715e-06
8.06345e-06
2.52667e-05
5.24034e-05
3.88574e-05
4.13387e-05
0.000106126
0.000172133
0.000131959
9.70219e-05
5.17061e-05
6.30024e-05
8.07413e-05
4.93784e-05
4.59605e-05
2.55031e-05
8.11665e-06
5.33534e-06
3.25798e-06
3.25493e-06
5.33927e-06
8.08488e-06
2.5348e-05
5.37504e-05
4.89414e-05
5.20428e-05
5.79024e-05
7.37317e-05
6.9412e-05
6.23346e-05
5.35089e-05
4.61093e-05
5.39762e-05
5.89182e-05
5.76613e-05
2.54922e-05
8.11471e-06
5.33333e-06
3.25764e-06
3.25457e-06
5.32685e-06
8.1115e-06
2.54453e-05
4.39929e-05
3.721e-05
3.95708e-05
5.72977e-05
0.00011237
0.000318434
0.000290001
0.000126212
9.14918e-05
2.93637e-05
2.7401e-05
4.19676e-05
2.54801e-05
8.11275e-06
5.33328e-06
3.25729e-06
3.25431e-06
5.31795e-06
8.1363e-06
2.55288e-05
5.79277e-05
5.45366e-05
5.54814e-05
6.78688e-05
5.98389e-05
5.77819e-05
6.72477e-05
4.73856e-05
3.4422e-05
5.40832e-05
7.9893e-05
5.7584e-05
2.54549e-05
8.10734e-06
5.33463e-06
3.25692e-06
3.25415e-06
5.31202e-06
8.15456e-06
2.5617e-05
4.27794e-05
3.71537e-05
6.14941e-05
0.000125244
4.62663e-05
4.78418e-05
0.00012529
0.000193689
0.000119766
6.21584e-05
3.19014e-05
4.11052e-05
2.54232e-05
8.09875e-06
5.3353e-06
3.25651e-06
3.25461e-06
5.30937e-06
8.16472e-06
2.56526e-05
5.83467e-05
6.40636e-05
3.45261e-05
2.25781e-05
3.7603e-05
9.03648e-05
5.24025e-05
4.16095e-05
3.5959e-05
4.41568e-05
5.65517e-05
5.75044e-05
2.53864e-05
8.09105e-06
5.33583e-06
3.25605e-06
3.25568e-06
5.30853e-06
8.16883e-06
2.56764e-05
3.74955e-05
2.86769e-05
6.80049e-05
7.47156e-05
4.41141e-05
4.24941e-05
5.34131e-05
7.69639e-05
5.188e-05
3.69017e-05
4.10719e-05
4.74776e-05
2.53606e-05
8.08567e-06
5.33629e-06
3.25554e-06
3.25649e-06
5.30716e-06
8.16967e-06
2.56849e-05
5.83846e-05
8.84805e-05
5.33645e-05
4.99126e-05
4.02288e-05
4.99551e-05
0.000141457
6.01413e-05
0.000109491
6.9603e-05
4.21098e-05
5.39782e-05
2.53305e-05
8.08156e-06
5.33626e-06
3.25505e-06
3.25692e-06
5.30585e-06
8.16833e-06
2.56826e-05
3.754e-05
2.76116e-05
3.36679e-05
4.6767e-05
0.000170145
6.0179e-05
6.94696e-05
6.11155e-05
4.76322e-05
7.35067e-05
5.11891e-05
4.1739e-05
2.53198e-05
8.07853e-06
5.33561e-06
3.25466e-06
3.25695e-06
5.30624e-06
8.16382e-06
2.56731e-05
5.83197e-05
6.12334e-05
5.51208e-05
5.70788e-05
4.81361e-05
5.58493e-05
7.59981e-05
8.87788e-05
5.28495e-05
2.56015e-05
3.29876e-05
5.75557e-05
2.53039e-05
8.07715e-06
5.33386e-06
3.25446e-06
3.25675e-06
5.30705e-06
8.15986e-06
2.56471e-05
4.17125e-05
4.55175e-05
7.48625e-05
5.69879e-05
7.26344e-05
0.00027349
0.000111883
5.90415e-05
0.000244018
0.000174506
5.96656e-05
3.7992e-05
2.5317e-05
8.07994e-06
5.32902e-06
3.25452e-06
3.25641e-06
5.30876e-06
8.1549e-06
2.56236e-05
5.81981e-05
3.54112e-05
2.61658e-05
6.11703e-05
7.9597e-05
0.000107553
5.58032e-05
8.48887e-05
4.70556e-05
2.40187e-05
3.16062e-05
5.74998e-05
2.53462e-05
8.09647e-06
5.32109e-06
3.25488e-06
3.2559e-06
5.31337e-06
8.14467e-06
2.56017e-05
4.20067e-05
5.54947e-05
0.000176804
8.31007e-05
3.48312e-05
6.7226e-05
4.42209e-05
4.87669e-05
0.000215161
0.00017573
6.55749e-05
4.38835e-05
2.5457e-05
8.11817e-06
5.31583e-06
3.25547e-06
3.25509e-06
5.32258e-06
8.12248e-06
2.5522e-05
5.4773e-05
3.41014e-05
2.63201e-05
4.27982e-05
0.000171064
9.13882e-05
0.000245073
0.000202082
5.37289e-05
2.67026e-05
3.45131e-05
5.76469e-05
2.55368e-05
8.12837e-06
5.31465e-06
3.25628e-06
3.25389e-06
5.32676e-06
8.10713e-06
2.54363e-05
5.23612e-05
5.21507e-05
6.5439e-05
6.81311e-05
8.24585e-05
8.36978e-05
0.000164393
7.40958e-05
7.10194e-05
0.000106313
5.71963e-05
5.05269e-05
2.55687e-05
8.13243e-06
5.31498e-06
3.25737e-06
3.25231e-06
5.32806e-06
8.10432e-06
2.54077e-05
4.10923e-05
3.49086e-05
5.14629e-05
0.000106795
9.05176e-05
0.000186786
0.000265734
0.000152652
6.38056e-05
5.3077e-05
4.39969e-05
4.85076e-05
2.55693e-05
8.13441e-06
5.31642e-06
3.25851e-06
3.2498e-06
5.33005e-06
8.10533e-06
2.53983e-05
5.73095e-05
6.74667e-05
4.17151e-05
3.54334e-05
0.000107563
0.000120857
0.000114439
0.000280513
6.06206e-05
3.92736e-05
5.8897e-05
5.77071e-05
2.55598e-05
8.13234e-06
5.32185e-06
3.25979e-06
3.24604e-06
5.32892e-06
8.10955e-06
2.54016e-05
3.63135e-05
2.73732e-05
4.21037e-05
0.000247642
0.000203864
5.54429e-05
0.000274217
5.73073e-05
0.000186454
8.46235e-05
3.30204e-05
3.77525e-05
2.55315e-05
8.12567e-06
5.32686e-06
3.26115e-06
3.24143e-06
5.33131e-06
8.12264e-06
2.54205e-05
5.73162e-05
5.11636e-05
3.76003e-05
4.05088e-05
0.000100309
0.000334636
8.56452e-05
0.000145499
5.78999e-05
6.03814e-05
8.44953e-05
5.7709e-05
2.5453e-05
8.11182e-06
5.33879e-06
3.26282e-06
3.23657e-06
5.32154e-06
8.15206e-06
2.54979e-05
4.44371e-05
3.93794e-05
4.70514e-05
5.93861e-05
6.08053e-05
0.000334662
0.000175544
0.0001048
0.000244251
4.13289e-05
3.3806e-05
5.17446e-05
2.53732e-05
8.09782e-06
5.34788e-06
3.26481e-06
3.2307e-06
5.32306e-06
8.19132e-06
2.55779e-05
4.75596e-05
3.76778e-05
3.3674e-05
4.49366e-05
0.000291383
0.000175335
5.24946e-05
0.000185063
5.17665e-05
7.23651e-05
7.18509e-05
5.516e-05
2.52356e-05
8.0667e-06
5.37179e-06
3.26761e-06
3.22325e-06
5.30532e-06
8.25152e-06
2.57467e-05
4.42927e-05
3.79717e-05
3.83889e-05
4.4111e-05
3.93868e-05
4.24328e-05
0.000183092
4.18423e-05
6.78518e-05
9.87218e-05
5.94215e-05
5.63309e-05
2.51034e-05
8.03609e-06
5.38942e-06
3.27093e-06
3.21389e-06
5.30727e-06
8.30924e-06
2.58788e-05
4.11282e-05
3.46053e-05
3.41715e-05
4.55662e-05
0.000113355
0.000303965
8.88518e-05
6.10851e-05
0.000101971
3.63651e-05
5.12601e-05
5.66015e-05
2.48176e-05
7.97006e-06
5.43922e-06
3.27536e-06
3.20121e-06
5.28375e-06
8.40648e-06
2.61352e-05
3.8702e-05
3.38621e-05
3.38137e-05
3.68198e-05
3.78493e-05
5.1522e-05
0.000167594
0.000265499
9.66876e-05
0.000140301
4.39011e-05
4.1712e-05
2.45493e-05
7.91795e-06
5.46936e-06
3.28073e-06
3.18396e-06
5.2883e-06
8.49486e-06
2.63522e-05
3.43377e-05
3.02837e-05
3.00262e-05
3.60196e-05
5.21335e-05
7.40407e-05
0.000108696
0.000222671
8.84139e-05
0.000159681
0.000102983
5.52602e-05
2.39993e-05
7.81291e-06
5.55472e-06
3.2881e-06
3.16113e-06
5.25707e-06
8.66188e-06
2.6763e-05
3.02194e-05
2.72727e-05
2.71936e-05
3.05827e-05
3.7722e-05
4.93076e-05
5.02392e-05
4.79326e-05
6.91572e-05
4.95036e-05
4.5454e-05
5.44002e-05
2.35739e-05
7.73733e-06
5.60308e-06
3.29783e-06
3.13068e-06
5.26717e-06
8.8156e-06
2.7198e-05
2.57286e-05
2.36897e-05
2.38037e-05
2.64863e-05
3.01504e-05
3.39759e-05
4.4419e-05
8.00638e-05
0.000117589
0.000115951
7.01811e-05
5.1546e-05
2.27645e-05
7.59194e-06
5.74195e-06
3.31163e-06
3.08938e-06
5.22981e-06
9.13049e-06
2.28747e-05
2.11893e-05
2.00462e-05
2.02605e-05
2.212e-05
2.53198e-05
3.03047e-05
3.82855e-05
4.95897e-05
5.77268e-05
6.04892e-05
5.45374e-05
4.29332e-05
2.2053e-05
7.49041e-06
5.81778e-06
3.32958e-06
3.0337e-06
5.24477e-06
9.40055e-06
1.76635e-05
1.70161e-05
1.65364e-05
1.6839e-05
1.81062e-05
2.01411e-05
2.29908e-05
2.68377e-05
3.15377e-05
3.65934e-05
3.97291e-05
3.70153e-05
3.08948e-05
2.06927e-05
7.31561e-06
6.01966e-06
3.35458e-06
2.9598e-06
5.21157e-06
9.98585e-06
1.33889e-05
1.34443e-05
1.34053e-05
1.37057e-05
1.45437e-05
1.59045e-05
1.77724e-05
2.02005e-05
2.31296e-05
2.59825e-05
2.73336e-05
2.59769e-05
2.23619e-05
1.73366e-05
7.16836e-06
6.18473e-06
3.38584e-06
2.86124e-06
5.25119e-06
1.05981e-05
1.01004e-05
1.04517e-05
1.06122e-05
1.09067e-05
1.15145e-05
1.24614e-05
1.37219e-05
1.5273e-05
1.70067e-05
1.85081e-05
1.91017e-05
1.84069e-05
1.62811e-05
1.30832e-05
7.00283e-06
6.42697e-06
3.42821e-06
2.72939e-06
5.2591e-06
7.64109e-06
7.49636e-06
8.02819e-06
8.26163e-06
8.56823e-06
9.01522e-06
9.70847e-06
1.05948e-05
1.1626e-05
1.27044e-05
1.35898e-05
1.3935e-05
1.34931e-05
1.2093e-05
1.00228e-05
6.83511e-06
6.73482e-06
3.48241e-06
2.55372e-06
5.44084e-06
5.27992e-06
5.6199e-06
6.0904e-06
6.33863e-06
6.62363e-06
6.99888e-06
7.54349e-06
8.20603e-06
8.93807e-06
9.67408e-06
1.02667e-05
1.05306e-05
1.01662e-05
9.22889e-06
7.93427e-06
6.79716e-06
7.03943e-06
3.55393e-06
2.31731e-06
4.78101e-06
3.65853e-06
4.17546e-06
4.52706e-06
4.81494e-06
5.09179e-06
5.42882e-06
5.88476e-06
6.40403e-06
6.9497e-06
7.48663e-06
7.91523e-06
8.12856e-06
7.84536e-06
7.23326e-06
6.43753e-06
6.39992e-06
7.42351e-06
3.64654e-06
2.01486e-06
2.95526e-06
2.59156e-06
3.05622e-06
3.36161e-06
3.63891e-06
3.89336e-06
4.22029e-06
4.61806e-06
5.05074e-06
5.49726e-06
5.93092e-06
6.29277e-06
6.47918e-06
6.25265e-06
5.90573e-06
5.55742e-06
6.46755e-06
7.78301e-06
3.76813e-06
1.58731e-06
1.56239e-06
1.76434e-06
2.16744e-06
2.4919e-06
2.74555e-06
3.02458e-06
3.35843e-06
3.72787e-06
4.11727e-06
4.50954e-06
4.90537e-06
5.22829e-06
5.40111e-06
5.29278e-06
5.0712e-06
5.16238e-06
6.62083e-06
8.10664e-06
3.92813e-06
1.33241e-06
8.21677e-07
1.20008e-06
1.66156e-06
1.99481e-06
2.31573e-06
2.59458e-06
2.91316e-06
3.24757e-06
3.58236e-06
3.93793e-06
4.28696e-06
4.5239e-06
4.59038e-06
4.56158e-06
4.60732e-06
5.56634e-06
7.47099e-06
8.60069e-06
4.11917e-06
1.41324e-06
8.28472e-07
1.17141e-06
1.62971e-06
1.97541e-06
2.28828e-06
2.5756e-06
2.88653e-06
3.20605e-06
3.52397e-06
3.85583e-06
4.20236e-06
4.44002e-06
4.50473e-06
4.45959e-06
4.52534e-06
5.61472e-06
7.70272e-06
9.20166e-06
4.29315e-06
1.68781e-06
1.61869e-06
1.76069e-06
2.14722e-06
2.45669e-06
2.71428e-06
2.98837e-06
3.31569e-06
3.68077e-06
4.0634e-06
4.44212e-06
4.82286e-06
5.13451e-06
5.29699e-06
5.17601e-06
4.93938e-06
5.10742e-06
6.82398e-06
8.60874e-06
4.09321e-06
2.13129e-06
3.09355e-06
2.53325e-06
2.99475e-06
3.31343e-06
3.59228e-06
3.84614e-06
4.1651e-06
4.54839e-06
4.96518e-06
5.39723e-06
5.80997e-06
6.14591e-06
6.31604e-06
6.09682e-06
5.73375e-06
5.4056e-06
6.50482e-06
8.28927e-06
3.92739e-06
2.44268e-06
5.08549e-06
3.67612e-06
4.11633e-06
4.46927e-06
4.7486e-06
5.02468e-06
5.35578e-06
5.79372e-06
6.29322e-06
6.81479e-06
7.33904e-06
7.75255e-06
7.96018e-06
7.64907e-06
7.03015e-06
6.23293e-06
6.39672e-06
7.85507e-06
3.80059e-06
2.68183e-06
5.47299e-06
5.2755e-06
5.48067e-06
5.98925e-06
6.25344e-06
6.54239e-06
6.90355e-06
7.41944e-06
8.04678e-06
8.73867e-06
9.43233e-06
9.99982e-06
1.025e-05
9.90185e-06
8.97036e-06
7.65283e-06
6.64456e-06
7.47315e-06
3.70528e-06
2.86055e-06
5.47003e-06
7.6807e-06
7.39617e-06
7.90122e-06
8.14719e-06
8.45409e-06
8.89992e-06
9.55204e-06
1.03878e-05
1.1357e-05
1.23837e-05
1.32365e-05
1.35737e-05
1.31243e-05
1.1726e-05
9.63443e-06
6.62289e-06
7.10815e-06
3.63069e-06
2.99421e-06
5.41042e-06
9.72369e-06
9.87541e-06
1.02658e-05
1.0475e-05
1.08058e-05
1.13804e-05
1.22722e-05
1.34466e-05
1.48842e-05
1.64971e-05
1.79086e-05
1.849e-05
1.78303e-05
1.57538e-05
1.25363e-05
6.71269e-06
6.81635e-06
3.57446e-06
3.09454e-06
5.48328e-06
9.19787e-06
1.31659e-05
1.32142e-05
1.32379e-05
1.35753e-05
1.44146e-05
1.57015e-05
1.74407e-05
1.96842e-05
2.24378e-05
2.50463e-05
2.6162e-05
2.49306e-05
2.15551e-05
1.65385e-05
6.82558e-06
6.52838e-06
3.53009e-06
3.16994e-06
5.47062e-06
8.66835e-06
1.72686e-05
1.66864e-05
1.63592e-05
1.67571e-05
1.79778e-05
1.99192e-05
2.25424e-05
2.60589e-05
3.0852e-05
3.68408e-05
4.00547e-05
3.65801e-05
3.00228e-05
1.954e-05
6.90813e-06
6.38015e-06
3.49724e-06
3.22681e-06
5.53377e-06
8.42787e-06
2.24239e-05
2.07516e-05
1.98438e-05
2.01947e-05
2.21056e-05
2.52419e-05
2.95098e-05
3.50164e-05
3.92869e-05
4.37765e-05
4.97484e-05
4.76417e-05
4.04597e-05
2.07674e-05
7.02739e-06
6.17098e-06
3.47088e-06
3.26848e-06
5.5339e-06
8.1452e-06
2.57344e-05
2.50937e-05
2.35065e-05
2.38752e-05
2.63832e-05
3.02419e-05
3.94971e-05
6.70475e-05
9.89847e-05
9.90387e-05
9.06545e-05
7.41741e-05
5.04645e-05
2.14016e-05
7.09288e-06
6.09524e-06
3.4518e-06
3.29977e-06
5.57768e-06
8.00864e-06
2.53628e-05
2.9305e-05
2.68175e-05
2.69856e-05
3.10212e-05
4.138e-05
4.65157e-05
3.45952e-05
4.32397e-05
0.000197204
7.1944e-05
5.2889e-05
4.96776e-05
2.20884e-05
7.18246e-06
5.96772e-06
3.43694e-06
3.32283e-06
5.58027e-06
7.85728e-06
2.49644e-05
3.33477e-05
3.03691e-05
3.15639e-05
3.6432e-05
3.5674e-05
3.82774e-05
8.48368e-05
5.05119e-05
4.45044e-05
4.62433e-05
4.75847e-05
5.26554e-05
2.24433e-05
7.22822e-06
5.9236e-06
3.42639e-06
3.34011e-06
5.60412e-06
7.78278e-06
2.47696e-05
3.6827e-05
3.25015e-05
3.27262e-05
3.92983e-05
6.27703e-05
0.000327682
0.000140081
0.000206596
0.000123952
0.000139942
0.000100259
5.34676e-05
2.28677e-05
7.29154e-06
5.84608e-06
3.4183e-06
3.35276e-06
5.61671e-06
7.69545e-06
2.45446e-05
4.01353e-05
3.46067e-05
3.30654e-05
3.76001e-05
7.15715e-05
0.000128376
4.62795e-05
7.48136e-05
0.000187466
5.71669e-05
3.76882e-05
4.12014e-05
2.30931e-05
7.32451e-06
5.81705e-06
3.41275e-06
3.36191e-06
5.6241e-06
7.65195e-06
2.44207e-05
4.14161e-05
3.69112e-05
4.35788e-05
6.62363e-05
4.81402e-05
3.91003e-05
0.000139435
3.69946e-05
7.78133e-05
7.67117e-05
6.00368e-05
5.4558e-05
2.33967e-05
7.37524e-06
5.76223e-06
3.40839e-06
3.36851e-06
5.64122e-06
7.59181e-06
2.42433e-05
4.39854e-05
3.89889e-05
3.8477e-05
4.29972e-05
9.09356e-05
0.000177442
7.491e-05
8.76676e-05
9.87857e-05
3.69008e-05
5.09805e-05
5.48116e-05
2.35837e-05
7.40464e-06
5.73872e-06
3.40559e-06
3.37385e-06
5.64478e-06
7.55712e-06
2.41212e-05
4.32082e-05
3.21808e-05
3.31765e-05
6.08833e-05
0.000152502
0.000325724
9.2481e-05
6.33865e-05
0.00020495
0.000168563
5.09627e-05
3.92388e-05
2.37534e-05
7.43869e-06
5.70615e-06
3.40297e-06
3.37807e-06
5.66021e-06
7.51236e-06
2.39985e-05
4.62668e-05
5.71812e-05
8.51405e-05
6.00181e-05
5.10787e-05
6.21185e-05
4.9178e-05
0.000181119
3.27949e-05
2.70094e-05
4.77388e-05
5.53021e-05
2.38328e-05
7.45438e-06
5.69335e-06
3.40143e-06
3.38148e-06
5.66473e-06
7.49126e-06
2.39439e-05
4.47172e-05
2.88578e-05
2.78824e-05
9.54216e-05
6.66414e-05
0.000145304
0.000190205
5.98194e-05
6.21301e-05
0.000126488
4.46214e-05
4.1114e-05
2.39098e-05
7.47286e-06
5.67925e-06
3.39978e-06
3.38429e-06
5.67529e-06
7.47133e-06
2.38997e-05
4.83017e-05
4.96805e-05
4.83378e-05
4.00571e-05
7.28552e-05
6.43363e-05
0.000113168
5.6596e-05
4.11462e-05
5.23387e-05
7.86204e-05
5.56872e-05
2.39543e-05
7.48182e-06
5.67335e-06
3.3987e-06
3.38695e-06
5.67627e-06
7.46456e-06
2.38801e-05
4.52479e-05
4.06584e-05
5.34867e-05
5.73734e-05
3.98327e-05
0.000104292
5.1202e-05
7.44371e-05
0.00010458
3.82327e-05
2.59956e-05
3.72553e-05
2.39986e-05
7.49206e-06
5.6653e-06
3.39759e-06
3.38968e-06
5.68004e-06
7.45876e-06
2.38759e-05
4.57394e-05
3.9101e-05
4.76306e-05
0.000145716
0.000292895
6.2425e-05
4.65387e-05
8.31777e-05
2.69552e-05
4.1715e-05
7.11972e-05
5.58515e-05
2.40139e-05
7.49522e-06
5.66232e-06
3.39668e-06
3.39203e-06
5.67861e-06
7.45765e-06
2.38825e-05
5.53089e-05
7.80964e-05
5.07999e-05
3.38098e-05
6.54884e-05
0.000113198
0.00011508
0.000103624
0.000132787
5.35965e-05
5.05229e-05
5.13707e-05
2.40297e-05
7.49385e-06
5.66039e-06
3.396e-06
3.39371e-06
5.67791e-06
7.45817e-06
2.38959e-05
3.65708e-05
2.44226e-05
3.22325e-05
0.000219088
8.73289e-05
0.000134661
0.000324762
9.50022e-05
0.000155501
5.49427e-05
3.42505e-05
4.16643e-05
2.40284e-05
7.49132e-06
5.66048e-06
3.39523e-06
3.39456e-06
5.67681e-06
7.46362e-06
2.39413e-05
5.56629e-05
0.00010417
7.30158e-05
3.66486e-05
4.72729e-05
0.000323032
0.000194448
0.000168039
5.43993e-05
4.49117e-05
5.89977e-05
5.56319e-05
2.39974e-05
7.48571e-06
5.66109e-06
3.39434e-06
3.39517e-06
5.6697e-06
7.48111e-06
2.40236e-05
3.77307e-05
2.74677e-05
4.43598e-05
0.000234513
0.000215602
0.000191004
0.00032415
0.000107179
6.42494e-05
5.25962e-05
5.09654e-05
4.91281e-05
2.39421e-05
7.47185e-06
5.66571e-06
3.39404e-06
3.39611e-06
5.65516e-06
7.50297e-06
2.41105e-05
5.61539e-05
0.000104997
5.91585e-05
3.54053e-05
5.19416e-05
0.000323199
0.000120086
0.00029467
0.000194807
4.84907e-05
3.31118e-05
4.19285e-05
2.38705e-05
7.45327e-06
5.67624e-06
3.39393e-06
3.39667e-06
5.6427e-06
7.51334e-06
2.41614e-05
3.61048e-05
2.76064e-05
4.80548e-05
0.000235881
0.00029308
0.000255402
0.000297762
7.47965e-05
4.38923e-05
5.36647e-05
9.34201e-05
5.52919e-05
2.38504e-05
7.44818e-06
5.68512e-06
3.39398e-06
3.39708e-06
5.63838e-06
7.51468e-06
2.41794e-05
5.61512e-05
7.39668e-05
4.68048e-05
3.87919e-05
7.9347e-05
0.000147634
7.69514e-05
8.60007e-05
0.000132637
5.45596e-05
2.79844e-05
3.71389e-05
2.38551e-05
7.45057e-06
5.68713e-06
3.39433e-06
3.39733e-06
5.63698e-06
7.5148e-06
2.41834e-05
4.81506e-05
4.08959e-05
4.87742e-05
0.000126702
0.000166417
6.72407e-05
6.12709e-05
4.77085e-05
2.38497e-05
4.98614e-05
0.000103743
5.53956e-05
2.38691e-05
7.45192e-06
5.6872e-06
3.39498e-06
3.39733e-06
5.63583e-06
7.51572e-06
2.41861e-05
4.37783e-05
4.5135e-05
7.36134e-05
0.000145346
7.64411e-05
0.000123061
0.000241674
5.47148e-05
0.0001209
3.53752e-05
2.52929e-05
3.7445e-05
2.3908e-05
7.45668e-06
5.68528e-06
3.39597e-06
3.39722e-06
5.63337e-06
7.51725e-06
2.41784e-05
5.63379e-05
5.69389e-05
3.93308e-05
3.60865e-05
8.04863e-05
0.000119733
7.88738e-05
4.19864e-05
4.09038e-05
6.90366e-05
0.000104072
5.56906e-05
2.39827e-05
7.46872e-06
5.67861e-06
3.39709e-06
3.39764e-06
5.63117e-06
7.51826e-06
2.42098e-05
4.2741e-05
3.72264e-05
6.90546e-05
0.00022527
0.000162673
0.000180692
0.000268562
0.000105085
5.77716e-05
5.90376e-05
4.22894e-05
4.24865e-05
2.40799e-05
7.48743e-06
5.66617e-06
3.39816e-06
3.39826e-06
5.62885e-06
7.52009e-06
2.42275e-05
5.35167e-05
6.26576e-05
5.80921e-05
5.1326e-05
7.90507e-05
9.96959e-05
0.00014116
0.00029119
4.45924e-05
2.92658e-05
4.01789e-05
5.62628e-05
2.41797e-05
7.51368e-06
5.64895e-06
3.39925e-06
3.399e-06
5.62554e-06
7.52786e-06
2.42661e-05
5.64472e-05
4.04367e-05
4.99222e-05
0.000130943
8.85764e-05
0.000164973
7.35069e-05
6.10989e-05
0.000124119
0.000168436
5.87718e-05
3.91757e-05
2.431e-05
7.54475e-06
5.62906e-06
3.40023e-06
3.39973e-06
5.62082e-06
7.54792e-06
2.4355e-05
4.11594e-05
5.65707e-05
6.85812e-05
4.8761e-05
0.000158889
9.68465e-05
0.000297504
0.000280367
6.52666e-05
3.87371e-05
4.46626e-05
5.68414e-05
2.44455e-05
7.57989e-06
5.6099e-06
3.40091e-06
3.40069e-06
5.61223e-06
7.58535e-06
2.44842e-05
5.70967e-05
5.25311e-05
4.32217e-05
7.2664e-05
6.97032e-05
0.000118344
0.000113467
7.90944e-05
0.000234253
0.00016823
6.03608e-05
4.05859e-05
2.461e-05
7.62023e-06
5.60023e-06
3.40165e-06
3.40195e-06
5.60097e-06
7.64471e-06
2.47217e-05
3.76299e-05
4.95416e-05
0.000167197
0.000158595
0.00016352
0.000313105
0.000169021
6.38653e-05
0.000100629
3.69816e-05
4.6623e-05
5.74685e-05
2.47972e-05
7.67007e-06
5.59949e-06
3.40247e-06
3.40325e-06
5.59855e-06
7.7345e-06
2.5064e-05
5.8097e-05
4.75451e-05
3.18267e-05
6.22689e-05
0.000288206
0.000177319
8.65519e-05
8.07768e-05
3.80674e-05
7.23944e-05
7.16086e-05
4.7752e-05
2.50771e-05
7.74393e-06
5.6039e-06
3.40337e-06
3.40464e-06
5.60619e-06
7.86789e-06
2.54786e-05
5.87702e-05
7.96039e-05
0.00011699
0.000104919
8.23793e-05
0.000154333
9.3756e-05
6.09808e-05
0.000113897
6.84867e-05
3.94319e-05
5.81192e-05
2.5426e-05
7.86155e-06
5.61311e-06
3.40429e-06
3.40601e-06
5.62148e-06
8.06296e-06
2.60009e-05
4.68968e-05
3.92766e-05
7.52536e-05
0.000230602
0.000191972
0.000210372
8.24273e-05
8.34962e-05
8.61662e-05
0.000117024
0.000106818
5.94137e-05
2.59237e-05
8.04137e-06
5.62981e-06
3.40511e-06
3.40725e-06
5.65434e-06
8.34385e-06
2.67709e-05
6.102e-05
0.000108652
8.99783e-05
5.0139e-05
9.51872e-05
0.000145622
0.000202933
0.000156569
0.000117027
5.89516e-05
4.51512e-05
5.96433e-05
2.6672e-05
8.31021e-06
5.66383e-06
3.40602e-06
3.40819e-06
5.71861e-06
8.74357e-06
2.78285e-05
6.25912e-05
4.21617e-05
6.16627e-05
0.000175576
0.000115064
0.000242889
0.000120976
6.03341e-05
9.9223e-05
0.00016667
0.000108551
6.21646e-05
2.77471e-05
8.70818e-06
5.72947e-06
3.40728e-06
3.40865e-06
5.83034e-06
9.30753e-06
2.92277e-05
6.44303e-05
0.000110944
0.000146073
6.85607e-05
0.000124862
0.000182578
7.51951e-05
8.41937e-05
0.000147436
5.50445e-05
4.69949e-05
5.92996e-05
2.91736e-05
9.28566e-06
5.84369e-06
3.40874e-06
3.40876e-06
6.00731e-06
1.00931e-05
3.09961e-05
6.67672e-05
8.71382e-05
0.000108494
0.000122969
0.000108636
0.000165033
0.000124907
5.58283e-05
5.60896e-05
0.000113389
0.000112345
6.66569e-05
3.09817e-05
1.00933e-05
6.02257e-06
3.41002e-06
3.40914e-06
6.26732e-06
1.1164e-05
3.31661e-05
6.94928e-05
8.98468e-05
9.45796e-05
0.000212805
0.000216989
0.000102665
0.000176295
0.000236283
0.000134348
0.000163947
8.7048e-05
6.96494e-05
3.32207e-05
1.11851e-05
6.28196e-06
3.41087e-06
3.41016e-06
6.62359e-06
1.25765e-05
3.5772e-05
7.26228e-05
0.00011599
0.000126484
0.000110461
0.000190303
0.00025766
0.000194103
0.000188419
0.000126583
0.000114048
0.000116285
7.28729e-05
3.58806e-05
1.26139e-05
6.63553e-06
3.41182e-06
3.41144e-06
7.07958e-06
1.4361e-05
3.87273e-05
7.58362e-05
0.000117739
0.000160543
0.0002005
0.000175699
0.000206317
0.000248297
0.00018663
0.000201011
0.000160989
0.000118199
7.60967e-05
3.88766e-05
1.4416e-05
7.08656e-06
3.41303e-06
3.41344e-06
7.62991e-06
1.64093e-05
4.18096e-05
7.85991e-05
0.000119337
0.000159402
0.000194778
0.000221367
0.000235564
0.000235785
0.000221851
0.000195291
0.000159794
0.000119659
7.8849e-05
4.20152e-05
1.64937e-05
7.63089e-06
3.41502e-06
3.41639e-06
8.27082e-06
1.84602e-05
4.46744e-05
8.07643e-05
0.000120081
0.000157803
0.000190137
0.000213866
0.000226426
0.000226509
0.000214076
0.000190476
0.000158193
0.000120423
8.10877e-05
4.49126e-05
1.85588e-05
8.26645e-06
3.41788e-06
3.42019e-06
9.0094e-06
2.0419e-05
4.69045e-05
8.22212e-05
0.000120335
0.000156446
0.000186821
0.000208677
0.00022013
0.000220168
0.000208838
0.00018708
0.000156758
0.000120709
8.25678e-05
4.71487e-05
2.05217e-05
9.00414e-06
3.42134e-06
3.42509e-06
9.84895e-06
2.18729e-05
4.83632e-05
8.32591e-05
0.000120714
0.00015593
0.000185331
0.000206349
0.000217272
0.000217314
0.000206472
0.000185533
0.000156204
0.000121006
8.35214e-05
4.85577e-05
2.19699e-05
9.85151e-06
3.4256e-06
3.43142e-06
1.07068e-05
2.29658e-05
5.01614e-05
8.6027e-05
0.000124278
0.000159999
0.000189616
0.000210639
0.000221522
0.000221544
0.000210703
0.000189711
0.000160118
0.000124402
8.61456e-05
5.02605e-05
2.30255e-05
1.07295e-05
3.4312e-06
3.43968e-06
1.11038e-05
2.38571e-05
5.20034e-05
8.91036e-05
0.000128562
0.000165306
0.000195683
0.000217206
0.000228338
0.000228352
0.000217248
0.000195745
0.00016538
0.000128641
8.91763e-05
5.20586e-05
2.38941e-05
1.11274e-05
3.43862e-06
3.45022e-06
1.12074e-05
2.41998e-05
5.28428e-05
9.07795e-05
0.000131303
0.000169125
0.00020041
0.000222557
0.000233994
0.000233999
0.000222576
0.000200439
0.000169162
0.000131344
9.08158e-05
5.28714e-05
2.42255e-05
1.12287e-05
3.4485e-06
3.46216e-06
1.12225e-05
2.43364e-05
5.3236e-05
9.15823e-05
0.000132616
0.000170992
0.000202796
0.000225347
0.000237006
0.000237008
0.000225357
0.000202813
0.000171015
0.000132641
9.16023e-05
5.32495e-05
2.43524e-05
1.12414e-05
3.46033e-06
3.47406e-06
1.1203e-05
2.44032e-05
5.34532e-05
9.2027e-05
0.000133368
0.000172064
0.000204144
0.000226894
0.000238655
0.000238655
0.000226896
0.000204149
0.000172071
0.000133376
9.20362e-05
5.34596e-05
2.44108e-05
1.12213e-05
3.47255e-06
3.48481e-06
1.1158e-05
2.44587e-05
5.36485e-05
9.25073e-05
0.0001342
0.000173215
0.000205525
0.000228411
0.000240234
0.000240231
0.000228403
0.000205512
0.000173199
0.000134183
9.24939e-05
5.36439e-05
2.44634e-05
1.11745e-05
3.48373e-06
3.4939e-06
1.11128e-05
2.45552e-05
5.40271e-05
9.33509e-05
0.000135543
0.000174964
0.00020754
0.00023057
0.000242449
0.000242443
0.000230551
0.000207511
0.000174926
0.000135502
9.33147e-05
5.40054e-05
2.45556e-05
1.11263e-05
3.4931e-06
3.50159e-06
1.10957e-05
2.4758e-05
5.468e-05
9.46345e-05
0.000137464
0.000177385
0.000210281
0.000233477
0.000245422
0.000245414
0.000233454
0.000210244
0.000177337
0.000137412
9.45867e-05
5.46475e-05
2.47505e-05
1.11048e-05
3.50093e-06
3.50864e-06
1.11009e-05
2.50737e-05
5.55456e-05
9.62169e-05
0.000139751
0.000180222
0.000213472
0.000236855
0.000248874
0.000248866
0.000236833
0.000213437
0.000180177
0.000139701
9.61714e-05
5.55133e-05
2.50632e-05
1.11087e-05
3.50811e-06
3.51565e-06
1.11078e-05
2.5433e-05
5.64815e-05
9.78754e-05
0.00014211
0.000183131
0.000216736
0.000240309
0.000252405
0.000252398
0.000240291
0.000216707
0.000183094
0.000142071
9.78396e-05
5.64564e-05
2.54251e-05
1.1114e-05
3.51525e-06
3.52241e-06
1.11071e-05
2.57696e-05
5.73807e-05
9.94675e-05
0.000144367
0.000185901
0.000219836
0.000243581
0.000255745
0.00025574
0.000243565
0.000219812
0.000185872
0.000144336
9.94399e-05
5.7362e-05
2.5764e-05
1.11112e-05
3.5221e-06
3.52826e-06
1.10904e-05
2.60727e-05
5.82465e-05
0.000101017
0.000146552
0.000188561
0.000222779
0.000246661
0.000258873
0.000258868
0.000246648
0.000222758
0.000188534
0.000146525
0.000100992
5.82292e-05
2.60672e-05
1.10934e-05
3.52807e-06
3.53328e-06
1.10592e-05
2.63801e-05
5.91678e-05
0.000102666
0.000148846
0.000191299
0.000225755
0.000249726
0.000261957
0.000261953
0.000249713
0.000225735
0.000191274
0.000148819
0.000102641
5.91499e-05
2.63738e-05
1.10617e-05
3.53318e-06
3.53854e-06
1.10301e-05
2.67411e-05
6.02369e-05
0.000104552
0.000151418
0.000194306
0.000228956
0.00025297
0.000265191
0.000265187
0.000252959
0.000228939
0.000194284
0.000151394
0.000104529
6.02203e-05
2.67351e-05
1.10316e-05
3.53843e-06
3.54441e-06
1.10196e-05
2.71863e-05
6.14928e-05
0.000106719
0.000154322
0.000197644
0.000232455
0.000256468
0.000268653
0.00026865
0.000256461
0.000232442
0.000197628
0.000154303
0.000106702
6.14802e-05
2.71818e-05
1.10208e-05
3.54431e-06
3.54931e-06
1.10364e-05
2.77202e-05
6.29209e-05
0.000109125
0.000157492
0.000201238
0.000236176
0.000260153
0.000272278
0.000272276
0.000260148
0.000236167
0.000201227
0.00015748
0.000109113
6.29124e-05
2.77168e-05
1.10369e-05
3.54928e-06
3.55139e-06
1.10752e-05
2.83249e-05
6.44789e-05
0.000111692
0.000160821
0.000204961
0.000239984
0.000263888
0.000275929
0.000275928
0.000263883
0.000239978
0.000204953
0.000160811
0.000111684
6.44724e-05
2.83223e-05
1.10756e-05
3.55138e-06
3.54988e-06
1.1124e-05
2.89741e-05
6.61241e-05
0.000114363
0.000164233
0.000208725
0.000243784
0.000267571
0.000279507
0.000279506
0.000267568
0.000243778
0.000208717
0.000164224
0.000114354
6.6118e-05
2.89718e-05
1.11244e-05
3.54987e-06
3.54494e-06
1.11816e-05
2.96545e-05
6.78384e-05
0.000117124
0.000167726
0.000212529
0.000247572
0.000271197
0.000282999
0.000282998
0.000271193
0.000247567
0.000212522
0.000167717
0.000117116
6.78327e-05
2.96522e-05
1.11817e-05
3.54494e-06
3.53735e-06
1.12519e-05
3.03739e-05
6.9643e-05
0.000120019
0.000171357
0.00021644
0.000251413
0.000274824
0.000286463
0.000286462
0.000274822
0.000251409
0.000216435
0.000171351
0.000120014
6.96389e-05
3.03722e-05
1.1252e-05
3.53735e-06
3.52784e-06
1.13413e-05
3.11625e-05
7.1597e-05
0.000123126
0.000175213
0.000220538
0.000255379
0.000278518
0.000289959
0.000289958
0.000278517
0.000255377
0.000220535
0.000175209
0.000123123
7.15947e-05
3.11616e-05
1.13413e-05
3.52783e-06
3.51364e-06
1.14629e-05
3.20576e-05
7.37626e-05
0.000126513
0.000179349
0.000224862
0.000259495
0.000282292
0.000293494
0.000293494
0.000282291
0.000259494
0.00022486
0.000179347
0.000126511
7.37608e-05
3.20568e-05
1.14629e-05
3.51365e-06
3.49802e-06
1.16087e-05
3.30662e-05
7.61549e-05
0.000130189
0.000183758
0.000229387
0.000263721
0.0002861
0.000297023
0.000297022
0.0002861
0.00026372
0.000229385
0.000183756
0.000130187
7.61532e-05
3.30654e-05
1.16087e-05
3.49801e-06
3.47484e-06
1.17889e-05
3.41838e-05
7.87487e-05
0.000134107
0.000188379
0.000234044
0.000267988
0.000289875
0.000300475
0.000300475
0.000289874
0.000267987
0.000234043
0.000188377
0.000134105
7.87475e-05
3.41833e-05
1.17889e-05
3.47485e-06
3.44567e-06
1.19983e-05
3.5392e-05
8.15079e-05
0.00013822
0.00019316
0.000238784
0.000272248
0.000293571
0.000303811
0.000303811
0.00029357
0.000272247
0.000238782
0.000193158
0.000138218
8.15072e-05
3.53917e-05
1.19983e-05
3.44566e-06
3.41115e-06
1.22351e-05
3.66861e-05
8.44345e-05
0.000142539
0.000198117
0.000243619
0.000276511
0.000297194
0.000307034
0.000307034
0.000297194
0.00027651
0.000243618
0.000198116
0.000142538
8.44337e-05
3.66857e-05
1.2235e-05
3.41117e-06
3.37154e-06
1.25033e-05
3.81008e-05
8.76024e-05
0.00014716
0.000203338
0.000248616
0.000280822
0.000300776
0.000310168
0.000310168
0.000300776
0.000280822
0.000248616
0.000203338
0.000147159
8.76018e-05
3.81006e-05
1.25034e-05
3.37153e-06
3.32741e-06
1.28181e-05
3.96934e-05
9.11131e-05
0.000152191
0.000208909
0.000253829
0.000285207
0.000304327
0.000313217
0.000313217
0.000304327
0.000285207
0.000253829
0.000208909
0.00015219
9.11129e-05
3.96932e-05
1.28181e-05
3.32742e-06
3.27536e-06
1.31971e-05
4.1506e-05
9.50186e-05
0.000157664
0.00021483
0.000259232
0.000289628
0.000307806
0.000316141
0.000316141
0.000307806
0.000289628
0.000259232
0.00021483
0.000157664
9.50184e-05
4.15059e-05
1.31971e-05
3.27536e-06
3.21455e-06
1.36374e-05
4.35302e-05
9.92904e-05
0.000163526
0.000221026
0.000264743
0.00029401
0.000311148
0.000318884
0.000318884
0.000311148
0.00029401
0.000264743
0.000221026
0.000163525
9.92901e-05
4.35301e-05
1.36373e-05
3.21456e-06
3.14572e-06
1.41367e-05
4.57533e-05
0.0001039
0.000169732
0.000227446
0.000270309
0.000298303
0.000314315
0.000321414
0.000321414
0.000314315
0.000298303
0.000270308
0.000227446
0.000169732
0.0001039
4.57533e-05
1.41367e-05
3.14572e-06
3.07122e-06
1.47001e-05
4.82044e-05
0.000108913
0.000176359
0.000234141
0.000275953
0.000302516
0.00031731
0.000323736
0.000323736
0.00031731
0.000302516
0.000275953
0.000234141
0.000176359
0.000108913
4.82043e-05
1.47001e-05
3.07122e-06
2.99061e-06
1.53554e-05
5.09888e-05
0.000114505
0.000183574
0.000241225
0.000281734
0.000306675
0.000320148
0.000325862
0.000325862
0.000320148
0.000306675
0.000281734
0.000241225
0.000183574
0.000114505
5.09887e-05
1.53554e-05
2.99062e-06
2.90089e-06
1.61388e-05
5.42269e-05
0.000120835
0.00019149
0.000248735
0.000287639
0.000310752
0.000322805
0.000327777
0.000327777
0.000322805
0.000310752
0.000287639
0.000248736
0.000191491
0.000120836
5.4227e-05
1.61388e-05
2.90089e-06
2.80089e-06
1.70716e-05
5.79724e-05
0.000127934
0.000200067
0.000256575
0.000293558
0.000314657
0.000325224
0.000329444
0.000329444
0.000325224
0.000314657
0.000293558
0.000256575
0.000200067
0.000127934
5.79723e-05
1.70716e-05
2.80089e-06
2.69383e-06
1.81641e-05
6.22258e-05
0.000135767
0.000209218
0.000264621
0.000299373
0.000318309
0.000327363
0.000330845
0.000330845
0.000327363
0.000318309
0.000299372
0.000264621
0.000209218
0.000135767
6.22257e-05
1.81641e-05
2.69383e-06
2.58283e-06
1.94309e-05
6.70739e-05
0.000144463
0.000219017
0.000272871
0.00030505
0.000321686
0.000329223
0.000331988
0.000331988
0.000329223
0.000321686
0.00030505
0.000272871
0.000219016
0.000144463
6.70739e-05
1.9431e-05
2.58283e-06
2.46589e-06
2.09484e-05
7.28064e-05
0.000154391
0.000229702
0.000281408
0.000310598
0.00032479
0.000330828
0.000332876
0.000332876
0.000330828
0.00032479
0.000310598
0.000281408
0.000229702
0.000154392
7.28064e-05
2.09484e-05
2.46588e-06
2.33964e-06
2.28707e-05
7.98021e-05
0.000165913
0.000241404
0.000290188
0.000315933
0.00032757
0.000332166
0.000333602
0.000333602
0.000332166
0.00032757
0.000315933
0.000290188
0.000241404
0.000165913
7.98022e-05
2.28707e-05
2.33964e-06
2.20662e-06
2.52827e-05
8.82803e-05
0.000179111
0.000253957
0.000298947
0.000320857
0.000329929
0.000333149
0.000334155
0.000334155
0.000333149
0.000329929
0.000320857
0.000298947
0.000253957
0.000179111
8.82802e-05
2.52827e-05
2.20662e-06
2.07267e-06
2.82471e-05
9.84252e-05
0.000194009
0.000267116
0.000307386
0.000325188
0.000331846
0.000333906
0.000334514
0.000334514
0.000333906
0.000331846
0.000325188
0.000307386
0.000267116
0.000194009
9.84253e-05
2.82471e-05
2.07267e-06
1.93781e-06
3.20127e-05
0.000110917
0.000211076
0.000280867
0.000315332
0.00032883
0.000333196
0.00033447
0.000334778
0.000334778
0.00033447
0.000333196
0.00032883
0.000315332
0.000280867
0.000211076
0.000110917
3.20128e-05
1.93781e-06
1.79781e-06
3.71015e-05
0.000127079
0.000231103
0.000295171
0.000322581
0.000331761
0.000334128
0.000334799
0.00033494
0.00033494
0.000334799
0.000334128
0.000331761
0.000322581
0.00029517
0.000231103
0.000127079
3.71015e-05
1.79781e-06
1.6543e-06
4.3999e-05
0.000148313
0.000254392
0.000309364
0.000328613
0.000333557
0.000334803
0.000335048
0.00033508
0.00033508
0.000335048
0.000334803
0.000333557
0.000328613
0.000309364
0.000254391
0.000148312
4.39989e-05
1.6543e-06
1.51253e-06
5.29352e-05
0.000176557
0.000280656
0.00032217
0.000332508
0.000334604
0.000335101
0.000335168
0.000335172
0.000335172
0.000335168
0.000335101
0.000334604
0.000332508
0.00032217
0.000280657
0.000176557
5.29353e-05
1.51252e-06
1.37031e-06
6.81189e-05
0.00021945
0.000309431
0.000330901
0.000334526
0.000335272
0.000335315
0.000335296
0.000335287
0.000335287
0.000335296
0.000335315
0.000335272
0.000334526
0.000330901
0.000309431
0.000219449
6.81189e-05
1.37031e-06
1.23431e-06
0.000116585
0.000294233
0.000330908
0.00033481
0.000335356
0.000335357
0.000335342
0.000335343
0.000335345
0.000335345
0.000335343
0.000335342
0.000335357
0.000335356
0.00033481
0.000330908
0.000294233
0.000116585
1.23431e-06
)
;

boundaryField
{
    outlet
    {
        type            calculated;
        value           nonuniform List<scalar> 
20
(
5.17608e-06
1.34631e-05
1.27459e-05
1.35547e-05
1.4661e-05
1.56288e-05
1.72733e-05
1.81691e-05
1.6133e-05
1.50695e-05
1.51834e-05
1.63726e-05
1.84462e-05
1.69691e-05
1.5478e-05
1.46137e-05
1.35594e-05
1.26488e-05
1.32823e-05
5.17535e-06
)
;
    }
    inlet1
    {
        type            calculated;
        value           nonuniform List<scalar> 
20
(
1.16508e-06
0.000210237
0.000211411
0.000274682
0.00033541
0.00033541
0.00033541
0.00033541
0.00033541
0.00033541
0.00033541
0.00033541
0.00033541
0.00033541
0.00033541
0.00033541
0.000274679
0.000211409
0.000210236
1.16508e-06
)
;
    }
    inlet2
    {
        type            calculated;
        value           nonuniform List<scalar> 
20
(
1.16508e-06
0.000210246
0.000211424
0.000274694
0.00033541
0.00033541
0.00033541
0.00033541
0.00033541
0.00033541
0.00033541
0.00033541
0.00033541
0.00033541
0.00033541
0.00033541
0.000274692
0.000211423
0.000210246
1.16508e-06
)
;
    }
    frontAndBack
    {
        type            empty;
    }
    defaultFaces
    {
        type            nutkWallFunction;
        Cmu             0.09;
        kappa           0.41;
        E               9.8;
        value           nonuniform List<scalar> 
620
(
1.95009e-06
1.93706e-06
1.9311e-06
1.91878e-06
1.9105e-06
1.89772e-06
1.88752e-06
1.87423e-06
1.86254e-06
1.84879e-06
1.83598e-06
1.82201e-06
1.80854e-06
1.79459e-06
1.78102e-06
1.76752e-06
1.75458e-06
1.74219e-06
1.73061e-06
1.71986e-06
1.7101e-06
1.70131e-06
1.69353e-06
1.68673e-06
1.68088e-06
1.67601e-06
1.67211e-06
1.66909e-06
1.66784e-06
1.66794e-06
1.66931e-06
1.67218e-06
1.67658e-06
1.68249e-06
1.6898e-06
1.69836e-06
1.70793e-06
1.71824e-06
1.729e-06
1.74003e-06
1.7512e-06
1.76234e-06
1.77331e-06
1.78394e-06
1.79411e-06
1.8037e-06
1.81264e-06
1.82085e-06
1.82828e-06
1.83488e-06
1.84062e-06
1.84548e-06
1.84943e-06
1.8526e-06
1.85428e-06
1.85464e-06
1.85439e-06
1.85329e-06
1.8512e-06
1.848e-06
1.84363e-06
1.83809e-06
1.83148e-06
1.82383e-06
1.81516e-06
1.80533e-06
1.794e-06
1.78125e-06
1.76762e-06
1.75313e-06
1.73685e-06
1.7184e-06
1.69863e-06
1.67771e-06
1.65519e-06
1.63105e-06
1.60552e-06
1.57877e-06
1.55092e-06
1.52213e-06
1.49236e-06
1.46091e-06
1.42636e-06
1.38983e-06
1.35143e-06
1.31003e-06
1.26465e-06
1.21372e-06
1.15412e-06
1.08219e-06
9.91259e-07
8.70473e-07
7.04715e-07
4.68908e-07
1.37841e-07
0
6.7535e-08
4.2147e-07
6.63078e-07
7.30184e-07
1.9486e-06
1.9353e-06
1.92921e-06
1.91666e-06
1.90823e-06
1.89523e-06
1.88482e-06
1.87125e-06
1.85932e-06
1.84525e-06
1.8321e-06
1.81775e-06
1.80382e-06
1.78939e-06
1.77522e-06
1.76106e-06
1.74734e-06
1.73406e-06
1.7215e-06
1.70969e-06
1.69879e-06
1.68884e-06
1.67987e-06
1.67186e-06
1.66479e-06
1.65864e-06
1.65347e-06
1.64931e-06
1.64607e-06
1.64473e-06
1.64482e-06
1.64624e-06
1.64923e-06
1.6538e-06
1.6599e-06
1.66743e-06
1.67622e-06
1.68604e-06
1.69663e-06
1.7077e-06
1.71908e-06
1.73062e-06
1.74221e-06
1.75367e-06
1.76486e-06
1.77565e-06
1.78594e-06
1.79567e-06
1.80474e-06
1.81311e-06
1.82075e-06
1.82762e-06
1.8337e-06
1.83896e-06
1.84336e-06
1.84688e-06
1.84961e-06
1.85142e-06
1.85195e-06
1.85187e-06
1.85109e-06
1.84948e-06
1.84692e-06
1.8434e-06
1.839e-06
1.83375e-06
1.8276e-06
1.82054e-06
1.81252e-06
1.8034e-06
1.79289e-06
1.78103e-06
1.76817e-06
1.75431e-06
1.73824e-06
1.71978e-06
1.70019e-06
1.67846e-06
1.65402e-06
1.62721e-06
1.59779e-06
1.56546e-06
1.53005e-06
1.4912e-06
1.44818e-06
1.40043e-06
1.34528e-06
1.27812e-06
1.1956e-06
1.0908e-06
9.50681e-07
7.65245e-07
5.53225e-07
3.19695e-07
1.15452e-07
0
6.0337e-08
4.28549e-07
7.09732e-07
7.89357e-07
5.32068e-07
4.67727e-07
3.9255e-07
3.04764e-07
2.04113e-07
9.06697e-08
0
0
0
0
0
0
0
1.44554e-08
1.46711e-07
2.64891e-07
3.68974e-07
4.58747e-07
5.3535e-07
6.00727e-07
3.79191e-07
4.39528e-07
4.95691e-07
5.49432e-07
6.01144e-07
6.48833e-07
6.92626e-07
7.34599e-07
7.74717e-07
8.1108e-07
8.43399e-07
8.73223e-07
9.01237e-07
9.26468e-07
9.48178e-07
9.67044e-07
9.84102e-07
9.99425e-07
1.01238e-06
1.02278e-06
1.03125e-06
1.0385e-06
1.04464e-06
1.04931e-06
1.05238e-06
1.05406e-06
1.05481e-06
1.05588e-06
1.05596e-06
1.05566e-06
1.05489e-06
1.05347e-06
1.05211e-06
1.05082e-06
1.04981e-06
1.04859e-06
1.04694e-06
1.04513e-06
1.04311e-06
1.04022e-06
1.03568e-06
1.02917e-06
1.02085e-06
1.01126e-06
1.00109e-06
9.90928e-07
9.81247e-07
9.72291e-07
9.64215e-07
9.57134e-07
9.5105e-07
9.45956e-07
9.41796e-07
9.38422e-07
9.3578e-07
9.33754e-07
9.32172e-07
9.30898e-07
9.29855e-07
9.29016e-07
9.28344e-07
9.27801e-07
9.2736e-07
9.27048e-07
9.26827e-07
9.267e-07
9.26681e-07
9.26725e-07
9.26934e-07
9.27276e-07
9.27527e-07
9.27667e-07
9.27713e-07
9.27719e-07
9.27712e-07
9.27683e-07
9.27595e-07
9.27451e-07
9.27306e-07
9.2707e-07
9.26702e-07
9.26353e-07
9.26242e-07
9.2626e-07
9.26362e-07
9.26622e-07
9.26904e-07
9.27171e-07
9.2753e-07
9.27952e-07
9.28233e-07
9.28238e-07
9.27993e-07
9.27073e-07
9.24731e-07
9.19653e-07
9.0844e-07
8.90175e-07
8.40382e-07
8.05112e-07
3.79192e-07
4.39528e-07
4.9569e-07
5.49432e-07
6.01143e-07
6.48833e-07
6.92627e-07
7.34598e-07
7.74717e-07
8.11081e-07
8.43399e-07
8.73224e-07
9.01238e-07
9.26468e-07
9.48178e-07
9.67046e-07
9.84104e-07
9.99426e-07
1.01238e-06
1.02279e-06
1.03126e-06
1.03852e-06
1.04466e-06
1.04935e-06
1.05243e-06
1.05412e-06
1.0549e-06
1.05598e-06
1.05613e-06
1.05586e-06
1.05512e-06
1.05376e-06
1.05246e-06
1.0512e-06
1.05021e-06
1.04897e-06
1.04728e-06
1.04545e-06
1.04339e-06
1.04039e-06
1.03565e-06
1.02887e-06
1.02028e-06
1.01045e-06
1.00007e-06
9.89767e-07
9.79975e-07
9.70961e-07
9.62894e-07
9.55888e-07
9.49963e-07
9.45043e-07
9.41075e-07
9.37953e-07
9.35544e-07
9.33682e-07
9.32209e-07
9.31046e-07
9.30183e-07
9.2959e-07
9.29173e-07
9.28827e-07
9.28537e-07
9.28273e-07
9.28022e-07
9.27763e-07
9.27494e-07
9.27234e-07
9.26991e-07
9.26765e-07
9.26553e-07
9.26362e-07
9.26196e-07
9.26061e-07
9.25968e-07
9.25915e-07
9.25903e-07
9.25927e-07
9.25909e-07
9.2584e-07
9.25671e-07
9.25403e-07
9.24951e-07
9.24322e-07
9.2332e-07
9.21948e-07
9.19987e-07
9.174e-07
9.13888e-07
9.09346e-07
9.03155e-07
8.95193e-07
8.84303e-07
8.70289e-07
8.51575e-07
8.27019e-07
7.94314e-07
7.50876e-07
6.92697e-07
6.13443e-07
8.76923e-07
9.15287e-07
9.66845e-07
9.85756e-07
9.96267e-07
1.00114e-06
1.00319e-06
1.00393e-06
1.00406e-06
1.00393e-06
1.00341e-06
1.00293e-06
1.00242e-06
1.00201e-06
1.00159e-06
1.00117e-06
1.00078e-06
1.00058e-06
1.00047e-06
1.00041e-06
1.0004e-06
1.00052e-06
1.0008e-06
1.00114e-06
1.00145e-06
1.00165e-06
1.0018e-06
1.002e-06
1.00205e-06
1.00206e-06
1.00206e-06
1.00199e-06
1.00186e-06
1.00181e-06
1.00181e-06
1.00185e-06
1.00189e-06
1.00195e-06
1.00202e-06
1.00204e-06
1.00203e-06
1.00198e-06
1.00186e-06
1.00163e-06
1.00128e-06
1.00087e-06
1.00056e-06
1.00047e-06
1.00047e-06
1.00051e-06
1.00064e-06
1.00093e-06
1.00156e-06
1.0028e-06
1.00485e-06
1.00766e-06
1.01094e-06
1.01434e-06
1.01759e-06
1.02059e-06
1.02341e-06
1.02623e-06
1.02919e-06
1.03224e-06
1.03521e-06
1.03812e-06
1.04121e-06
1.04456e-06
1.0478e-06
1.05046e-06
1.05235e-06
1.05349e-06
1.05405e-06
1.0542e-06
1.05326e-06
1.052e-06
1.04892e-06
1.04436e-06
1.03846e-06
1.03123e-06
1.0228e-06
1.01226e-06
9.99336e-07
9.84119e-07
9.67136e-07
9.4819e-07
9.26366e-07
9.01172e-07
8.7331e-07
8.43503e-07
8.11014e-07
7.74579e-07
7.34637e-07
6.9278e-07
6.4882e-07
6.00999e-07
5.49431e-07
4.95797e-07
4.39518e-07
3.79162e-07
6.834e-07
7.63579e-07
8.22698e-07
8.66633e-07
8.9994e-07
9.24725e-07
9.43662e-07
9.57732e-07
9.68638e-07
9.76576e-07
9.82736e-07
9.87222e-07
9.90714e-07
9.933e-07
9.95373e-07
9.96884e-07
9.98136e-07
9.98945e-07
9.99642e-07
1.00003e-06
1.00036e-06
1.00051e-06
1.00057e-06
1.00059e-06
1.0005e-06
1.00035e-06
1.00032e-06
1.00033e-06
1.0004e-06
1.00057e-06
1.00082e-06
1.00115e-06
1.00151e-06
1.00185e-06
1.00218e-06
1.0024e-06
1.00246e-06
1.00245e-06
1.0024e-06
1.0023e-06
1.00217e-06
1.00197e-06
1.00177e-06
1.00162e-06
1.00153e-06
1.00141e-06
1.00124e-06
1.00116e-06
1.00116e-06
1.00121e-06
1.00132e-06
1.0015e-06
1.00193e-06
1.00289e-06
1.00464e-06
1.00723e-06
1.01042e-06
1.01387e-06
1.01721e-06
1.02027e-06
1.02313e-06
1.026e-06
1.029e-06
1.03209e-06
1.0351e-06
1.03803e-06
1.04114e-06
1.0445e-06
1.04776e-06
1.05043e-06
1.05233e-06
1.05347e-06
1.05404e-06
1.05419e-06
1.05326e-06
1.05199e-06
1.04892e-06
1.04436e-06
1.03846e-06
1.03123e-06
1.0228e-06
1.01226e-06
9.99337e-07
9.84119e-07
9.67136e-07
9.48191e-07
9.26366e-07
9.01173e-07
8.7331e-07
8.43503e-07
8.11014e-07
7.74579e-07
7.34638e-07
6.9278e-07
6.48819e-07
6.00999e-07
5.49432e-07
4.95797e-07
4.39518e-07
3.79162e-07
)
;
    }
}


// ************************************************************************* //
