/*--------------------------------*- C++ -*----------------------------------*\
| =========                 |                                                 |
| \\      /  F ield         | OpenFOAM: The Open Source CFD Toolbox           |
|  \\    /   O peration     | Version:  2.1.0                                 |
|   \\  /    A nd           | Web:      www.OpenFOAM.org                      |
|    \\/     M anipulation  |                                                 |
\*---------------------------------------------------------------------------*/
FoamFile
{
    version     2.0;
    format      ascii;
    class       volScalarField;
    location    "0.1";
    object      p;
}
// * * * * * * * * * * * * * * * * * * * * * * * * * * * * * * * * * * * * * //

dimensions      [1 -1 -2 0 0 0 0];

internalField   nonuniform List<scalar> 
6400
(
100010
100005
100002
99998.3
99995.3
99992.5
99989.6
99986.7
99983.7
99980.4
99977
99973.4
99969.5
99965.5
99961.2
99956.7
99952.1
99947.3
99942.2
99937.1
99931.7
99926.3
99920.7
99914.9
99909.1
99903.2
99897.2
99891.1
99884.9
99878.7
99872.4
99866.1
99859.8
99853.5
99847.1
99840.8
99834.4
99828.1
99821.8
99815.5
99809.2
99802.9
99796.6
99790.4
99784.1
99777.8
99771.5
99765.2
99758.8
99752.3
99745.8
99739.3
99732.6
99725.8
99719
99711.9
99704.8
99697.4
99689.9
99682.2
99674.3
99666.2
99657.8
99649.1
99640.2
99631
99621.5
99611.7
99601.5
99590.9
99580
99568.7
99557
99544.9
99532.3
99519.4
99506
99492.1
99477.8
99462.9
99447.6
99431.7
99415.1
99397.7
99379.4
99360
99339.1
99316.5
99291.7
99264.5
99234.8
99203.5
99172.5
99143.2
99115.1
99084.5
99033.3
98927.2
98579.9
97063.1
100009
100003
99998.5
99995.4
99992.7
99990.1
99987.5
99984.7
99981.8
99978.7
99975.3
99971.7
99968
99964
99959.8
99955.3
99950.7
99946
99941
99935.9
99930.6
99925.2
99919.6
99914
99908.2
99902.3
99896.3
99890.2
99884
99877.8
99871.6
99865.3
99859
99852.6
99846.3
99839.9
99833.6
99827.3
99821
99814.7
99808.4
99802.1
99795.9
99789.6
99783.3
99777.1
99770.8
99764.4
99758.1
99751.6
99745.2
99738.6
99732
99725.2
99718.3
99711.3
99704.2
99696.9
99689.4
99681.7
99673.8
99665.7
99657.4
99648.8
99639.9
99630.7
99621.2
99611.5
99601.3
99590.8
99580
99568.7
99557.1
99545
99532.5
99519.6
99506.3
99492.5
99478.2
99463.4
99448.1
99432.2
99415.6
99398.3
99380
99360.7
99339.9
99317.4
99292.8
99265.8
99236.4
99205.3
99174.3
99145.1
99119.8
99092.8
99047
98955.3
98675.4
98161.1
100007
100001
99997.6
99994.8
99992.2
99989.8
99987.2
99984.5
99981.6
99978.5
99975.1
99971.6
99967.8
99963.7
99959.5
99955.1
99950.4
99945.6
99940.6
99935.5
99930.2
99924.8
99919.2
99913.5
99907.7
99901.8
99895.8
99889.7
99883.5
99877.3
99871
99864.7
99858.4
99852.1
99845.7
99839.4
99833.1
99826.8
99820.5
99814.2
99807.9
99801.7
99795.5
99789.2
99783
99776.8
99770.5
99764.2
99757.9
99751.5
99745
99738.5
99731.9
99725.2
99718.4
99711.4
99704.3
99697.1
99689.7
99682
99674.2
99666.2
99657.9
99649.4
99640.6
99631.5
99622.1
99612.4
99602.4
99592
99581.2
99570.1
99558.6
99546.7
99534.3
99521.6
99508.4
99494.7
99480.5
99465.9
99450.7
99434.9
99418.5
99401.2
99383
99363.7
99343
99320.6
99296.2
99269.7
99241.3
99211.8
99182.9
99156.7
99134.8
99111.2
99080.5
99025.9
98884.3
98985.3
100003
99999.6
99996.7
99994.4
99992.1
99989.8
99987.4
99984.7
99981.8
99978.7
99975.3
99971.7
99967.9
99963.9
99959.6
99955.2
99950.5
99945.7
99940.7
99935.5
99930.2
99924.7
99919.2
99913.5
99907.6
99901.7
99895.7
99889.6
99883.5
99877.2
99871
99864.7
99858.4
99852.1
99845.7
99839.4
99833.1
99826.8
99820.5
99814.3
99808.1
99801.9
99795.6
99789.4
99783.3
99777.1
99770.8
99764.6
99758.3
99752
99745.6
99739.1
99732.6
99725.9
99719.2
99712.3
99705.2
99698.1
99690.7
99683.2
99675.4
99667.4
99659.2
99650.8
99642.1
99633.1
99623.8
99614.1
99604.2
99593.9
99583.2
99572.1
99560.7
99548.8
99536.5
99523.7
99510.5
99496.7
99482.5
99467.8
99452.4
99436.5
99419.8
99402.3
99383.8
99364.3
99343.4
99321
99296.9
99271.1
99244
99217
99192
99170.9
99155.6
99146.2
99144.5
99153.6
99187.1
99602.9
99998.7
99997.3
99995.6
99994
99992.1
99990
99987.6
99985
99982.1
99979
99975.7
99972.1
99968.3
99964.3
99960
99955.5
99950.9
99946.1
99941
99935.9
99930.6
99925.1
99919.5
99913.8
99908
99902.1
99896
99890
99883.8
99877.6
99871.3
99865.1
99858.8
99852.5
99846.1
99839.9
99833.6
99827.3
99821.1
99814.8
99808.6
99802.4
99796.3
99790.1
99783.9
99777.8
99771.6
99765.4
99759.1
99752.8
99746.5
99740
99733.5
99726.9
99720.2
99713.3
99706.3
99699.2
99691.8
99684.3
99676.6
99668.6
99660.4
99652
99643.3
99634.3
99624.9
99615.3
99605.3
99595
99584.3
99573.2
99561.7
99549.8
99537.4
99524.6
99511.2
99497.4
99483.1
99468.2
99452.7
99436.5
99419.6
99401.8
99383.1
99363.3
99342.3
99319.9
99296.1
99271.2
99246
99222.2
99202.2
99188.1
99183.9
99196.1
99235
99327.4
99524.5
100087
99993.5
99994.6
99994.4
99993.4
99992
99990.1
99987.9
99985.4
99982.6
99979.5
99976.2
99972.6
99968.8
99964.8
99960.6
99956.1
99951.5
99946.7
99941.6
99936.5
99931.2
99925.7
99920.1
99914.4
99908.6
99902.7
99896.7
99890.6
99884.4
99878.2
99872
99865.7
99859.4
99853.1
99846.8
99840.5
99834.3
99828
99821.8
99815.5
99809.3
99803.2
99797
99790.8
99784.7
99778.5
99772.3
99766.1
99759.8
99753.5
99747.1
99740.7
99734.2
99727.5
99720.8
99713.9
99706.9
99699.7
99692.4
99684.8
99677.1
99669.1
99660.9
99652.5
99643.8
99634.7
99625.4
99615.8
99605.8
99595.5
99584.8
99573.7
99562.2
99550.2
99537.8
99524.9
99511.5
99497.6
99483.1
99468
99452.3
99435.8
99418.6
99400.6
99381.5
99361.4
99340.2
99317.8
99294.4
99270.6
99247.3
99226.9
99212.4
99206.5
99216.2
99254.2
99340.1
99520.3
99846.3
100462
99988.6
99992
99993.1
99992.9
99991.9
99990.3
99988.3
99985.9
99983.1
99980.1
99976.8
99973.3
99969.5
99965.5
99961.3
99956.8
99952.2
99947.3
99942.3
99937.2
99931.8
99926.4
99920.8
99915.1
99909.2
99903.3
99897.3
99891.2
99885.1
99878.9
99872.6
99866.4
99860.1
99853.8
99847.5
99841.2
99834.9
99828.6
99822.4
99816.1
99809.9
99803.7
99797.5
99791.3
99785.1
99778.9
99772.7
99766.5
99760.2
99753.9
99747.5
99741
99734.5
99727.8
99721.1
99714.2
99707.1
99699.9
99692.6
99685
99677.3
99669.3
99661.1
99652.6
99643.9
99634.9
99625.6
99616
99606
99595.7
99585
99573.9
99562.3
99550.3
99537.9
99524.9
99511.4
99497.4
99482.7
99467.5
99451.5
99434.8
99417.3
99398.9
99379.5
99359.1
99337.6
99315.2
99292.2
99269.3
99248
99230.6
99221.2
99223.6
99247.8
99311.9
99444.7
99704.2
100121
100744
99984.4
99989.8
99991.9
99992.4
99991.8
99990.4
99988.5
99986.2
99983.5
99980.6
99977.3
99973.8
99970
99966
99961.8
99957.4
99952.8
99947.9
99942.9
99937.8
99932.4
99927
99921.4
99915.7
99909.8
99903.9
99897.9
99891.8
99885.6
99879.4
99873.1
99866.9
99860.5
99854.2
99847.9
99841.6
99835.3
99829
99822.7
99816.4
99810.2
99804
99797.7
99791.5
99785.3
99779.1
99772.8
99766.6
99760.3
99753.9
99747.5
99741
99734.5
99727.8
99721
99714.1
99707
99699.8
99692.5
99684.9
99677.2
99669.2
99661
99652.6
99643.9
99634.9
99625.6
99616
99606.1
99595.8
99585.1
99574
99562.5
99550.5
99538
99525
99511.5
99497.3
99482.5
99467.1
99450.9
99434
99416.1
99397.3
99377.6
99356.8
99335
99312.6
99289.8
99267.7
99247.8
99232.9
99227.7
99237.3
99273.9
99361.1
99534.3
99856.7
100330
100942
99981.5
99988.1
99991.1
99992
99991.7
99990.4
99988.6
99986.4
99983.8
99980.8
99977.6
99974.1
99970.3
99966.4
99962.2
99957.8
99953.1
99948.3
99943.3
99938.1
99932.8
99927.3
99921.7
99916
99910.2
99904.2
99898.2
99892.1
99885.9
99879.7
99873.4
99867.1
99860.7
99854.4
99848
99841.7
99835.4
99829
99822.7
99816.4
99810.2
99803.9
99797.7
99791.4
99785.2
99778.9
99772.7
99766.4
99760.1
99753.7
99747.3
99740.8
99734.2
99727.6
99720.8
99713.9
99706.8
99699.7
99692.3
99684.8
99677.1
99669.2
99661
99652.6
99644
99635.1
99625.8
99616.2
99606.3
99596.1
99585.5
99574.4
99562.8
99550.9
99538.4
99525.4
99511.8
99497.6
99482.6
99467
99450.6
99433.4
99415.2
99396
99375.8
99354.6
99332.5
99309.9
99287.2
99265.5
99246.7
99233.5
99230.9
99245.9
99292.3
99395.5
99597.5
99962.6
100468
101066
99980
99987.3
99990.7
99991.9
99991.6
99990.5
99988.7
99986.5
99983.9
99980.9
99977.7
99974.2
99970.5
99966.5
99962.3
99957.9
99953.3
99948.4
99943.4
99938.3
99932.9
99927.5
99921.8
99916.1
99910.3
99904.3
99898.3
99892.1
99885.9
99879.7
99873.4
99867.1
99860.7
99854.4
99848
99841.7
99835.3
99829
99822.7
99816.4
99810.1
99803.8
99797.6
99791.3
99785.1
99778.8
99772.5
99766.2
99759.9
99753.6
99747.2
99740.7
99734.1
99727.4
99720.7
99713.8
99706.8
99699.6
99692.3
99684.8
99677.1
99669.2
99661.1
99652.8
99644.1
99635.2
99626
99616.6
99606.7
99596.5
99585.9
99574.9
99563.4
99551.4
99539
99525.9
99512.3
99497.9
99482.9
99467.1
99450.4
99432.9
99414.4
99394.8
99374.2
99352.6
99330.2
99307.1
99284.3
99262.8
99244.3
99231.9
99230.6
99248.2
99299.6
99410.9
99627
100013
100533
101124
99980.1
99987.4
99990.8
99991.9
99991.6
99990.5
99988.7
99986.5
99983.9
99981
99977.7
99974.2
99970.5
99966.5
99962.3
99957.9
99953.3
99948.4
99943.4
99938.3
99932.9
99927.5
99921.8
99916.1
99910.3
99904.3
99898.3
99892.1
99885.9
99879.7
99873.4
99867.1
99860.7
99854.4
99848
99841.7
99835.3
99829
99822.7
99816.4
99810.1
99803.8
99797.5
99791.3
99785
99778.8
99772.5
99766.2
99759.9
99753.5
99747.1
99740.7
99734.1
99727.5
99720.7
99713.8
99706.8
99699.7
99692.4
99684.9
99677.3
99669.4
99661.3
99653
99644.4
99635.6
99626.4
99617
99607.2
99597.1
99586.5
99575.5
99564.1
99552.1
99539.6
99526.5
99512.8
99498.4
99483.2
99467.3
99450.4
99432.5
99413.7
99393.7
99372.7
99350.6
99327.7
99304.2
99281
99259.2
99240.5
99228
99226.4
99243.8
99294.8
99405.3
99619.9
100003
100521
101112
99981.9
99988.4
99991.3
99992.2
99991.7
99990.5
99988.7
99986.4
99983.8
99980.8
99977.6
99974.1
99970.4
99966.4
99962.2
99957.8
99953.1
99948.3
99943.3
99938.1
99932.8
99927.3
99921.7
99916
99910.2
99904.2
99898.2
99892.1
99885.9
99879.6
99873.4
99867.1
99860.7
99854.4
99848
99841.7
99835.3
99829
99822.7
99816.4
99810.1
99803.9
99797.6
99791.4
99785.1
99778.8
99772.6
99766.3
99760
99753.6
99747.2
99740.7
99734.2
99727.5
99720.8
99713.9
99707
99699.8
99692.6
99685.1
99677.5
99669.7
99661.6
99653.3
99644.8
99636
99626.9
99617.5
99607.8
99597.7
99587.2
99576.2
99564.8
99552.8
99540.3
99527.2
99513.5
99499
99483.7
99467.5
99450.4
99432.3
99413.1
99392.8
99371.3
99348.7
99325.2
99301.2
99277.4
99255
99235.5
99221.9
99218.5
99233
99278.6
99379.2
99576.6
99935.3
100436
101034
99985.1
99990.1
99992.2
99992.6
99991.9
99990.5
99988.6
99986.2
99983.6
99980.6
99977.3
99973.8
99970
99966
99961.8
99957.4
99952.7
99947.9
99942.9
99937.7
99932.4
99926.9
99921.4
99915.6
99909.8
99903.9
99897.8
99891.7
99885.6
99879.4
99873.1
99866.8
99860.5
99854.2
99847.8
99841.5
99835.2
99828.9
99822.6
99816.3
99810.1
99803.8
99797.6
99791.3
99785.1
99778.9
99772.6
99766.3
99760
99753.7
99747.3
99740.9
99734.3
99727.7
99721
99714.2
99707.2
99700.1
99692.8
99685.4
99677.8
99670
99662
99653.8
99645.3
99636.5
99627.4
99618.1
99608.4
99598.4
99587.9
99577
99565.6
99553.7
99541.2
99528
99514.2
99499.7
99484.3
99468
99450.7
99432.3
99412.8
99392.1
99370.2
99347
99322.9
99298.1
99273.5
99250.2
99229.6
99214
99207.6
99216.6
99252.4
99335.2
99501.3
99814.2
100280
100892
99989.3
99992.5
99993.4
99993.2
99992.1
99990.4
99988.4
99985.9
99983.2
99980.1
99976.8
99973.3
99969.5
99965.5
99961.3
99956.8
99952.2
99947.3
99942.3
99937.1
99931.8
99926.4
99920.8
99915
99909.2
99903.3
99897.3
99891.2
99885
99878.8
99872.6
99866.3
99860
99853.7
99847.4
99841
99834.7
99828.5
99822.2
99815.9
99809.7
99803.5
99797.3
99791
99784.8
99778.6
99772.4
99766.1
99759.9
99753.6
99747.2
99740.8
99734.3
99727.7
99721
99714.2
99707.3
99700.2
99693
99685.6
99678.1
99670.3
99662.4
99654.2
99645.8
99637.1
99628.1
99618.8
99609.1
99599.2
99588.8
99577.9
99566.5
99554.6
99542.1
99529
99515.2
99500.5
99485.1
99468.6
99451.2
99432.6
99412.8
99391.7
99369.4
99345.7
99320.9
99295.4
99269.7
99245.1
99223
99205.1
99194.4
99196.4
99219.1
99278.1
99402.2
99649.6
100055
100677
99994.4
99995.2
99994.8
99993.7
99992.2
99990.3
99988
99985.5
99982.7
99979.6
99976.3
99972.7
99968.9
99964.9
99960.6
99956.2
99951.5
99946.7
99941.7
99936.5
99931.2
99925.7
99920.1
99914.4
99908.6
99902.7
99896.6
99890.6
99884.4
99878.2
99872
99865.7
99859.4
99853.1
99846.8
99840.4
99834.1
99827.9
99821.6
99815.3
99809.1
99802.9
99796.7
99790.5
99784.3
99778.1
99771.9
99765.7
99759.4
99753.1
99746.8
99740.4
99733.9
99727.3
99720.7
99713.9
99707.1
99700.1
99692.9
99685.6
99678.1
99670.4
99662.5
99654.4
99646
99637.4
99628.4
99619.2
99609.6
99599.7
99589.4
99578.5
99567.2
99555.4
99543
99529.9
99516
99501.4
99485.9
99469.4
99451.8
99433
99413
99391.7
99368.9
99344.8
99319.3
99292.9
99266.1
99239.9
99215.9
99195.4
99180.4
99174.6
99182.7
99215.2
99291.5
99457.7
99769
100380
99999.6
99997.9
99996.1
99994.3
99992.3
99990.2
99987.8
99985.2
99982.3
99979.2
99975.8
99972.2
99968.4
99964.4
99960.1
99955.6
99951
99946.1
99941.1
99936
99930.6
99925.2
99919.6
99913.9
99908
99902.1
99896.1
99890
99883.9
99877.6
99871.4
99865.1
99858.8
99852.5
99846.2
99839.8
99833.5
99827.2
99820.9
99814.7
99808.4
99802.2
99796
99789.8
99783.6
99777.4
99771.2
99765
99758.7
99752.4
99746.1
99739.7
99733.2
99726.7
99720.1
99713.3
99706.5
99699.5
99692.4
99685.1
99677.7
99670
99662.2
99654.1
99645.8
99637.2
99628.4
99619.2
99609.7
99599.8
99589.5
99578.7
99567.5
99555.7
99543.3
99530.3
99516.5
99501.9
99486.3
99469.8
99452.1
99433.2
99413
99391.4
99368.4
99343.8
99317.7
99290.5
99262.5
99234.8
99208.8
99185.7
99167.3
99154.1
99148
99154.7
99183.6
99261.2
99439.8
99990.3
100004
100000
99997.2
99994.8
99992.4
99990.1
99987.6
99984.9
99982
99978.8
99975.5
99971.9
99968
99964
99959.8
99955.3
99950.6
99945.8
99940.8
99935.6
99930.3
99924.9
99919.3
99913.6
99907.8
99901.9
99895.8
99889.8
99883.6
99877.4
99871.1
99864.8
99858.5
99852.2
99845.8
99839.5
99833.2
99826.8
99820.5
99814.3
99808
99801.7
99795.5
99789.3
99783
99776.8
99770.6
99764.3
99758
99751.7
99745.3
99738.9
99732.4
99725.8
99719.2
99712.4
99705.5
99698.6
99691.4
99684.1
99676.7
99669
99661.2
99653.2
99644.9
99636.3
99627.5
99618.4
99608.9
99599.1
99588.9
99578.2
99567
99555.3
99543
99530
99516.2
99501.6
99486.1
99469.5
99451.8
99432.8
99412.5
99390.8
99367.4
99342.5
99316
99288
99259
99229.9
99202
99176.6
99154.9
99136.5
99119.3
99104.6
99093.2
99087.6
99099.7
99493.7
100008
100002
99998.1
99995.2
99992.6
99990
99987.4
99984.7
99981.8
99978.7
99975.3
99971.7
99967.9
99963.9
99959.7
99955.2
99950.6
99945.8
99940.8
99935.6
99930.3
99924.9
99919.3
99913.7
99907.9
99901.9
99895.9
99889.9
99883.7
99877.5
99871.2
99864.9
99858.6
99852.3
99845.9
99839.6
99833.2
99826.9
99820.6
99814.3
99808
99801.7
99795.4
99789.2
99782.9
99776.6
99770.4
99764.1
99757.7
99751.4
99744.9
99738.5
99731.9
99725.3
99718.6
99711.8
99704.9
99697.8
99690.6
99683.3
99675.8
99668.1
99660.2
99652.1
99643.7
99635.1
99626.3
99617.1
99607.6
99597.7
99587.5
99576.8
99565.6
99553.8
99541.5
99528.5
99514.7
99500.1
99484.5
99467.9
99450.2
99431.2
99410.8
99388.9
99365.5
99340.3
99313.5
99285
99255.3
99225
99195.7
99168.6
99144.6
99124.1
99099.7
99070.7
99030.9
98961.9
98797.4
98861.4
100010
100003
99999
99995.8
99993
99990.4
99987.7
99984.9
99982
99978.8
99975.5
99971.9
99968.1
99964.1
99959.9
99955.5
99950.9
99946.1
99941.2
99936
99930.8
99925.3
99919.8
99914.1
99908.3
99902.4
99896.5
99890.4
99884.2
99878
99871.8
99865.5
99859.2
99852.8
99846.5
99840.1
99833.8
99827.5
99821.1
99814.8
99808.5
99802.2
99795.9
99789.6
99783.3
99777.1
99770.7
99764.4
99758.1
99751.7
99745.2
99738.7
99732.1
99725.5
99718.7
99711.9
99704.9
99697.8
99690.6
99683.2
99675.6
99667.9
99660
99651.8
99643.4
99634.8
99625.8
99616.6
99607.1
99597.1
99586.8
99576
99564.7
99552.9
99540.5
99527.3
99513.4
99498.7
99483
99466.2
99448.3
99429.1
99408.5
99386.4
99362.6
99337.1
99309.8
99280.8
99250.2
99218.9
99188.1
99159.2
99132.6
99109.2
99087
99053.7
98998.7
98892.7
98589
98011.7
100010
100006
100002
99998.8
99995.7
99992.8
99989.9
99987
99983.9
99980.7
99977.2
99973.6
99969.7
99965.6
99961.4
99956.9
99952.3
99947.4
99942.4
99937.2
99931.9
99926.4
99920.8
99915.1
99909.3
99903.4
99897.4
99891.3
99885.1
99878.9
99872.6
99866.3
99860
99853.7
99847.3
99841
99834.6
99828.3
99822
99815.6
99809.3
99803
99796.7
99790.4
99784.1
99777.8
99771.5
99765.2
99758.8
99752.4
99746
99739.4
99732.9
99726.2
99719.4
99712.6
99705.6
99698.5
99691.3
99683.9
99676.3
99668.6
99660.6
99652.5
99644.1
99635.4
99626.5
99617.2
99607.7
99597.7
99587.4
99576.6
99565.3
99553.5
99541
99527.9
99513.9
99499.2
99483.4
99466.7
99448.7
99429.5
99408.8
99386.7
99362.9
99337.3
99309.9
99280.6
99249.9
99218.6
99188
99159.2
99133.3
99108
99076.8
99035.4
98977.3
98861.1
98492.4
96873.7
100516
101735
102252
102546
102745
102893
103010
103104
103181
103246
103299
103344
103381
103412
103437
103457
103472
103482
103487
103486
100467
101451
102055
102433
102685
102865
103001
103108
103193
103263
103320
103367
103406
103438
103463
103483
103497
103506
103509
103505
100735
101474
101994
102371
102642
102840
102990
103107
103200
103274
103335
103384
103425
103457
103482
103501
103514
103522
103523
103519
100990
101591
102032
102375
102637
102839
102994
103116
103214
103292
103354
103405
103446
103477
103502
103520
103531
103537
103538
103531
101205
101714
102100
102411
102658
102854
103009
103133
103232
103312
103376
103427
103467
103498
103522
103538
103547
103551
103550
103540
101384
101827
102174
102459
102691
102879
103032
103154
103254
103334
103398
103449
103489
103519
103541
103555
103562
103564
103562
103547
101527
101923
102242
102507
102727
102908
103056
103177
103276
103356
103420
103471
103510
103539
103559
103571
103576
103576
103571
103552
101633
101997
102296
102549
102759
102935
103080
103199
103297
103377
103441
103491
103529
103557
103575
103584
103587
103585
103578
103555
101703
102048
102336
102580
102785
102957
103100
103218
103316
103395
103458
103508
103545
103572
103588
103596
103596
103592
103583
103558
101739
102074
102357
102597
102800
102970
103112
103229
103326
103405
103468
103517
103554
103580
103596
103603
103602
103597
103587
103559
101728
102064
102347
102588
102792
102962
103104
103222
103320
103399
103462
103512
103550
103576
103593
103600
103600
103594
103583
103559
101676
102023
102311
102557
102764
102937
103082
103201
103300
103381
103445
103496
103535
103563
103581
103590
103591
103588
103578
103552
101592
101960
102261
102516
102730
102907
103055
103177
103277
103358
103424
103476
103516
103546
103565
103577
103581
103579
103572
103549
101473
101874
102196
102465
102689
102874
103025
103149
103251
103333
103400
103453
103495
103526
103548
103561
103568
103568
103564
103545
101318
101768
102119
102408
102646
102838
102995
103122
103224
103308
103375
103429
103471
103504
103528
103544
103553
103556
103553
103539
101129
101645
102037
102353
102606
102808
102968
103096
103199
103283
103350
103404
103448
103481
103507
103525
103536
103541
103541
103531
100903
101513
101961
102311
102581
102789
102950
103077
103178
103260
103327
103380
103424
103459
103485
103505
103518
103526
103526
103520
100637
101387
101917
102304
102582
102788
102944
103066
103163
103241
103306
103358
103401
103436
103464
103485
103500
103508
103511
103507
100356
101358
101976
102365
102625
102812
102954
103065
103155
103229
103289
103340
103381
103416
103443
103465
103481
103491
103495
103491
100396
101645
102175
102478
102684
102839
102961
103060
103142
103210
103266
103314
103354
103388
103415
103438
103454
103466
103471
103469
103314
103312
103312
103311
103310
103309
103309
103309
103308
103308
103308
103308
103309
103309
103309
103310
103311
103312
103312
103314
103311
103309
103309
103308
103308
103308
103308
103308
103307
103307
103307
103307
103308
103308
103308
103308
103308
103309
103309
103311
103311
103308
103308
103308
103308
103308
103308
103308
103308
103308
103308
103308
103308
103308
103308
103308
103308
103308
103308
103311
103311
103309
103309
103309
103309
103309
103309
103309
103309
103309
103309
103309
103309
103309
103309
103309
103309
103309
103309
103311
103310
103308
103308
103308
103308
103308
103308
103308
103308
103308
103308
103308
103308
103308
103308
103308
103308
103308
103308
103310
103310
103308
103308
103308
103308
103307
103307
103307
103307
103307
103307
103307
103307
103307
103307
103308
103308
103308
103308
103310
103309
103307
103307
103307
103307
103307
103307
103307
103307
103307
103307
103307
103307
103307
103307
103307
103307
103307
103307
103309
103308
103307
103307
103306
103306
103306
103306
103306
103306
103306
103306
103306
103306
103306
103306
103306
103306
103307
103307
103308
103308
103306
103306
103306
103306
103306
103306
103306
103306
103306
103306
103306
103306
103306
103306
103306
103306
103306
103306
103308
103307
103305
103305
103305
103305
103305
103305
103305
103305
103305
103305
103305
103305
103305
103305
103305
103305
103305
103305
103307
103306
103305
103305
103304
103304
103304
103304
103304
103304
103304
103304
103304
103304
103304
103304
103304
103304
103305
103305
103306
103306
103304
103304
103304
103304
103304
103304
103303
103303
103303
103303
103303
103303
103304
103304
103304
103304
103304
103304
103306
103305
103303
103303
103303
103303
103303
103303
103303
103303
103303
103303
103303
103303
103303
103303
103303
103303
103303
103303
103305
103304
103302
103302
103302
103302
103302
103302
103302
103302
103302
103302
103302
103302
103302
103302
103302
103302
103302
103302
103304
103303
103302
103302
103302
103301
103301
103301
103301
103301
103301
103301
103301
103301
103301
103301
103301
103302
103302
103302
103303
103302
103301
103301
103301
103301
103301
103301
103301
103300
103300
103300
103300
103301
103301
103301
103301
103301
103301
103301
103302
103302
103300
103300
103300
103300
103300
103300
103300
103300
103300
103300
103300
103300
103300
103300
103300
103300
103300
103300
103302
103301
103299
103299
103299
103299
103299
103299
103299
103299
103299
103299
103299
103299
103299
103299
103299
103299
103299
103299
103301
103300
103299
103298
103298
103298
103298
103298
103298
103298
103298
103298
103298
103298
103298
103298
103298
103298
103298
103299
103300
103299
103298
103298
103298
103298
103297
103297
103297
103297
103297
103297
103297
103297
103297
103297
103298
103298
103298
103298
103299
103298
103297
103297
103297
103297
103297
103297
103297
103297
103297
103297
103297
103297
103297
103297
103297
103297
103297
103297
103298
103298
103296
103296
103296
103296
103296
103296
103296
103296
103296
103296
103296
103296
103296
103296
103296
103296
103296
103296
103298
103297
103295
103295
103295
103295
103295
103295
103295
103295
103295
103295
103295
103295
103295
103295
103295
103295
103295
103295
103297
103296
103295
103294
103294
103294
103294
103294
103294
103294
103294
103294
103294
103294
103294
103294
103294
103294
103294
103295
103296
103295
103294
103294
103294
103294
103293
103293
103293
103293
103293
103293
103293
103293
103293
103293
103294
103294
103294
103294
103295
103294
103293
103293
103293
103293
103293
103293
103293
103293
103293
103293
103293
103293
103293
103293
103293
103293
103293
103293
103294
103293
103292
103292
103292
103292
103292
103292
103292
103292
103292
103292
103292
103292
103292
103292
103292
103292
103292
103292
103293
103292
103291
103291
103291
103291
103291
103291
103291
103291
103291
103291
103291
103291
103291
103291
103291
103291
103291
103291
103292
103292
103290
103290
103290
103290
103290
103290
103290
103290
103290
103290
103290
103290
103290
103290
103290
103290
103290
103290
103292
103291
103290
103289
103289
103289
103289
103290
103290
103290
103290
103290
103290
103290
103290
103289
103289
103289
103289
103290
103291
103290
103289
103289
103289
103289
103289
103289
103289
103289
103289
103289
103289
103289
103289
103289
103289
103289
103289
103289
103290
103289
103288
103288
103288
103288
103288
103288
103288
103288
103288
103288
103288
103288
103288
103288
103288
103288
103288
103288
103289
103289
103287
103287
103287
103287
103287
103287
103287
103287
103287
103287
103287
103287
103287
103287
103287
103287
103287
103287
103289
103288
103286
103286
103286
103286
103286
103286
103287
103287
103287
103287
103287
103287
103286
103286
103286
103286
103286
103286
103288
103287
103286
103286
103286
103286
103286
103286
103286
103286
103286
103286
103286
103286
103286
103286
103286
103286
103286
103286
103287
103287
103285
103285
103285
103285
103285
103285
103285
103285
103285
103285
103285
103285
103285
103285
103285
103285
103285
103285
103287
103286
103284
103284
103284
103284
103284
103284
103285
103285
103285
103285
103285
103285
103284
103284
103284
103284
103284
103284
103286
103285
103284
103284
103284
103284
103284
103284
103284
103284
103284
103284
103284
103284
103284
103284
103284
103284
103284
103284
103285
103284
103283
103283
103283
103283
103283
103283
103283
103283
103283
103283
103283
103283
103283
103283
103283
103283
103283
103283
103284
103284
103282
103282
103282
103282
103282
103282
103282
103282
103282
103282
103282
103282
103282
103282
103282
103282
103282
103282
103284
103283
103282
103281
103281
103281
103281
103282
103282
103282
103282
103282
103282
103282
103282
103281
103281
103281
103281
103282
103283
103282
103281
103281
103281
103281
103281
103281
103281
103281
103281
103281
103281
103281
103281
103281
103281
103281
103281
103281
103282
103281
103280
103280
103280
103280
103280
103280
103280
103281
103281
103281
103281
103280
103280
103280
103280
103280
103280
103280
103281
103280
103279
103279
103279
103279
103279
103279
103280
103280
103280
103280
103280
103280
103280
103279
103279
103279
103279
103279
103280
103279
103278
103278
103278
103278
103278
103278
103278
103279
103279
103279
103279
103279
103278
103278
103278
103278
103278
103278
103279
103279
103277
103277
103277
103277
103277
103277
103278
103278
103278
103278
103278
103278
103277
103277
103277
103277
103277
103277
103278
103278
103276
103276
103276
103277
103277
103277
103278
103279
103279
103279
103279
103278
103277
103277
103277
103276
103276
103276
103277
103276
103275
103275
103275
103275
103276
103276
103277
103277
103277
103277
103277
103277
103276
103276
103275
103275
103275
103275
103276
103275
103274
103274
103274
103274
103273
103273
103273
103273
103273
103273
103273
103273
103273
103273
103274
103274
103274
103274
103275
103274
103273
103273
103272
103272
103272
103272
103273
103273
103274
103274
103274
103273
103273
103272
103272
103273
103273
103273
103274
103272
103271
103271
103272
103272
103272
103272
103273
103274
103274
103275
103274
103273
103273
103272
103272
103272
103272
103272
103273
103271
103270
103270
103270
103270
103270
103270
103270
103269
103269
103269
103269
103270
103270
103270
103270
103270
103270
103270
103271
103270
103269
103269
103269
103269
103269
103269
103269
103269
103269
103269
103269
103269
103269
103269
103269
103269
103269
103269
103270
103269
103268
103268
103268
103268
103268
103268
103268
103268
103267
103267
103268
103268
103268
103269
103269
103268
103268
103268
103269
103268
103267
103267
103267
103267
103267
103267
103267
103266
103265
103265
103266
103267
103268
103268
103268
103268
103268
103268
103268
103267
103266
103266
103266
103266
103266
103266
103267
103267
103268
103268
103268
103268
103267
103267
103267
103267
103267
103267
103267
103266
103266
103266
103266
103266
103266
103266
103267
103267
103267
103267
103268
103268
103267
103267
103266
103266
103266
103266
103266
103265
103265
103265
103265
103265
103265
103265
103265
103264
103264
103264
103264
103264
103265
103265
103265
103265
103265
103265
103265
103264
103264
103264
103264
103264
103264
103264
103263
103263
103263
103263
103263
103263
103263
103264
103264
103264
103264
103264
103264
103263
103263
103263
103263
103263
103264
103264
103264
103264
103263
103263
103263
103263
103263
103263
103263
103263
103263
103263
103263
103262
103262
103262
103262
103262
103263
103263
103263
103263
103262
103262
103262
103261
103262
103262
103262
103262
103262
103262
103262
103261
103261
103261
103261
103261
103261
103261
103262
103262
103263
103262
103262
103262
103262
103261
103261
103261
103261
103261
103261
103260
103260
103260
103260
103260
103260
103259
103259
103260
103260
103261
103261
103261
103260
103260
103260
103260
103260
103260
103260
103259
103259
103259
103259
103259
103258
103258
103257
103256
103256
103257
103257
103258
103258
103258
103259
103259
103259
103259
103259
103258
103258
103258
103258
103258
103258
103258
103258
103258
103257
103257
103256
103257
103258
103258
103258
103258
103258
103258
103258
103257
103257
103257
103257
103257
103258
103258
103258
103259
103259
103259
103259
103259
103259
103258
103257
103257
103257
103257
103257
103256
103256
103256
103256
103256
103256
103256
103256
103256
103256
103256
103256
103256
103255
103256
103256
103256
103256
103256
103256
103255
103255
103255
103255
103255
103255
103255
103255
103255
103255
103254
103254
103254
103254
103254
103255
103255
103255
103255
103255
103254
103254
103254
103254
103254
103255
103255
103256
103256
103256
103256
103255
103255
103254
103254
103254
103254
103254
103254
103254
103253
103253
103253
103253
103253
103253
103253
103252
103251
103252
103252
103253
103253
103252
103252
103252
103253
103253
103253
103253
103252
103251
103251
103251
103251
103251
103251
103251
103250
103250
103250
103250
103250
103251
103251
103251
103251
103251
103252
103252
103250
103250
103250
103250
103250
103250
103251
103251
103252
103252
103251
103250
103250
103251
103251
103251
103251
103251
103251
103251
103249
103249
103249
103249
103249
103248
103248
103248
103248
103248
103249
103250
103250
103250
103250
103250
103250
103250
103250
103250
103248
103248
103248
103248
103248
103247
103247
103246
103246
103246
103247
103247
103248
103248
103249
103249
103249
103249
103249
103249
103247
103247
103247
103247
103247
103247
103248
103249
103249
103248
103248
103248
103248
103248
103248
103247
103247
103247
103247
103247
103246
103246
103246
103246
103246
103246
103246
103247
103248
103248
103248
103247
103246
103246
103246
103246
103246
103246
103246
103246
103244
103245
103245
103245
103245
103245
103245
103245
103245
103246
103246
103245
103245
103245
103245
103245
103245
103245
103245
103246
103243
103243
103243
103243
103243
103243
103242
103242
103241
103241
103242
103243
103243
103243
103244
103244
103244
103245
103245
103245
103242
103242
103242
103242
103242
103242
103242
103241
103241
103241
103241
103241
103242
103243
103243
103244
103244
103244
103244
103244
103241
103241
103241
103241
103241
103241
103241
103242
103242
103242
103242
103243
103243
103243
103243
103243
103243
103243
103244
103244
103240
103240
103240
103240
103240
103241
103241
103241
103242
103242
103242
103242
103242
103243
103243
103243
103243
103243
103243
103243
103238
103238
103238
103239
103239
103239
103239
103240
103240
103240
103241
103241
103241
103242
103242
103242
103243
103243
103243
103243
103237
103237
103237
103237
103237
103237
103238
103238
103239
103240
103240
103240
103241
103241
103241
103242
103242
103243
103243
103243
103235
103235
103235
103236
103236
103237
103238
103239
103239
103240
103241
103242
103242
103242
103242
103242
103243
103243
103243
103243
103233
103233
103233
103234
103234
103235
103236
103237
103238
103239
103240
103241
103240
103241
103242
103242
103243
103243
103243
103244
103230
103230
103231
103231
103232
103233
103234
103234
103235
103236
103237
103239
103241
103242
103242
103243
103243
103244
103244
103244
103227
103227
103228
103229
103229
103230
103232
103233
103234
103235
103236
103238
103240
103242
103243
103244
103244
103245
103246
103246
103223
103223
103224
103225
103226
103228
103229
103231
103232
103234
103236
103238
103239
103241
103243
103245
103246
103247
103248
103248
103218
103218
103219
103221
103222
103224
103227
103229
103231
103233
103236
103239
103241
103243
103245
103247
103248
103250
103251
103251
103211
103212
103213
103215
103218
103220
103223
103226
103230
103233
103237
103240
103243
103246
103248
103250
103252
103254
103255
103255
103202
103204
103206
103208
103211
103215
103219
103223
103227
103232
103236
103240
103243
103247
103251
103254
103257
103259
103261
103261
103191
103193
103195
103199
103203
103208
103213
103219
103225
103230
103236
103242
103247
103252
103257
103261
103264
103267
103269
103269
103175
103177
103181
103186
103192
103199
103206
103214
103222
103229
103237
103245
103252
103258
103264
103269
103273
103277
103279
103280
103153
103156
103162
103168
103177
103186
103197
103207
103218
103228
103238
103248
103257
103266
103273
103280
103285
103290
103293
103294
103122
103127
103134
103144
103157
103170
103184
103198
103213
103227
103240
103253
103265
103275
103285
103293
103301
103306
103310
103311
103076
103084
103095
103110
103128
103147
103167
103187
103206
103225
103243
103259
103274
103288
103300
103311
103320
103327
103331
103332
103005
103019
103038
103061
103088
103116
103145
103172
103198
103223
103246
103267
103286
103304
103319
103332
103343
103351
103356
103357
102887
102916
102949
102989
103031
103073
103114
103152
103188
103221
103251
103278
103302
103323
103341
103357
103370
103380
103386
103387
102668
102738
102806
102877
102946
103012
103073
103127
103176
103219
103257
103291
103320
103346
103368
103386
103401
103412
103419
103420
102298
102442
102579
102711
102830
102935
103024
103101
103166
103222
103270
103311
103346
103375
103400
103420
103436
103448
103455
103455
102207
102360
102503
102642
102768
102878
102973
103054
103123
103183
103234
103278
103315
103347
103374
103396
103414
103427
103435
103436
102594
102667
102739
102814
102888
102958
103022
103080
103132
103178
103219
103256
103288
103315
103339
103359
103376
103388
103396
103396
102824
102854
102889
102932
102976
103022
103065
103107
103145
103180
103212
103241
103267
103290
103310
103328
103342
103353
103359
103360
102948
102963
102983
103009
103037
103067
103098
103127
103155
103182
103207
103230
103251
103269
103286
103300
103312
103321
103327
103328
103024
103032
103045
103061
103080
103101
103122
103143
103164
103184
103203
103221
103237
103252
103266
103277
103287
103295
103300
103300
103073
103078
103086
103097
103110
103125
103140
103155
103171
103186
103200
103214
103227
103239
103249
103259
103266
103273
103277
103278
103106
103110
103116
103123
103132
103142
103153
103165
103176
103188
103199
103209
103219
103228
103236
103244
103250
103255
103258
103259
103130
103133
103136
103142
103148
103156
103164
103172
103180
103189
103197
103205
103213
103220
103226
103232
103237
103241
103243
103244
103147
103149
103152
103155
103160
103166
103171
103177
103184
103190
103196
103203
103209
103214
103219
103223
103227
103230
103232
103233
103159
103161
103163
103166
103169
103173
103177
103182
103186
103191
103195
103199
103203
103208
103212
103216
103219
103221
103223
103224
103169
103170
103172
103174
103176
103179
103182
103185
103189
103192
103195
103198
103202
103205
103208
103211
103214
103216
103217
103217
103176
103177
103178
103180
103182
103184
103186
103189
103191
103194
103198
103201
103204
103206
103208
103209
103210
103211
103212
103213
103182
103183
103183
103185
103186
103187
103189
103191
103193
103196
103198
103199
103201
103203
103204
103206
103207
103208
103209
103209
103186
103187
103188
103188
103189
103191
103192
103193
103195
103196
103196
103198
103200
103201
103203
103204
103205
103206
103207
103207
103190
103190
103191
103191
103192
103193
103194
103195
103196
103197
103199
103200
103202
103203
103204
103204
103205
103205
103205
103206
103193
103193
103193
103194
103194
103195
103196
103196
103198
103199
103201
103201
103202
103202
103203
103203
103204
103204
103205
103205
103195
103195
103196
103196
103196
103197
103198
103199
103200
103200
103200
103200
103201
103202
103202
103203
103203
103204
103204
103204
103197
103197
103197
103198
103198
103198
103198
103199
103199
103200
103200
103201
103201
103202
103203
103203
103204
103204
103204
103204
103199
103199
103199
103199
103199
103199
103199
103199
103200
103200
103202
103203
103204
103204
103204
103204
103204
103204
103204
103204
103201
103201
103201
103201
103201
103201
103202
103202
103201
103201
103201
103202
103202
103202
103203
103204
103204
103204
103204
103205
103202
103202
103202
103202
103203
103203
103203
103204
103204
103204
103203
103203
103203
103203
103204
103204
103205
103205
103205
103205
103203
103204
103204
103204
103204
103205
103205
103206
103206
103206
103206
103206
103207
103207
103207
103206
103206
103206
103206
103206
103205
103205
103205
103205
103205
103204
103204
103204
103205
103206
103207
103207
103207
103207
103207
103207
103207
103207
103207
103207
103206
103206
103206
103206
103206
103206
103206
103206
103207
103207
103207
103207
103208
103208
103208
103208
103208
103207
103207
103207
103207
103207
103207
103207
103207
103208
103208
103208
103208
103208
103208
103208
103208
103209
103208
103208
103208
103208
103208
103208
103208
103208
103208
103208
103209
103209
103209
103209
103209
103209
103209
103209
103208
103208
103208
103209
103209
103209
103209
103209
103209
103209
103209
103209
103209
103209
103209
103209
103209
103209
103210
103210
103210
103210
103210
103209
103209
103209
103209
103209
103210
103210
103210
103210
103210
103210
103210
103210
103210
103211
103211
103210
103210
103209
103210
103210
103210
103210
103210
103210
103211
103211
103211
103211
103212
103212
103212
103212
103211
103211
103210
103209
103209
103210
103210
103210
103211
103211
103211
103211
103212
103212
103212
103212
103212
103212
103212
103212
103212
103212
103211
103210
103210
103210
103211
103211
103211
103212
103212
103212
103213
103213
103213
103213
103213
103213
103213
103213
103212
103213
103213
103214
103213
103213
103213
103213
103213
103213
103213
103213
103214
103214
103214
103214
103214
103214
103214
103214
103214
103215
103215
103215
103216
103215
103215
103214
103214
103214
103214
103214
103215
103215
103215
103215
103215
103215
103215
103215
103215
103215
103215
103214
103214
103215
103215
103215
103215
103215
103215
103215
103216
103216
103216
103216
103216
103216
103216
103216
103215
103215
103215
103216
103216
103216
103216
103216
103216
103216
103216
103216
103217
103217
103217
103217
103216
103216
103216
103216
103216
103217
103217
103218
103218
103218
103217
103217
103217
103217
103217
103217
103218
103218
103218
103218
103218
103218
103218
103218
103218
103219
103219
103219
103219
103219
103218
103218
103218
103218
103218
103218
103219
103218
103218
103218
103219
103219
103219
103220
103221
103220
103220
103219
103219
103219
103219
103219
103219
103219
103219
103219
103220
103219
103219
103219
103219
103219
103219
103219
103219
103219
103218
103218
103218
103219
103219
103219
103219
103219
103219
103220
103221
103220
103220
103220
103220
103221
103221
103220
103220
103220
103219
103220
103220
103220
103220
103220
103220
103220
103220
103221
103222
103221
103221
103221
103221
103220
103220
103221
103221
103221
103222
103223
103223
103222
103222
103221
103221
103221
103221
103222
103223
103222
103222
103222
103222
103222
103222
103222
103222
103222
103222
103222
103222
103222
103222
103222
103222
103222
103222
103223
103224
103223
103223
103223
103223
103223
103223
103223
103223
103223
103223
103223
103223
103223
103223
103223
103223
103223
103223
103224
103225
103224
103224
103224
103224
103224
103224
103224
103224
103224
103223
103222
103222
103222
103222
103223
103223
103223
103223
103225
103226
103224
103224
103224
103224
103225
103225
103225
103224
103224
103223
103223
103223
103223
103224
103224
103224
103224
103224
103226
103227
103225
103225
103225
103225
103225
103224
103224
103225
103225
103226
103227
103227
103226
103226
103225
103225
103225
103225
103227
103228
103226
103226
103226
103226
103226
103226
103226
103226
103226
103227
103227
103227
103227
103227
103226
103226
103226
103226
103228
103229
103227
103227
103227
103227
103227
103228
103228
103228
103227
103226
103227
103227
103227
103227
103227
103227
103227
103227
103229
103230
103228
103228
103228
103228
103228
103228
103228
103228
103228
103228
103228
103228
103228
103228
103228
103228
103228
103228
103230
103231
103229
103229
103229
103229
103229
103229
103229
103229
103229
103229
103229
103229
103229
103229
103229
103229
103229
103229
103231
103232
103229
103229
103230
103230
103230
103230
103230
103231
103231
103231
103231
103230
103230
103230
103230
103230
103230
103230
103232
103233
103230
103230
103230
103231
103231
103231
103231
103232
103232
103232
103232
103231
103231
103231
103231
103231
103230
103230
103233
103234
103231
103231
103231
103231
103231
103232
103232
103232
103232
103232
103232
103232
103232
103231
103231
103231
103231
103231
103234
103234
103232
103232
103232
103232
103232
103232
103232
103232
103232
103232
103232
103232
103232
103232
103232
103232
103232
103232
103235
103235
103232
103233
103233
103233
103233
103233
103233
103233
103233
103233
103233
103233
103233
103233
103233
103233
103233
103233
103235
103235
103233
103233
103233
103233
103233
103234
103234
103234
103234
103234
103234
103234
103234
103233
103233
103233
103233
103233
103235
103236
103234
103234
103234
103234
103234
103234
103234
103234
103234
103234
103234
103234
103234
103234
103234
103234
103234
103234
103236
103236
103235
103235
103235
103235
103235
103235
103235
103235
103235
103235
103235
103235
103235
103235
103235
103235
103235
103235
103236
103237
103236
103236
103236
103236
103236
103236
103236
103236
103236
103236
103236
103236
103236
103236
103236
103236
103236
103236
103237
103238
103237
103237
103237
103237
103237
103237
103237
103237
103237
103237
103237
103237
103237
103237
103237
103237
103237
103237
103238
103238
103237
103237
103237
103237
103237
103237
103237
103237
103237
103237
103237
103237
103237
103237
103237
103237
103237
103237
103238
103239
103238
103238
103238
103238
103238
103238
103238
103238
103238
103238
103238
103238
103238
103238
103238
103238
103238
103238
103239
103240
103239
103239
103239
103239
103239
103239
103239
103239
103239
103239
103239
103239
103239
103239
103239
103239
103239
103239
103240
103241
103240
103240
103240
103240
103240
103240
103240
103240
103240
103240
103240
103240
103240
103240
103240
103240
103240
103240
103241
103241
103241
103241
103241
103241
103240
103240
103240
103240
103240
103240
103240
103240
103240
103240
103241
103241
103241
103241
103242
103242
103241
103241
103241
103241
103241
103241
103241
103241
103241
103241
103241
103241
103241
103241
103241
103241
103241
103241
103242
103243
103242
103242
103242
103242
103242
103242
103242
103242
103242
103242
103242
103242
103242
103242
103242
103242
103242
103242
103243
103244
103243
103243
103243
103243
103243
103243
103243
103243
103243
103243
103243
103243
103243
103243
103243
103243
103243
103243
103244
103245
103244
103244
103244
103244
103244
103244
103244
103244
103244
103244
103244
103244
103244
103244
103244
103244
103244
103244
103245
103246
103245
103245
103245
103245
103245
103245
103245
103244
103244
103244
103244
103245
103245
103245
103245
103245
103245
103245
103246
103247
103246
103246
103245
103245
103245
103245
103245
103245
103245
103245
103245
103245
103245
103245
103245
103245
103246
103246
103247
103248
103247
103246
103246
103246
103246
103246
103246
103246
103246
103246
103246
103246
103246
103246
103246
103246
103246
103247
103248
103248
103247
103247
103247
103247
103247
103247
103247
103247
103247
103247
103247
103247
103247
103247
103247
103247
103247
103247
103248
103249
103248
103248
103248
103248
103248
103248
103248
103248
103248
103248
103248
103248
103248
103248
103248
103248
103248
103248
103249
103250
103249
103249
103249
103249
103249
103249
103249
103249
103249
103249
103249
103249
103249
103249
103249
103249
103249
103249
103250
103251
103250
103250
103250
103250
103250
103250
103250
103250
103250
103250
103250
103250
103250
103250
103250
103250
103250
103250
103251
103252
103251
103251
103251
103251
103250
103250
103250
103250
103250
103250
103250
103250
103250
103250
103251
103251
103251
103251
103252
103253
103252
103251
103251
103251
103251
103251
103251
103251
103251
103251
103251
103251
103251
103251
103251
103251
103251
103252
103253
103254
103252
103252
103252
103252
103252
103252
103252
103252
103252
103252
103252
103252
103252
103252
103252
103252
103252
103252
103254
103255
103253
103253
103253
103253
103253
103253
103253
103253
103253
103253
103253
103253
103253
103253
103253
103253
103253
103253
103255
103256
103254
103254
103254
103254
103254
103254
103254
103254
103254
103254
103254
103254
103254
103254
103254
103254
103254
103254
103256
103256
103255
103255
103255
103255
103255
103255
103255
103255
103255
103255
103255
103255
103255
103255
103255
103255
103255
103255
103256
103257
103256
103256
103256
103256
103256
103255
103255
103255
103255
103255
103255
103255
103255
103256
103256
103256
103256
103256
103257
103258
103257
103257
103256
103256
103256
103256
103256
103256
103256
103256
103256
103256
103256
103256
103256
103256
103257
103257
103258
103259
103258
103257
103257
103257
103257
103257
103257
103257
103257
103257
103257
103257
103257
103257
103257
103257
103257
103258
103259
103260
103258
103258
103258
103258
103258
103258
103258
103258
103258
103258
103258
103258
103258
103258
103258
103258
103258
103258
103260
103261
103259
103259
103259
103259
103259
103259
103259
103259
103259
103259
103259
103259
103259
103259
103259
103259
103259
103259
103261
103262
103260
103260
103260
103260
103260
103259
103259
103259
103259
103259
103259
103259
103259
103260
103260
103260
103260
103260
103262
103262
103261
103261
103260
103260
103260
103260
103260
103260
103260
103260
103260
103260
103260
103260
103260
103260
103261
103261
103262
103263
103261
103261
103261
103261
103261
103261
103261
103261
103261
103261
103261
103261
103261
103261
103261
103261
103261
103261
103263
103264
103262
103262
103262
103262
103262
103262
103262
103262
103262
103262
103262
103262
103262
103262
103262
103262
103262
103262
103264
103265
103263
103263
103263
103263
103263
103262
103262
103262
103262
103262
103262
103262
103262
103263
103263
103263
103263
103263
103265
103265
103264
103264
103263
103263
103263
103263
103263
103263
103263
103263
103263
103263
103263
103263
103263
103263
103264
103264
103265
103266
103264
103264
103264
103264
103264
103264
103264
103264
103264
103264
103264
103264
103264
103264
103264
103264
103264
103264
103266
103267
103265
103265
103265
103265
103265
103265
103265
103264
103264
103264
103264
103265
103265
103265
103265
103265
103265
103265
103267
103267
103266
103266
103265
103265
103265
103265
103265
103265
103265
103265
103265
103265
103265
103265
103265
103265
103266
103266
103267
103268
103266
103266
103266
103266
103266
103266
103266
103266
103266
103266
103266
103266
103266
103266
103266
103266
103266
103266
103268
103268
103267
103267
103266
103266
103266
103266
103266
103266
103266
103266
103266
103266
103266
103266
103266
103266
103267
103267
103268
103268
103266
103266
103266
103266
103266
103266
103266
103266
103266
103266
103266
103266
103266
103266
103266
103266
103266
103266
103268
103269
103267
103267
103266
103266
103266
103265
103265
103265
103265
103265
103265
103265
103265
103266
103266
103266
103267
103267
103269
103273
103270
103269
103269
103268
103267
103267
103266
103266
103266
103266
103266
103266
103267
103267
103268
103269
103269
103270
103273
)
;

boundaryField
{
    outlet
    {
        type            fixedValue;
        value           uniform 100000;
    }
    inlet1
    {
        type            zeroGradient;
    }
    inlet2
    {
        type            zeroGradient;
    }
    frontAndBack
    {
        type            empty;
    }
    defaultFaces
    {
        type            zeroGradient;
    }
}


// ************************************************************************* //
