/*--------------------------------*- C++ -*----------------------------------*\
| =========                 |                                                 |
| \\      /  F ield         | OpenFOAM: The Open Source CFD Toolbox           |
|  \\    /   O peration     | Version:  2.1.0                                 |
|   \\  /    A nd           | Web:      www.OpenFOAM.org                      |
|    \\/     M anipulation  |                                                 |
\*---------------------------------------------------------------------------*/
FoamFile
{
    version     2.0;
    format      ascii;
    class       volScalarField;
    location    "0.37";
    object      C0;
}
// * * * * * * * * * * * * * * * * * * * * * * * * * * * * * * * * * * * * * //

dimensions      [0 0 0 0 0 0 0];

internalField   nonuniform List<scalar> 
6400
(
0.000471994
0.000473856
0.000476182
0.000478599
0.000481014
0.000483405
0.000485769
0.000488108
0.000490423
0.000492718
0.000494994
0.000497254
0.0004995
0.000501736
0.000503963
0.000506185
0.000508403
0.00051062
0.000512839
0.000515063
0.000517294
0.000519535
0.000521788
0.000524057
0.000526343
0.000528649
0.000530979
0.000533335
0.000535719
0.000538136
0.000540586
0.000543074
0.000545603
0.000548174
0.000550792
0.000553459
0.000556179
0.000558954
0.000561788
0.000564684
0.000567645
0.000570676
0.000573778
0.000576956
0.000580214
0.000583555
0.000586983
0.000590502
0.000594116
0.000597829
0.000601645
0.000605569
0.000609605
0.000613758
0.000618032
0.000622432
0.000626964
0.000631631
0.000636441
0.000641397
0.000646506
0.000651773
0.000657203
0.000662804
0.000668581
0.00067454
0.000680687
0.00068703
0.000693575
0.000700328
0.000707296
0.000714487
0.000721908
0.000729565
0.000737465
0.000745615
0.000754022
0.000762692
0.000771631
0.000780845
0.000790337
0.00080011
0.000810167
0.000820507
0.000831128
0.000842022
0.00085318
0.000864588
0.000876225
0.000888063
0.000900066
0.000912186
0.000924354
0.000936456
0.000948311
0.000959704
0.000970468
0.000980279
0.000988619
0.000994801
0.000472083
0.000473954
0.00047626
0.000478647
0.000481028
0.000483384
0.000485714
0.000488018
0.000490299
0.000492559
0.000494801
0.000497026
0.000499238
0.000501439
0.000503632
0.000505818
0.000508002
0.000510184
0.000512368
0.000514557
0.000516752
0.000518958
0.000521175
0.000523407
0.000525657
0.000527928
0.000530221
0.00053254
0.000534887
0.000537266
0.000539679
0.00054213
0.00054462
0.000547153
0.000549732
0.00055236
0.00055504
0.000557776
0.00056057
0.000563426
0.000566346
0.000569336
0.000572397
0.000575534
0.000578751
0.00058205
0.000585436
0.000588914
0.000592485
0.000596156
0.000599931
0.000603813
0.000607807
0.000611918
0.000616151
0.000620511
0.000625002
0.00062963
0.0006344
0.000639318
0.000644389
0.00064962
0.000655015
0.000660582
0.000666326
0.000672255
0.000678374
0.000684691
0.000691212
0.000697945
0.000704897
0.000712075
0.000719488
0.000727141
0.000735043
0.000743202
0.000751625
0.000760318
0.00076929
0.000778546
0.000788092
0.000797934
0.000808073
0.000818513
0.000829253
0.000840289
0.000851614
0.000863214
0.00087507
0.000887149
0.000899406
0.000911776
0.000924159
0.000936416
0.00094836
0.000959743
0.000970372
0.000979876
0.000987726
0.000993339
0.000471993
0.000473848
0.000476108
0.000478434
0.000480751
0.000483043
0.000485308
0.000487546
0.000489761
0.000491955
0.00049413
0.000496288
0.000498432
0.000500566
0.00050269
0.000504808
0.000506922
0.000509034
0.000511148
0.000513265
0.000515389
0.000517522
0.000519666
0.000521825
0.000524
0.000526195
0.000528412
0.000530654
0.000532923
0.000535223
0.000537556
0.000539925
0.000542333
0.000544783
0.000547278
0.000549821
0.000552415
0.000555063
0.000557769
0.000560535
0.000563365
0.000566262
0.00056923
0.000572273
0.000575394
0.000578597
0.000581885
0.000585264
0.000588736
0.000592306
0.000595979
0.000599758
0.000603649
0.000607656
0.000611785
0.000616039
0.000620424
0.000624946
0.000629609
0.00063442
0.000639385
0.000644508
0.000649797
0.000655259
0.000660898
0.000666724
0.000672741
0.000678958
0.000685382
0.000692021
0.000698882
0.000705974
0.000713305
0.000720883
0.000728717
0.000736815
0.000745187
0.000753841
0.000762787
0.000772031
0.000781584
0.000791453
0.000801645
0.000812167
0.000823021
0.00083421
0.000845732
0.000857576
0.000869725
0.000882146
0.000894786
0.00090756
0.000920342
0.00093295
0.000945135
0.000956637
0.000967248
0.000976595
0.000984213
0.00098961
0.00047156
0.000473374
0.000475559
0.000477798
0.000480024
0.000482223
0.000484394
0.000486538
0.000488658
0.000490756
0.000492834
0.000494894
0.00049694
0.000498973
0.000500997
0.000503012
0.000505023
0.000507032
0.00050904
0.00051105
0.000513066
0.000515089
0.000517122
0.000519168
0.000521229
0.000523308
0.000525408
0.00052753
0.000529678
0.000531855
0.000534063
0.000536305
0.000538584
0.000540903
0.000543264
0.000545671
0.000548126
0.000550634
0.000553196
0.000555816
0.000558498
0.000561245
0.00056406
0.000566946
0.000569908
0.000572949
0.000576073
0.000579284
0.000582586
0.000585983
0.000589479
0.000593079
0.000596788
0.00060061
0.000604549
0.000608612
0.000612803
0.000617126
0.000621589
0.000626196
0.000630954
0.000635868
0.000640945
0.000646191
0.000651613
0.000657218
0.000663014
0.000669007
0.000675205
0.000681617
0.00068825
0.000695114
0.000702217
0.000709567
0.000717176
0.000725052
0.000733206
0.000741648
0.000750389
0.000759441
0.000768815
0.000778522
0.000788576
0.000798988
0.000809768
0.000820926
0.000832468
0.000844395
0.000856696
0.000869346
0.000882295
0.000895458
0.000908699
0.000921816
0.000934529
0.000946589
0.000957766
0.000967673
0.000975825
0.000981612
0.000470653
0.000472403
0.000474489
0.000476617
0.000478728
0.000480809
0.00048286
0.000484884
0.000486882
0.000488856
0.000490809
0.000492743
0.00049466
0.000496564
0.000498455
0.000500337
0.000502212
0.000504083
0.000505951
0.00050782
0.000509691
0.000511568
0.000513452
0.000515346
0.000517253
0.000519174
0.000521114
0.000523073
0.000525055
0.000527062
0.000529097
0.000531163
0.000533262
0.000535397
0.000537571
0.000539787
0.000542047
0.000544355
0.000546713
0.000549125
0.000551594
0.000554123
0.000556715
0.000559373
0.000562102
0.000564905
0.000567785
0.000570746
0.000573792
0.000576927
0.000580155
0.000583481
0.000586908
0.000590442
0.000594086
0.000597846
0.000601726
0.000605732
0.000609869
0.000614143
0.000618558
0.000623121
0.000627839
0.000632716
0.000637761
0.000642978
0.000648377
0.000653963
0.000659745
0.000665731
0.000671928
0.000678345
0.000684992
0.000691878
0.000699013
0.000706407
0.000714073
0.000722022
0.000730268
0.000738824
0.000747706
0.00075693
0.000766514
0.000776477
0.000786839
0.000797621
0.000808841
0.000820516
0.000832655
0.000845252
0.000858281
0.00087168
0.00088534
0.000899084
0.000912649
0.000925794
0.000938251
0.000949562
0.000959074
0.000965773
0.000469168
0.000470836
0.000472802
0.000474798
0.000476771
0.000478713
0.000480623
0.000482503
0.000484355
0.000486182
0.000487984
0.000489765
0.000491528
0.000493273
0.000495004
0.000496723
0.000498431
0.000500133
0.000501828
0.000503521
0.000505213
0.000506906
0.000508603
0.000510307
0.000512019
0.000513741
0.000515477
0.000517229
0.000518998
0.000520788
0.000522601
0.000524439
0.000526305
0.000528202
0.000530131
0.000532096
0.000534099
0.000536143
0.000538231
0.000540365
0.000542549
0.000544785
0.000547077
0.000549427
0.000551838
0.000554315
0.000556859
0.000559476
0.000562167
0.000564937
0.00056779
0.000570729
0.000573758
0.000576882
0.000580104
0.000583429
0.000586861
0.000590405
0.000594065
0.000597847
0.000601756
0.000605797
0.000609975
0.000614297
0.000618768
0.000623394
0.000628183
0.00063314
0.000638272
0.000643588
0.000649095
0.000654801
0.000660715
0.000666847
0.000673207
0.000679806
0.000686655
0.000693769
0.000701161
0.000708848
0.000716848
0.000725182
0.000733873
0.000742947
0.000752433
0.000762364
0.000772775
0.000783702
0.000795178
0.000807233
0.000819879
0.000833107
0.000846867
0.000861057
0.000875486
0.000889904
0.000904014
0.000917244
0.000928635
0.00093652
0.000467029
0.000468598
0.000470427
0.000472275
0.000474095
0.00047588
0.000477631
0.000479348
0.000481035
0.000482693
0.000484323
0.000485929
0.000487513
0.000489076
0.000490621
0.000492149
0.000493664
0.000495167
0.000496659
0.000498145
0.000499624
0.000501101
0.000502576
0.000504052
0.00050553
0.000507014
0.000508505
0.000510006
0.000511518
0.000513044
0.000514585
0.000516145
0.000517724
0.000519327
0.000520954
0.000522608
0.000524291
0.000526007
0.000527756
0.000529542
0.000531367
0.000533234
0.000535145
0.000537103
0.00053911
0.00054117
0.000543285
0.000545458
0.000547692
0.00054999
0.000552356
0.000554792
0.000557301
0.000559888
0.000562556
0.000565308
0.000568148
0.000571081
0.000574109
0.000577237
0.000580469
0.000583811
0.000587265
0.000590839
0.000594535
0.00059836
0.000602319
0.000606418
0.000610663
0.00061506
0.000619617
0.00062434
0.000629237
0.000634318
0.000639591
0.000645068
0.000650758
0.000656677
0.000662837
0.000669257
0.000675954
0.000682953
0.000690278
0.00069796
0.000706034
0.000714541
0.000723529
0.000733052
0.000743167
0.000753936
0.000765417
0.000777663
0.000790706
0.000804555
0.00081915
0.000834242
0.000849535
0.000864375
0.000877466
0.000886384
0.000464196
0.000465652
0.000467334
0.000469023
0.000470679
0.000472296
0.000473874
0.000475416
0.000476923
0.000478397
0.00047984
0.000481254
0.00048264
0.000484002
0.000485341
0.000486658
0.000487956
0.000489237
0.000490503
0.000491755
0.000492996
0.000494227
0.00049545
0.000496667
0.00049788
0.000499091
0.000500302
0.000501514
0.000502729
0.00050395
0.000505177
0.000506414
0.000507661
0.000508921
0.000510195
0.000511485
0.000512794
0.000514123
0.000515474
0.000516849
0.00051825
0.000519679
0.000521139
0.00052263
0.000524156
0.000525719
0.00052732
0.000528962
0.000530648
0.000532379
0.000534158
0.000535988
0.000537871
0.000539809
0.000541806
0.000543864
0.000545986
0.000548174
0.000550432
0.000552763
0.000555169
0.000557654
0.000560222
0.000562877
0.000565621
0.000568459
0.000571395
0.000574433
0.000577577
0.000580833
0.000584206
0.000587701
0.000591325
0.000595085
0.000598988
0.000603042
0.000607257
0.000611645
0.000616218
0.000620991
0.000625981
0.000631209
0.000636699
0.00064248
0.000648586
0.000655058
0.000661946
0.000669309
0.000677216
0.000685743
0.000694978
0.000705018
0.000715966
0.000727939
0.000741049
0.000755125
0.000769884
0.00078473
0.000798194
0.000807341
0.00046068
0.000462017
0.000463548
0.000465075
0.000466563
0.000468007
0.000469408
0.000470768
0.000472089
0.000473371
0.000474618
0.00047583
0.00047701
0.00047816
0.000479281
0.000480374
0.000481443
0.000482487
0.00048351
0.000484513
0.000485497
0.000486464
0.000487415
0.000488353
0.000489278
0.000490193
0.000491099
0.000491996
0.000492888
0.000493775
0.000494658
0.00049554
0.000496421
0.000497304
0.000498189
0.000499078
0.000499972
0.000500873
0.000501782
0.000502701
0.00050363
0.000504573
0.000505529
0.0005065
0.000507489
0.000508496
0.000509522
0.00051057
0.000511641
0.000512736
0.000513857
0.000515005
0.000516183
0.000517391
0.000518632
0.000519907
0.000521217
0.000522565
0.000523952
0.00052538
0.00052685
0.000528365
0.000529926
0.000531536
0.000533196
0.000534909
0.000536677
0.000538503
0.000540388
0.000542336
0.00054435
0.000546432
0.000548588
0.000550819
0.000553133
0.000555533
0.000558026
0.000560619
0.000563322
0.000566145
0.000569099
0.0005722
0.000575465
0.000578915
0.000582575
0.000586474
0.000590648
0.000595145
0.00060002
0.000605337
0.000611172
0.000617619
0.000624792
0.000632836
0.00064195
0.000652355
0.000663565
0.000675303
0.000686356
0.000694036
0.000456558
0.000457775
0.000459158
0.000460527
0.000461851
0.000463127
0.000464355
0.000465536
0.000466672
0.000467765
0.000468816
0.000469828
0.000470801
0.000471738
0.000472639
0.000473507
0.000474343
0.000475148
0.000475923
0.000476672
0.000477393
0.00047809
0.000478762
0.000479413
0.000480042
0.000480651
0.000481241
0.000481813
0.000482369
0.000482909
0.000483435
0.000483947
0.000484447
0.000484936
0.000485414
0.000485883
0.000486343
0.000486795
0.000487241
0.00048768
0.000488114
0.000488545
0.000488971
0.000489395
0.000489817
0.000490237
0.000490657
0.000491077
0.000491498
0.000491921
0.000492346
0.000492774
0.000493205
0.00049364
0.00049408
0.000494524
0.000494975
0.000495431
0.000495894
0.000496364
0.00049684
0.000497324
0.000497815
0.000498314
0.000498821
0.000499337
0.000499861
0.000500395
0.000500937
0.000501488
0.000502049
0.00050262
0.000503202
0.000503795
0.000504401
0.000505021
0.000505656
0.00050631
0.000506985
0.000507687
0.00050842
0.000509191
0.000510008
0.00051088
0.000511817
0.000512829
0.000513921
0.000515118
0.000516441
0.000517911
0.000519554
0.000521407
0.00052352
0.000525962
0.000528838
0.00053229
0.000536424
0.000541022
0.000545647
0.000549133
0.000451963
0.000453064
0.00045431
0.000455533
0.000456706
0.000457825
0.000458891
0.000459905
0.000460868
0.000461782
0.000462648
0.000463469
0.000464245
0.000464978
0.000465669
0.000466319
0.00046693
0.000467504
0.00046804
0.000468541
0.000469007
0.000469439
0.000469839
0.000470207
0.000470545
0.000470853
0.000471133
0.000471384
0.000471608
0.000471805
0.000471976
0.000472122
0.000472243
0.00047234
0.000472413
0.000472463
0.00047249
0.000472495
0.000472478
0.000472438
0.000472378
0.000472295
0.000472192
0.000472067
0.000471921
0.000471754
0.000471566
0.000471357
0.000471127
0.000470875
0.000470601
0.000470306
0.000469988
0.000469647
0.000469282
0.000468894
0.000468481
0.000468042
0.000467577
0.000467086
0.000466565
0.000466017
0.000465437
0.000464827
0.000464182
0.000463503
0.000462787
0.000462031
0.000461235
0.000460396
0.000459511
0.000458577
0.000457593
0.000456555
0.000455461
0.000454306
0.000453089
0.000451806
0.000450453
0.000449027
0.000447526
0.000445945
0.000444282
0.000442533
0.000440696
0.000438769
0.000436754
0.000434634
0.000432389
0.000429988
0.000427381
0.000424539
0.000421419
0.000417991
0.000414213
0.000410034
0.000405409
0.000400393
0.000395459
0.000391891
0.000447075
0.000448073
0.000449198
0.000450294
0.000451334
0.000452315
0.000453236
0.0004541
0.000454908
0.000455661
0.00045636
0.000457007
0.000457604
0.000458151
0.000458649
0.0004591
0.000459504
0.000459863
0.000460177
0.000460448
0.000460676
0.000460863
0.000461008
0.000461112
0.000461177
0.000461203
0.00046119
0.000461138
0.000461049
0.000460922
0.000460758
0.000460557
0.000460319
0.000460044
0.000459733
0.000459386
0.000459001
0.00045858
0.000458122
0.000457627
0.000457094
0.000456524
0.000455915
0.000455267
0.00045458
0.000453853
0.000453085
0.000452275
0.000451424
0.000450528
0.000449588
0.000448603
0.000447571
0.00044649
0.00044536
0.000444178
0.000442943
0.000441654
0.000440307
0.000438902
0.000437435
0.000435905
0.000434309
0.000432643
0.000430905
0.000429091
0.000427198
0.000425221
0.000423157
0.000421002
0.000418749
0.000416395
0.000413933
0.000411359
0.000408664
0.000405843
0.000402887
0.00039979
0.000396542
0.000393134
0.000389557
0.000385798
0.000381847
0.000377689
0.000373311
0.000368693
0.000363814
0.000358645
0.00035315
0.000347287
0.000341013
0.000334216
0.000326748
0.00031856
0.000309589
0.000299785
0.000289213
0.000278266
0.000268082
0.000261125
0.00044209
0.000443
0.000444024
0.000445014
0.000445943
0.000446806
0.000447606
0.000448342
0.000449017
0.000449632
0.000450187
0.000450684
0.000451125
0.000451509
0.000451839
0.000452114
0.000452337
0.000452506
0.000452625
0.000452692
0.000452709
0.000452676
0.000452594
0.000452463
0.000452283
0.000452056
0.00045178
0.000451456
0.000451085
0.000450667
0.0004502
0.000449686
0.000449124
0.000448514
0.000447855
0.000447147
0.00044639
0.000445583
0.000444725
0.000443816
0.000442855
0.000441842
0.000440774
0.000439651
0.000438472
0.000437236
0.000435942
0.000434587
0.00043317
0.00043169
0.000430146
0.000428534
0.000426853
0.000425101
0.000423275
0.000421374
0.000419394
0.000417333
0.000415187
0.000412954
0.00041063
0.000408211
0.000405695
0.000403076
0.00040035
0.000397512
0.000394558
0.000391481
0.000388276
0.000384938
0.000381458
0.000377831
0.000374048
0.000370101
0.000365981
0.000361678
0.000357183
0.000352483
0.000347568
0.000342423
0.000337036
0.00033139
0.000325468
0.000319253
0.000312723
0.000305853
0.000298615
0.000290976
0.000282898
0.000274335
0.000265238
0.000255536
0.000245157
0.000233951
0.000221947
0.000209186
0.00019588
0.000182605
0.000170668
0.000162634
0.000437203
0.000438041
0.000438985
0.00043989
0.00044073
0.0004415
0.000442201
0.000442834
0.000443401
0.000443902
0.000444339
0.000444712
0.000445023
0.000445273
0.000445462
0.00044559
0.00044566
0.000445671
0.000445624
0.000445519
0.000445357
0.000445138
0.000444862
0.000444531
0.000444143
0.000443699
0.000443199
0.000442643
0.000442031
0.000441362
0.000440636
0.000439853
0.000439013
0.000438114
0.000437156
0.000436139
0.000435061
0.000433922
0.000432721
0.000431456
0.000430126
0.000428731
0.000427268
0.000425736
0.000424134
0.00042246
0.000420712
0.000418887
0.000416985
0.000415002
0.000412936
0.000410786
0.000408547
0.000406218
0.000403795
0.000401275
0.000398656
0.000395932
0.000393101
0.000390158
0.0003871
0.000383921
0.000380617
0.000377184
0.000373614
0.000369904
0.000366046
0.000362034
0.000357861
0.00035352
0.000349003
0.000344302
0.000339406
0.000334308
0.000328996
0.000323459
0.000317686
0.000311664
0.00030538
0.00029882
0.000291968
0.000284809
0.000277325
0.000269499
0.000261309
0.000252734
0.000243751
0.000234335
0.000224462
0.000214104
0.000203241
0.000191856
0.000179945
0.000167439
0.000154404
0.000140976
0.000127451
0.000114418
0.000103002
9.52671e-05
0.000432599
0.00043338
0.000434264
0.000435106
0.000435878
0.000436577
0.000437203
0.000437757
0.00043824
0.000438653
0.000438997
0.000439273
0.000439482
0.000439625
0.000439702
0.000439714
0.000439661
0.000439545
0.000439365
0.000439121
0.000438815
0.000438446
0.000438014
0.00043752
0.000436963
0.000436344
0.000435662
0.000434917
0.000434108
0.000433236
0.000432299
0.000431298
0.00043023
0.000429097
0.000427896
0.000426626
0.000425288
0.000423879
0.000422398
0.000420844
0.000419215
0.00041751
0.000415726
0.000413863
0.000411918
0.000409889
0.000407774
0.00040557
0.000403275
0.000400886
0.0003984
0.000395815
0.000393127
0.000390334
0.00038743
0.000384414
0.00038128
0.000378026
0.000374645
0.000371135
0.000367489
0.000363704
0.000359773
0.000355691
0.000351452
0.00034705
0.000342477
0.000337727
0.000332792
0.000327664
0.000322335
0.000316795
0.000311035
0.000305046
0.000298816
0.000292335
0.00028559
0.00027857
0.000271261
0.00026365
0.000255725
0.00024747
0.000238872
0.000229916
0.000220589
0.000210876
0.000200766
0.000190251
0.000179324
0.000167991
0.000156266
0.000144184
0.000131805
0.000119213
0.000106445
9.37088e-05
8.13136e-05
6.97664e-05
5.9886e-05
5.30748e-05
0.000428447
0.000429186
0.000430025
0.000430822
0.000431548
0.000432197
0.000432769
0.000433266
0.000433689
0.000434037
0.000434313
0.000434518
0.000434651
0.000434714
0.000434707
0.00043463
0.000434485
0.000434272
0.00043399
0.000433641
0.000433224
0.00043274
0.000432188
0.000431569
0.000430882
0.000430128
0.000429305
0.000428414
0.000427454
0.000426425
0.000425325
0.000424154
0.000422912
0.000421598
0.000420209
0.000418746
0.000417207
0.00041559
0.000413895
0.000412119
0.000410261
0.00040832
0.000406292
0.000404176
0.000401971
0.000399673
0.00039728
0.000394789
0.000392198
0.000389504
0.000386704
0.000383794
0.000380771
0.000377631
0.000374371
0.000370986
0.000367473
0.000363827
0.000360043
0.000356117
0.000352042
0.000347815
0.000343429
0.000338877
0.000334155
0.000329255
0.000324171
0.000318894
0.000313418
0.000307734
0.000301834
0.000295708
0.000289349
0.000282745
0.000275887
0.000268765
0.000261367
0.000253682
0.000245701
0.00023741
0.0002288
0.00021986
0.00021058
0.000200951
0.000190966
0.000180623
0.000169919
0.000158862
0.000147466
0.000135759
0.000123789
0.000111631
9.93956e-05
8.72344e-05
7.52342e-05
6.36022e-05
5.26298e-05
4.27269e-05
3.44524e-05
2.86503e-05
0.000424894
0.000425601
0.000426412
0.000427181
0.000427877
0.000428495
0.000429033
0.000429493
0.000429875
0.000430181
0.000430411
0.000430567
0.000430648
0.000430655
0.00043059
0.000430452
0.000430241
0.000429959
0.000429605
0.000429181
0.000428684
0.000428117
0.000427479
0.000426769
0.000425988
0.000425135
0.000424211
0.000423213
0.000422143
0.000420999
0.000419781
0.000418488
0.000417118
0.000415672
0.000414147
0.000412543
0.000410859
0.000409092
0.000407242
0.000405306
0.000403284
0.000401172
0.00039897
0.000396674
0.000394283
0.000391794
0.000389205
0.000386512
0.000383714
0.000380807
0.000377787
0.000374652
0.000371398
0.000368021
0.000364518
0.000360883
0.000357114
0.000353205
0.000349152
0.00034495
0.000340594
0.000336077
0.000331396
0.000326543
0.000321512
0.000316297
0.000310891
0.000305288
0.000299478
0.000293456
0.000287212
0.000280738
0.000274026
0.000267067
0.000259851
0.000252369
0.000244612
0.000236571
0.000228236
0.000219598
0.00021065
0.000201384
0.000191795
0.000181879
0.000171635
0.000161065
0.000150178
0.000138989
0.000127525
0.000115826
0.000103957
9.20078e-05
8.01075e-05
6.8427e-05
5.71246e-05
4.63704e-05
3.6439e-05
2.76848e-05
2.05284e-05
1.54779e-05
0.000422069
0.000422754
0.000423547
0.000424302
0.000424984
0.000425586
0.000426106
0.000426546
0.000426906
0.000427188
0.000427391
0.000427518
0.000427567
0.000427541
0.000427439
0.000427262
0.000427011
0.000426685
0.000426285
0.000425811
0.000425263
0.000424641
0.000423946
0.000423177
0.000422333
0.000421415
0.000420423
0.000419355
0.000418211
0.00041699
0.000415693
0.000414317
0.000412862
0.000411328
0.000409712
0.000408014
0.000406232
0.000404365
0.000402412
0.00040037
0.000398237
0.000396013
0.000393695
0.00039128
0.000388767
0.000386153
0.000383436
0.000380612
0.000377679
0.000374635
0.000371475
0.000368197
0.000364797
0.000361271
0.000357616
0.000353828
0.000349902
0.000345834
0.000341619
0.000337253
0.000332731
0.000328048
0.000323197
0.000318174
0.000312972
0.000307586
0.000302009
0.000296234
0.000290254
0.000284063
0.000277653
0.000271017
0.000264146
0.000257033
0.00024967
0.000242049
0.000234162
0.000226002
0.00021756
0.000208832
0.00019981
0.00019049
0.000180871
0.00017095
0.000160732
0.000150221
0.000139431
0.000128379
0.000117095
0.00010562
9.40165e-05
8.23709e-05
7.08018e-05
5.94612e-05
4.85409e-05
3.8195e-05
2.86793e-05
2.0339e-05
1.35847e-05
8.83361e-06
0.000420083
0.000420752
0.000421537
0.000422289
0.000422967
0.000423565
0.00042408
0.000424513
0.000424866
0.000425137
0.00042533
0.000425443
0.000425478
0.000425436
0.000425316
0.00042512
0.000424847
0.000424498
0.000424074
0.000423574
0.000422998
0.000422347
0.00042162
0.000420817
0.000419939
0.000418984
0.000417953
0.000416845
0.000415659
0.000414395
0.000413052
0.000411629
0.000410125
0.000408539
0.000406871
0.000405118
0.00040328
0.000401355
0.000399341
0.000397238
0.000395042
0.000392753
0.000390368
0.000387885
0.000385302
0.000382617
0.000379827
0.000376929
0.00037392
0.000370799
0.000367561
0.000364203
0.000360723
0.000357116
0.000353379
0.000349508
0.000345499
0.000341348
0.00033705
0.000332602
0.000327997
0.000323231
0.0003183
0.000313197
0.000307917
0.000302455
0.000296805
0.00029096
0.000284914
0.000278662
0.000272196
0.000265509
0.000258596
0.000251449
0.000244061
0.000236426
0.000228537
0.000220389
0.000211976
0.000203292
0.000194335
0.000185103
0.000175593
0.000165808
0.000155754
0.000145436
0.00013487
0.000124072
0.000113069
0.000101897
9.06059e-05
7.92664e-05
6.79741e-05
5.68532e-05
4.60667e-05
3.57729e-05
2.61993e-05
1.76853e-05
1.06947e-05
5.73103e-06
0.000419034
0.000419693
0.000420476
0.00042123
0.000421912
0.000422512
0.00042303
0.000423465
0.000423818
0.00042409
0.000424281
0.000424393
0.000424426
0.00042438
0.000424256
0.000424054
0.000423776
0.00042342
0.000422988
0.000422479
0.000421894
0.000421233
0.000420495
0.000419681
0.000418789
0.000417821
0.000416775
0.000415652
0.00041445
0.000413169
0.000411807
0.000410366
0.000408842
0.000407237
0.000405547
0.000403773
0.000401912
0.000399963
0.000397926
0.000395798
0.000393577
0.000391261
0.00038885
0.000386339
0.000383729
0.000381015
0.000378195
0.000375268
0.00037223
0.000369078
0.00036581
0.000362422
0.000358911
0.000355273
0.000351505
0.000347604
0.000343565
0.000339384
0.000335057
0.00033058
0.000325947
0.000321156
0.000316199
0.000311073
0.000305772
0.000300291
0.000294624
0.000288764
0.000282708
0.000276448
0.000269978
0.000263293
0.000256386
0.000249252
0.000241883
0.000234275
0.000226421
0.000218317
0.000209957
0.000201339
0.000192459
0.000183317
0.000173911
0.000164246
0.000154326
0.00014416
0.000133761
0.000123145
0.000112337
0.000101364
9.02654e-05
7.90925e-05
6.79257e-05
5.68883e-05
4.61351e-05
3.58231e-05
2.61424e-05
1.73766e-05
9.96883e-06
4.51286e-06
0.000997957
0.000997956
0.000997451
0.000996742
0.000995905
0.000994961
0.000993916
0.000992764
0.000991492
0.00099008
0.000988498
0.000986708
0.000984659
0.000982295
0.000979555
0.000976387
0.000972782
0.000968832
0.000964871
0.000961791
0.000996029
0.000995858
0.000994971
0.000993767
0.000992374
0.000990836
0.000989167
0.000987361
0.000985402
0.000983259
0.00098089
0.000978237
0.000975229
0.000971785
0.000967822
0.000963281
0.000958164
0.000952638
0.000947228
0.000943201
0.000992062
0.000991452
0.000989944
0.000988004
0.000985805
0.00098342
0.000980875
0.00097817
0.000975283
0.000972173
0.000968779
0.000965022
0.000960805
0.000956018
0.000950558
0.000944354
0.000937433
0.000930054
0.000922957
0.000917834
0.000983849
0.000982544
0.000980128
0.000977176
0.000973904
0.000970414
0.000966748
0.000962911
0.000958878
0.000954596
0.000949984
0.000944935
0.000939324
0.000933012
0.00092587
0.000917822
0.00090893
0.000899567
0.000890722
0.000884549
0.000967685
0.000965466
0.000961897
0.000957703
0.000953156
0.000948383
0.000943443
0.000938348
0.000933067
0.000927537
0.000921653
0.000915281
0.000908264
0.000900433
0.000891637
0.000881799
0.000871032
0.000859845
0.000849492
0.000842526
0.00093795
0.000934739
0.000929956
0.000924488
0.000918672
0.000912662
0.000906529
0.00090029
0.000893911
0.000887316
0.000880378
0.000872938
0.000864812
0.000855801
0.000845736
0.000834551
0.000822424
0.000810011
0.000798821
0.000791553
0.000887261
0.000883276
0.000877585
0.000871204
0.000864522
0.000857715
0.000850866
0.000843992
0.00083706
0.000829977
0.000822601
0.00081476
0.000806255
0.000796867
0.000786418
0.000774859
0.000762443
0.000749971
0.000739122
0.000732346
0.000807823
0.000803695
0.000797918
0.000791525
0.000784919
0.000778286
0.00077171
0.000765208
0.000758734
0.000752186
0.000745436
0.000738326
0.000730659
0.00072222
0.000712832
0.00070247
0.000691449
0.000680668
0.000671744
0.000666494
0.000694466
0.00069122
0.000686685
0.000681713
0.000676645
0.000671647
0.000666782
0.000662052
0.000657399
0.000652753
0.000648034
0.00064313
0.000637885
0.00063213
0.000625705
0.000618608
0.000611153
0.00060414
0.000598738
0.000595878
0.000549629
0.000548404
0.000546645
0.000544742
0.000542852
0.000541064
0.000539395
0.00053784
0.000536386
0.000535029
0.000533739
0.000532488
0.000531207
0.000529843
0.000528316
0.000526625
0.000524901
0.000523451
0.000522641
0.000522484
0.000391585
0.00039298
0.000394959
0.000397155
0.000399431
0.000401721
0.000404035
0.000406404
0.000408863
0.000411451
0.000414204
0.000417185
0.000420469
0.000424144
0.000428296
0.000432898
0.000437718
0.00044233
0.000446214
0.000448724
0.000260891
0.000263978
0.000268296
0.000273088
0.000278064
0.000283093
0.000288134
0.000293196
0.000298351
0.000303688
0.000309296
0.000315297
0.00032185
0.000329118
0.000337235
0.000346176
0.0003556
0.000364681
0.000372184
0.000376838
0.000162291
0.000166006
0.000171229
0.000177065
0.000183174
0.000189407
0.000195706
0.000202067
0.000208547
0.000215245
0.000222296
0.000229854
0.000238108
0.000247253
0.000257441
0.000268671
0.000280624
0.000292422
0.00030244
0.0003087
9.45188e-05
9.79918e-05
0.00010299
0.000108643
0.000114628
0.0001208
0.000127103
0.000133532
0.00014013
0.000146987
0.000154242
0.000162056
0.000170617
0.000180119
0.000190722
0.000202457
0.000215072
0.000227791
0.000238967
0.000246089
5.1815e-05
5.45474e-05
5.86657e-05
6.3416e-05
6.8518e-05
7.38483e-05
7.93549e-05
8.50346e-05
9.09251e-05
9.71037e-05
0.00010369
0.000110833
0.000118702
0.000127476
0.000137309
0.000148254
0.000160137
0.00017233
0.000183375
0.000190595
2.69629e-05
2.88138e-05
3.18427e-05
3.5438e-05
3.93712e-05
4.35408e-05
4.79047e-05
5.24609e-05
5.72422e-05
6.23133e-05
6.77712e-05
7.3741e-05
8.03673e-05
8.78039e-05
9.61891e-05
0.00010559
0.000115899
0.000126637
0.000136614
0.000143386
1.35104e-05
1.45746e-05
1.66025e-05
1.91094e-05
2.19119e-05
2.493e-05
2.8133e-05
3.15222e-05
3.51251e-05
3.89936e-05
4.32036e-05
4.78537e-05
5.30607e-05
5.89511e-05
6.56427e-05
7.32057e-05
8.15805e-05
9.04211e-05
9.88029e-05
0.000104707
6.68066e-06
7.15726e-06
8.41192e-06
1.00488e-05
1.19206e-05
1.39689e-05
1.61754e-05
1.85448e-05
2.10998e-05
2.38799e-05
2.6942e-05
3.03601e-05
3.42238e-05
3.86325e-05
4.36826e-05
4.94388e-05
5.58755e-05
6.27541e-05
6.93892e-05
7.42115e-05
3.37133e-06
3.48294e-06
4.21587e-06
5.22764e-06
6.40897e-06
7.72398e-06
9.16456e-06
1.07372e-05
1.24595e-05
1.436e-05
1.64794e-05
1.88708e-05
2.15994e-05
2.47397e-05
2.8367e-05
3.25377e-05
3.72478e-05
4.23444e-05
4.73444e-05
5.10788e-05
1.74788e-06
1.72588e-06
2.14176e-06
2.73637e-06
3.44522e-06
4.25045e-06
5.14989e-06
6.14959e-06
7.26228e-06
8.50765e-06
9.91323e-06
1.15152e-05
1.33587e-05
1.54965e-05
1.79841e-05
2.08674e-05
2.41564e-05
2.77667e-05
3.13909e-05
3.42112e-05
0.001
0.001
0.001
0.001
0.001
0.001
0.001
0.001
0.001
0.001
0.001
0.001
0.001
0.001
0.001
0.001
0.001
0.001
0.001
0.001
0.001
0.001
0.001
0.001
0.001
0.001
0.001
0.001
0.001
0.001
0.001
0.001
0.001
0.001
0.001
0.001
0.001
0.001
0.001
0.001
0.001
0.001
0.001
0.001
0.001
0.001
0.001
0.001
0.001
0.001
0.001
0.001
0.001
0.001
0.001
0.001
0.001
0.001
0.001
0.001
0.001
0.001
0.001
0.001
0.001
0.001
0.001
0.001
0.001
0.001
0.001
0.001
0.001
0.001
0.001
0.001
0.001
0.001
0.001
0.001
0.001
0.001
0.001
0.001
0.001
0.001
0.001
0.001
0.001
0.001
0.001
0.001
0.001
0.001
0.001
0.001
0.001
0.001
0.001
0.001
0.001
0.001
0.001
0.001
0.001
0.001
0.001
0.001
0.001
0.001
0.001
0.001
0.001
0.001
0.001
0.001
0.001
0.001
0.001
0.001
0.001
0.001
0.001
0.001
0.001
0.001
0.001
0.001
0.001
0.001
0.001
0.001
0.001
0.001
0.001
0.001
0.001
0.001
0.001
0.001
0.001
0.001
0.001
0.001
0.001
0.001
0.001
0.001
0.001
0.001
0.001
0.001
0.001
0.001
0.001
0.001
0.001
0.001
0.001
0.001
0.001
0.001
0.001
0.001
0.001
0.001
0.001
0.001
0.001
0.001
0.001
0.001
0.001
0.001
0.001
0.001
0.001
0.001
0.001
0.001
0.001
0.001
0.001
0.001
0.001
0.001
0.001
0.001
0.001
0.001
0.001
0.001
0.001
0.001
0.001
0.001
0.001
0.001
0.001
0.001
0.001
0.001
0.001
0.001
0.001
0.001
0.001
0.001
0.001
0.001
0.001
0.001
0.001
0.001
0.001
0.001
0.001
0.001
0.001
0.001
0.001
0.001
0.001
0.001
0.001
0.001
0.001
0.001
0.001
0.001
0.001
0.001
0.001
0.001
0.001
0.001
0.001
0.001
0.001
0.001
0.001
0.001
0.001
0.001
0.001
0.001
0.001
0.001
0.001
0.001
0.001
0.001
0.001
0.001
0.001
0.001
0.001
0.001
0.001
0.001
0.001
0.001
0.001
0.001
0.001
0.001
0.001
0.001
0.001
0.001
0.001
0.001
0.001
0.001
0.001
0.001
0.001
0.001
0.001
0.001
0.001
0.001
0.001
0.001
0.001
0.001
0.001
0.001
0.001
0.001
0.001
0.001
0.001
0.001
0.001
0.001
0.001
0.001
0.001
0.001
0.001
0.001
0.001
0.001
0.001
0.001
0.001
0.001
0.001
0.001
0.001
0.001
0.001
0.001
0.001
0.001
0.001
0.001
0.001
0.001
0.001
0.001
0.001
0.001
0.001
0.001
0.001
0.001
0.001
0.001
0.001
0.001
0.001
0.001
0.001
0.001
0.001
0.001
0.001
0.001
0.001
0.001
0.001
0.001
0.001
0.001
0.001
0.001
0.001
0.001
0.001
0.001
0.001
0.001
0.001
0.001
0.001
0.001
0.001
0.001
0.001
0.001
0.001
0.001
0.001
0.001
0.001
0.001
0.001
0.001
0.001
0.001
0.001
0.001
0.001
0.001
0.001
0.001
0.001
0.001
0.001
0.001
0.001
0.001
0.001
0.001
0.001
0.001
0.001
0.001
0.001
0.001
0.001
0.001
0.001
0.001
0.001
0.001
0.001
0.001
0.001
0.001
0.001
0.001
0.001
0.001
0.001
0.001
0.001
0.001
0.001
0.001
0.001
0.001
0.001
0.001
0.001
0.001
0.001
0.001
0.001
0.001
0.001
0.001
0.001
0.001
0.001
0.001
0.001
0.001
0.001
0.001
0.001
0.001
0.001
0.001
0.001
0.001
0.001
0.001
0.001
0.001
0.001
0.001
0.001
0.001
0.001
0.001
0.001
0.001
0.001
0.001
0.001
0.001
0.001
0.001
0.001
0.001
0.001
0.001
0.001
0.001
0.001
0.001
0.001
0.001
0.001
0.001
0.001
0.001
0.001
0.001
0.001
0.001
0.001
0.001
0.001
0.001
0.001
0.001
0.001
0.001
0.001
0.001
0.001
0.001
0.001
0.001
0.001
0.001
0.001
0.001
0.001
0.001
0.001
0.001
0.001
0.001
0.001
0.001
0.001
0.001
0.001
0.001
0.001
0.001
0.001
0.001
0.001
0.001
0.001
0.001
0.001
0.001
0.001
0.001
0.001
0.001
0.001
0.001
0.001
0.001
0.001
0.001
0.001
0.001
0.001
0.001
0.001
0.001
0.001
0.001
0.001
0.001
0.001
0.001
0.001
0.001
0.001
0.001
0.001
0.001
0.001
0.001
0.001
0.001
0.001
0.001
0.001
0.001
0.001
0.001
0.001
0.001
0.001
0.001
0.001
0.001
0.001
0.001
0.001
0.001
0.001
0.001
0.001
0.001
0.001
0.001
0.001
0.001
0.001
0.001
0.001
0.001
0.001
0.001
0.001
0.001
0.001
0.001
0.001
0.001
0.001
0.001
0.001
0.001
0.001
0.001
0.001
0.001
0.001
0.001
0.001
0.001
0.001
0.001
0.001
0.001
0.001
0.001
0.001
0.001
0.001
0.001
0.001
0.001
0.001
0.001
0.001
0.001
0.001
0.001
0.001
0.001
0.001
0.001
0.001
0.001
0.001
0.001
0.001
0.001
0.001
0.001
0.001
0.001
0.001
0.001
0.001
0.001
0.001
0.001
0.001
0.001
0.001
0.001
0.001
0.001
0.001
0.001
0.001
0.001
0.001
0.001
0.001
0.001
0.001
0.001
0.001
0.001
0.001
0.001
0.001
0.001
0.001
0.001
0.001
0.001
0.001
0.001
0.001
0.001
0.001
0.001
0.001
0.001
0.001
0.001
0.001
0.001
0.001
0.001
0.001
0.001
0.001
0.001
0.001
0.001
0.001
0.001
0.001
0.001
0.001
0.001
0.001
0.001
0.001
0.001
0.001
0.001
0.001
0.001
0.001
0.001
0.001
0.001
0.001
0.001
0.001
0.001
0.001
0.001
0.001
0.001
0.001
0.001
0.001
0.001
0.001
0.001
0.001
0.001
0.001
0.001
0.001
0.001
0.001
0.001
0.001
0.001
0.001
0.001
0.001
0.001
0.001
0.001
0.001
0.001
0.001
0.001
0.001
0.001
0.001
0.001
0.001
0.001
0.001
0.001
0.001
0.001
0.001
0.001
0.001
0.001
0.001
0.001
0.001
0.001
0.001
0.001
0.001
0.001
0.001
0.001
0.001
0.001
0.001
0.001
0.001
0.001
0.001
0.001
0.001
0.001
0.001
0.001
0.001
0.001
0.001
0.001
0.001
0.001
0.001
0.001
0.001
0.001
0.001
0.001
0.001
0.001
0.001
0.001
0.001
0.001
0.001
0.001
0.001
0.001
0.001
0.001
0.001
0.001
0.001
0.001
0.001
0.001
0.001
0.001
0.001
0.001
0.001
0.001
0.001
0.001
0.001
0.001
0.001
0.001
0.001
0.001
0.001
0.001
0.001
0.001
0.001
0.001
0.001
0.001
0.001
0.001
0.001
0.001
0.001
0.001
0.001
0.001
0.001
0.001
0.001
0.001
0.001
0.001
0.001
0.001
0.001
0.001
0.001
0.001
0.001
0.001
0.001
0.001
0.001
0.001
0.001
0.001
0.001
0.001
0.001
0.001
0.001
0.001
0.001
0.001
0.001
0.001
0.001
0.001
0.001
0.001
0.001
0.001
0.001
0.001
0.001
0.001
0.001
0.001
0.001
0.001
0.001
0.001
0.001
0.001
0.001
0.001
0.001
0.001
0.001
0.001
0.001
0.001
0.001
0.001
0.001
0.001
0.001
0.001
0.001
0.001
0.001
0.001
0.001
0.001
0.001
0.001
0.001
0.001
0.001
0.001
0.001
0.001
0.001
0.001
0.001
0.001
0.001
0.001
0.001
0.001
0.001
0.001
0.001
0.001
0.001
0.001
0.001
0.001
0.001
0.001
0.001
0.001
0.001
0.001
0.001
0.001
0.001
0.001
0.001
0.001
0.001
0.001
0.001
0.001
0.001
0.001
0.001
0.001
0.001
0.001
0.001
0.001
0.001
0.001
0.001
0.001
0.001
0.001
0.001
0.001
0.001
0.001
0.001
0.001
0.001
0.001
0.001
0.001
0.001
0.001
0.001
0.001
0.001
0.001
0.001
0.001
0.001
0.001
0.001
0.001
0.001
0.001
0.001
0.001
0.001
0.001
0.001
0.001
0.001
0.001
0.001
0.001
0.001
0.001
0.001
0.001
0.001
0.001
0.001
0.001
0.001
0.001
0.001
0.001
0.001
0.001
0.001
0.001
0.001
0.001
0.001
0.001
0.001
0.001
0.001
0.001
0.001
0.001
0.001
0.001
0.001
0.001
0.001
0.001
0.001
0.001
0.001
0.001
0.001
0.001
0.001
0.001
0.001
0.001
0.001
0.001
0.001
0.001
0.001
0.001
0.001
0.001
0.001
0.001
0.001
0.001
0.001
0.001
0.001
0.001
0.001
0.001
0.001
0.001
0.001
0.001
0.001
0.001
0.001
0.001
0.001
0.001
0.001
0.001
0.001
0.001
0.001
0.001
0.001
0.001
0.001
0.001
0.001
0.001
0.001
0.001
0.001
0.001
0.001
0.001
0.001
0.001
0.001
0.001
0.001
0.001
0.001
0.001
0.001
0.001
0.001
0.001
0.001
0.001
0.001
0.001
0.001
0.001
0.001
0.001
0.001
0.001
0.001
0.001
0.001
0.001
0.001
0.001
0.001
0.001
0.001
0.001
0.001
0.001
0.001
0.001
0.001
0.001
0.001
0.001
0.001
0.001
0.001
0.001
0.001
0.001
0.001
0.001
0.001
0.001
0.001
0.001
0.001
0.001
0.001
0.001
0.001
0.001
0.001
0.001
0.001
0.001
0.001
0.001
0.001
0.001
0.001
0.001
0.001
0.001
0.001
0.001
0.001
0.001
0.001
0.001
0.001
0.001
0.001
0.001
0.001
0.001
0.001
0.001
0.001
0.001
0.001
0.001
0.001
0.001
0.001
0.001
0.001
0.001
0.001
0.001
0.001
0.001
0.001
0.001
0.001
0.001
0.001
0.001
0.001
0.001
0.001
0.001
0.001
0.001
0.001
0.001
0.001
0.001
0.001
0.001
0.001
0.001
0.001
0.001
0.001
0.001
0.001
0.001
0.001
0.001
0.001
0.001
0.001
0.001
0.001
0.001
0.001
0.001
0.001
0.001
0.001
0.001
0.001
0.001
0.001
0.001
0.001
0.001
0.001
0.001
0.001
0.001
0.001
0.001
0.001
0.001
0.001
0.001
0.001
0.001
0.001
0.001
0.001
0.001
0.001
0.001
0.001
0.001
0.001
0.001
0.001
0.001
0.001
0.001
0.001
0.001
0.001
0.001
0.001
0.001
0.001
0.001
0.001
0.001
0.001
0.001
0.001
0.001
0.001
0.001
0.001
0.001
0.001
0.001
0.001
0.001
0.001
0.001
0.001
0.001
0.001
0.001
0.001
0.001
0.001
0.001
0.001
0.001
0.001
0.001
0.001
0.001
0.001
0.001
0.001
0.001
0.001
0.001
0.001
0.001
0.001
0.001
0.001
0.001
0.001
0.001
0.001
0.001
0.001
0.001
0.001
0.001
0.001
0.001
0.001
0.001
0.001
0.001
0.001
0.001
0.001
0.001
0.001
0.001
0.001
0.001
0.001
0.001
0.001
0.001
0.001
0.001
0.001
0.001
0.001
0.001
0.001
0.001
0.001
0.001
0.001
0.001
0.001
0.001
0.001
0.001
0.001
0.001
0.001
0.001
0.001
0.001
0.001
0.001
0.001
0.001
0.001
0.001
0.001
0.001
0.001
0.001
0.001
0.001
0.001
0.001
0.001
0.001
0.001
0.001
0.001
0.001
0.001
0.001
0.001
0.001
0.001
0.001
0.001
0.001
0.001
0.001
0.001
0.001
0.001
0.001
0.001
0.001
0.001
0.001
0.001
0.001
0.001
0.001
0.001
0.001
0.001
0.001
0.001
0.001
0.001
0.001
0.001
0.001
0.001
0.001
0.001
0.001
0.001
0.001
0.001
0.001
0.001
0.001
0.001
0.001
0.001
0.001
0.001
0.001
0.001
0.001
0.001
0.001
0.001
0.001
0.001
0.001
0.001
0.001
0.001
0.001
0.001
0.001
0.001
0.001
0.001
0.001
0.001
0.001
0.001
0.001
0.001
0.001
0.001
0.001
0.001
0.001
0.001
0.001
0.001
0.001
0.001
0.001
0.001
0.001
0.001
0.001
0.001
0.001
0.001
0.001
0.001
0.001
0.001
0.001
0.001
0.001
0.001
0.001
0.001
0.001
0.001
0.001
0.001
0.001
0.001
0.001
0.001
0.001
0.001
0.001
0.001
0.001
0.001
0.001
0.001
0.001
0.001
0.001
0.001
0.001
0.001
0.001
0.001
0.001
0.001
0.001
0.001
0.001
0.001
0.001
0.001
0.001
0.001
0.001
0.001
0.001
0.001
0.001
0.001
0.001
0.001
0.001
0.001
0.001
0.001
0.001
0.001
0.001
0.001
0.001
0.001
0.001
0.001
0.001
0.001
0.001
0.001
0.001
0.001
0.001
0.001
0.001
0.001
0.001
0.001
0.001
0.001
0.001
0.001
0.001
0.001
0.001
0.001
0.001
0.001
0.001
0.001
0.001
0.001
0.001
0.001
0.001
0.001
0.001
0.001
0.001
0.001
0.001
0.001
0.001
0.001
0.001
0.001
0.001
0.001
0.001
0.001
0.001
0.001
0.001
0.001
0.001
0.001
0.001
0.001
0.001
0.001
0.001
0.001
0.001
0.001
0.001
0.001
0.001
0.001
0.001
0.001
0.001
0.001
0.001
0.001
0.001
0.001
0.001
0.001
0.001
0.001
0.001
0.001
0.001
0.001
0.001
0.001
0.001
0.001
0.001
0.001
0.001
0.001
0.001
0.001
0.001
0.001
0.001
0.001
0.001
0.001
0.001
0.001
0.001
0.001
0.001
0.001
0.001
0.001
0.001
0.001
0.001
0.001
0.001
0.001
0.001
0.001
0.001
0.001
0.001
0.001
0.001
0.001
0.001
0.001
0.001
0.001
0.001
0.001
0.001
0.001
0.001
0.001
0.001
0.001
0.001
0.001
0.001
0.001
0.001
0.001
0.001
0.001
0.001
0.001
0.001
0.001
0.001
0.001
0.001
0.001
0.001
0.001
0.001
0.001
0.001
0.001
0.001
0.001
0.001
0.001
0.001
0.001
0.001
0.001
0.001
0.001
0.001
0.001
0.001
0.001
0.001
0.001
0.001
0.001
0.001
0.001
0.001
0.001
0.001
0.001
0.001
0.001
0.001
0.001
0.001
0.001
0.001
0.001
0.001
0.001
0.001
0.001
0.001
0.001
0.001
0.001
0.001
0.001
0.001
0.001
0.001
0.001
0.001
0.001
0.001
0.001
0.001
0.001
0.001
0.001
0.001
0.001
0.001
0.001
0.001
0.001
0.001
0.001
0.001
0.001
0.001
0.001
0.001
0.001
0.001
0.001
0.001
0.001
0.001
0.001
0.001
0.001
0.001
0.001
0.001
0.001
0.001
0.001
0.001
0.001
0.001
0.001
0.001
0.001
0.001
0.001
0.001
0.001
0.001
0.001
0.001
0.001
0.001
0.001
0.001
0.001
0.001
0.001
0.001
0.001
0.001
0.001
0.001
0.001
0.001
0.001
0.001
0.001
0.001
0.001
0.001
0.001
0.001
0.000999999
0.000999999
0.001
0.001
0.001
0.001
0.001
0.001
0.001
0.001
0.001
0.001
0.001
0.000999999
0.000999999
0.000999999
0.000999999
0.000999999
0.000999999
0.000999999
0.000999999
0.000999999
0.001
0.001
0.001
0.001
0.000999999
0.000999999
0.000999999
0.000999999
0.000999999
0.000999999
0.000999999
0.000999999
0.000999999
0.000999998
0.000999998
0.000999998
0.000999998
0.000999997
0.000999997
0.000999997
0.000999999
0.000999999
0.000999999
0.000999999
0.000999999
0.000999999
0.000999999
0.000999998
0.000999998
0.000999998
0.000999997
0.000999997
0.000999996
0.000999996
0.000999995
0.000999994
0.000999993
0.000999992
0.000999991
0.000999991
0.000999998
0.000999998
0.000999998
0.000999998
0.000999998
0.000999997
0.000999997
0.000999996
0.000999995
0.000999994
0.000999993
0.000999992
0.000999991
0.000999989
0.000999987
0.000999985
0.000999982
0.000999979
0.000999976
0.000999974
0.000999996
0.000999996
0.000999996
0.000999995
0.000999994
0.000999993
0.000999992
0.00099999
0.000999988
0.000999985
0.000999982
0.000999979
0.000999974
0.000999969
0.000999964
0.000999957
0.00099995
0.000999942
0.000999935
0.000999929
0.000999992
0.000999991
0.00099999
0.000999988
0.000999986
0.000999982
0.000999978
0.000999973
0.000999967
0.00099996
0.000999951
0.000999941
0.00099993
0.000999916
0.000999901
0.000999883
0.000999863
0.000999842
0.000999821
0.000999804
0.00099998
0.000999978
0.000999975
0.00099997
0.000999962
0.000999953
0.000999941
0.000999927
0.00099991
0.00099989
0.000999867
0.00099984
0.000999809
0.000999772
0.00099973
0.000999683
0.000999629
0.000999572
0.000999515
0.000999472
0.000999951
0.000999946
0.000999936
0.00099992
0.000999899
0.000999873
0.000999841
0.000999803
0.000999758
0.000999705
0.000999644
0.000999573
0.00099949
0.000999395
0.000999285
0.000999159
0.000999018
0.000998868
0.000998721
0.00099861
0.000999879
0.000999863
0.000999832
0.000999787
0.000999729
0.000999657
0.000999572
0.000999473
0.000999357
0.000999222
0.000999067
0.000998886
0.000998677
0.000998435
0.000998156
0.000997838
0.000997483
0.000997104
0.000996735
0.000996458
0.000999696
0.000999648
0.000999558
0.000999432
0.000999275
0.000999089
0.000998871
0.000998621
0.000998334
0.000998005
0.000997627
0.000997191
0.000996688
0.000996106
0.000995434
0.000994666
0.000993807
0.00099289
0.000992002
0.000991339
0.000999205
0.000999079
0.000998833
0.000998499
0.000998095
0.000997629
0.000997099
0.000996502
0.000995829
0.00099507
0.000994208
0.000993222
0.000992087
0.000990775
0.000989257
0.000987514
0.000985553
0.000983443
0.000981387
0.000979857
6.74721e-07
7.76363e-07
9.81637e-07
1.2626e-06
1.60485e-06
2.00357e-06
2.45947e-06
2.97698e-06
3.56383e-06
4.23111e-06
4.99368e-06
5.87046e-06
6.88437e-06
8.06127e-06
9.42675e-06
1.09984e-05
1.27694e-05
1.46763e-05
1.6535e-05
1.79175e-05
2.56304e-07
2.96196e-07
3.71779e-07
4.77697e-07
6.10871e-07
7.70466e-07
9.57391e-07
1.17395e-06
1.42375e-06
1.71169e-06
2.04411e-06
2.42884e-06
2.87508e-06
3.39292e-06
3.99192e-06
4.67779e-06
5.44542e-06
6.26546e-06
7.05957e-06
7.65129e-06
1.01521e-07
1.14431e-07
1.40505e-07
1.78656e-07
2.28233e-07
2.89209e-07
3.62138e-07
4.48084e-07
5.48591e-07
6.65686e-07
8.01903e-07
9.60298e-07
1.1444e-06
1.358e-06
1.60464e-06
1.88635e-06
2.20102e-06
2.53702e-06
2.86333e-06
3.10914e-06
4.05655e-08
4.45378e-08
5.32426e-08
6.6575e-08
8.44506e-08
1.06949e-07
1.3434e-07
1.67074e-07
2.05775e-07
2.51239e-07
3.04437e-07
3.66518e-07
4.38792e-07
5.22655e-07
6.19412e-07
7.29843e-07
8.53227e-07
9.85291e-07
1.11422e-06
1.21245e-06
1.61766e-08
1.736e-08
2.02057e-08
2.4769e-08
3.10671e-08
3.91558e-08
4.91515e-08
6.12334e-08
7.56415e-08
9.26759e-08
1.12697e-07
1.36127e-07
1.63438e-07
1.95137e-07
2.31701e-07
2.73432e-07
3.2011e-07
3.70225e-07
4.19426e-07
4.57288e-07
6.41107e-09
6.74948e-09
7.66268e-09
9.19949e-09
1.13802e-08
1.42318e-08
1.78004e-08
2.2154e-08
2.73812e-08
3.35918e-08
4.09161e-08
4.95048e-08
5.95269e-08
7.11624e-08
8.45829e-08
9.99031e-08
1.17061e-07
1.35538e-07
1.5377e-07
1.67924e-07
2.52056e-09
2.61128e-09
2.89852e-09
3.40867e-09
4.15323e-09
5.1433e-09
6.39604e-09
7.93605e-09
9.79518e-09
1.20125e-08
1.4634e-08
1.77127e-08
2.13079e-08
2.54826e-08
3.02977e-08
3.57954e-08
4.19593e-08
4.86147e-08
5.52116e-08
6.03713e-08
9.82339e-10
1.00396e-09
1.09218e-09
1.25918e-09
1.5103e-09
1.84986e-09
2.28383e-09
2.82082e-09
3.47197e-09
4.25084e-09
5.17343e-09
6.2581e-09
7.5253e-09
8.99686e-09
1.06939e-08
1.26318e-08
1.48064e-08
1.71597e-08
1.95015e-08
2.13449e-08
3.79438e-10
3.83327e-10
4.09619e-10
4.63519e-10
5.47274e-10
6.62502e-10
8.11251e-10
9.96401e-10
1.22174e-09
1.49191e-09
1.81238e-09
2.18942e-09
2.63e-09
3.1416e-09
3.73148e-09
4.40507e-09
5.16143e-09
5.98151e-09
6.80033e-09
7.44851e-09
1.45274e-10
1.45316e-10
1.52841e-10
1.69983e-10
1.97631e-10
2.36367e-10
2.8689e-10
3.5015e-10
4.274e-10
5.20198e-10
6.30385e-10
7.60075e-10
9.11632e-10
1.08758e-09
1.29041e-09
1.52201e-09
1.78219e-09
2.06476e-09
2.34772e-09
2.57279e-09
5.51474e-11
5.4695e-11
5.67257e-11
6.209e-11
7.11296e-11
8.40467e-11
1.01072e-10
1.22518e-10
1.48797e-10
1.80421e-10
2.18001e-10
2.62246e-10
3.13949e-10
3.73959e-10
4.4312e-10
5.22084e-10
6.10833e-10
7.07346e-10
8.0424e-10
8.81628e-10
2.07642e-11
2.04427e-11
2.094e-11
2.25882e-11
2.5516e-11
2.97922e-11
3.5491e-11
4.2714e-11
5.15952e-11
6.23022e-11
7.50368e-11
9.0034e-11
1.07558e-10
1.27895e-10
1.51328e-10
1.78082e-10
2.08159e-10
2.40902e-10
2.73846e-10
3.00252e-10
7.75771e-12
7.58901e-12
7.68863e-12
8.18417e-12
9.12341e-12
1.05295e-11
1.2426e-11
1.48451e-11
1.78302e-11
2.14361e-11
2.57291e-11
3.07867e-11
3.66971e-11
4.35555e-11
5.14571e-11
6.04771e-11
7.06192e-11
8.16696e-11
9.28083e-11
1.01765e-10
2.8772e-12
2.79905e-12
2.8083e-12
2.95331e-12
3.25166e-12
3.71108e-12
4.33891e-12
5.14532e-12
6.14421e-12
7.35341e-12
8.79469e-12
1.04937e-11
1.24794e-11
1.47837e-11
1.74379e-11
2.04673e-11
2.38738e-11
2.75879e-11
3.13378e-11
3.43619e-11
1.05977e-12
1.02602e-12
1.02055e-12
1.06151e-12
1.1553e-12
1.3045e-12
1.51139e-12
1.77914e-12
2.11219e-12
2.51631e-12
2.99862e-12
3.56755e-12
4.23269e-12
5.00448e-12
5.89335e-12
6.90767e-12
8.04826e-12
9.29256e-12
1.05508e-11
1.15681e-11
3.8784e-13
3.73904e-13
3.69074e-13
3.80079e-13
4.09242e-13
4.5742e-13
5.25314e-13
6.13912e-13
7.2462e-13
8.59302e-13
1.02028e-12
1.2103e-12
1.43254e-12
1.6904e-12
1.98734e-12
2.32612e-12
2.70709e-12
3.1229e-12
3.54394e-12
3.88517e-12
1.41082e-13
1.35512e-13
1.32856e-13
1.35589e-13
1.44548e-13
1.60019e-13
1.82217e-13
2.11447e-13
2.48153e-13
2.92934e-13
3.46542e-13
4.09877e-13
4.83971e-13
5.6995e-13
6.68946e-13
7.81878e-13
9.08869e-13
1.04754e-12
1.18813e-12
1.30233e-12
5.10332e-14
4.88603e-14
4.76143e-14
4.81993e-14
5.09147e-14
5.58562e-14
6.30891e-14
7.27069e-14
8.48496e-14
9.97087e-14
1.17527e-13
1.38599e-13
1.6326e-13
1.91879e-13
2.24829e-13
2.62413e-13
3.04676e-13
3.50844e-13
3.97708e-13
4.35852e-13
1.83637e-14
1.75321e-14
1.69937e-14
1.70762e-14
1.78863e-14
1.94561e-14
2.18053e-14
2.49624e-14
2.89713e-14
3.38932e-14
3.98063e-14
4.68059e-14
5.50019e-14
6.45149e-14
7.54668e-14
8.79576e-14
1.02003e-13
1.17353e-13
1.32951e-13
1.45672e-13
6.57583e-15
6.26246e-15
6.04131e-15
6.03034e-15
6.26745e-15
6.76337e-15
7.52404e-15
8.55813e-15
9.87932e-15
1.1507e-14
1.34665e-14
1.57886e-14
1.8509e-14
2.16672e-14
2.53031e-14
2.94496e-14
3.41122e-14
3.92092e-14
4.43943e-14
4.86311e-14
2.34406e-15
2.22748e-15
2.13971e-15
2.123e-15
2.19074e-15
2.34652e-15
2.59212e-15
2.93014e-15
3.36484e-15
3.90239e-15
4.55089e-15
5.32032e-15
6.22229e-15
7.26965e-15
8.47545e-15
9.85047e-15
1.13966e-14
1.30874e-14
1.48091e-14
1.62185e-14
8.32019e-16
7.89125e-16
7.5518e-16
7.45216e-16
7.63947e-16
8.12585e-16
8.91657e-16
1.00194e-15
1.14475e-15
1.32205e-15
1.53642e-15
1.7911e-15
2.08985e-15
2.43685e-15
2.83636e-15
3.29192e-15
3.80416e-15
4.36447e-15
4.93557e-15
5.40392e-15
2.94146e-16
2.78509e-16
2.65637e-16
2.60848e-16
2.65793e-16
2.80881e-16
3.06268e-16
3.42183e-16
3.89036e-16
4.47442e-16
5.18233e-16
6.02446e-16
7.01304e-16
8.16166e-16
9.48418e-16
1.09921e-15
1.26877e-15
1.45428e-15
1.64354e-15
1.79902e-15
1.03601e-16
9.79466e-17
9.31409e-17
9.10576e-17
9.22707e-17
9.69179e-17
1.05046e-16
1.16723e-16
1.32074e-16
1.51292e-16
1.74645e-16
2.02465e-16
2.35149e-16
2.73138e-16
3.16881e-16
3.66755e-16
4.22831e-16
4.84199e-16
5.46862e-16
5.9843e-16
3.63613e-17
3.43307e-17
3.25593e-17
3.17038e-17
3.19632e-17
3.33836e-17
3.59788e-17
3.97689e-17
4.47919e-17
5.11091e-17
5.88053e-17
6.79877e-17
7.87842e-17
9.13377e-17
1.05794e-16
1.22276e-16
1.40807e-16
1.6109e-16
1.81819e-16
1.98907e-16
1.27195e-17
1.19949e-17
1.13489e-17
1.10107e-17
1.10491e-17
1.14795e-17
1.23058e-17
1.35339e-17
1.51756e-17
1.725e-17
1.97839e-17
2.2812e-17
2.63755e-17
3.05204e-17
3.52943e-17
4.07366e-17
4.6855e-17
5.35532e-17
6.04045e-17
6.60618e-17
4.43535e-18
4.17827e-18
3.94482e-18
3.81475e-18
3.81168e-18
3.94078e-18
4.20316e-18
4.60049e-18
5.1364e-18
5.81685e-18
6.6504e-18
7.64812e-18
8.82325e-18
1.01907e-17
1.17659e-17
1.35614e-17
1.558e-17
1.779e-17
2.00525e-17
2.19237e-17
1.54199e-18
1.45126e-18
1.36757e-18
1.31856e-18
1.31232e-18
1.35059e-18
1.43367e-18
1.56202e-18
1.73675e-18
1.95974e-18
2.23368e-18
2.56213e-18
2.94933e-18
3.40011e-18
3.91939e-18
4.51132e-18
5.17667e-18
5.90526e-18
6.65169e-18
7.27009e-18
5.34553e-19
5.02681e-19
4.7289e-19
4.5472e-19
4.50937e-19
4.62118e-19
4.88346e-19
5.29745e-19
5.86649e-19
6.59651e-19
7.49601e-19
8.57629e-19
9.85103e-19
1.13357e-18
1.30462e-18
1.49959e-18
1.71871e-18
1.95869e-18
2.20472e-18
2.4089e-18
1.848e-19
1.73655e-19
1.63117e-19
1.56469e-19
1.54654e-19
1.57862e-19
1.66117e-19
1.7945e-19
1.97961e-19
2.21836e-19
2.51344e-19
2.86843e-19
3.28773e-19
3.7763e-19
4.33925e-19
4.98085e-19
5.70185e-19
6.49153e-19
7.30174e-19
7.97522e-19
6.37178e-20
5.98366e-20
5.61302e-20
5.37248e-20
5.29402e-20
5.38399e-20
5.64297e-20
6.07172e-20
6.67323e-20
7.45325e-20
8.42032e-20
9.58582e-20
1.09638e-19
1.25701e-19
1.44211e-19
1.65306e-19
1.89008e-19
2.14968e-19
2.41623e-19
2.63816e-19
2.19132e-20
2.05669e-20
1.92701e-20
1.84079e-20
1.80885e-20
1.83331e-20
1.91428e-20
2.05194e-20
2.24718e-20
2.50176e-20
2.8184e-20
3.20069e-20
3.65311e-20
4.18074e-20
4.78883e-20
5.48172e-20
6.26013e-20
7.11274e-20
7.98873e-20
8.7193e-20
7.51742e-21
7.05216e-21
6.60065e-21
6.29413e-21
6.16911e-21
6.23262e-21
6.48489e-21
6.92624e-21
7.5592e-21
8.38928e-21
9.425e-21
1.06777e-20
1.21617e-20
1.38932e-20
1.58888e-20
1.81626e-20
2.07164e-20
2.35137e-20
2.63896e-20
2.8792e-20
2.57265e-21
2.41242e-21
2.25592e-21
2.14774e-21
2.10016e-21
2.1155e-21
2.1938e-21
2.33507e-21
2.54005e-21
2.81041e-21
3.14886e-21
3.55896e-21
4.04524e-21
4.61287e-21
5.26716e-21
6.01252e-21
6.84953e-21
7.76629e-21
8.70942e-21
9.49857e-21
8.7834e-22
8.23353e-22
7.69335e-22
7.31398e-22
7.13665e-22
7.16905e-22
7.4111e-22
7.86257e-22
8.52558e-22
9.40528e-22
1.05101e-21
1.18512e-21
1.34431e-21
1.5302e-21
1.74449e-21
1.98857e-21
2.2626e-21
2.56272e-21
2.87166e-21
3.13059e-21
2.99184e-22
2.80374e-22
2.61804e-22
2.48579e-22
2.42079e-22
2.42557e-22
2.50007e-22
2.64413e-22
2.85833e-22
3.14425e-22
3.50451e-22
3.94265e-22
4.46319e-22
5.07132e-22
5.7724e-22
6.57078e-22
7.46691e-22
8.44828e-22
9.45909e-22
1.03077e-21
1.01677e-22
9.52633e-23
8.89033e-23
8.43178e-23
8.19671e-23
8.19349e-23
8.4217e-23
8.88063e-23
9.57183e-23
1.05001e-22
1.16736e-22
1.31034e-22
1.48037e-22
1.67909e-22
1.9082e-22
2.16906e-22
2.46177e-22
2.78228e-22
3.1126e-22
3.39035e-22
3.44775e-23
3.2297e-23
3.01268e-23
2.85448e-23
2.77041e-23
2.76325e-23
2.83281e-23
2.97877e-23
3.20155e-23
3.50258e-23
3.88439e-23
4.35045e-23
4.90522e-23
5.55387e-23
6.3017e-23
7.15298e-23
8.10793e-23
9.15345e-23
1.02315e-22
1.11395e-22
1.1665e-23
1.0926e-23
1.0188e-23
9.64471e-24
9.347e-24
9.30393e-24
9.51476e-24
9.97822e-24
1.06953e-23
1.16704e-23
1.29113e-23
1.44287e-23
1.62367e-23
1.83514e-23
2.07894e-23
2.35641e-23
2.66757e-23
3.00817e-23
3.35955e-23
3.65599e-23
3.93804e-24
3.6883e-24
3.43819e-24
3.25245e-24
3.1479e-24
3.12752e-24
3.19103e-24
3.33795e-24
3.56851e-24
3.88399e-24
4.28679e-24
4.78024e-24
5.36874e-24
6.05732e-24
6.85116e-24
7.75439e-24
8.76692e-24
9.87507e-24
1.10188e-23
1.19853e-23
1.32657e-24
1.24242e-24
1.15793e-24
1.0947e-24
1.05825e-24
1.04958e-24
1.06859e-24
1.11508e-24
1.18911e-24
1.29106e-24
1.42165e-24
1.58192e-24
1.77324e-24
1.99716e-24
2.25532e-24
2.54895e-24
2.878e-24
3.23803e-24
3.60979e-24
3.92443e-24
4.45906e-25
4.1763e-25
3.89183e-25
3.67737e-25
3.55119e-25
3.51649e-25
3.57292e-25
3.7198e-25
3.95721e-25
4.28623e-25
4.70911e-25
5.22901e-25
5.85015e-25
6.57741e-25
7.41577e-25
8.36907e-25
9.43689e-25
1.0605e-24
1.18116e-24
1.28345e-24
1.49562e-25
1.40088e-25
1.30539e-25
1.23294e-25
1.18952e-25
1.17617e-25
1.19278e-25
1.23911e-25
1.31514e-25
1.4212e-25
1.55796e-25
1.72639e-25
1.92778e-25
2.16366e-25
2.43554e-25
2.7446e-25
3.09064e-25
3.46905e-25
3.86009e-25
4.19211e-25
5.00573e-26
4.68917e-26
4.36965e-26
4.12578e-26
3.9772e-26
3.92732e-26
3.97572e-26
4.12158e-26
4.36477e-26
4.70619e-26
5.14788e-26
5.69278e-26
6.3449e-26
7.10886e-26
7.98935e-26
8.98985e-26
1.01095e-25
1.13336e-25
1.25989e-25
1.36749e-25
1.6718e-26
1.56632e-26
1.45973e-26
1.37793e-26
1.32735e-26
1.30911e-26
1.32305e-26
1.3689e-26
1.44657e-26
1.55634e-26
1.6988e-26
1.87485e-26
2.0857e-26
2.33278e-26
2.6175e-26
2.94091e-26
3.30266e-26
3.69798e-26
4.10675e-26
4.45493e-26
5.57149e-27
5.22099e-27
4.86645e-27
4.59307e-27
4.42176e-27
4.35615e-27
4.39574e-27
4.53959e-27
4.78737e-27
5.13978e-27
5.59863e-27
6.1666e-27
6.84739e-27
7.6453e-27
8.56462e-27
9.6084e-27
1.07753e-26
1.205e-26
1.33684e-26
1.44931e-26
1.8528e-27
1.73666e-27
1.61909e-27
1.52802e-27
1.47027e-27
1.447e-27
1.45805e-27
1.50311e-27
1.58204e-27
1.69503e-27
1.84261e-27
2.02558e-27
2.24506e-27
2.50234e-27
2.79872e-27
3.13506e-27
3.51086e-27
3.92118e-27
4.34567e-27
4.70838e-27
6.14831e-28
5.76449e-28
5.37576e-28
5.07346e-28
4.87961e-28
4.79804e-28
4.82824e-28
4.96913e-28
5.22022e-28
5.58198e-28
6.05596e-28
6.64452e-28
7.35102e-28
8.17932e-28
9.13324e-28
1.02153e-27
1.14235e-27
1.27421e-27
1.41065e-27
1.52741e-27
2.03587e-28
1.90938e-28
1.78123e-28
1.6812e-28
1.61642e-28
1.58811e-28
1.59613e-28
1.64012e-28
1.71988e-28
1.83554e-28
1.98754e-28
2.17657e-28
2.40363e-28
2.66987e-28
2.9764e-28
3.32392e-28
3.71172e-28
4.13471e-28
4.57244e-28
4.94762e-28
6.72679e-29
6.31109e-29
5.88988e-29
5.55999e-29
5.34437e-29
5.24703e-29
5.26749e-29
5.40456e-29
5.65759e-29
6.02683e-29
6.51353e-29
7.11971e-29
7.84829e-29
8.70263e-29
9.68598e-29
1.08002e-28
1.20427e-28
1.33971e-28
1.47989e-28
1.60022e-28
2.21783e-29
2.08159e-29
1.94355e-29
1.8351e-29
1.76362e-29
1.73042e-29
1.73533e-29
1.77798e-29
1.85813e-29
1.97584e-29
2.13144e-29
2.32551e-29
2.5589e-29
2.8326e-29
3.14751e-29
3.50411e-29
3.90147e-29
4.33437e-29
4.78241e-29
5.16762e-29
7.29634e-30
6.85107e-30
6.40002e-30
6.04467e-30
5.80866e-30
5.69619e-30
5.70682e-30
5.83931e-30
6.09287e-30
6.46751e-30
6.96419e-30
7.58451e-30
8.3309e-30
9.20616e-30
1.02129e-29
1.13521e-29
1.26206e-29
1.40015e-29
1.54308e-29
1.66615e-29
2.39517e-30
2.25005e-30
2.10311e-30
1.98704e-30
1.90941e-30
1.87157e-30
1.8734e-30
1.91449e-30
1.99459e-30
2.11365e-30
2.27193e-30
2.46987e-30
2.70816e-30
2.98757e-30
3.3088e-30
3.67208e-30
4.07623e-30
4.51589e-30
4.9709e-30
5.3633e-30
7.8454e-31
7.37378e-31
6.89651e-31
6.51864e-31
6.26424e-31
6.13773e-31
6.13874e-31
6.26603e-31
6.51867e-31
6.89648e-31
7.40006e-31
8.03059e-31
8.78995e-31
9.6803e-31
1.07034e-30
1.18596e-30
1.31448e-30
1.45418e-30
1.59873e-30
1.72359e-30
2.56412e-31
2.41128e-31
2.25674e-31
2.13411e-31
2.05106e-31
2.009e-31
2.00785e-31
2.04723e-31
2.12681e-31
2.2465e-31
2.40645e-31
2.60695e-31
2.8485e-31
3.13169e-31
3.45694e-31
3.82421e-31
4.23207e-31
4.67501e-31
5.13326e-31
5.52969e-31
8.36182e-32
7.86796e-32
7.36904e-32
6.97236e-32
6.70221e-32
6.5632e-32
6.55511e-32
6.67672e-32
6.92703e-32
7.30563e-32
7.81278e-32
8.44921e-32
9.21619e-32
1.01152e-31
1.11471e-31
1.23115e-31
1.36032e-31
1.50047e-31
1.64542e-31
1.77101e-31
2.72079e-32
2.56169e-32
2.40112e-32
2.27322e-32
2.18567e-32
2.13996e-32
2.13605e-32
2.17357e-32
2.2522e-32
2.37175e-32
2.53228e-32
2.73392e-32
2.97699e-32
3.26183e-32
3.5886e-32
3.95696e-32
4.36519e-32
4.80768e-32
5.26516e-32
5.66212e-32
8.83314e-33
8.32218e-33
7.80702e-33
7.39595e-33
7.11326e-33
6.96373e-33
6.94735e-33
7.063e-33
7.3096e-33
7.68652e-33
8.19373e-33
8.83142e-33
9.60028e-33
1.0501e-32
1.15336e-32
1.26966e-32
1.3984e-32
1.53779e-32
1.68184e-32
1.80701e-32
2.86125e-33
2.69766e-33
2.5329e-33
2.40123e-33
2.31028e-33
2.26161e-33
2.25524e-33
2.29085e-33
2.36809e-33
2.48673e-33
2.64669e-33
2.84798e-33
3.0907e-33
3.37494e-33
3.70057e-33
4.06696e-33
4.47207e-33
4.91021e-33
5.36272e-33
5.75639e-33
9.24721e-34
8.72513e-34
8.19992e-34
7.77951e-34
7.48797e-34
7.33032e-34
7.30677e-34
7.41633e-34
7.6579e-34
8.03068e-34
8.53428e-34
9.16841e-34
9.9331e-34
1.08282e-33
1.1853e-33
1.30047e-33
1.42767e-33
1.56506e-33
1.70686e-33
1.83036e-33
2.98178e-34
2.8157e-34
2.64881e-34
2.51504e-34
2.42193e-34
2.37111e-34
2.36269e-34
2.39637e-34
2.47182e-34
2.58876e-34
2.747e-34
2.94639e-34
3.18682e-34
3.46813e-34
3.7899e-34
4.15115e-34
4.54958e-34
4.97939e-34
5.42263e-34
5.80909e-34
9.59278e-35
9.06619e-35
8.53768e-35
8.11347e-35
7.81721e-35
7.65415e-35
7.62479e-35
7.72832e-35
7.96366e-35
8.32984e-35
8.82614e-35
9.4518e-35
1.02062e-34
1.10883e-34
1.20965e-34
1.3227e-34
1.44721e-34
1.58134e-34
1.71954e-34
1.84014e-34
3.07903e-35
2.91261e-35
2.7458e-35
2.61174e-35
2.51782e-35
2.46576e-35
2.45574e-35
2.48755e-35
2.56085e-35
2.67532e-35
2.83068e-35
3.02661e-35
3.26279e-35
3.53882e-35
3.85397e-35
4.20694e-35
4.59514e-35
5.01268e-35
5.44242e-35
5.81777e-35
9.86005e-36
9.33591e-36
8.81117e-36
8.38899e-36
8.09241e-36
7.92692e-36
7.89335e-36
7.99108e-36
8.21909e-36
8.5763e-36
9.06168e-36
9.67396e-36
1.04119e-35
1.12736e-35
1.22565e-35
1.3356e-35
1.45633e-35
1.58597e-35
1.71925e-35
1.83575e-35
3.15019e-36
2.98566e-36
2.82117e-36
2.68869e-36
2.59539e-36
2.54304e-36
2.53196e-36
2.56199e-36
2.63282e-36
2.7441e-36
2.89544e-36
3.08638e-36
3.31641e-36
3.58484e-36
3.89068e-36
4.2323e-36
4.60684e-36
5.00835e-36
5.42058e-36
5.78111e-36
1.00411e-36
9.52649e-37
9.01265e-37
8.59842e-37
8.30605e-37
8.14124e-37
8.10517e-37
8.19749e-37
8.41724e-37
8.76325e-37
9.2342e-37
9.82837e-37
1.05438e-36
1.13781e-36
1.23274e-36
1.33863e-36
1.45453e-36
1.57854e-36
1.70569e-36
1.81694e-36
3.19311e-37
3.03269e-37
2.87276e-37
2.74371e-37
2.65245e-37
2.60081e-37
2.58922e-37
2.61762e-37
2.68571e-37
2.79311e-37
2.93936e-37
3.12386e-37
3.34589e-37
3.60454e-37
3.89852e-37
4.22592e-37
4.5836e-37
4.96562e-37
5.35667e-37
5.69897e-37
1.01304e-37
9.63219e-38
9.13617e-38
8.73565e-38
8.45194e-38
8.29093e-38
8.25416e-38
8.34154e-38
8.55224e-38
8.88501e-38
9.33827e-38
9.90989e-38
1.05973e-37
1.13974e-37
1.23055e-37
1.33151e-37
1.44161e-37
1.55897e-37
1.67889e-37
1.78388e-37
3.20643e-38
3.05224e-38
2.89898e-38
2.77514e-38
2.6873e-38
2.63735e-38
2.62582e-38
2.65274e-38
2.71786e-38
2.82077e-38
2.96096e-38
3.13766e-38
3.35001e-38
3.59686e-38
3.87666e-38
4.18723e-38
4.52522e-38
4.8847e-38
5.25139e-38
5.57245e-38
1.0125e-38
9.64959e-39
9.17781e-39
8.7964e-39
8.52557e-39
8.37136e-39
8.33566e-39
8.41867e-39
8.61968e-39
8.93739e-39
9.37002e-39
9.91506e-39
1.05694e-38
1.13292e-38
1.21891e-38
1.31419e-38
1.41766e-38
1.52746e-38
1.63924e-38
1.73711e-38
3.18963e-39
3.04363e-39
2.89896e-39
2.78196e-39
2.69881e-39
2.65145e-39
2.64054e-39
2.66616e-39
2.72813e-39
2.82603e-39
2.95927e-39
3.127e-39
3.32816e-39
3.56143e-39
3.82502e-39
4.11651e-39
4.43241e-39
4.76682e-39
5.10653e-39
5.40389e-39
1.00245e-39
9.57781e-40
9.13596e-40
8.77849e-40
8.52434e-40
8.37968e-40
8.34672e-40
8.42594e-40
8.61675e-40
8.91787e-40
9.32732e-40
9.84227e-40
1.04592e-39
1.11735e-39
1.19794e-39
1.28688e-39
1.38304e-39
1.48459e-39
1.5875e-39
1.67755e-39
3.14309e-40
3.00698e-40
2.87258e-40
2.76381e-40
2.68648e-40
2.64254e-40
2.63273e-40
2.65724e-40
2.71593e-40
2.80837e-40
2.93393e-40
3.09166e-40
3.28038e-40
3.49857e-40
3.74428e-40
4.0149e-40
4.30678e-40
4.61419e-40
4.92496e-40
5.19672e-40
9.83162e-41
9.41856e-41
9.01142e-41
8.68192e-41
8.4477e-41
8.31497e-41
8.28624e-41
8.36221e-41
8.54249e-41
8.82576e-41
9.20994e-41
9.69192e-41
1.02678e-40
1.09325e-40
1.16796e-40
1.25007e-40
1.33841e-40
1.43118e-40
1.52471e-40
1.60644e-40
3.06807e-41
2.94325e-41
2.82044e-41
2.72106e-41
2.65047e-41
2.61062e-41
2.60235e-41
2.62593e-41
2.68124e-41
2.76788e-41
2.88517e-41
3.0321e-41
3.20737e-41
3.40934e-41
3.6359e-41
3.8843e-41
4.15083e-41
4.42993e-41
4.71049e-41
4.95542e-41
9.55167e-42
9.17611e-42
8.8073e-42
8.50893e-42
8.29722e-42
8.17835e-42
8.15505e-42
8.2283e-42
8.3978e-42
8.6623e-42
9.0196e-42
9.46642e-42
9.99853e-42
1.06106e-41
1.12956e-41
1.20449e-41
1.28467e-41
1.36836e-41
1.45223e-41
1.52535e-41
2.96665e-42
2.85416e-42
2.74391e-42
2.65475e-42
2.59159e-42
2.55637e-42
2.54998e-42
2.57276e-42
2.62464e-42
2.70524e-42
2.81384e-42
2.94938e-42
3.11051e-42
3.29546e-42
3.50203e-42
3.72737e-42
3.96779e-42
4.21792e-42
4.46776e-42
4.68525e-42
9.1924e-43
8.85702e-43
8.529e-43
8.2639e-43
8.0765e-43
7.97288e-43
7.95595e-43
8.02687e-43
8.18548e-43
8.43058e-43
8.75994e-43
9.17013e-43
9.65674e-43
1.02141e-42
1.08352e-42
1.15108e-42
1.22295e-42
1.29745e-42
1.3716e-42
1.43604e-42
2.84163e-43
2.74213e-43
2.64501e-43
2.56659e-43
2.51131e-43
2.48106e-43
2.47679e-43
2.49889e-43
2.54732e-43
2.62172e-43
2.72137e-43
2.8452e-43
2.99177e-43
3.15927e-43
3.34544e-43
3.54742e-43
3.76153e-43
3.9827e-43
4.20196e-43
4.39208e-43
8.76366e-44
8.46992e-44
8.18387e-44
7.95315e-44
7.79107e-44
7.70352e-44
7.69354e-44
7.76241e-44
7.91012e-44
8.13552e-44
8.43638e-44
8.80922e-44
9.24952e-44
9.75149e-44
1.03079e-43
1.09098e-43
1.15456e-43
1.21998e-43
1.28457e-43
1.34043e-43
2.6964e-44
2.61015e-44
2.52635e-44
2.45885e-44
2.41164e-44
2.38654e-44
2.38451e-44
2.40599e-44
2.45098e-44
2.51913e-44
2.60975e-44
2.72174e-44
2.85365e-44
3.00365e-44
3.16945e-44
3.34822e-44
3.5364e-44
3.72921e-44
3.91872e-44
4.08215e-44
8.2769e-45
8.02503e-45
7.78091e-45
7.58464e-45
7.44808e-45
7.37686e-45
7.37405e-45
7.44103e-45
7.5779e-45
7.78359e-45
8.05591e-45
8.3914e-45
8.78551e-45
9.23244e-45
9.72499e-45
1.02543e-44
1.08093e-44
1.13755e-44
1.19292e-44
1.24052e-44
2.53477e-45
2.46166e-45
2.39097e-45
2.33426e-45
2.29506e-45
2.2751e-45
2.27533e-45
2.29622e-45
2.3378e-45
2.39976e-45
2.4814e-45
2.58166e-45
2.69908e-45
2.83186e-45
2.97773e-45
3.13392e-45
3.29704e-45
3.46266e-45
3.62381e-45
3.76178e-45
7.74467e-46
7.53373e-46
7.33035e-46
7.16763e-46
7.05604e-46
7.00085e-46
7.00509e-46
7.07019e-46
7.19636e-46
7.38261e-46
7.62684e-46
7.92565e-46
8.27456e-46
8.66786e-46
9.09848e-46
9.55787e-46
1.00356e-45
1.05181e-45
1.0985e-45
1.1383e-45
2.36082e-46
2.30037e-46
2.24226e-46
2.19592e-46
2.16444e-46
2.14944e-46
2.15184e-46
2.17212e-46
2.21035e-46
2.26623e-46
2.33911e-46
2.42795e-46
2.53133e-46
2.64748e-46
2.77421e-46
2.90886e-46
3.04823e-46
3.18827e-46
3.32295e-46
3.43714e-46
7.18002e-47
7.00803e-47
6.84319e-47
6.71229e-47
6.62442e-47
6.58446e-47
6.5953e-47
6.65842e-47
6.77407e-47
6.9414e-47
7.15839e-47
7.42181e-47
7.72729e-47
8.06928e-47
8.441e-47
8.8343e-47
9.2394e-47
9.64413e-47
1.00308e-46
1.03567e-46
2.17869e-47
2.13014e-47
2.08376e-47
2.04712e-47
2.02287e-47
2.0125e-47
2.0169e-47
2.03652e-47
2.07146e-47
2.12146e-47
2.18591e-47
2.26382e-47
2.35383e-47
2.45422e-47
2.5629e-47
2.67738e-47
2.79467e-47
2.91114e-47
3.0216e-47
3.11407e-47
6.59597e-48
6.46007e-48
6.33075e-48
6.22921e-48
6.16324e-48
6.13726e-48
6.154e-48
6.2149e-48
6.32029e-48
6.46942e-48
6.66042e-48
6.89023e-48
7.15469e-48
7.4485e-48
7.76521e-48
8.09719e-48
8.43546e-48
8.76912e-48
9.08308e-48
9.34388e-48
1.99243e-48
1.95475e-48
1.91905e-48
1.89123e-48
1.87357e-48
1.86739e-48
1.87351e-48
1.89238e-48
1.92411e-48
1.9685e-48
2.02496e-48
2.09258e-48
2.17006e-48
2.25579e-48
2.34777e-48
2.4437e-48
2.54086e-48
2.636e-48
2.72476e-48
2.79783e-48
6.005e-49
5.90164e-49
5.8042e-49
5.72902e-49
5.68268e-49
5.66911e-49
5.69081e-49
5.74917e-49
5.84459e-49
5.97641e-49
6.14296e-49
6.34138e-49
6.56776e-49
6.81709e-49
7.08335e-49
7.3595e-49
7.6374e-49
7.90744e-49
8.15694e-49
8.3602e-49
1.80583e-49
1.77783e-49
1.75158e-49
1.73158e-49
1.71973e-49
1.71718e-49
1.7247e-49
1.74271e-49
1.77135e-49
1.81042e-49
1.85943e-49
1.9175e-49
1.98345e-49
2.05575e-49
2.13256e-49
2.21176e-49
2.29091e-49
2.36716e-49
2.43688e-49
2.49299e-49
5.41854e-50
5.34375e-50
5.27413e-50
5.22196e-50
5.19266e-50
5.18965e-50
5.2152e-50
5.27066e-50
5.35644e-50
5.47203e-50
5.61589e-50
5.78542e-50
5.97699e-50
6.18598e-50
6.40683e-50
6.6331e-50
6.85752e-50
7.07174e-50
7.26526e-50
7.41883e-50
1.62229e-50
1.60266e-50
1.58455e-50
1.57127e-50
1.56436e-50
1.56485e-50
1.5734e-50
1.59043e-50
1.61608e-50
1.6502e-50
1.69233e-50
1.74169e-50
1.79718e-50
1.8574e-50
1.92068e-50
1.98508e-50
2.04843e-50
2.10828e-50
2.16163e-50
2.20326e-50
4.84624e-51
4.79581e-51
4.7498e-51
4.71707e-51
4.70199e-51
4.70753e-51
4.73574e-51
4.7879e-51
4.86447e-51
4.96498e-51
5.08807e-51
5.23137e-51
5.39162e-51
5.56462e-51
5.74533e-51
5.92792e-51
6.10593e-51
6.27218e-51
6.41813e-51
6.52979e-51
1.4442e-51
1.4316e-51
1.42028e-51
1.41257e-51
1.40971e-51
1.41256e-51
1.42175e-51
1.43768e-51
1.46049e-51
1.49003e-51
1.5259e-51
1.56739e-51
1.61352e-51
1.66305e-51
1.71447e-51
1.76603e-51
1.81582e-51
1.86172e-51
1.90131e-51
1.93088e-51
4.28997e-52
4.25971e-52
4.2331e-52
4.21615e-52
4.21234e-52
4.22427e-52
4.25387e-52
4.30235e-52
4.37009e-52
4.45668e-52
4.56086e-52
4.68053e-52
4.81281e-52
4.95404e-52
5.09975e-52
5.24476e-52
5.38332e-52
5.50921e-52
5.61553e-52
5.69265e-52
1.26634e-52
1.25948e-52
1.25367e-52
1.25034e-52
1.25052e-52
1.25502e-52
1.26442e-52
1.27907e-52
1.29908e-52
1.32432e-52
1.3544e-52
1.38871e-52
1.42639e-52
1.46639e-52
1.50741e-52
1.54792e-52
1.58623e-52
1.62047e-52
1.64863e-52
1.66834e-52
3.66976e-53
3.65599e-53
3.64458e-53
3.63934e-53
3.64336e-53
3.65903e-53
3.68809e-53
3.73151e-53
3.78958e-53
3.86186e-53
3.94725e-53
4.04394e-53
4.14951e-53
4.2609e-53
4.3744e-53
4.48571e-53
4.58988e-53
4.68147e-53
4.75462e-53
4.80296e-53
9.92499e-54
9.90228e-54
9.88416e-54
9.88029e-54
9.89919e-54
9.94761e-54
1.00303e-53
1.015e-53
1.03072e-53
1.05008e-53
1.07277e-53
1.09832e-53
1.12607e-53
1.15519e-53
1.1847e-53
1.21344e-53
1.24007e-53
1.2631e-53
1.28095e-53
1.292e-53
1.88294e-54
1.8807e-54
1.87884e-54
1.87939e-54
1.88401e-54
1.89396e-54
1.91016e-54
1.9331e-54
1.96293e-54
1.99943e-54
2.04202e-54
2.08979e-54
2.1415e-54
2.19559e-54
2.25016e-54
2.30301e-54
2.35164e-54
2.39324e-54
2.42482e-54
2.44317e-54
)
;

boundaryField
{
    outlet
    {
        type            zeroGradient;
    }
    inlet1
    {
        type            fixedValue;
        value           uniform 0.001;
    }
    inlet2
    {
        type            fixedValue;
        value           uniform 0;
    }
    frontAndBack
    {
        type            empty;
    }
    defaultFaces
    {
        type            zeroGradient;
    }
}


// ************************************************************************* //
