/*--------------------------------*- C++ -*----------------------------------*\
| =========                 |                                                 |
| \\      /  F ield         | OpenFOAM: The Open Source CFD Toolbox           |
|  \\    /   O peration     | Version:  2.1.0                                 |
|   \\  /    A nd           | Web:      www.OpenFOAM.org                      |
|    \\/     M anipulation  |                                                 |
\*---------------------------------------------------------------------------*/
FoamFile
{
    version     2.0;
    format      ascii;
    class       volScalarField;
    location    "0.26";
    object      nut;
}
// * * * * * * * * * * * * * * * * * * * * * * * * * * * * * * * * * * * * * //

dimensions      [0 2 -1 0 0 0 0];

internalField   nonuniform List<scalar> 
6400
(
6.83148e-06
6.84748e-06
6.85872e-06
6.87175e-06
6.88484e-06
6.90068e-06
6.91394e-06
6.93118e-06
6.94502e-06
6.96297e-06
6.9777e-06
6.99609e-06
7.01188e-06
7.03068e-06
7.04767e-06
7.067e-06
7.08532e-06
7.10541e-06
7.12519e-06
7.14629e-06
7.16761e-06
7.1899e-06
7.21282e-06
7.23648e-06
7.26106e-06
7.28627e-06
7.31261e-06
7.33962e-06
7.36793e-06
7.39702e-06
7.42753e-06
7.45886e-06
7.49162e-06
7.52522e-06
7.56022e-06
7.59608e-06
7.63329e-06
7.67132e-06
7.71053e-06
7.7504e-06
7.79115e-06
7.8322e-06
7.8738e-06
7.91537e-06
7.95706e-06
7.99837e-06
8.03922e-06
8.07912e-06
8.11781e-06
8.15462e-06
8.19134e-06
8.22775e-06
8.26428e-06
8.30054e-06
8.33606e-06
8.37159e-06
8.40562e-06
8.43887e-06
8.47048e-06
8.5007e-06
8.5297e-06
8.55805e-06
8.58401e-06
8.60884e-06
8.6329e-06
8.65436e-06
8.67512e-06
8.69538e-06
8.71191e-06
8.72474e-06
8.73782e-06
8.74654e-06
8.75232e-06
8.75689e-06
8.75804e-06
8.75874e-06
8.75914e-06
8.76149e-06
8.76825e-06
8.78241e-06
8.80699e-06
8.84324e-06
8.88682e-06
8.92399e-06
8.97407e-06
9.03762e-06
9.10352e-06
9.16447e-06
9.20283e-06
9.17619e-06
9.01196e-06
8.56125e-06
7.57849e-06
5.85736e-06
3.50511e-06
2.21668e-06
2.35321e-06
3.74046e-06
3.84677e-06
4.15848e-06
7.2456e-05
7.28656e-05
7.2939e-05
7.31995e-05
7.32843e-05
7.34992e-05
7.36038e-05
7.37893e-05
7.39107e-05
7.40762e-05
7.42087e-05
7.436e-05
7.44981e-05
7.46391e-05
7.47788e-05
7.49124e-05
7.50516e-05
7.51804e-05
7.53187e-05
7.54465e-05
7.55859e-05
7.5714e-05
7.58535e-05
7.59826e-05
7.61214e-05
7.62516e-05
7.63893e-05
7.65206e-05
7.66572e-05
7.67879e-05
7.69213e-05
7.70475e-05
7.71747e-05
7.72955e-05
7.74156e-05
7.75289e-05
7.76395e-05
7.77423e-05
7.78402e-05
7.79276e-05
7.80061e-05
7.80669e-05
7.81116e-05
7.81336e-05
7.81321e-05
7.81028e-05
7.80428e-05
7.79499e-05
7.78307e-05
7.75861e-05
7.7169e-05
7.67143e-05
7.62294e-05
7.57055e-05
7.51472e-05
7.45537e-05
7.39209e-05
7.32456e-05
7.25276e-05
7.17599e-05
7.09443e-05
7.00971e-05
6.91909e-05
6.82482e-05
6.72705e-05
6.62344e-05
6.51578e-05
6.40497e-05
6.28759e-05
6.16418e-05
6.03653e-05
5.90151e-05
5.76107e-05
5.61435e-05
5.461e-05
5.30183e-05
5.13638e-05
4.96527e-05
4.78878e-05
4.60734e-05
4.4215e-05
4.23189e-05
4.03809e-05
3.84018e-05
3.63203e-05
3.41614e-05
3.18915e-05
2.95189e-05
2.70389e-05
2.44492e-05
2.17855e-05
1.90662e-05
1.63532e-05
1.37794e-05
1.13414e-05
9.14385e-06
7.4277e-06
6.23816e-06
5.62586e-06
6.84152e-06
0.000110572
0.000110736
0.0001108
0.000110841
0.000110891
0.000110898
0.000110936
0.000110919
0.000110946
0.00011091
0.000110922
0.000110869
0.000110861
0.00011079
0.000110759
0.000110669
0.000110612
0.000110502
0.000110419
0.000110291
0.000110193
0.000110055
0.00010994
0.000109792
0.000109658
0.000109498
0.000109344
0.00010917
0.000108999
0.00010881
0.000108622
0.000108416
0.000108204
0.00010797
0.000107724
0.000107453
0.000107166
0.000106851
0.000106522
0.000106164
0.000105783
0.000105365
0.000104915
0.000104423
0.000103886
0.000103297
0.000102649
0.000101548
0.000100399
9.91952e-05
9.79624e-05
9.66779e-05
9.5363e-05
9.39978e-05
9.258e-05
9.11237e-05
8.96279e-05
8.80816e-05
8.65088e-05
8.48874e-05
8.32433e-05
8.15834e-05
7.98483e-05
7.8087e-05
7.63016e-05
7.44664e-05
7.26123e-05
7.07294e-05
6.88087e-05
6.68693e-05
6.48987e-05
6.28982e-05
6.08741e-05
5.8817e-05
5.6732e-05
5.46156e-05
5.24678e-05
5.02887e-05
4.80795e-05
4.58413e-05
4.35781e-05
4.12935e-05
3.89944e-05
3.66897e-05
3.4409e-05
3.21542e-05
2.99463e-05
2.77899e-05
2.56942e-05
2.36582e-05
2.16621e-05
1.97167e-05
1.78023e-05
1.58308e-05
1.38279e-05
1.18405e-05
1.00563e-05
8.54542e-06
8.06406e-06
1.12847e-05
0.000130985
0.00013059
0.000130438
0.00013009
0.000129939
0.000129574
0.000129399
0.000129023
0.000128814
0.000128427
0.000128179
0.00012778
0.000127491
0.000127074
0.000126744
0.000126304
0.000125927
0.000125454
0.000124974
0.000124094
0.000123229
0.000122321
0.000121424
0.000120499
0.000119579
0.000118636
0.000117696
0.000116732
0.000115764
0.000114775
0.000113782
0.000112769
0.000111748
0.000110706
0.000109655
0.000108581
0.000107495
0.000106385
0.000105259
0.000104106
0.000102935
0.000101739
0.000100516
9.9265e-05
9.7985e-05
9.6677e-05
9.53355e-05
9.39711e-05
9.25751e-05
9.11452e-05
8.96781e-05
8.81626e-05
8.66311e-05
8.50845e-05
8.34576e-05
8.18137e-05
8.0136e-05
7.84056e-05
7.66573e-05
7.4861e-05
7.30383e-05
7.11908e-05
6.93082e-05
6.74147e-05
6.54943e-05
6.35604e-05
6.1614e-05
5.96597e-05
5.76996e-05
5.57448e-05
5.37936e-05
5.18566e-05
4.99367e-05
4.80373e-05
4.61661e-05
4.4323e-05
4.25152e-05
4.07415e-05
3.90059e-05
3.73061e-05
3.56432e-05
3.40132e-05
3.24078e-05
3.08331e-05
2.92917e-05
2.77433e-05
2.62202e-05
2.46874e-05
2.31591e-05
2.16105e-05
2.00511e-05
1.84633e-05
1.68488e-05
1.51822e-05
1.34775e-05
1.18349e-05
1.03971e-05
9.7014e-06
1.18774e-05
1.2022e-05
0.000130353
0.000130279
0.00012992
0.000129615
0.000128793
0.000128092
0.000127146
0.000126281
0.000125298
0.000124348
0.000123346
0.000122344
0.000121322
0.000120282
0.000119241
0.000118172
0.00011711
0.000116015
0.000114933
0.000113827
0.000112736
0.000111615
0.000110507
0.000109376
0.000108253
0.000107109
0.000105969
0.000104811
0.000103655
0.000102484
0.000101316
0.000100134
9.89539e-05
9.77587e-05
9.6562e-05
9.53494e-05
9.41333e-05
9.29004e-05
9.16597e-05
9.03905e-05
8.91086e-05
8.78307e-05
8.65148e-05
8.51809e-05
8.38229e-05
8.24446e-05
8.10372e-05
7.96098e-05
7.81518e-05
7.66643e-05
7.51485e-05
7.36046e-05
7.20394e-05
7.0451e-05
6.88469e-05
6.72327e-05
6.56108e-05
6.398e-05
6.23555e-05
6.07278e-05
5.91124e-05
5.75057e-05
5.59136e-05
5.43415e-05
5.27852e-05
5.12541e-05
4.97425e-05
4.82572e-05
4.67923e-05
4.5351e-05
4.39373e-05
4.25447e-05
4.11683e-05
3.98139e-05
3.8474e-05
3.71485e-05
3.58321e-05
3.45218e-05
3.32128e-05
3.1903e-05
3.05878e-05
2.92672e-05
2.79425e-05
2.66138e-05
2.52814e-05
2.39533e-05
2.26286e-05
2.13119e-05
2.00119e-05
1.87337e-05
1.74869e-05
1.62753e-05
1.51157e-05
1.4004e-05
1.29808e-05
1.22029e-05
1.20287e-05
1.36988e-05
1.37355e-05
1.406e-05
0.000116731
0.000116031
0.000115528
0.000114877
0.000113934
0.000112979
0.000111907
0.000110832
0.000109719
0.000108593
0.000107467
0.000106318
0.00010519
0.000104033
0.000102908
0.000101753
0.000100636
9.94922e-05
9.83865e-05
9.72571e-05
9.61592e-05
9.5049e-05
9.39511e-05
9.28527e-05
9.17565e-05
9.06477e-05
8.95464e-05
8.84271e-05
8.73236e-05
8.62063e-05
8.51048e-05
8.39935e-05
8.28929e-05
8.17807e-05
8.06752e-05
7.9557e-05
7.84429e-05
7.73145e-05
7.6185e-05
7.50387e-05
7.3889e-05
7.2722e-05
7.15444e-05
7.035e-05
6.91447e-05
6.79238e-05
6.66906e-05
6.54447e-05
6.41898e-05
6.29256e-05
6.16576e-05
6.03842e-05
5.91116e-05
5.78401e-05
5.65744e-05
5.53169e-05
5.40747e-05
5.28291e-05
5.16069e-05
5.03849e-05
4.91832e-05
4.79846e-05
4.68028e-05
4.56269e-05
4.44632e-05
4.33064e-05
4.21584e-05
4.10177e-05
3.98844e-05
3.87586e-05
3.76433e-05
3.65358e-05
3.54402e-05
3.4352e-05
3.32755e-05
3.22089e-05
3.11565e-05
3.0116e-05
2.90924e-05
2.80869e-05
2.70978e-05
2.61297e-05
2.51806e-05
2.42555e-05
2.33527e-05
2.2469e-05
2.16059e-05
2.07654e-05
1.99568e-05
1.91823e-05
1.8457e-05
1.77901e-05
1.72082e-05
1.67573e-05
1.65626e-05
1.6545e-05
1.59868e-05
1.57486e-05
1.57243e-05
1.31695e-05
0.000100462
9.92734e-05
9.87145e-05
9.78321e-05
9.69644e-05
9.59235e-05
9.49471e-05
9.38529e-05
9.2839e-05
9.17349e-05
9.07121e-05
8.96153e-05
8.85966e-05
8.75165e-05
8.651e-05
8.5452e-05
8.44627e-05
8.34301e-05
8.24608e-05
8.14545e-05
8.05079e-05
7.9533e-05
7.86088e-05
7.76672e-05
7.67613e-05
7.58374e-05
7.49497e-05
7.4046e-05
7.31754e-05
7.22956e-05
7.14493e-05
7.05974e-05
6.97691e-05
6.89308e-05
6.81087e-05
6.72731e-05
6.64496e-05
6.56115e-05
6.47782e-05
6.39241e-05
6.30701e-05
6.21968e-05
6.13199e-05
6.04249e-05
5.9525e-05
5.86093e-05
5.76883e-05
5.6756e-05
5.58213e-05
5.48802e-05
5.3941e-05
5.29995e-05
5.20644e-05
5.1128e-05
5.01942e-05
4.92654e-05
4.83432e-05
4.74302e-05
4.65264e-05
4.56322e-05
4.4754e-05
4.38869e-05
4.30418e-05
4.22101e-05
4.14001e-05
4.06065e-05
3.98405e-05
3.90908e-05
3.83694e-05
3.76669e-05
3.69897e-05
3.63314e-05
3.56986e-05
3.50831e-05
3.4492e-05
3.39143e-05
3.33545e-05
3.25142e-05
3.16299e-05
3.07283e-05
2.98516e-05
2.8962e-05
2.80985e-05
2.72225e-05
2.63749e-05
2.55211e-05
2.46916e-05
2.38605e-05
2.30577e-05
2.22623e-05
2.15035e-05
2.07712e-05
2.00951e-05
1.94648e-05
1.89241e-05
1.85394e-05
1.82876e-05
1.81977e-05
1.88808e-05
1.48766e-05
8.69208e-05
8.53872e-05
8.48993e-05
8.39573e-05
8.32831e-05
8.23065e-05
8.15643e-05
8.06028e-05
7.98428e-05
7.89177e-05
7.81621e-05
7.72782e-05
7.65364e-05
7.56918e-05
7.49688e-05
7.41585e-05
7.346e-05
7.26765e-05
7.20008e-05
7.1242e-05
7.0589e-05
6.98518e-05
6.92027e-05
6.84865e-05
6.74843e-05
6.6379e-05
6.53735e-05
6.43237e-05
6.33751e-05
6.23855e-05
6.14986e-05
6.05754e-05
5.9751e-05
5.88891e-05
5.812e-05
5.73137e-05
5.65941e-05
5.58379e-05
5.51644e-05
5.44579e-05
5.38306e-05
5.317e-05
5.25832e-05
5.1966e-05
5.14183e-05
5.08431e-05
5.03336e-05
4.98e-05
4.93245e-05
4.88313e-05
4.83883e-05
4.79343e-05
4.75175e-05
4.70938e-05
4.67003e-05
4.62969e-05
4.59189e-05
4.5526e-05
4.51541e-05
4.47627e-05
4.4388e-05
4.39932e-05
4.36026e-05
4.31948e-05
4.28132e-05
4.23929e-05
4.19873e-05
4.15661e-05
4.11531e-05
4.07295e-05
4.03089e-05
3.98831e-05
3.94546e-05
3.90265e-05
3.85897e-05
3.81551e-05
3.77068e-05
3.7257e-05
3.67916e-05
3.6318e-05
3.58266e-05
3.53163e-05
3.47868e-05
3.42282e-05
3.36452e-05
3.30244e-05
3.23727e-05
3.16777e-05
3.09474e-05
3.0175e-05
2.93743e-05
2.85512e-05
2.77335e-05
2.69474e-05
2.6275e-05
2.57771e-05
2.53835e-05
2.55032e-05
2.59756e-05
2.03431e-05
7.16733e-05
6.96667e-05
6.88546e-05
6.73457e-05
6.65136e-05
6.5098e-05
6.4287e-05
6.2948e-05
6.21645e-05
6.09058e-05
6.01577e-05
5.89834e-05
5.82786e-05
5.71917e-05
5.65356e-05
5.55367e-05
5.49308e-05
5.40219e-05
5.3469e-05
5.26497e-05
5.21514e-05
5.14227e-05
5.09812e-05
5.03398e-05
4.99577e-05
4.94099e-05
4.90967e-05
4.86379e-05
4.83893e-05
4.80121e-05
4.78203e-05
4.7517e-05
4.73763e-05
4.71343e-05
4.70356e-05
4.68462e-05
4.6784e-05
4.66383e-05
4.66055e-05
4.64977e-05
4.64898e-05
4.64139e-05
4.64247e-05
4.63725e-05
4.63929e-05
4.63634e-05
4.63827e-05
4.63817e-05
4.63857e-05
4.64085e-05
4.64088e-05
4.64371e-05
4.64399e-05
4.64753e-05
4.64898e-05
4.65247e-05
4.65525e-05
4.65877e-05
4.66277e-05
4.66729e-05
4.67288e-05
4.67875e-05
4.68597e-05
4.69322e-05
4.70209e-05
4.71055e-05
4.72126e-05
4.73106e-05
4.74317e-05
4.75454e-05
4.76799e-05
4.7811e-05
4.79586e-05
4.81078e-05
4.82669e-05
4.84294e-05
4.85953e-05
4.87629e-05
4.89301e-05
4.90949e-05
4.92558e-05
4.94067e-05
4.9547e-05
4.96661e-05
4.97622e-05
4.98217e-05
4.98416e-05
4.9808e-05
4.97152e-05
4.95519e-05
4.93144e-05
4.89988e-05
4.86079e-05
4.81558e-05
4.76653e-05
4.72175e-05
4.69967e-05
4.70649e-05
4.74761e-05
3.9423e-05
5.83842e-05
5.67287e-05
5.60763e-05
5.48686e-05
5.42955e-05
5.3179e-05
5.26789e-05
5.16612e-05
5.12304e-05
5.03156e-05
4.99489e-05
4.91371e-05
4.88284e-05
4.81206e-05
4.78668e-05
4.72613e-05
4.70571e-05
4.65485e-05
4.63872e-05
4.59725e-05
4.58488e-05
4.55231e-05
4.54307e-05
4.51899e-05
4.51242e-05
4.49627e-05
4.49194e-05
4.48312e-05
4.48047e-05
4.47813e-05
4.47785e-05
4.47812e-05
4.48251e-05
4.48483e-05
4.4926e-05
4.49712e-05
4.50719e-05
4.51407e-05
4.52586e-05
4.53505e-05
4.54858e-05
4.55971e-05
4.57472e-05
4.58764e-05
4.60392e-05
4.61845e-05
4.6362e-05
4.65227e-05
4.67139e-05
4.68911e-05
4.70957e-05
4.72909e-05
4.75088e-05
4.77234e-05
4.7956e-05
4.81882e-05
4.8437e-05
4.86875e-05
4.8954e-05
4.92243e-05
4.95105e-05
4.9803e-05
5.01122e-05
5.04274e-05
5.07606e-05
5.10976e-05
5.14546e-05
5.1814e-05
5.21953e-05
5.25796e-05
5.29868e-05
5.34004e-05
5.38363e-05
5.42836e-05
5.47513e-05
5.52341e-05
5.57354e-05
5.62544e-05
5.67937e-05
5.73535e-05
5.79373e-05
5.85446e-05
5.91799e-05
5.98421e-05
6.05368e-05
6.12654e-05
6.20331e-05
6.28432e-05
6.3702e-05
6.46145e-05
6.55879e-05
6.66287e-05
6.77455e-05
6.89459e-05
7.02363e-05
7.16122e-05
7.30291e-05
7.44631e-05
7.51826e-05
6.59012e-05
6.16017e-05
5.98992e-05
5.9227e-05
5.79826e-05
5.73906e-05
5.62392e-05
5.57197e-05
5.467e-05
5.42201e-05
5.32749e-05
5.28895e-05
5.20484e-05
5.17244e-05
5.09821e-05
5.07164e-05
5.00663e-05
4.98534e-05
4.92891e-05
4.91232e-05
4.86388e-05
4.8514e-05
4.81039e-05
4.80146e-05
4.7674e-05
4.76148e-05
4.73399e-05
4.73062e-05
4.70941e-05
4.70812e-05
4.69275e-05
4.6931e-05
4.6831e-05
4.68454e-05
4.67931e-05
4.68139e-05
4.68092e-05
4.68341e-05
4.68654e-05
4.68864e-05
4.69375e-05
4.69961e-05
4.70473e-05
4.71193e-05
4.71802e-05
4.72634e-05
4.73359e-05
4.74332e-05
4.75175e-05
4.76277e-05
4.77249e-05
4.7848e-05
4.79597e-05
4.80966e-05
4.82235e-05
4.83739e-05
4.85167e-05
4.86808e-05
4.88387e-05
4.90205e-05
4.91976e-05
4.93984e-05
4.95982e-05
4.98198e-05
5.00425e-05
5.02861e-05
5.05314e-05
5.07963e-05
5.10628e-05
5.13495e-05
5.16375e-05
5.19464e-05
5.22589e-05
5.2591e-05
5.29319e-05
5.32898e-05
5.36604e-05
5.40465e-05
5.44475e-05
5.48657e-05
5.53011e-05
5.57574e-05
5.62338e-05
5.67352e-05
5.72602e-05
5.78139e-05
5.83945e-05
5.90069e-05
5.96511e-05
6.03371e-05
6.10676e-05
6.18501e-05
6.26877e-05
6.35912e-05
6.45703e-05
6.5643e-05
6.68394e-05
6.8196e-05
6.96919e-05
7.08492e-05
6.27366e-05
8.12961e-05
7.93571e-05
7.85726e-05
7.71212e-05
7.63343e-05
7.4988e-05
7.41998e-05
7.2952e-05
7.21691e-05
7.10208e-05
7.02435e-05
6.9169e-05
6.84287e-05
6.74159e-05
6.67197e-05
6.57641e-05
6.51045e-05
6.42057e-05
6.35779e-05
6.27327e-05
6.21339e-05
6.13388e-05
6.07683e-05
6.00211e-05
5.94787e-05
5.8778e-05
5.82642e-05
5.76111e-05
5.71271e-05
5.6523e-05
5.60696e-05
5.55101e-05
5.50866e-05
5.45732e-05
5.41808e-05
5.37103e-05
5.33462e-05
5.29176e-05
5.25798e-05
5.21901e-05
5.18796e-05
5.1524e-05
5.12402e-05
5.09171e-05
5.06574e-05
5.03625e-05
5.01228e-05
4.98535e-05
4.9632e-05
4.93827e-05
4.91754e-05
4.89411e-05
4.87448e-05
4.85201e-05
4.83188e-05
4.81044e-05
4.79316e-05
4.77072e-05
4.75391e-05
4.7341e-05
4.71523e-05
4.69651e-05
4.67878e-05
4.66116e-05
4.64408e-05
4.62742e-05
4.6111e-05
4.59478e-05
4.57921e-05
4.563e-05
4.54812e-05
4.53185e-05
4.51637e-05
4.4996e-05
4.48282e-05
4.4648e-05
4.44616e-05
4.42599e-05
4.40489e-05
4.38191e-05
4.35784e-05
4.33187e-05
4.3049e-05
4.27602e-05
4.24615e-05
4.21461e-05
4.18222e-05
4.14856e-05
4.11382e-05
4.07752e-05
4.04042e-05
4.00371e-05
3.96764e-05
3.93466e-05
3.90758e-05
3.89139e-05
3.89577e-05
3.93186e-05
4.00449e-05
3.39496e-05
9.28505e-05
9.15158e-05
9.10266e-05
9.01725e-05
8.94958e-05
8.85819e-05
8.78376e-05
8.69263e-05
8.61701e-05
8.52902e-05
8.45475e-05
8.37068e-05
8.29861e-05
8.21836e-05
8.14842e-05
8.07148e-05
8.00326e-05
7.92892e-05
7.86189e-05
7.7894e-05
7.72292e-05
7.65152e-05
7.58512e-05
7.51437e-05
7.4477e-05
7.37679e-05
7.3101e-05
7.23925e-05
7.17295e-05
7.10165e-05
7.03287e-05
6.96001e-05
6.88934e-05
6.81602e-05
6.74425e-05
6.67018e-05
6.59705e-05
6.5221e-05
6.44716e-05
6.3695e-05
6.29165e-05
6.21153e-05
6.13127e-05
6.04915e-05
5.96717e-05
5.8839e-05
5.80109e-05
5.71171e-05
5.62224e-05
5.53308e-05
5.44833e-05
5.36365e-05
5.28318e-05
5.2026e-05
5.12608e-05
5.04911e-05
4.97605e-05
4.90213e-05
4.83148e-05
4.75953e-05
4.69052e-05
4.62043e-05
4.55244e-05
4.48304e-05
4.41463e-05
4.34459e-05
4.27472e-05
4.20282e-05
4.1309e-05
4.05629e-05
3.98045e-05
3.90475e-05
3.83001e-05
3.75256e-05
3.67713e-05
3.59961e-05
3.52396e-05
3.44662e-05
3.37128e-05
3.29468e-05
3.22031e-05
3.14474e-05
3.07115e-05
2.9971e-05
2.92536e-05
2.85388e-05
2.78494e-05
2.71699e-05
2.65163e-05
2.58827e-05
2.52843e-05
2.47031e-05
2.41748e-05
2.37157e-05
2.33732e-05
2.30909e-05
2.31477e-05
2.34212e-05
2.42098e-05
1.8803e-05
0.000107955
0.000106933
0.000106464
0.000105717
0.000104904
0.000103979
0.000103055
0.000102055
0.000101095
0.000100076
9.91153e-05
9.81025e-05
9.71503e-05
9.61503e-05
9.52081e-05
9.42214e-05
9.32873e-05
9.23119e-05
9.13831e-05
9.0416e-05
8.94883e-05
8.85242e-05
8.75932e-05
8.6629e-05
8.5692e-05
8.47231e-05
8.3777e-05
8.28034e-05
8.18486e-05
8.08652e-05
7.98872e-05
7.88837e-05
7.7886e-05
7.68691e-05
7.58575e-05
7.48281e-05
7.38016e-05
7.27592e-05
7.172e-05
7.06679e-05
6.96168e-05
6.85527e-05
6.74884e-05
6.64103e-05
6.53284e-05
6.42359e-05
6.3148e-05
6.20387e-05
6.0934e-05
5.98154e-05
5.86986e-05
5.75745e-05
5.64527e-05
5.53283e-05
5.42067e-05
5.30862e-05
5.19718e-05
5.08613e-05
4.97599e-05
4.86651e-05
4.75844e-05
4.65158e-05
4.54592e-05
4.44088e-05
4.33723e-05
4.23473e-05
4.13389e-05
4.03448e-05
3.93689e-05
3.84148e-05
3.74861e-05
3.65779e-05
3.56991e-05
3.48454e-05
3.40227e-05
3.32286e-05
3.24572e-05
3.17143e-05
3.09938e-05
3.03006e-05
2.96292e-05
2.89778e-05
2.83421e-05
2.77262e-05
2.67426e-05
2.5783e-05
2.48324e-05
2.39226e-05
2.30462e-05
2.22192e-05
2.14291e-05
2.06972e-05
2.00049e-05
1.93726e-05
1.8777e-05
1.83566e-05
1.81427e-05
1.79441e-05
1.8678e-05
1.44409e-05
0.000124721
0.00012413
0.000123732
0.000123209
0.000122347
0.000121497
0.000120499
0.000119518
0.00011848
0.000117445
0.000116398
0.000115339
0.000114291
0.000113221
0.000112174
0.0001111
0.000110052
0.000108977
0.000107928
0.000106851
0.0001058
0.000104721
0.000103663
0.000102582
0.000101518
0.000100434
9.93606e-05
9.8261e-05
9.7158e-05
9.60548e-05
9.49183e-05
9.37687e-05
9.26047e-05
9.14186e-05
9.02222e-05
8.90021e-05
8.77703e-05
8.65147e-05
8.52497e-05
8.39667e-05
8.26733e-05
8.13608e-05
8.00376e-05
7.86961e-05
7.73449e-05
7.59744e-05
7.45956e-05
7.32023e-05
7.18004e-05
7.03901e-05
6.89744e-05
6.75557e-05
6.61366e-05
6.47195e-05
6.33073e-05
6.18997e-05
6.05027e-05
5.91134e-05
5.77368e-05
5.63679e-05
5.50123e-05
5.36743e-05
5.23467e-05
5.10365e-05
4.97423e-05
4.8461e-05
4.71922e-05
4.59315e-05
4.46789e-05
4.34308e-05
4.21868e-05
4.09453e-05
3.97059e-05
3.84682e-05
3.72322e-05
3.59999e-05
3.4775e-05
3.35539e-05
3.23424e-05
3.11325e-05
2.99355e-05
2.87453e-05
2.75719e-05
2.64135e-05
2.52729e-05
2.41501e-05
2.30505e-05
2.19747e-05
2.09245e-05
1.98997e-05
1.89091e-05
1.7959e-05
1.71099e-05
1.63678e-05
1.58836e-05
1.60545e-05
1.60655e-05
1.58564e-05
1.58784e-05
1.3191e-05
0.000137419
0.000137455
0.000137189
0.000136986
0.000136248
0.000135635
0.000134767
0.00013399
0.000133087
0.000132229
0.000131313
0.000130408
0.000129482
0.000128546
0.000127608
0.000126649
0.000125697
0.000124719
0.000123751
0.000122754
0.000121767
0.000120751
0.000119742
0.000118705
0.000117672
0.000116621
0.000115574
0.000114498
0.000113426
0.000112328
0.000111221
0.00011009
0.000108947
0.00010778
0.000106598
0.000105391
0.000104167
0.000102914
0.000101644
0.000100346
9.90276e-05
9.76797e-05
9.6304e-05
9.48935e-05
9.34716e-05
9.20228e-05
9.05286e-05
8.9019e-05
8.74686e-05
8.58986e-05
8.42939e-05
8.26685e-05
8.10154e-05
7.9343e-05
7.76507e-05
7.59426e-05
7.42204e-05
7.24832e-05
7.07331e-05
6.89721e-05
6.72101e-05
6.54413e-05
6.36801e-05
6.19238e-05
6.018e-05
5.84496e-05
5.67355e-05
5.50406e-05
5.3365e-05
5.17131e-05
5.00823e-05
4.84769e-05
4.68937e-05
4.53349e-05
4.37917e-05
4.22724e-05
4.07854e-05
3.92935e-05
3.78277e-05
3.63616e-05
3.49039e-05
3.34396e-05
3.19685e-05
3.04837e-05
2.89793e-05
2.74557e-05
2.59106e-05
2.43489e-05
2.27723e-05
2.11893e-05
1.96037e-05
1.80193e-05
1.64531e-05
1.49538e-05
1.35609e-05
1.24844e-05
1.20865e-05
1.3607e-05
1.38565e-05
1.43473e-05
0.000134842
0.000134519
0.000134393
0.000134089
0.000133963
0.000133642
0.000133496
0.000133166
0.000132988
0.000132648
0.000132438
0.000132092
0.000131851
0.000131497
0.000131228
0.000130864
0.000130565
0.000130187
0.000129858
0.000129461
0.0001291
0.00012868
0.000128281
0.000127828
0.000127383
0.000126598
0.000125763
0.000124894
0.000124029
0.000123134
0.000122235
0.00012131
0.000120377
0.000119418
0.000118447
0.000117451
0.000116441
0.000115408
0.00011435
0.000113262
0.00011215
0.000111004
0.00010983
0.000108622
0.000107385
0.000106108
0.000104795
0.000103445
0.000102054
0.000100626
9.91548e-05
9.76449e-05
9.60931e-05
9.45009e-05
9.28685e-05
9.1201e-05
8.94865e-05
8.77524e-05
8.59958e-05
8.41731e-05
8.23476e-05
8.04679e-05
7.85713e-05
7.66339e-05
7.46642e-05
7.26567e-05
7.06173e-05
6.85504e-05
6.6451e-05
6.43311e-05
6.21864e-05
6.00246e-05
5.78523e-05
5.5671e-05
5.34947e-05
5.13248e-05
4.9175e-05
4.70503e-05
4.49588e-05
4.29083e-05
4.08996e-05
3.89394e-05
3.70224e-05
3.51509e-05
3.33067e-05
3.14927e-05
2.97224e-05
2.79399e-05
2.61676e-05
2.43753e-05
2.25627e-05
2.06981e-05
1.87635e-05
1.67788e-05
1.47838e-05
1.28133e-05
1.11188e-05
1.01074e-05
1.19843e-05
1.21431e-05
0.0001125
0.000112696
0.000112771
0.000112831
0.00011289
0.000112914
0.000112961
0.000112962
0.000113
0.000112983
0.00011301
0.00011298
0.000112993
0.00011295
0.000112947
0.000112893
0.000112873
0.000112805
0.000112765
0.000112684
0.000112624
0.000112526
0.000112443
0.000112328
0.000112223
0.000112092
0.000111973
0.000111829
0.000111695
0.000111538
0.000111386
0.000111215
0.000111044
0.000110855
0.000110663
0.000110453
0.00011023
0.000109983
0.000109722
0.000109438
0.000109136
0.000108807
0.000108456
0.000108075
0.000107665
0.000107222
0.000106751
0.000106245
0.000105708
0.000105137
0.00010452
0.000103858
0.000103142
0.000102365
0.000101519
0.000100219
9.88088e-05
9.73325e-05
9.58055e-05
9.42139e-05
9.25819e-05
9.08881e-05
8.9156e-05
8.73787e-05
8.55622e-05
8.37056e-05
8.17953e-05
7.98587e-05
7.78571e-05
7.5804e-05
7.3714e-05
7.15646e-05
6.93825e-05
6.71386e-05
6.4853e-05
6.25132e-05
6.01163e-05
5.76693e-05
5.51575e-05
5.25953e-05
4.99706e-05
4.72991e-05
4.45786e-05
4.18273e-05
3.90542e-05
3.62822e-05
3.35339e-05
3.08342e-05
2.82071e-05
2.56793e-05
2.32382e-05
2.0884e-05
1.86105e-05
1.63342e-05
1.41606e-05
1.21493e-05
1.03389e-05
8.94517e-06
8.37807e-06
1.155e-05
7.27281e-05
7.31342e-05
7.32119e-05
7.34612e-05
7.35457e-05
7.375e-05
7.38513e-05
7.40272e-05
7.41437e-05
7.4301e-05
7.44281e-05
7.45729e-05
7.47063e-05
7.48427e-05
7.49787e-05
7.51091e-05
7.52451e-05
7.53711e-05
7.55052e-05
7.56277e-05
7.57591e-05
7.58791e-05
7.60079e-05
7.61266e-05
7.6254e-05
7.6374e-05
7.65017e-05
7.66221e-05
7.67488e-05
7.68682e-05
7.69924e-05
7.71102e-05
7.72309e-05
7.73452e-05
7.74596e-05
7.75665e-05
7.76731e-05
7.77729e-05
7.78706e-05
7.79613e-05
7.80476e-05
7.81262e-05
7.81988e-05
7.82625e-05
7.83188e-05
7.83655e-05
7.84036e-05
7.84308e-05
7.8443e-05
7.84378e-05
7.84119e-05
7.83637e-05
7.82897e-05
7.81879e-05
7.80558e-05
7.78942e-05
7.77161e-05
7.75044e-05
7.72652e-05
7.69893e-05
7.6674e-05
7.63079e-05
7.57932e-05
7.50283e-05
7.41961e-05
7.32969e-05
7.23382e-05
7.13248e-05
7.02393e-05
6.90924e-05
6.78715e-05
6.65685e-05
6.52075e-05
6.37526e-05
6.21925e-05
6.05495e-05
5.87835e-05
5.69231e-05
5.49375e-05
5.28456e-05
5.06344e-05
4.83166e-05
4.58923e-05
4.33739e-05
4.07706e-05
3.80975e-05
3.53603e-05
3.25652e-05
2.97074e-05
2.67484e-05
2.36813e-05
2.05769e-05
1.75737e-05
1.47011e-05
1.20071e-05
9.61484e-06
7.78346e-06
6.57533e-06
5.8666e-06
6.75081e-06
6.80956e-06
6.82505e-06
6.83471e-06
6.84784e-06
6.85992e-06
6.87547e-06
6.88798e-06
6.90474e-06
6.91794e-06
6.93531e-06
6.94942e-06
6.96716e-06
6.9823e-06
7.00034e-06
7.01656e-06
7.03496e-06
7.0523e-06
7.07119e-06
7.08968e-06
7.10928e-06
7.12901e-06
7.14958e-06
7.17072e-06
7.19257e-06
7.21532e-06
7.23873e-06
7.26323e-06
7.28836e-06
7.31467e-06
7.34156e-06
7.36973e-06
7.39857e-06
7.42883e-06
7.45991e-06
7.49249e-06
7.52604e-06
7.56118e-06
7.59741e-06
7.63527e-06
7.67435e-06
7.71509e-06
7.75718e-06
7.80099e-06
7.84627e-06
7.89333e-06
7.94195e-06
7.99237e-06
8.04436e-06
8.09803e-06
8.15337e-06
8.21044e-06
8.26937e-06
8.33026e-06
8.39327e-06
8.45859e-06
8.52641e-06
8.59678e-06
8.66898e-06
8.74312e-06
8.81856e-06
8.89443e-06
8.9702e-06
9.04491e-06
9.12118e-06
9.19804e-06
9.27884e-06
9.36217e-06
9.44907e-06
9.53856e-06
9.63219e-06
9.72927e-06
9.83023e-06
9.9376e-06
1.00464e-05
1.01573e-05
1.02758e-05
1.03927e-05
1.05164e-05
1.06405e-05
1.07684e-05
1.08985e-05
1.10315e-05
1.11676e-05
1.13066e-05
1.14485e-05
1.159e-05
1.17194e-05
1.18122e-05
1.17993e-05
1.15624e-05
1.09358e-05
9.69546e-06
7.82055e-06
5.64527e-06
3.64181e-06
2.63137e-06
2.55199e-06
3.92535e-06
4.02185e-06
4.33117e-06
1.08927e-05
2.06018e-06
2.59774e-06
3.53453e-06
4.56619e-06
5.60652e-06
6.44837e-06
7.28304e-06
8.08536e-06
8.83711e-06
9.54034e-06
1.02007e-05
1.10703e-05
1.27107e-05
1.49853e-05
1.75312e-05
1.74854e-05
1.54869e-05
1.04083e-05
3.97387e-06
5.8297e-06
2.1798e-06
2.48337e-06
3.1785e-06
4.02399e-06
4.83929e-06
5.65898e-06
6.50604e-06
7.36014e-06
8.22416e-06
9.10832e-06
1.00587e-05
1.1545e-05
1.35927e-05
1.63994e-05
1.80606e-05
1.73547e-05
1.46637e-05
9.67249e-06
3.92955e-06
4.9311e-06
2.68974e-06
2.88514e-06
3.38415e-06
3.99888e-06
4.70666e-06
5.44546e-06
6.25938e-06
7.14034e-06
8.21872e-06
9.21347e-06
1.05592e-05
1.23551e-05
1.50644e-05
1.75947e-05
1.81145e-05
1.70222e-05
1.39731e-05
9.028e-06
3.75938e-06
5.03994e-06
3.4235e-06
3.61726e-06
3.86634e-06
4.35882e-06
4.90107e-06
5.61216e-06
6.48866e-06
7.5782e-06
9.17173e-06
1.06746e-05
1.23185e-05
1.49219e-05
1.76671e-05
1.88838e-05
1.86193e-05
1.69559e-05
1.32721e-05
8.21938e-06
3.14874e-06
5.67807e-06
4.47031e-06
4.61157e-06
4.62368e-06
5.17764e-06
5.62821e-06
6.47455e-06
7.64534e-06
9.28871e-06
1.23297e-05
1.40527e-05
1.62182e-05
1.87302e-05
2.00411e-05
2.01916e-05
1.91551e-05
1.64282e-05
1.26159e-05
7.00809e-06
2.21763e-06
6.88589e-06
5.96295e-06
6.032e-06
5.9722e-06
6.6794e-06
7.56588e-06
9.02917e-06
1.11297e-05
1.53206e-05
1.85703e-05
2.02374e-05
2.17353e-05
2.2741e-05
2.26601e-05
2.16294e-05
1.89244e-05
1.59502e-05
1.16987e-05
5.15874e-06
1.35707e-06
8.99596e-06
8.55037e-06
8.74929e-06
9.24485e-06
1.08491e-05
1.3232e-05
1.65135e-05
2.13264e-05
2.79468e-05
2.88362e-05
2.86754e-05
2.80999e-05
2.68688e-05
2.44521e-05
2.14314e-05
1.85381e-05
1.48117e-05
1.01466e-05
3.88742e-06
7.18684e-07
1.44629e-05
1.58523e-05
1.70422e-05
1.93128e-05
2.28293e-05
2.71141e-05
3.26614e-05
3.96059e-05
3.90722e-05
3.68308e-05
3.36362e-05
3.09943e-05
2.75658e-05
2.45977e-05
2.09466e-05
1.7091e-05
1.28292e-05
8.68811e-06
3.16152e-06
3.52735e-07
3.22019e-05
3.51606e-05
3.64066e-05
3.88472e-05
4.33309e-05
4.76985e-05
5.04799e-05
4.65287e-05
4.2992e-05
3.93113e-05
3.55859e-05
3.20384e-05
2.79404e-05
2.3467e-05
1.86413e-05
1.40439e-05
1.0678e-05
7.98749e-06
3.29587e-06
2.18536e-07
5.25778e-05
5.54643e-05
5.57615e-05
5.73014e-05
6.21817e-05
5.81665e-05
5.43062e-05
4.93234e-05
4.56541e-05
4.06489e-05
3.6994e-05
3.17293e-05
2.71457e-05
1.98982e-05
1.42256e-05
1.04559e-05
8.94065e-06
7.77776e-06
3.75287e-06
2.67585e-07
5.02023e-05
5.297e-05
5.3408e-05
5.50713e-05
5.99536e-05
5.6828e-05
5.31529e-05
4.83499e-05
4.48951e-05
4.0067e-05
3.67359e-05
3.15364e-05
2.78672e-05
2.07034e-05
1.51454e-05
1.06751e-05
8.79665e-06
7.38835e-06
3.31344e-06
2.34023e-07
2.77548e-05
3.06995e-05
3.21116e-05
3.4629e-05
3.90666e-05
4.37268e-05
4.8658e-05
4.49046e-05
4.18703e-05
3.79255e-05
3.5142e-05
3.10907e-05
2.81348e-05
2.39583e-05
1.93501e-05
1.45703e-05
1.06714e-05
7.37119e-06
2.63829e-06
1.92229e-07
1.29929e-05
1.38834e-05
1.4829e-05
1.68805e-05
2.00336e-05
2.41034e-05
2.93515e-05
3.63846e-05
3.93691e-05
3.57395e-05
3.36462e-05
3.01867e-05
2.73769e-05
2.42335e-05
2.10998e-05
1.73184e-05
1.29116e-05
8.43333e-06
2.81577e-06
2.39885e-07
8.61428e-06
8.08004e-06
8.21808e-06
8.59144e-06
9.98129e-06
1.21003e-05
1.50667e-05
1.96726e-05
2.616e-05
2.738e-05
2.77741e-05
2.76149e-05
2.67579e-05
2.4458e-05
2.12666e-05
1.84718e-05
1.47624e-05
9.9813e-06
3.63121e-06
4.879e-07
6.73031e-06
5.79396e-06
5.85775e-06
5.81407e-06
6.48565e-06
7.32688e-06
8.68986e-06
1.06468e-05
1.46818e-05
1.80203e-05
1.98284e-05
2.16359e-05
2.27152e-05
2.27967e-05
2.18702e-05
1.88122e-05
1.57415e-05
1.14652e-05
5.1262e-06
1.18006e-06
5.62121e-06
4.42242e-06
4.55948e-06
4.60413e-06
5.14917e-06
5.62807e-06
6.46252e-06
7.59752e-06
9.18038e-06
1.2227e-05
1.40149e-05
1.63568e-05
1.89554e-05
2.02954e-05
2.04381e-05
1.93432e-05
1.63178e-05
1.23963e-05
6.90169e-06
2.13908e-06
5.04893e-06
3.43539e-06
3.63098e-06
3.91666e-06
4.41232e-06
4.98823e-06
5.71365e-06
6.58725e-06
7.65406e-06
9.26841e-06
1.08222e-05
1.25554e-05
1.52721e-05
1.80307e-05
1.92104e-05
1.88753e-05
1.70443e-05
1.31527e-05
8.08006e-06
3.1536e-06
5.05401e-06
2.73972e-06
2.93676e-06
3.46056e-06
4.09661e-06
4.80491e-06
5.57769e-06
6.40914e-06
7.29316e-06
8.37419e-06
9.42827e-06
1.08569e-05
1.27208e-05
1.55095e-05
1.79543e-05
1.83574e-05
1.71732e-05
1.3887e-05
8.94264e-06
3.76547e-06
6.1153e-06
2.24319e-06
2.54895e-06
3.26567e-06
4.13666e-06
4.98161e-06
5.81429e-06
6.68342e-06
7.55263e-06
8.42157e-06
9.32984e-06
1.0344e-05
1.19432e-05
1.40027e-05
1.68609e-05
1.83285e-05
1.74917e-05
1.4673e-05
9.60988e-06
3.95003e-06
1.09612e-05
2.13177e-06
2.66015e-06
3.61164e-06
4.66922e-06
5.73918e-06
6.62193e-06
7.47669e-06
8.29481e-06
9.05209e-06
9.77187e-06
1.04447e-05
1.13896e-05
1.31837e-05
1.53586e-05
1.7807e-05
1.75914e-05
1.54954e-05
1.03479e-05
3.99342e-06
1.23422e-06
0.000116558
0.000294184
0.000330906
0.00033481
0.000335356
0.000335357
0.000335342
0.000335343
0.000335345
0.000335345
0.000335343
0.000335342
0.000335357
0.000335356
0.00033481
0.000330906
0.000294184
0.000116558
1.23422e-06
1.36973e-06
6.8166e-05
0.000219582
0.000309502
0.000330908
0.000334527
0.000335273
0.000335315
0.000335296
0.000335287
0.000335287
0.000335296
0.000335315
0.000335273
0.000334527
0.000330908
0.000309502
0.000219582
6.81661e-05
1.36973e-06
1.51336e-06
5.28976e-05
0.000176463
0.000280583
0.000322149
0.000332504
0.000334604
0.0003351
0.000335168
0.000335172
0.000335172
0.000335168
0.0003351
0.000334604
0.000332504
0.000322149
0.000280583
0.000176463
5.28977e-05
1.51336e-06
1.6554e-06
4.3938e-05
0.000148162
0.000254264
0.0003093
0.000328588
0.000333554
0.000334803
0.000335047
0.00033508
0.00033508
0.000335047
0.000334803
0.000333554
0.000328588
0.0003093
0.000254264
0.000148162
4.39381e-05
1.6554e-06
1.79647e-06
3.71591e-05
0.000127211
0.000231222
0.000295241
0.00032261
0.000331765
0.000334129
0.0003348
0.00033494
0.00033494
0.0003348
0.000334129
0.000331765
0.00032261
0.000295241
0.000231222
0.000127211
3.71591e-05
1.79647e-06
1.93637e-06
3.20656e-05
0.00011106
0.000211229
0.00028097
0.000315384
0.000328852
0.0003332
0.000334472
0.00033478
0.00033478
0.000334472
0.0003332
0.000328852
0.000315384
0.00028097
0.000211229
0.00011106
3.20655e-05
1.93637e-06
2.07391e-06
2.82186e-05
9.83579e-05
0.000193941
0.00026707
0.000307359
0.000325177
0.000331845
0.000333904
0.000334513
0.000334513
0.000333904
0.000331845
0.000325177
0.000307359
0.00026707
0.000193941
9.83578e-05
2.82186e-05
2.07391e-06
2.20849e-06
2.52348e-05
8.8147e-05
0.000178948
0.000253828
0.000298868
0.000320816
0.000329912
0.000333145
0.000334153
0.000334153
0.000333145
0.000329912
0.000320816
0.000298868
0.000253828
0.000178948
8.81469e-05
2.52348e-05
2.20849e-06
2.33872e-06
2.2883e-05
7.98166e-05
0.000165913
0.000241395
0.00029018
0.000315928
0.000327568
0.000332164
0.000333602
0.000333602
0.000332164
0.000327568
0.000315928
0.00029018
0.000241395
0.000165913
7.98164e-05
2.28829e-05
2.33872e-06
2.46395e-06
2.09827e-05
7.29034e-05
0.00015452
0.000229813
0.000281485
0.000310644
0.000324814
0.000330837
0.000332879
0.000332879
0.000330837
0.000324814
0.000310644
0.000281485
0.000229812
0.00015452
7.29032e-05
2.09826e-05
2.46396e-06
2.58304e-06
1.94334e-05
6.71025e-05
0.000144522
0.00021908
0.000272922
0.000305083
0.000321705
0.000329233
0.000331992
0.000331992
0.000329233
0.000321705
0.000305083
0.000272921
0.00021908
0.000144521
6.71023e-05
1.94334e-05
2.58305e-06
2.69578e-06
1.81418e-05
6.2164e-05
0.000135688
0.000209151
0.000264574
0.000299343
0.000318292
0.000327354
0.000330843
0.000330843
0.000327354
0.000318292
0.000299343
0.000264574
0.00020915
0.000135687
6.21638e-05
1.81418e-05
2.69578e-06
2.80121e-06
1.70616e-05
5.7925e-05
0.00012785
0.000199977
0.000256501
0.000293506
0.000314624
0.000325205
0.000329432
0.000329432
0.000325205
0.000314624
0.000293506
0.000256501
0.000199977
0.000127849
5.79249e-05
1.70616e-05
2.80121e-06
2.89939e-06
1.61473e-05
5.42475e-05
0.000120853
0.000191497
0.000248734
0.000287635
0.000310748
0.000322803
0.000327776
0.000327776
0.000322803
0.000310748
0.000287635
0.000248734
0.000191496
0.000120853
5.42473e-05
1.61473e-05
2.89939e-06
2.9896e-06
1.53691e-05
5.10395e-05
0.000114588
0.00018366
0.000241295
0.000281784
0.000306709
0.00032017
0.000325879
0.000325879
0.00032017
0.000306709
0.000281784
0.000241295
0.000183659
0.000114587
5.10394e-05
1.53691e-05
2.9896e-06
3.07232e-06
1.47003e-05
4.82152e-05
0.000108945
0.000176405
0.000234187
0.00027599
0.000302543
0.000317329
0.000323751
0.000323751
0.000317329
0.000302543
0.00027599
0.000234186
0.000176404
0.000108945
4.82151e-05
1.47003e-05
3.07232e-06
3.14699e-06
1.41265e-05
4.57186e-05
0.000103849
0.000169684
0.000227409
0.000270284
0.000298287
0.000314304
0.000321405
0.000321405
0.000314304
0.000298287
0.000270284
0.000227409
0.000169684
0.000103849
4.57186e-05
1.41265e-05
3.14699e-06
3.21438e-06
1.36291e-05
4.34948e-05
9.92217e-05
0.000163444
0.000220951
0.000264684
0.000293967
0.000311117
0.000318859
0.000318859
0.000311117
0.000293967
0.000264684
0.000220951
0.000163443
9.92216e-05
4.34948e-05
1.36291e-05
3.21438e-06
3.27399e-06
1.32006e-05
4.15088e-05
9.50115e-05
0.000157646
0.000214806
0.000259209
0.000289609
0.000307792
0.00031613
0.000316129
0.000307792
0.000289609
0.000259209
0.000214806
0.000157645
9.50114e-05
4.15087e-05
1.32006e-05
3.27399e-06
3.3269e-06
1.28279e-05
3.97245e-05
9.1164e-05
0.000152246
0.000208958
0.000253867
0.000285236
0.00030435
0.000313237
0.000313237
0.00030435
0.000285236
0.000253867
0.000208958
0.000152246
9.11639e-05
3.97245e-05
1.28279e-05
3.3269e-06
3.37258e-06
1.25073e-05
3.81178e-05
8.76415e-05
0.000147215
0.000203397
0.000248669
0.000280867
0.000300814
0.000310202
0.000310202
0.000300814
0.000280867
0.000248669
0.000203396
0.000147215
8.76414e-05
3.81178e-05
1.25073e-05
3.37258e-06
3.41241e-06
1.22288e-05
3.66646e-05
8.44036e-05
0.000142514
0.000198104
0.000243616
0.000276515
0.000297202
0.000307044
0.000307044
0.000297202
0.000276515
0.000243616
0.000198104
0.000142514
8.44035e-05
3.66646e-05
1.22288e-05
3.41241e-06
3.44566e-06
1.19915e-05
3.53463e-05
8.14221e-05
0.000138119
0.000193068
0.000238711
0.000272195
0.000293532
0.00030378
0.00030378
0.000293532
0.000272195
0.000238711
0.000193068
0.000138119
8.1422e-05
3.53463e-05
1.19916e-05
3.44566e-06
3.47402e-06
1.17869e-05
3.41486e-05
7.86679e-05
0.000134001
0.000188273
0.000233954
0.000267917
0.00028982
0.00030043
0.00030043
0.00028982
0.000267917
0.000233954
0.000188273
0.000134001
7.86678e-05
3.41486e-05
1.1787e-05
3.47402e-06
3.49649e-06
1.16128e-05
3.30555e-05
7.61198e-05
0.000130139
0.000183707
0.000229344
0.000263691
0.000286081
0.00029701
0.00029701
0.000286081
0.000263691
0.000229344
0.000183707
0.000130139
7.61198e-05
3.30555e-05
1.16128e-05
3.49649e-06
3.51512e-06
1.14695e-05
3.20597e-05
7.37561e-05
0.00012651
0.000179355
0.00022488
0.000259524
0.000282329
0.000293536
0.000293536
0.000282329
0.000259524
0.00022488
0.000179355
0.000126509
7.3756e-05
3.20597e-05
1.14695e-05
3.51511e-06
3.52846e-06
1.13485e-05
3.11463e-05
7.15601e-05
0.000123097
0.000175207
0.000220558
0.000255421
0.000278574
0.000290022
0.000290022
0.000278574
0.000255421
0.000220558
0.000175207
0.000123097
7.15601e-05
3.11462e-05
1.13484e-05
3.52845e-06
3.53793e-06
1.12562e-05
3.0313e-05
6.95152e-05
0.000119881
0.000171249
0.000216375
0.000251388
0.000274828
0.000286482
0.000286482
0.000274828
0.000251388
0.000216375
0.000171249
0.000119881
6.95152e-05
3.03131e-05
1.12564e-05
3.53792e-06
3.54511e-06
1.11814e-05
2.95464e-05
6.76085e-05
0.000116849
0.000167471
0.000212328
0.000247429
0.000271099
0.000282926
0.000282926
0.000271099
0.000247429
0.000212328
0.000167471
0.000116849
6.76085e-05
2.95465e-05
1.11814e-05
3.5451e-06
3.54863e-06
1.11319e-05
2.88463e-05
6.58273e-05
0.000113985
0.000163862
0.000208413
0.000243546
0.000267396
0.000279367
0.000279367
0.000267396
0.000243546
0.000208413
0.000163862
0.000113985
6.58273e-05
2.88463e-05
1.1132e-05
3.54863e-06
3.54914e-06
1.10978e-05
2.82014e-05
6.41612e-05
0.000111277
0.000160413
0.000204625
0.000239742
0.000263725
0.000275812
0.000275812
0.000263725
0.000239742
0.000204625
0.000160413
0.000111278
6.41614e-05
2.82014e-05
1.10977e-05
3.54914e-06
3.54717e-06
1.10874e-05
2.76133e-05
6.26009e-05
0.000108714
0.000157113
0.000200961
0.000236017
0.000260092
0.000272271
0.000272271
0.000260092
0.000236017
0.000200961
0.000157113
0.000108714
6.26009e-05
2.76134e-05
1.10876e-05
3.54716e-06
3.54302e-06
1.10908e-05
2.70718e-05
6.11375e-05
0.000106286
0.000153955
0.000197416
0.000232373
0.000256502
0.00026875
0.00026875
0.000256502
0.000232373
0.000197416
0.000153956
0.000106286
6.11377e-05
2.70718e-05
1.10907e-05
3.54301e-06
3.53695e-06
1.1117e-05
2.65797e-05
5.97639e-05
0.000103982
0.000150931
0.000193986
0.00022881
0.00025296
0.000265256
0.000265256
0.00025296
0.00022881
0.000193986
0.000150931
0.000103982
5.97639e-05
2.65798e-05
1.11171e-05
3.53694e-06
3.52925e-06
1.11558e-05
2.61272e-05
5.84728e-05
0.000101794
0.000148033
0.000190667
0.000225329
0.000249468
0.000261794
0.000261794
0.000249468
0.000225329
0.000190667
0.000148033
0.000101794
5.84731e-05
2.61273e-05
1.11557e-05
3.52924e-06
3.52011e-06
1.12174e-05
2.57193e-05
5.72589e-05
9.97151e-05
0.000145254
0.000187455
0.000221928
0.00024603
0.000258369
0.000258369
0.00024603
0.000221928
0.000187455
0.000145255
9.97152e-05
5.7259e-05
2.57194e-05
1.12175e-05
3.52011e-06
3.50981e-06
1.12914e-05
2.53461e-05
5.6117e-05
9.77371e-05
0.000142588
0.000184346
0.000218607
0.000242649
0.000254985
0.000254986
0.000242649
0.000218608
0.000184346
0.000142588
9.77373e-05
5.61172e-05
2.53462e-05
1.12915e-05
3.5098e-06
3.49846e-06
1.13881e-05
2.50133e-05
5.50418e-05
9.58525e-05
0.000140028
0.000181336
0.000215366
0.000239325
0.000251646
0.000251646
0.000239325
0.000215366
0.000181336
0.000140028
9.58527e-05
5.50419e-05
2.50134e-05
1.13881e-05
3.49845e-06
3.48635e-06
1.14973e-05
2.47114e-05
5.40302e-05
9.40573e-05
0.000137569
0.000178421
0.000212203
0.00023606
0.000248353
0.000248353
0.00023606
0.000212203
0.000178422
0.000137569
9.40575e-05
5.40304e-05
2.47115e-05
1.14975e-05
3.48635e-06
3.4735e-06
1.16322e-05
2.44472e-05
5.30759e-05
9.2344e-05
0.000135205
0.000175598
0.000209117
0.000232855
0.00024511
0.00024511
0.000232855
0.000209117
0.000175598
0.000135205
9.23442e-05
5.30761e-05
2.44473e-05
1.16321e-05
3.47349e-06
3.46026e-06
1.17726e-05
2.42115e-05
5.21793e-05
9.07094e-05
0.000132931
0.000172863
0.000206106
0.000229711
0.000241918
0.000241918
0.000229711
0.000206106
0.000172863
0.000132931
9.07097e-05
5.21795e-05
2.42116e-05
1.17728e-05
3.46026e-06
3.44651e-06
1.19441e-05
2.40099e-05
5.13315e-05
8.91481e-05
0.000130742
0.000170213
0.00020317
0.000226628
0.000238778
0.000238778
0.000226628
0.00020317
0.000170213
0.000130743
8.91484e-05
5.13318e-05
2.40101e-05
1.19439e-05
3.44651e-06
3.43269e-06
1.21208e-05
2.38411e-05
5.05348e-05
8.76579e-05
0.000128636
0.000167643
0.000200306
0.000223606
0.000235692
0.000235692
0.000223606
0.000200306
0.000167644
0.000128636
8.76583e-05
5.05351e-05
2.38412e-05
1.2121e-05
3.43269e-06
3.41853e-06
1.23284e-05
2.36918e-05
4.97805e-05
8.62327e-05
0.000126607
0.000165153
0.000197512
0.000220645
0.00023266
0.00023266
0.000220645
0.000197513
0.000165153
0.000126607
8.62329e-05
4.97806e-05
2.3692e-05
1.23283e-05
3.41853e-06
3.40458e-06
1.2539e-05
2.35711e-05
4.90686e-05
8.48697e-05
0.000124651
0.000162737
0.000194788
0.000217745
0.000229683
0.000229683
0.000217745
0.000194789
0.000162737
0.000124651
8.48702e-05
4.9069e-05
2.35714e-05
1.2539e-05
3.40459e-06
3.39041e-06
1.27798e-05
2.34712e-05
4.83924e-05
8.35646e-05
0.000122765
0.000160394
0.000192132
0.000214905
0.000226761
0.000226761
0.000214905
0.000192132
0.000160394
0.000122765
8.35648e-05
4.83924e-05
2.34712e-05
1.27798e-05
3.39041e-06
3.37669e-06
1.28393e-05
2.33866e-05
4.77467e-05
8.23135e-05
0.000120946
0.00015812
0.000189542
0.000212124
0.000223895
0.000223895
0.000212124
0.000189542
0.00015812
0.000120946
8.2314e-05
4.77471e-05
2.33869e-05
1.28393e-05
3.37669e-06
3.36343e-06
1.28985e-05
2.33106e-05
4.71259e-05
8.11118e-05
0.000119189
0.000155913
0.000187015
0.000209403
0.000221083
0.000221083
0.000209403
0.000187015
0.000155913
0.000119189
8.11119e-05
4.71258e-05
2.33106e-05
1.28985e-05
3.36343e-06
3.35059e-06
1.29611e-05
2.32362e-05
4.65265e-05
7.9956e-05
0.000117492
0.00015377
0.000184551
0.000206739
0.000218326
0.000218326
0.000206739
0.000184552
0.000153771
0.000117493
7.99567e-05
4.6527e-05
2.32365e-05
1.29611e-05
3.3506e-06
3.33816e-06
1.30274e-05
2.31605e-05
4.59443e-05
7.88419e-05
0.000115852
0.00015169
0.000182148
0.000204133
0.000215623
0.000215623
0.000204133
0.000182148
0.00015169
0.000115852
7.88415e-05
4.59439e-05
2.31604e-05
1.30275e-05
3.33816e-06
3.32611e-06
1.30975e-05
2.30806e-05
4.53781e-05
7.77659e-05
0.000114264
0.000149668
0.000179804
0.000201583
0.000212974
0.000212974
0.000201583
0.000179805
0.000149668
0.000114265
7.77668e-05
4.53787e-05
2.30807e-05
1.30974e-05
3.32612e-06
3.31443e-06
1.31708e-05
2.29962e-05
4.48248e-05
7.67242e-05
0.000112726
0.000147702
0.000177517
0.000199088
0.000210379
0.000210379
0.000199088
0.000177517
0.000147702
0.000112725
7.67233e-05
4.48241e-05
2.29961e-05
1.3171e-05
3.31444e-06
3.30313e-06
1.32477e-05
2.29088e-05
4.4287e-05
7.57158e-05
0.000111235
0.000145792
0.000175286
0.000196648
0.000207836
0.000207836
0.000196648
0.000175287
0.000145792
0.000111236
7.5717e-05
4.42877e-05
2.29087e-05
1.32474e-05
3.30314e-06
3.29219e-06
1.33263e-05
2.28162e-05
4.37589e-05
7.47352e-05
0.000109787
0.000143932
0.000173109
0.00019426
0.000205344
0.000205344
0.000194259
0.000173108
0.000143931
0.000109785
7.47336e-05
4.37579e-05
2.28161e-05
1.33268e-05
3.2922e-06
3.28162e-06
1.34084e-05
2.27238e-05
4.32476e-05
7.37847e-05
0.000108382
0.000142122
0.000170984
0.000191924
0.000202905
0.000202905
0.000191924
0.000170985
0.000142123
0.000108383
7.37857e-05
4.3248e-05
2.27233e-05
1.3408e-05
3.28163e-06
3.27141e-06
1.34918e-05
2.2629e-05
4.27444e-05
7.28576e-05
0.000107014
0.000140359
0.000168909
0.000189639
0.000200514
0.000200514
0.000189638
0.000168907
0.000140357
0.000107011
7.28546e-05
4.27429e-05
2.26292e-05
1.34921e-05
3.27144e-06
3.26159e-06
1.35778e-05
2.25357e-05
4.22582e-05
7.19567e-05
0.000105684
0.000138642
0.000166884
0.000187404
0.000198174
0.000198174
0.000187404
0.000166884
0.000138643
0.000105686
7.19591e-05
4.22593e-05
2.25351e-05
1.35775e-05
3.26161e-06
3.25214e-06
1.36652e-05
2.24446e-05
4.17813e-05
7.10795e-05
0.000104389
0.000136968
0.000164905
0.000185216
0.00019588
0.00019588
0.000185214
0.000164902
0.000136963
0.000104382
7.10736e-05
4.17778e-05
2.24442e-05
1.36655e-05
3.25217e-06
3.24306e-06
1.37531e-05
2.2354e-05
4.13211e-05
7.02217e-05
0.000103123
0.000135334
0.000162972
0.000183076
0.000193636
0.000193636
0.000183076
0.000162973
0.000135335
0.000103126
7.02241e-05
4.13221e-05
2.23534e-05
1.37529e-05
3.24309e-06
3.23436e-06
1.38429e-05
2.22711e-05
4.08735e-05
6.93896e-05
0.000101893
0.00013374
0.000161083
0.000180981
0.000191436
0.000191434
0.000180978
0.000161077
0.000133733
0.000101885
6.93827e-05
4.08698e-05
2.2271e-05
1.38431e-05
3.23441e-06
3.22602e-06
1.3932e-05
2.21875e-05
4.04344e-05
6.85727e-05
0.000100691
0.000132185
0.000159238
0.000178933
0.000189284
0.000189284
0.000178932
0.000159237
0.000132185
0.000100692
6.85726e-05
4.04333e-05
2.21854e-05
1.3932e-05
3.22607e-06
3.21807e-06
1.40238e-05
2.2113e-05
4.00147e-05
6.77787e-05
9.95194e-05
0.000130665
0.000157432
0.000176925
0.000187172
0.00018717
0.000176919
0.000157423
0.000130654
9.95081e-05
6.77707e-05
4.0012e-05
2.2114e-05
1.40241e-05
3.21815e-06
3.21044e-06
1.4114e-05
2.204e-05
3.9603e-05
6.6999e-05
9.83732e-05
0.000129181
0.000155668
0.000174964
0.000185109
0.000185109
0.000174962
0.000155666
0.000129179
9.83718e-05
6.69961e-05
3.95977e-05
2.2036e-05
1.41135e-05
3.21055e-06
3.20323e-06
1.42052e-05
2.19762e-05
3.92124e-05
6.62452e-05
9.72575e-05
0.000127731
0.00015394
0.000173039
0.000183081
0.000183078
0.000173029
0.000153925
0.000127712
9.72387e-05
6.62318e-05
3.92082e-05
2.19779e-05
1.42064e-05
3.20336e-06
3.19629e-06
1.4297e-05
2.19165e-05
3.88266e-05
6.54986e-05
9.61593e-05
0.00012631
0.000152251
0.000171159
0.000181103
0.000181102
0.000171157
0.000152248
0.000126308
9.61572e-05
6.54943e-05
3.88186e-05
2.19099e-05
1.42953e-05
3.19647e-06
3.18976e-06
1.43853e-05
2.18637e-05
3.84664e-05
6.47874e-05
9.51e-05
0.000124928
0.0001506
0.000169314
0.000179156
0.00017915
0.000169298
0.000150575
0.000124896
9.50681e-05
6.47646e-05
3.84596e-05
2.18671e-05
1.43882e-05
3.19e-06
3.18353e-06
1.44803e-05
2.18174e-05
3.81066e-05
6.40741e-05
9.40477e-05
0.000123567
0.000148982
0.000167512
0.000177259
0.000177257
0.000167507
0.000148975
0.000123561
9.40416e-05
6.40647e-05
3.80925e-05
2.18066e-05
1.44767e-05
3.18381e-06
3.17758e-06
1.45654e-05
2.17766e-05
3.7772e-05
6.33965e-05
9.30346e-05
0.000122244
0.000147399
0.000165741
0.000175386
0.000175378
0.000165715
0.00014736
0.000122196
9.29869e-05
6.33634e-05
3.77631e-05
2.17815e-05
1.45697e-05
3.17802e-06
3.17205e-06
1.46596e-05
2.17429e-05
3.74439e-05
6.27259e-05
9.20356e-05
0.000120947
0.000145852
0.000164015
0.000173569
0.000173565
0.000164002
0.000145834
0.000120927
9.20137e-05
6.27e-05
3.74163e-05
2.17273e-05
1.46561e-05
3.1725e-06
3.16663e-06
1.47457e-05
2.17174e-05
3.71319e-05
6.20735e-05
9.10577e-05
0.000119673
0.00014433
0.000162311
0.000171766
0.000171753
0.000162272
0.000144271
0.000119602
9.09904e-05
6.2029e-05
3.71209e-05
2.17226e-05
1.47489e-05
3.1674e-06
3.16169e-06
1.48357e-05
2.16952e-05
3.68379e-05
6.14514e-05
9.01169e-05
0.00011844
0.000142854
0.000160661
0.000170026
0.000170017
0.000160635
0.000142817
0.000118396
9.00668e-05
6.13975e-05
3.67906e-05
2.16751e-05
1.48336e-05
3.16253e-06
3.15683e-06
1.49228e-05
2.16847e-05
3.65497e-05
6.08269e-05
8.9177e-05
0.000117217
0.000141393
0.000159023
0.000168289
0.000168267
0.00015896
0.000141298
0.000117106
8.90732e-05
6.07581e-05
3.65302e-05
2.16876e-05
1.49246e-05
3.15808e-06
3.15235e-06
1.50102e-05
2.16775e-05
3.62901e-05
6.02501e-05
8.82892e-05
0.000116044
0.000139983
0.000157444
0.000166623
0.000166607
0.000157397
0.000139913
0.000115959
8.81963e-05
6.01548e-05
3.62134e-05
2.16491e-05
1.50091e-05
3.15388e-06
3.14797e-06
1.50953e-05
2.16737e-05
3.60208e-05
5.96554e-05
8.73914e-05
0.000114875
0.000138584
0.000155872
0.000164946
0.000164911
0.000155766
0.000138427
0.000114692
8.72213e-05
5.95394e-05
3.59856e-05
2.16779e-05
1.50959e-05
3.15007e-06
3.14394e-06
1.51815e-05
2.16888e-05
3.58002e-05
5.91246e-05
8.65543e-05
0.000113758
0.000137237
0.000154363
0.000163352
0.000163325
0.000154276
0.000137111
0.000113607
8.63944e-05
5.89677e-05
3.5679e-05
2.16434e-05
1.51808e-05
3.1466e-06
3.13979e-06
1.52659e-05
2.16923e-05
3.55533e-05
5.85675e-05
8.57079e-05
0.000112653
0.000135906
0.000152857
0.000161733
0.000161677
0.00015268
0.000135647
0.000112349
8.54225e-05
5.83623e-05
3.54806e-05
2.16955e-05
1.52659e-05
3.14344e-06
3.13617e-06
1.53489e-05
2.17226e-05
3.53628e-05
5.80793e-05
8.49217e-05
0.000111593
0.000134624
0.000151418
0.000160208
0.000160162
0.000151259
0.000134395
0.000111323
8.46459e-05
5.78249e-05
3.51824e-05
2.16608e-05
1.53457e-05
3.14075e-06
3.13209e-06
1.54349e-05
2.17446e-05
3.51496e-05
5.75707e-05
8.41374e-05
0.00011056
0.000133366
0.000149979
0.000158643
0.000158555
0.000149687
0.000132939
0.00011006
8.3662e-05
5.72144e-05
3.50041e-05
2.17332e-05
1.54329e-05
3.13838e-06
3.12841e-06
1.55165e-05
2.17848e-05
3.49839e-05
5.71267e-05
8.34104e-05
0.000109567
0.000132159
0.00014862
0.000157194
0.000157113
0.000148334
0.000131748
0.000109085
8.29264e-05
5.67013e-05
3.47027e-05
2.17045e-05
1.55054e-05
3.1365e-06
3.12386e-06
1.56052e-05
2.1827e-05
3.48115e-05
5.66828e-05
8.27088e-05
0.00010862
0.000130982
0.00014725
0.000155675
0.000155534
0.00014677
0.000130281
0.000107801
8.19175e-05
5.60711e-05
3.45442e-05
2.17922e-05
1.55919e-05
3.13521e-06
3.11977e-06
1.56968e-05
2.18829e-05
3.46768e-05
5.62916e-05
8.20562e-05
0.000107714
0.00012987
0.000145985
0.000154306
0.000154165
0.000145479
0.000129137
0.00010686
8.12072e-05
5.55765e-05
3.42217e-05
2.17607e-05
1.56639e-05
3.13437e-06
3.11441e-06
1.58017e-05
2.19481e-05
3.45433e-05
5.59205e-05
8.14567e-05
0.000106873
0.000128791
0.000144694
0.000152835
0.000152605
0.000143903
0.000127638
0.000105527
8.01392e-05
5.48833e-05
3.40578e-05
2.18792e-05
1.57437e-05
3.13438e-06
3.10939e-06
1.59075e-05
2.20174e-05
3.44461e-05
5.56015e-05
8.09054e-05
0.000106085
0.000127802
0.00014354
0.000151549
0.000151306
0.000142665
0.000126523
0.000104599
7.94401e-05
5.44006e-05
3.37296e-05
2.18266e-05
1.58141e-05
3.1351e-06
3.10327e-06
1.60334e-05
2.21174e-05
3.43634e-05
5.53263e-05
8.04441e-05
0.000105386
0.000126855
0.000142355
0.000150134
0.000149759
0.000141052
0.000124955
0.000103177
7.8267e-05
5.35914e-05
3.35035e-05
2.19692e-05
1.58889e-05
3.13687e-06
3.09551e-06
1.61599e-05
2.22151e-05
3.43448e-05
5.51287e-05
8.00449e-05
0.000104776
0.000126042
0.000141352
0.000148949
0.000148531
0.000139854
0.000123836
0.000102221
7.7529e-05
5.31146e-05
3.32082e-05
2.19352e-05
1.59509e-05
3.13993e-06
3.08693e-06
1.63169e-05
2.23341e-05
3.43684e-05
5.50547e-05
7.98424e-05
0.000104305
0.000125311
0.00014033
0.000147615
0.000147001
0.00013818
0.000122165
0.000100671
7.62229e-05
5.21617e-05
3.28756e-05
2.20481e-05
1.60141e-05
3.14446e-06
3.07466e-06
1.64763e-05
2.24352e-05
3.44381e-05
5.50375e-05
7.97057e-05
0.000104036
0.000124781
0.000139557
0.000146588
0.000145861
0.000137016
0.00012099
9.96306e-05
7.5403e-05
5.16302e-05
3.25733e-05
2.20556e-05
1.60655e-05
3.15108e-06
3.06358e-06
1.66725e-05
2.26224e-05
3.46056e-05
5.51603e-05
7.98037e-05
0.000103891
0.000124426
0.000138821
0.000145393
0.000144379
0.00012255
0.00011358
9.78738e-05
7.38439e-05
5.04497e-05
3.21697e-05
2.21762e-05
1.61063e-05
3.16004e-06
3.04333e-06
1.68956e-05
2.27778e-05
3.48479e-05
5.55333e-05
8.00442e-05
0.000104103
0.00012438
0.000112515
9.11591e-05
9.9142e-05
0.00012787
0.00011793
8.98626e-05
6.82646e-05
4.91437e-05
3.18031e-05
2.21649e-05
1.61322e-05
3.17243e-06
3.0273e-06
1.7179e-05
2.3061e-05
3.53003e-05
5.60728e-05
8.08628e-05
9.46899e-05
9.2558e-05
0.000103064
0.000110773
9.6461e-05
7.93887e-05
7.1923e-05
6.80307e-05
5.8351e-05
4.33601e-05
3.00221e-05
2.23272e-05
1.61394e-05
3.18895e-06
2.9937e-06
1.74552e-05
2.32851e-05
3.5868e-05
5.71459e-05
8.15096e-05
7.6846e-05
7.21612e-05
6.76899e-05
6.59133e-05
6.59423e-05
6.56821e-05
6.29088e-05
5.67109e-05
4.78555e-05
3.74977e-05
2.79374e-05
2.2006e-05
1.6119e-05
3.21108e-06
2.96791e-06
1.78752e-05
2.37107e-05
3.6846e-05
5.8481e-05
5.74375e-05
5.43126e-05
5.31404e-05
5.29244e-05
5.28145e-05
5.24992e-05
5.13516e-05
4.89798e-05
4.51079e-05
3.94464e-05
3.22487e-05
2.55375e-05
2.15103e-05
1.60567e-05
3.23961e-06
2.91102e-06
1.82085e-05
2.41471e-05
3.80944e-05
4.43284e-05
4.11481e-05
4.01423e-05
4.01003e-05
4.04037e-05
4.0723e-05
4.07646e-05
4.01829e-05
3.87662e-05
3.62111e-05
3.23796e-05
2.77722e-05
2.35154e-05
2.09181e-05
1.59393e-05
3.27706e-06
2.86479e-06
1.87364e-05
2.49437e-05
3.39042e-05
3.11299e-05
2.9893e-05
2.99354e-05
3.05174e-05
3.11969e-05
3.17214e-05
3.20003e-05
3.17767e-05
3.09368e-05
2.92567e-05
2.67474e-05
2.36868e-05
2.12776e-05
2.03453e-05
1.57236e-05
3.32399e-06
2.76596e-06
1.86963e-05
2.47902e-05
2.36348e-05
2.21243e-05
2.20027e-05
2.26296e-05
2.34178e-05
2.416e-05
2.4783e-05
2.51962e-05
2.52093e-05
2.47471e-05
2.36697e-05
2.20932e-05
2.05505e-05
1.97153e-05
1.9764e-05
1.53962e-05
3.38479e-06
2.68033e-06
1.81096e-05
1.82529e-05
1.62448e-05
1.58413e-05
1.62826e-05
1.71557e-05
1.81085e-05
1.89699e-05
1.97e-05
2.0185e-05
2.03623e-05
2.01575e-05
1.9541e-05
1.86958e-05
1.79691e-05
1.80781e-05
1.91144e-05
1.49808e-05
3.45984e-06
2.49576e-06
1.47189e-05
1.20886e-05
1.12163e-05
1.15682e-05
1.23338e-05
1.33343e-05
1.42437e-05
1.50514e-05
1.57012e-05
1.62298e-05
1.65222e-05
1.65152e-05
1.62499e-05
1.59539e-05
1.6132e-05
1.72675e-05
1.85592e-05
1.44108e-05
3.55643e-06
2.29896e-06
9.64396e-06
7.79685e-06
7.80552e-06
8.46307e-06
9.33651e-06
1.03125e-05
1.12114e-05
1.20581e-05
1.28154e-05
1.34049e-05
1.38012e-05
1.39485e-05
1.40298e-05
1.43347e-05
1.50748e-05
1.65423e-05
1.78655e-05
1.35426e-05
3.67119e-06
1.92201e-06
4.76158e-06
4.84962e-06
5.51087e-06
6.36072e-06
7.35747e-06
8.32674e-06
9.26769e-06
1.0072e-05
1.077e-05
1.13856e-05
1.1838e-05
1.22435e-05
1.27357e-05
1.33586e-05
1.47664e-05
1.75061e-05
1.68545e-05
1.24907e-05
3.8096e-06
1.69177e-06
2.36263e-06
3.07915e-06
4.22295e-06
5.30568e-06
6.32125e-06
7.2677e-06
8.00185e-06
8.73451e-06
9.41177e-06
1.00109e-05
1.0626e-05
1.1159e-05
1.18897e-05
1.35076e-05
1.60166e-05
1.74237e-05
1.57268e-05
1.14302e-05
3.91807e-06
1.71699e-06
2.45662e-06
3.18154e-06
4.34111e-06
5.43708e-06
6.46255e-06
7.43003e-06
8.20167e-06
8.95482e-06
9.64276e-06
1.02565e-05
1.08739e-05
1.13864e-05
1.22003e-05
1.39291e-05
1.63824e-05
1.75586e-05
1.57319e-05
1.14007e-05
3.92893e-06
1.94366e-06
4.94769e-06
5.00575e-06
5.64791e-06
6.50828e-06
7.49973e-06
8.47475e-06
9.41955e-06
1.0235e-05
1.09605e-05
1.15867e-05
1.20376e-05
1.25178e-05
1.29474e-05
1.36229e-05
1.50324e-05
1.77243e-05
1.68798e-05
1.25032e-05
3.81295e-06
2.31523e-06
9.98777e-06
8.065e-06
8.04257e-06
8.69808e-06
9.53569e-06
1.05335e-05
1.14322e-05
1.22801e-05
1.30194e-05
1.35918e-05
1.39664e-05
1.40339e-05
1.42198e-05
1.45491e-05
1.53117e-05
1.67528e-05
1.79564e-05
1.35369e-05
3.67e-06
2.50541e-06
1.50636e-05
1.24927e-05
1.15192e-05
1.1802e-05
1.25757e-05
1.35579e-05
1.44795e-05
1.52944e-05
1.59565e-05
1.64589e-05
1.67307e-05
1.67668e-05
1.63945e-05
1.61072e-05
1.63112e-05
1.74749e-05
1.87039e-05
1.44122e-05
3.55397e-06
2.68572e-06
1.83096e-05
1.87612e-05
1.67018e-05
1.62178e-05
1.66075e-05
1.74527e-05
1.83657e-05
1.92162e-05
1.9932e-05
2.04168e-05
2.05622e-05
2.02759e-05
1.9682e-05
1.88202e-05
1.81176e-05
1.82474e-05
1.92405e-05
1.50468e-05
3.45669e-06
2.76952e-06
1.87941e-05
2.52176e-05
2.42607e-05
2.26241e-05
2.24266e-05
2.30058e-05
2.38023e-05
2.45317e-05
2.5121e-05
2.54718e-05
2.54513e-05
2.4935e-05
2.37889e-05
2.21704e-05
2.06363e-05
1.98614e-05
1.99086e-05
1.54524e-05
3.38157e-06
2.86676e-06
1.87812e-05
2.5025e-05
3.46484e-05
3.18251e-05
3.04441e-05
3.03969e-05
3.08989e-05
3.15246e-05
3.2055e-05
3.23194e-05
3.20491e-05
3.11361e-05
2.93686e-05
2.6787e-05
2.37121e-05
2.13542e-05
2.04415e-05
1.5767e-05
3.32077e-06
2.91173e-06
1.82352e-05
2.42299e-05
3.79716e-05
4.52657e-05
4.18975e-05
4.07744e-05
4.06586e-05
4.0924e-05
4.11599e-05
4.11514e-05
4.05197e-05
3.89986e-05
3.62964e-05
3.23486e-05
2.77149e-05
2.35428e-05
2.10222e-05
1.59813e-05
3.27402e-06
2.96776e-06
1.78863e-05
2.37905e-05
3.67439e-05
5.82176e-05
5.8465e-05
5.48915e-05
5.33248e-05
5.31275e-05
5.31398e-05
5.27632e-05
5.1681e-05
4.93593e-05
4.52953e-05
3.93826e-05
3.20876e-05
2.54844e-05
2.15539e-05
1.6086e-05
3.23665e-06
2.99305e-06
1.74616e-05
2.3355e-05
3.57911e-05
5.69189e-05
8.14344e-05
7.62847e-05
7.51941e-05
7.37669e-05
7.01272e-05
6.637e-05
6.37046e-05
6.09936e-05
5.61081e-05
4.77975e-05
3.73319e-05
2.78395e-05
2.20614e-05
1.61478e-05
3.20843e-06
3.02625e-06
1.71781e-05
2.31207e-05
3.52314e-05
5.58734e-05
8.06357e-05
0.000104333
9.34363e-05
8.11589e-05
8.40582e-05
9.98616e-05
0.000100271
8.23367e-05
6.80307e-05
5.63865e-05
4.26118e-05
2.98445e-05
2.23767e-05
1.61567e-05
3.1863e-06
3.04225e-06
1.68938e-05
2.28302e-05
3.47926e-05
5.53684e-05
7.98542e-05
0.00010394
0.000124237
0.000138327
0.000144459
9.78758e-05
8.68383e-05
9.56798e-05
9.31389e-05
7.17225e-05
4.92379e-05
3.18632e-05
2.22771e-05
1.6152e-05
3.17017e-06
3.06233e-06
1.66669e-05
2.26631e-05
3.45508e-05
5.50277e-05
7.96379e-05
0.000103749
0.000124338
0.000138026
0.000137668
0.000144305
0.000135139
0.000118999
9.76941e-05
7.36535e-05
5.03072e-05
3.20866e-05
2.22057e-05
1.61177e-05
3.15785e-06
3.07361e-06
1.64712e-05
2.24735e-05
3.43983e-05
5.49253e-05
7.95726e-05
0.000103914
0.000124676
0.000139496
0.000146548
0.000145822
0.000136936
0.00012088
9.95006e-05
7.52548e-05
5.15345e-05
3.25948e-05
2.21242e-05
1.60785e-05
3.14917e-06
3.08582e-06
1.63138e-05
2.23705e-05
3.43322e-05
5.495e-05
7.97193e-05
0.000104185
0.000125244
0.000140284
0.000147578
0.000146956
0.000138122
0.000122069
0.00010054
7.60906e-05
5.20388e-05
3.28138e-05
2.20651e-05
1.60207e-05
3.14273e-06
3.09466e-06
1.6152e-05
2.22348e-05
3.43114e-05
5.50274e-05
7.99279e-05
0.000104695
0.000125971
0.000141309
0.000148922
0.000148502
0.000139803
0.000123759
0.00010212
7.74102e-05
5.30346e-05
3.32294e-05
2.19986e-05
1.59603e-05
3.13845e-06
3.10244e-06
1.60304e-05
2.21426e-05
3.43386e-05
5.52639e-05
8.03688e-05
0.000105304
0.000126803
0.000142322
0.000150109
0.00014973
0.000141009
0.000124886
0.000103084
7.81663e-05
5.34952e-05
3.34136e-05
2.1951e-05
1.58921e-05
3.13552e-06
3.10847e-06
1.59014e-05
2.20248e-05
3.44182e-05
5.5522e-05
8.08145e-05
0.00010602
0.000127751
0.000143509
0.000151529
0.000151285
0.00014263
0.000126469
0.000104527
7.93622e-05
5.43554e-05
3.37772e-05
2.18842e-05
1.58192e-05
3.13402e-06
3.11398e-06
1.58026e-05
2.19669e-05
3.45234e-05
5.58763e-05
8.14044e-05
0.000106817
0.000128752
0.00014467
0.000152818
0.000152585
0.000143871
0.000127586
0.000105456
8.00551e-05
5.47977e-05
3.39748e-05
2.18635e-05
1.5746e-05
3.13336e-06
3.11906e-06
1.5693e-05
2.18835e-05
3.46562e-05
5.62364e-05
8.19925e-05
0.000107668
0.000129837
0.000145963
0.000154292
0.000154151
0.000145456
0.000129102
0.000106813
8.11607e-05
5.55505e-05
3.42472e-05
2.17909e-05
1.56692e-05
3.13361e-06
3.12357e-06
1.56076e-05
2.18448e-05
3.4803e-05
5.66565e-05
8.26751e-05
0.000108582
0.000130954
0.000147232
0.000155663
0.00015552
0.000146746
0.000130244
0.000107749
8.18558e-05
5.60128e-05
3.45033e-05
2.17882e-05
1.55907e-05
3.13452e-06
3.12785e-06
1.55146e-05
2.17834e-05
3.49658e-05
5.70825e-05
8.33605e-05
0.000109532
0.000132136
0.000148606
0.000157185
0.000157104
0.000148319
0.000131723
0.000109051
8.289e-05
5.66749e-05
3.47018e-05
2.17217e-05
1.55099e-05
3.13593e-06
3.13185e-06
1.54382e-05
2.17578e-05
3.51474e-05
5.75572e-05
8.41185e-05
0.000110536
0.000133346
0.000149965
0.000158633
0.000158543
0.000149669
0.000132911
0.000110022
8.36185e-05
5.71749e-05
3.49846e-05
2.17324e-05
1.54337e-05
3.13799e-06
3.13572e-06
1.5347e-05
2.17182e-05
3.53453e-05
5.80439e-05
8.48835e-05
0.000111566
0.000134608
0.000151409
0.000160204
0.000160157
0.000151251
0.000134381
0.000111302
8.46238e-05
5.78101e-05
3.51808e-05
2.16656e-05
1.53449e-05
3.14032e-06
3.13964e-06
1.52699e-05
2.17055e-05
3.55561e-05
5.85606e-05
8.56963e-05
0.000112637
0.000135892
0.000152846
0.000161724
0.000161667
0.000152665
0.000135624
0.000112317
8.53837e-05
5.83239e-05
3.54594e-05
2.17036e-05
1.52707e-05
3.14319e-06
3.14368e-06
1.51807e-05
2.16817e-05
3.57818e-05
5.90953e-05
8.65246e-05
0.000113737
0.000137225
0.000154357
0.000163349
0.000163323
0.000154272
0.000137104
0.000113599
8.6389e-05
5.89682e-05
3.56831e-05
2.16369e-05
1.51788e-05
3.14636e-06
3.14785e-06
1.50985e-05
2.16829e-05
3.60273e-05
5.96574e-05
8.73898e-05
0.00011487
0.000138577
0.000155865
0.00016494
0.000164903
0.000155753
0.000138408
0.000114664
8.71866e-05
5.95058e-05
3.59711e-05
2.16886e-05
1.50988e-05
3.14986e-06
3.15219e-06
1.50085e-05
2.1677e-05
3.62793e-05
6.02275e-05
8.82644e-05
0.000116025
0.000139972
0.000157439
0.000166621
0.000166606
0.000157396
0.000139912
0.000115958
8.81984e-05
6.01606e-05
3.62178e-05
2.16476e-05
1.501e-05
3.15379e-06
3.15677e-06
1.49263e-05
2.1687e-05
3.65486e-05
6.08244e-05
8.91742e-05
0.000117214
0.000141389
0.000159019
0.000168284
0.00016826
0.000158949
0.00014128
0.000117082
8.90438e-05
6.07292e-05
3.65134e-05
2.1686e-05
1.49235e-05
3.1579e-06
3.16157e-06
1.48339e-05
2.16949e-05
3.68324e-05
6.14392e-05
9.01026e-05
0.000118429
0.000142847
0.000160657
0.000170025
0.000170017
0.000160636
0.000142818
0.000118397
9.00704e-05
6.14039e-05
3.68004e-05
2.16849e-05
1.48373e-05
3.1625e-06
3.16661e-06
1.47491e-05
2.17205e-05
3.71312e-05
6.20696e-05
9.10533e-05
0.000119669
0.000144327
0.000162309
0.000171763
0.000171747
0.000162264
0.000144258
0.000119585
9.097e-05
6.2008e-05
3.71026e-05
2.17108e-05
1.47466e-05
3.16727e-06
3.17196e-06
1.46579e-05
2.17421e-05
3.7441e-05
6.27207e-05
9.20293e-05
0.000120941
0.000145848
0.000164013
0.000173569
0.000173566
0.000164004
0.000145836
0.000120929
9.20164e-05
6.27053e-05
3.74283e-05
2.17421e-05
1.46601e-05
3.17249e-06
3.17755e-06
1.45688e-05
2.17778e-05
3.77689e-05
6.33896e-05
9.30271e-05
0.000122238
0.000147394
0.000165737
0.000175383
0.000175373
0.000165708
0.000147349
0.000122183
9.29727e-05
6.3349e-05
3.7748e-05
2.17691e-05
1.45675e-05
3.17794e-06
3.1835e-06
1.44779e-05
2.18192e-05
3.81095e-05
6.40755e-05
9.40474e-05
0.000123566
0.000148981
0.000167512
0.00017726
0.000177259
0.000167509
0.000148977
0.000123563
9.40435e-05
6.40682e-05
3.81017e-05
2.18186e-05
1.44791e-05
3.18379e-06
3.1897e-06
1.4388e-05
2.18623e-05
3.84586e-05
6.47766e-05
9.50903e-05
0.000124921
0.000150595
0.000169311
0.000179152
0.000179146
0.000169292
0.000150566
0.000124886
9.50565e-05
6.47533e-05
3.84488e-05
2.18592e-05
1.43876e-05
3.18995e-06
3.19631e-06
1.42968e-05
2.19182e-05
3.8831e-05
6.55032e-05
9.61619e-05
0.000126311
0.000152251
0.000171159
0.000181104
0.000181104
0.000171159
0.000152251
0.000126311
9.61601e-05
6.5497e-05
3.88225e-05
2.19149e-05
1.42967e-05
3.19645e-06
3.20316e-06
1.42054e-05
2.19759e-05
3.9207e-05
6.62367e-05
9.72497e-05
0.000127725
0.000153937
0.000173036
0.000183079
0.000183075
0.000173025
0.000153919
0.000127704
9.72299e-05
6.62249e-05
3.92043e-05
2.19766e-05
1.42066e-05
3.20333e-06
3.21045e-06
1.41155e-05
2.20403e-05
3.96048e-05
6.70017e-05
9.83751e-05
0.000129181
0.000155668
0.000174964
0.00018511
0.00018511
0.000174964
0.000155668
0.000129182
9.83744e-05
6.69974e-05
3.95975e-05
2.20362e-05
1.41139e-05
3.21053e-06
3.21803e-06
1.40227e-05
2.21142e-05
4.00132e-05
6.77738e-05
9.95139e-05
0.000130661
0.000157428
0.000176923
0.00018717
0.000187168
0.000176916
0.000157417
0.000130647
9.95012e-05
6.77662e-05
4.00116e-05
2.21157e-05
1.40245e-05
3.21813e-06
3.22601e-06
1.39337e-05
2.21869e-05
4.04335e-05
6.85731e-05
0.000100692
0.000132185
0.000159238
0.000178933
0.000189284
0.000189284
0.000178933
0.000159239
0.000132187
0.000100694
6.85728e-05
4.04326e-05
2.2184e-05
1.39323e-05
3.22606e-06
3.23434e-06
1.38424e-05
2.22714e-05
4.08728e-05
6.93867e-05
0.00010189
0.000133737
0.000161081
0.00018098
0.000191434
0.000191433
0.000180975
0.000161074
0.000133728
0.00010188
6.93797e-05
4.0869e-05
2.22725e-05
1.38435e-05
3.23439e-06
3.24304e-06
1.37539e-05
2.23546e-05
4.13211e-05
7.02222e-05
0.000103124
0.000135334
0.000162972
0.000183076
0.000193636
0.000193636
0.000183077
0.000162974
0.000135336
0.000103127
7.02239e-05
4.13214e-05
2.23525e-05
1.37533e-05
3.24308e-06
3.25213e-06
1.36653e-05
2.24441e-05
4.17799e-05
7.1077e-05
0.000104386
0.000136966
0.000164904
0.000185215
0.00019588
0.000195879
0.000185212
0.000164899
0.00013696
0.00010438
7.10721e-05
4.17779e-05
2.24451e-05
1.36656e-05
3.25215e-06
3.26158e-06
1.35778e-05
2.25362e-05
4.22585e-05
7.19567e-05
0.000105683
0.000138641
0.000166883
0.000187403
0.000198173
0.000198174
0.000187404
0.000166884
0.000138643
0.000105685
7.19578e-05
4.22581e-05
2.25346e-05
1.35778e-05
3.2616e-06
3.27141e-06
1.34924e-05
2.26291e-05
4.27438e-05
7.28567e-05
0.000107014
0.000140359
0.000168909
0.000189638
0.000200514
0.000200513
0.000189637
0.000168907
0.000140356
0.00010701
7.28543e-05
4.27432e-05
2.26297e-05
1.34923e-05
3.27142e-06
3.28161e-06
1.34084e-05
2.27237e-05
4.32472e-05
7.37838e-05
0.000108381
0.000142121
0.000170983
0.000191924
0.000202904
0.000202904
0.000191924
0.000170984
0.000142122
0.000108382
7.37841e-05
4.32468e-05
2.2723e-05
1.34083e-05
3.28162e-06
3.29218e-06
1.33267e-05
2.28165e-05
4.37589e-05
7.4735e-05
0.000109787
0.000143932
0.000173109
0.00019426
0.000205344
0.000205344
0.000194259
0.000173108
0.00014393
0.000109786
7.47341e-05
4.37586e-05
2.28167e-05
1.33269e-05
3.29219e-06
3.30313e-06
1.3248e-05
2.29088e-05
4.42866e-05
7.57152e-05
0.000111234
0.000145791
0.000175286
0.000196647
0.000207836
0.000207836
0.000196647
0.000175286
0.000145791
0.000111234
7.57151e-05
4.42863e-05
2.29083e-05
1.32477e-05
3.30313e-06
3.31443e-06
1.31709e-05
2.29962e-05
4.48246e-05
7.67238e-05
0.000112725
0.000147702
0.000177517
0.000199088
0.000210379
0.000210378
0.000199088
0.000177517
0.000147702
0.000112725
7.67239e-05
4.48247e-05
2.29965e-05
1.31711e-05
3.31444e-06
3.32611e-06
1.30977e-05
2.30811e-05
4.53784e-05
7.7766e-05
0.000114264
0.000149668
0.000179804
0.000201583
0.000212974
0.000212974
0.000201583
0.000179804
0.000149667
0.000114263
7.77654e-05
4.53778e-05
2.30806e-05
1.30976e-05
3.32611e-06
3.33815e-06
1.30275e-05
2.31602e-05
4.59435e-05
7.88409e-05
0.000115851
0.000151689
0.000182148
0.000204133
0.000215623
0.000215623
0.000204133
0.000182148
0.000151689
0.000115851
7.88416e-05
4.5944e-05
2.31605e-05
1.30276e-05
3.33816e-06
3.35059e-06
1.29615e-05
2.32365e-05
4.65267e-05
7.99564e-05
0.000117493
0.000153771
0.000184551
0.000206739
0.000218326
0.000218326
0.000206739
0.000184551
0.00015377
0.000117492
7.99559e-05
4.65264e-05
2.32364e-05
1.29613e-05
3.35059e-06
3.36342e-06
1.28982e-05
2.33105e-05
4.71258e-05
8.11115e-05
0.000119189
0.000155913
0.000187015
0.000209403
0.000221083
0.000221083
0.000209403
0.000187015
0.000155913
0.000119189
8.11118e-05
4.71259e-05
2.33106e-05
1.28985e-05
3.36343e-06
3.37669e-06
1.28396e-05
2.33866e-05
4.77465e-05
8.23133e-05
0.000120946
0.00015812
0.000189541
0.000212124
0.000223894
0.000223894
0.000212124
0.000189541
0.00015812
0.000120946
8.23134e-05
4.77467e-05
2.33868e-05
1.28393e-05
3.37669e-06
3.3904e-06
1.27795e-05
2.3471e-05
4.83923e-05
8.35644e-05
0.000122765
0.000160393
0.000192132
0.000214905
0.000226761
0.000226761
0.000214905
0.000192132
0.000160393
0.000122765
8.35644e-05
4.83921e-05
2.34712e-05
1.278e-05
3.39041e-06
3.40458e-06
1.25395e-05
2.35714e-05
4.90686e-05
8.48697e-05
0.000124651
0.000162737
0.000194788
0.000217745
0.000229683
0.000229683
0.000217745
0.000194789
0.000162737
0.000124651
8.487e-05
4.90689e-05
2.35714e-05
1.25391e-05
3.40458e-06
3.41853e-06
1.23281e-05
2.36921e-05
4.97805e-05
8.62326e-05
0.000126606
0.000165152
0.000197512
0.000220645
0.00023266
0.00023266
0.000220645
0.000197512
0.000165152
0.000126606
8.62327e-05
4.97805e-05
2.3692e-05
1.23284e-05
3.41853e-06
3.43269e-06
1.21211e-05
2.3841e-05
5.05347e-05
8.76578e-05
0.000128636
0.000167643
0.000200306
0.000223606
0.000235692
0.000235692
0.000223606
0.000200306
0.000167643
0.000128636
8.76579e-05
5.05348e-05
2.38411e-05
1.2121e-05
3.43269e-06
3.44651e-06
1.1944e-05
2.40099e-05
5.13314e-05
8.91479e-05
0.000130742
0.000170212
0.00020317
0.000226628
0.000238778
0.000238778
0.000226628
0.00020317
0.000170213
0.000130743
8.91483e-05
5.13318e-05
2.40101e-05
1.19439e-05
3.44651e-06
3.46026e-06
1.17727e-05
2.42115e-05
5.21793e-05
9.07095e-05
0.000132931
0.000172863
0.000206106
0.000229711
0.000241918
0.000241918
0.000229711
0.000206106
0.000172863
0.000132931
9.07094e-05
5.21792e-05
2.42114e-05
1.17729e-05
3.46026e-06
3.4735e-06
1.16322e-05
2.44472e-05
5.30758e-05
9.23439e-05
0.000135204
0.000175598
0.000209117
0.000232855
0.00024511
0.00024511
0.000232855
0.000209117
0.000175598
0.000135205
9.23443e-05
5.30762e-05
2.44474e-05
1.1632e-05
3.47349e-06
3.48635e-06
1.14974e-05
2.47114e-05
5.40302e-05
9.40572e-05
0.000137569
0.000178421
0.000212203
0.00023606
0.000248353
0.000248353
0.00023606
0.000212203
0.000178422
0.000137569
9.40573e-05
5.40303e-05
2.47115e-05
1.14975e-05
3.48635e-06
3.49846e-06
1.13882e-05
2.50134e-05
5.50419e-05
9.58526e-05
0.000140028
0.000181336
0.000215366
0.000239325
0.000251646
0.000251646
0.000239325
0.000215366
0.000181336
0.000140028
9.58528e-05
5.5042e-05
2.50135e-05
1.13882e-05
3.49845e-06
3.5098e-06
1.12914e-05
2.53461e-05
5.6117e-05
9.77371e-05
0.000142588
0.000184346
0.000218607
0.000242649
0.000254986
0.000254986
0.000242649
0.000218608
0.000184346
0.000142589
9.77375e-05
5.61173e-05
2.53462e-05
1.12914e-05
3.5098e-06
3.52011e-06
1.12175e-05
2.57193e-05
5.72588e-05
9.9715e-05
0.000145254
0.000187455
0.000221928
0.00024603
0.000258369
0.000258369
0.00024603
0.000221928
0.000187455
0.000145254
9.97149e-05
5.72588e-05
2.57194e-05
1.12177e-05
3.5201e-06
3.52924e-06
1.11558e-05
2.61274e-05
5.84731e-05
0.000101794
0.000148033
0.000190667
0.000225329
0.000249468
0.000261794
0.000261794
0.000249468
0.000225329
0.000190667
0.000148034
0.000101795
5.84734e-05
2.61275e-05
1.11557e-05
3.52924e-06
3.53695e-06
1.11171e-05
2.65796e-05
5.97636e-05
0.000103981
0.000150931
0.000193986
0.00022881
0.00025296
0.000265256
0.000265256
0.00025296
0.00022881
0.000193986
0.000150931
0.000103981
5.97636e-05
2.65797e-05
1.11172e-05
3.53694e-06
3.54301e-06
1.10906e-05
2.70717e-05
6.11377e-05
0.000106286
0.000153956
0.000197416
0.000232373
0.000256502
0.00026875
0.00026875
0.000256502
0.000232373
0.000197416
0.000153956
0.000106286
6.11379e-05
2.70718e-05
1.10906e-05
3.54301e-06
3.54716e-06
1.10876e-05
2.76134e-05
6.26008e-05
0.000108714
0.000157113
0.000200961
0.000236017
0.000260092
0.000272271
0.000272271
0.000260092
0.000236017
0.000200961
0.000157113
0.000108714
6.26008e-05
2.76135e-05
1.10877e-05
3.54716e-06
3.54914e-06
1.10977e-05
2.82014e-05
6.41614e-05
0.000111278
0.000160413
0.000204625
0.000239742
0.000263725
0.000275812
0.000275812
0.000263725
0.000239742
0.000204625
0.000160413
0.000111278
6.41615e-05
2.82015e-05
1.10977e-05
3.54914e-06
3.54863e-06
1.1132e-05
2.88463e-05
6.58272e-05
0.000113985
0.000163862
0.000208413
0.000243546
0.000267396
0.000279367
0.000279367
0.000267396
0.000243546
0.000208413
0.000163862
0.000113985
6.58272e-05
2.88463e-05
1.1132e-05
3.54863e-06
3.54511e-06
1.11813e-05
2.95464e-05
6.76086e-05
0.000116849
0.000167471
0.000212328
0.000247429
0.000271099
0.000282926
0.000282926
0.000271099
0.000247429
0.000212328
0.000167471
0.000116849
6.76085e-05
2.95465e-05
1.11814e-05
3.5451e-06
3.53792e-06
1.12564e-05
3.03131e-05
6.95152e-05
0.000119881
0.000171249
0.000216375
0.000251388
0.000274828
0.000286482
0.000286482
0.000274828
0.000251388
0.000216375
0.000171249
0.000119881
6.95153e-05
3.03132e-05
1.12564e-05
3.53792e-06
3.52845e-06
1.13484e-05
3.11462e-05
7.15601e-05
0.000123097
0.000175207
0.000220558
0.000255421
0.000278574
0.000290022
0.000290022
0.000278574
0.000255421
0.000220558
0.000175207
0.000123097
7.15601e-05
3.11463e-05
1.13485e-05
3.52845e-06
3.51511e-06
1.14696e-05
3.20597e-05
7.37561e-05
0.00012651
0.000179355
0.00022488
0.000259524
0.000282329
0.000293536
0.000293536
0.000282329
0.000259524
0.00022488
0.000179355
0.00012651
7.37561e-05
3.20598e-05
1.14696e-05
3.51511e-06
3.49649e-06
1.16128e-05
3.30555e-05
7.61198e-05
0.000130139
0.000183707
0.000229344
0.000263691
0.000286081
0.00029701
0.00029701
0.000286081
0.000263691
0.000229344
0.000183707
0.000130139
7.61198e-05
3.30555e-05
1.16128e-05
3.49648e-06
3.47402e-06
1.1787e-05
3.41487e-05
7.8668e-05
0.000134001
0.000188273
0.000233954
0.000267917
0.00028982
0.00030043
0.00030043
0.00028982
0.000267917
0.000233954
0.000188273
0.000134001
7.86679e-05
3.41487e-05
1.1787e-05
3.47402e-06
3.44566e-06
1.19915e-05
3.53462e-05
8.1422e-05
0.000138119
0.000193068
0.000238711
0.000272195
0.000293532
0.00030378
0.00030378
0.000293532
0.000272195
0.000238711
0.000193068
0.000138119
8.1422e-05
3.53462e-05
1.19915e-05
3.44566e-06
3.41241e-06
1.22288e-05
3.66647e-05
8.44037e-05
0.000142514
0.000198104
0.000243616
0.000276515
0.000297202
0.000307044
0.000307044
0.000297202
0.000276515
0.000243616
0.000198104
0.000142514
8.44036e-05
3.66647e-05
1.22288e-05
3.4124e-06
3.37258e-06
1.25073e-05
3.81177e-05
8.76414e-05
0.000147215
0.000203396
0.000248669
0.000280867
0.000300814
0.000310202
0.000310202
0.000300814
0.000280867
0.000248669
0.000203396
0.000147215
8.76413e-05
3.81177e-05
1.25073e-05
3.37258e-06
3.3269e-06
1.28279e-05
3.97247e-05
9.11642e-05
0.000152246
0.000208958
0.000253867
0.000285236
0.00030435
0.000313237
0.000313237
0.00030435
0.000285236
0.000253867
0.000208958
0.000152246
9.11641e-05
3.97247e-05
1.2828e-05
3.3269e-06
3.27399e-06
1.32006e-05
4.15087e-05
9.50114e-05
0.000157646
0.000214806
0.000259209
0.000289609
0.000307792
0.00031613
0.00031613
0.000307792
0.000289609
0.000259209
0.000214806
0.000157646
9.50114e-05
4.15087e-05
1.32006e-05
3.27399e-06
3.21438e-06
1.36291e-05
4.34949e-05
9.92217e-05
0.000163444
0.000220951
0.000264684
0.000293967
0.000311117
0.000318859
0.000318859
0.000311117
0.000293967
0.000264684
0.000220951
0.000163443
9.92217e-05
4.34949e-05
1.36291e-05
3.21438e-06
3.14699e-06
1.41265e-05
4.57185e-05
0.000103849
0.000169684
0.000227409
0.000270284
0.000298287
0.000314304
0.000321405
0.000321405
0.000314304
0.000298287
0.000270284
0.000227409
0.000169684
0.000103849
4.57185e-05
1.41265e-05
3.14699e-06
3.07232e-06
1.47003e-05
4.82151e-05
0.000108945
0.000176404
0.000234187
0.00027599
0.000302543
0.000317329
0.000323751
0.000323751
0.000317329
0.000302543
0.00027599
0.000234186
0.000176404
0.000108945
4.82151e-05
1.47003e-05
3.07232e-06
2.98961e-06
1.53691e-05
5.10394e-05
0.000114588
0.00018366
0.000241295
0.000281784
0.000306709
0.00032017
0.000325879
0.000325879
0.00032017
0.000306709
0.000281784
0.000241295
0.000183659
0.000114588
5.10394e-05
1.53691e-05
2.9896e-06
2.89939e-06
1.61473e-05
5.42475e-05
0.000120853
0.000191497
0.000248734
0.000287635
0.000310748
0.000322803
0.000327776
0.000327776
0.000322803
0.000310748
0.000287635
0.000248734
0.000191496
0.000120853
5.42475e-05
1.61473e-05
2.89939e-06
2.80121e-06
1.70616e-05
5.7925e-05
0.000127849
0.000199977
0.000256501
0.000293506
0.000314624
0.000325205
0.000329432
0.000329432
0.000325205
0.000314624
0.000293506
0.000256501
0.000199977
0.000127849
5.79249e-05
1.70617e-05
2.80121e-06
2.69578e-06
1.81418e-05
6.21638e-05
0.000135687
0.00020915
0.000264574
0.000299343
0.000318292
0.000327354
0.000330843
0.000330843
0.000327354
0.000318292
0.000299343
0.000264573
0.00020915
0.000135687
6.21637e-05
1.81418e-05
2.69578e-06
2.58305e-06
1.94333e-05
6.71022e-05
0.000144521
0.00021908
0.000272921
0.000305083
0.000321705
0.000329233
0.000331992
0.000331992
0.000329233
0.000321705
0.000305083
0.000272921
0.00021908
0.000144521
6.71022e-05
1.94333e-05
2.58305e-06
2.46395e-06
2.09827e-05
7.29034e-05
0.00015452
0.000229813
0.000281485
0.000310644
0.000324814
0.000330837
0.000332879
0.000332879
0.000330837
0.000324814
0.000310644
0.000281485
0.000229813
0.00015452
7.29034e-05
2.09827e-05
2.46396e-06
2.33871e-06
2.28831e-05
7.98169e-05
0.000165914
0.000241396
0.00029018
0.000315928
0.000327568
0.000332164
0.000333602
0.000333602
0.000332164
0.000327568
0.000315928
0.00029018
0.000241396
0.000165914
7.98169e-05
2.28831e-05
2.33871e-06
2.20849e-06
2.52348e-05
8.81469e-05
0.000178948
0.000253828
0.000298868
0.000320816
0.000329912
0.000333145
0.000334153
0.000334153
0.000333145
0.000329912
0.000320816
0.000298868
0.000253828
0.000178947
8.81468e-05
2.52348e-05
2.20849e-06
2.07392e-06
2.82184e-05
9.83574e-05
0.000193941
0.000267069
0.000307359
0.000325177
0.000331845
0.000333904
0.000334513
0.000334513
0.000333904
0.000331845
0.000325177
0.000307359
0.000267069
0.000193941
9.83573e-05
2.82184e-05
2.07392e-06
1.93637e-06
3.20655e-05
0.00011106
0.000211229
0.000280969
0.000315384
0.000328852
0.0003332
0.000334472
0.00033478
0.00033478
0.000334472
0.0003332
0.000328852
0.000315384
0.000280969
0.000211228
0.000111059
3.20655e-05
1.93637e-06
1.79647e-06
3.71594e-05
0.000127212
0.000231222
0.000295241
0.000322611
0.000331765
0.000334129
0.0003348
0.00033494
0.00033494
0.0003348
0.000334129
0.000331765
0.000322611
0.000295241
0.000231222
0.000127212
3.71594e-05
1.79647e-06
1.6554e-06
4.39382e-05
0.000148162
0.000254264
0.0003093
0.000328588
0.000333554
0.000334803
0.000335047
0.00033508
0.00033508
0.000335047
0.000334803
0.000333554
0.000328588
0.0003093
0.000254264
0.000148162
4.39381e-05
1.6554e-06
1.51336e-06
5.28974e-05
0.000176463
0.000280582
0.000322149
0.000332504
0.000334604
0.0003351
0.000335168
0.000335172
0.000335172
0.000335168
0.0003351
0.000334604
0.000332504
0.000322149
0.000280582
0.000176463
5.28973e-05
1.51336e-06
1.36973e-06
6.81661e-05
0.000219582
0.000309502
0.000330908
0.000334527
0.000335273
0.000335315
0.000335296
0.000335287
0.000335287
0.000335296
0.000335315
0.000335273
0.000334527
0.000330909
0.000309502
0.000219582
6.81661e-05
1.36973e-06
1.23421e-06
0.000116558
0.000294184
0.000330906
0.00033481
0.000335356
0.000335357
0.000335342
0.000335343
0.000335345
0.000335345
0.000335343
0.000335342
0.000335357
0.000335356
0.00033481
0.000330906
0.000294184
0.000116558
1.23421e-06
)
;

boundaryField
{
    outlet
    {
        type            calculated;
        value           nonuniform List<scalar> 
20
(
6.833e-06
7.2456e-05
0.000110572
0.000130985
0.000130878
0.000117136
0.000100781
8.72527e-05
7.16733e-05
5.83842e-05
6.16017e-05
8.12961e-05
9.31859e-05
0.000108304
0.000125178
0.000138
0.000134842
0.0001125
7.27281e-05
6.81109e-06
)
;
    }
    inlet1
    {
        type            calculated;
        value           nonuniform List<scalar> 
20
(
1.16508e-06
0.000210368
0.000211612
0.000274863
0.00033541
0.00033541
0.00033541
0.00033541
0.00033541
0.00033541
0.00033541
0.00033541
0.00033541
0.00033541
0.00033541
0.00033541
0.000274865
0.000211613
0.000210369
1.16508e-06
)
;
    }
    inlet2
    {
        type            calculated;
        value           nonuniform List<scalar> 
20
(
1.16508e-06
0.000210368
0.000211612
0.000274864
0.00033541
0.00033541
0.00033541
0.00033541
0.00033541
0.00033541
0.00033541
0.00033541
0.00033541
0.00033541
0.00033541
0.00033541
0.000274865
0.000211613
0.000210369
1.16508e-06
)
;
    }
    frontAndBack
    {
        type            empty;
    }
    defaultFaces
    {
        type            nutkWallFunction;
        Cmu             0.09;
        kappa           0.41;
        E               9.8;
        value           nonuniform List<scalar> 
620
(
2.16433e-06
2.16551e-06
2.16545e-06
2.16473e-06
2.16366e-06
2.16288e-06
2.16143e-06
2.16061e-06
2.15904e-06
2.15815e-06
2.15656e-06
2.15558e-06
2.15402e-06
2.15295e-06
2.15144e-06
2.15028e-06
2.14885e-06
2.14765e-06
2.14631e-06
2.14512e-06
2.14388e-06
2.14272e-06
2.14158e-06
2.14047e-06
2.13943e-06
2.13839e-06
2.13743e-06
2.13648e-06
2.13563e-06
2.13478e-06
2.13402e-06
2.13324e-06
2.13255e-06
2.13183e-06
2.13116e-06
2.13044e-06
2.12975e-06
2.12897e-06
2.12816e-06
2.12721e-06
2.12614e-06
2.12485e-06
2.12335e-06
2.12155e-06
2.11944e-06
2.11693e-06
2.11399e-06
2.11056e-06
2.10657e-06
2.10193e-06
2.09692e-06
2.09151e-06
2.08576e-06
2.07961e-06
2.07299e-06
2.066e-06
2.05841e-06
2.05031e-06
2.04159e-06
2.03225e-06
2.02233e-06
2.01189e-06
2.00067e-06
1.98884e-06
1.97643e-06
1.96316e-06
1.94928e-06
1.93479e-06
1.91919e-06
1.90246e-06
1.88511e-06
1.86644e-06
1.84661e-06
1.82579e-06
1.80359e-06
1.78035e-06
1.75596e-06
1.7306e-06
1.70442e-06
1.67761e-06
1.65027e-06
1.62222e-06
1.59252e-06
1.55904e-06
1.52357e-06
1.48548e-06
1.44272e-06
1.39378e-06
1.33618e-06
1.26543e-06
1.17521e-06
1.05391e-06
8.83031e-07
6.43165e-07
3.14565e-07
1.04111e-07
1.82193e-07
5.71157e-07
8.95838e-07
9.9461e-07
2.13978e-06
2.14072e-06
2.14022e-06
2.13938e-06
2.13797e-06
2.13697e-06
2.13522e-06
2.13414e-06
2.13226e-06
2.13108e-06
2.12918e-06
2.12787e-06
2.12598e-06
2.12455e-06
2.12268e-06
2.12112e-06
2.11927e-06
2.11762e-06
2.11578e-06
2.11405e-06
2.11223e-06
2.11046e-06
2.10868e-06
2.10691e-06
2.10519e-06
2.10345e-06
2.10179e-06
2.1001e-06
2.09848e-06
2.09684e-06
2.09527e-06
2.09367e-06
2.09215e-06
2.09062e-06
2.08916e-06
2.08768e-06
2.08627e-06
2.08483e-06
2.08344e-06
2.08202e-06
2.08063e-06
2.0792e-06
2.07777e-06
2.07629e-06
2.07478e-06
2.07319e-06
2.07154e-06
2.06976e-06
2.06785e-06
2.06578e-06
2.06353e-06
2.06108e-06
2.05842e-06
2.05553e-06
2.05241e-06
2.04904e-06
2.04541e-06
2.04136e-06
2.03686e-06
2.03179e-06
2.02596e-06
2.01925e-06
2.01149e-06
2.003e-06
1.99359e-06
1.98367e-06
1.97297e-06
1.96155e-06
1.94921e-06
1.93604e-06
1.92185e-06
1.90659e-06
1.89043e-06
1.87263e-06
1.85312e-06
1.83239e-06
1.80921e-06
1.78432e-06
1.75686e-06
1.72696e-06
1.69425e-06
1.65856e-06
1.61968e-06
1.57735e-06
1.5313e-06
1.48098e-06
1.42521e-06
1.36203e-06
1.28649e-06
1.19116e-06
1.06696e-06
9.01404e-07
6.93545e-07
4.60998e-07
2.26747e-07
1.04683e-07
1.59586e-07
5.44572e-07
8.878e-07
9.9368e-07
2.9416e-07
1.91372e-07
6.92375e-08
0
0
0
0
0
0
0
0
0
0
0
0
0
0
7.73453e-08
2.01952e-07
3.04429e-07
3.79119e-07
4.3927e-07
4.96131e-07
5.49852e-07
6.00513e-07
6.48321e-07
6.93193e-07
7.35237e-07
7.74293e-07
8.10436e-07
8.43569e-07
8.73866e-07
9.01262e-07
9.25958e-07
9.47922e-07
9.67425e-07
9.84445e-07
9.99285e-07
1.01191e-06
1.02266e-06
1.03147e-06
1.03872e-06
1.04429e-06
1.04862e-06
1.05149e-06
1.05342e-06
1.05407e-06
1.05381e-06
1.05301e-06
1.05136e-06
1.04901e-06
1.0461e-06
1.04271e-06
1.03889e-06
1.03472e-06
1.03024e-06
1.02552e-06
1.02059e-06
1.01551e-06
1.0103e-06
1.00504e-06
9.99689e-07
9.94364e-07
9.88998e-07
9.83722e-07
9.78425e-07
9.73277e-07
9.68273e-07
9.63405e-07
9.58667e-07
9.54055e-07
9.49565e-07
9.45197e-07
9.40948e-07
9.36821e-07
9.32811e-07
9.28926e-07
9.25159e-07
9.21514e-07
9.1799e-07
9.14584e-07
9.11302e-07
9.08129e-07
9.05085e-07
9.0214e-07
8.99324e-07
8.96613e-07
8.94004e-07
8.91532e-07
8.89127e-07
8.86878e-07
8.84694e-07
8.82654e-07
8.80697e-07
8.78897e-07
8.77149e-07
8.75634e-07
8.7413e-07
8.72929e-07
8.71778e-07
8.71018e-07
8.70308e-07
8.70155e-07
8.70341e-07
8.70907e-07
8.72269e-07
8.73993e-07
8.77631e-07
8.81018e-07
8.88056e-07
8.93888e-07
9.05948e-07
9.15228e-07
9.34427e-07
9.48226e-07
9.78314e-07
9.9492e-07
1.03029e-06
1.03207e-06
1.03871e-06
3.79119e-07
4.3927e-07
4.96131e-07
5.49852e-07
6.00513e-07
6.48321e-07
6.93193e-07
7.35237e-07
7.74293e-07
8.10436e-07
8.43569e-07
8.73866e-07
9.01261e-07
9.25957e-07
9.47921e-07
9.67424e-07
9.84444e-07
9.99284e-07
1.0119e-06
1.02266e-06
1.03147e-06
1.03872e-06
1.04429e-06
1.04862e-06
1.05149e-06
1.05342e-06
1.05407e-06
1.05381e-06
1.05301e-06
1.05136e-06
1.04901e-06
1.0461e-06
1.04271e-06
1.03889e-06
1.03471e-06
1.03024e-06
1.02552e-06
1.02059e-06
1.01551e-06
1.0103e-06
1.00504e-06
9.99689e-07
9.94365e-07
9.88999e-07
9.83723e-07
9.78426e-07
9.73279e-07
9.68274e-07
9.63407e-07
9.58668e-07
9.54056e-07
9.49566e-07
9.45197e-07
9.40948e-07
9.36818e-07
9.32811e-07
9.28921e-07
9.25155e-07
9.21505e-07
9.17981e-07
9.14568e-07
9.11282e-07
9.08102e-07
9.05046e-07
9.0209e-07
8.99257e-07
8.96517e-07
8.93895e-07
8.91356e-07
8.88932e-07
8.86579e-07
8.84334e-07
8.8215e-07
8.80054e-07
8.78023e-07
8.76032e-07
8.74109e-07
8.72188e-07
8.70284e-07
8.68376e-07
8.66384e-07
8.64334e-07
8.62108e-07
8.5967e-07
8.56934e-07
8.53744e-07
8.50003e-07
8.45422e-07
8.39813e-07
8.32737e-07
8.23794e-07
8.12228e-07
7.97427e-07
7.77954e-07
7.52723e-07
7.19135e-07
6.75128e-07
6.15375e-07
5.34584e-07
4.17834e-07
1.04255e-06
1.03373e-06
1.0309e-06
9.94343e-07
9.77173e-07
9.47116e-07
9.33235e-07
9.13959e-07
9.04648e-07
8.9261e-07
8.86797e-07
8.79857e-07
8.76525e-07
8.73025e-07
8.71372e-07
8.70154e-07
8.69667e-07
8.6953e-07
8.69864e-07
8.70561e-07
8.71467e-07
8.72598e-07
8.73921e-07
8.75394e-07
8.77002e-07
8.78742e-07
8.80593e-07
8.82551e-07
8.84627e-07
8.86805e-07
8.89086e-07
8.91483e-07
8.93975e-07
8.96587e-07
8.99293e-07
9.02131e-07
9.05059e-07
9.08123e-07
9.11286e-07
9.14576e-07
9.17982e-07
9.21506e-07
9.25154e-07
9.28919e-07
9.32807e-07
9.36816e-07
9.40944e-07
9.45195e-07
9.49562e-07
9.54054e-07
9.58664e-07
9.63404e-07
9.6827e-07
9.73276e-07
9.78423e-07
9.83721e-07
9.88997e-07
9.94363e-07
9.99688e-07
1.00503e-06
1.0103e-06
1.01551e-06
1.02059e-06
1.02552e-06
1.03024e-06
1.03471e-06
1.03889e-06
1.04271e-06
1.0461e-06
1.04901e-06
1.05136e-06
1.05301e-06
1.05381e-06
1.05407e-06
1.05342e-06
1.05149e-06
1.04862e-06
1.04429e-06
1.03872e-06
1.03147e-06
1.02266e-06
1.01191e-06
9.99284e-07
9.84444e-07
9.67425e-07
9.47922e-07
9.25957e-07
9.01261e-07
8.73866e-07
8.4357e-07
8.10436e-07
7.74291e-07
7.35236e-07
6.93195e-07
6.48322e-07
6.00511e-07
5.49851e-07
4.96132e-07
4.3927e-07
3.79118e-07
4.26061e-07
5.39755e-07
6.18173e-07
6.76482e-07
7.19465e-07
7.5241e-07
7.77212e-07
7.96443e-07
8.11087e-07
8.22624e-07
8.31521e-07
8.38677e-07
8.44321e-07
8.48999e-07
8.52825e-07
8.56117e-07
8.58933e-07
8.61481e-07
8.63766e-07
8.65923e-07
8.67969e-07
8.69939e-07
8.71917e-07
8.73856e-07
8.75847e-07
8.77861e-07
8.79916e-07
8.82056e-07
8.84231e-07
8.86523e-07
8.88861e-07
8.9132e-07
8.93848e-07
8.9649e-07
8.99228e-07
9.0207e-07
9.05027e-07
9.08087e-07
9.11268e-07
9.14558e-07
9.1797e-07
9.21498e-07
9.25147e-07
9.28915e-07
9.32804e-07
9.36814e-07
9.40943e-07
9.45194e-07
9.49562e-07
9.54053e-07
9.58665e-07
9.63404e-07
9.68272e-07
9.73277e-07
9.78424e-07
9.83722e-07
9.88998e-07
9.94364e-07
9.99688e-07
1.00504e-06
1.0103e-06
1.01551e-06
1.02059e-06
1.02552e-06
1.03024e-06
1.03471e-06
1.03889e-06
1.0427e-06
1.0461e-06
1.04901e-06
1.05136e-06
1.05301e-06
1.05381e-06
1.05407e-06
1.05342e-06
1.05149e-06
1.04862e-06
1.04429e-06
1.03872e-06
1.03147e-06
1.02266e-06
1.0119e-06
9.99283e-07
9.84444e-07
9.67425e-07
9.47921e-07
9.25957e-07
9.0126e-07
8.73866e-07
8.4357e-07
8.10435e-07
7.74291e-07
7.35236e-07
6.93195e-07
6.48322e-07
6.00511e-07
5.49851e-07
4.96132e-07
4.3927e-07
3.79118e-07
)
;
    }
}


// ************************************************************************* //
