/*--------------------------------*- C++ -*----------------------------------*\
| =========                 |                                                 |
| \\      /  F ield         | OpenFOAM: The Open Source CFD Toolbox           |
|  \\    /   O peration     | Version:  2.1.0                                 |
|   \\  /    A nd           | Web:      www.OpenFOAM.org                      |
|    \\/     M anipulation  |                                                 |
\*---------------------------------------------------------------------------*/
FoamFile
{
    version     2.0;
    format      ascii;
    class       volScalarField;
    location    "0.26";
    object      omega;
}
// * * * * * * * * * * * * * * * * * * * * * * * * * * * * * * * * * * * * * //

dimensions      [0 0 -1 0 0 0 0];

internalField   nonuniform List<scalar> 
6400
(
1574.14
1574.81
1574.78
1574.37
1573.76
1573.31
1572.48
1572.01
1571.12
1570.61
1569.7
1569.14
1568.25
1567.64
1566.78
1566.11
1565.3
1564.61
1563.84
1563.16
1562.45
1561.79
1561.14
1560.5
1559.9
1559.3
1558.76
1558.21
1557.72
1557.23
1556.79
1556.35
1555.95
1555.53
1555.14
1554.73
1554.33
1553.88
1553.41
1552.87
1552.26
1551.52
1550.67
1549.63
1548.43
1547
1545.34
1543.38
1541.12
1538.48
1535.64
1532.57
1529.31
1525.83
1522.08
1518.12
1513.83
1509.26
1504.33
1499.06
1493.47
1487.59
1481.27
1474.61
1467.63
1460.17
1452.38
1444.25
1435.52
1426.16
1416.46
1406.05
1395
1383.41
1371.09
1358.2
1344.7
1330.7
1316.27
1301.53
1286.53
1271.19
1254.99
1236.79
1217.56
1196.98
1173.99
1147.78
1117.11
1079.71
1032.47
969.848
883.536
766.834
618.012
531.943
562.858
733.012
889.94
939.647
664.541
664.787
665.955
666.942
668.292
669.674
671.096
672.685
674.186
675.911
677.511
679.343
681.056
682.986
684.824
686.854
688.826
690.965
693.083
695.353
697.631
700.053
702.518
705.115
707.781
710.573
713.457
716.466
719.586
722.838
726.221
729.754
733.431
737.256
741.238
745.38
749.688
754.163
758.81
763.634
768.642
773.837
779.223
784.801
790.578
796.548
802.721
809.097
815.648
822.392
829.352
836.55
843.983
851.662
859.588
867.791
876.259
885.035
894.117
903.546
913.34
923.533
934.151
945.247
956.822
968.779
981.157
994.111
1007.63
1021.81
1036.69
1052.29
1068.68
1085.94
1104.1
1123.26
1143.5
1164.91
1187.63
1211.82
1237.73
1264.81
1292.8
1322.24
1352.65
1383.69
1414.59
1444.4
1471.95
1495.91
1513.51
1521.59
1523.17
1508.89
1473.77
1395.82
1283.77
1148.09
1002
845.019
487.499
490.689
492.204
495.292
497.352
500.492
502.906
506.103
508.79
512.074
515.005
518.405
521.57
525.111
528.508
532.212
535.844
539.732
543.602
547.698
551.809
556.12
560.487
565.036
569.671
574.48
579.399
584.488
589.705
595.09
600.614
606.304
612.162
618.22
624.47
630.935
637.615
644.53
651.632
658.95
666.469
674.234
682.225
690.456
698.926
707.632
716.577
725.752
735.179
744.848
754.784
764.99
775.478
786.254
797.332
808.723
820.436
832.492
844.898
857.671
870.822
884.362
898.296
912.631
927.381
942.586
958.26
974.245
990.551
1007.11
1023.9
1040.85
1057.96
1075.15
1092.41
1109.71
1127.04
1144.4
1161.81
1179.27
1196.83
1214.5
1232.32
1250.34
1268.49
1286.61
1304.57
1321.85
1337.87
1351.47
1359.04
1361.77
1355.74
1330.81
1284.05
1205.46
1097.22
955.841
793.491
625.619
445.88
450.974
453.225
457.7
460.56
465.013
468.318
472.794
476.474
481.028
485.044
489.726
494.06
498.912
503.555
508.613
513.561
518.852
524.104
529.642
535.196
540.998
546.855
552.936
559.106
565.487
571.982
578.68
585.51
592.535
599.703
607.064
614.578
622.275
630.129
638.156
646.333
654.675
663.205
671.922
680.82
689.853
699.044
708.37
717.83
727.416
737.118
746.931
756.849
766.861
776.964
787.147
797.409
807.733
818.105
828.517
838.955
849.394
859.84
870.257
880.645
890.982
901.241
911.418
921.491
931.488
941.368
951.125
960.734
970.193
979.472
988.533
997.362
1005.91
1014.13
1021.98
1029.37
1036.23
1042.45
1047.92
1052.49
1056
1057.85
1058.56
1058.16
1054.76
1049.73
1041.4
1030.24
1014.95
995.346
970.083
938.123
897.467
846.243
782.424
707.238
625.826
550.52
495.548
442.043
448.276
450.986
456.387
459.8
465.15
469.065
474.403
478.723
484.098
488.764
494.218
499.187
504.754
509.996
515.696
521.188
527.035
532.755
538.754
544.687
550.841
556.968
563.274
569.579
576.033
582.503
589.096
595.713
602.421
609.151
615.954
622.781
629.664
636.564
643.501
650.445
657.41
664.372
671.333
678.277
685.223
692.141
699.045
705.915
712.76
719.56
726.324
733.037
739.694
746.278
752.775
759.169
765.462
771.66
777.713
783.611
789.287
794.768
799.957
804.882
809.461
813.693
817.526
820.934
823.876
826.318
828.223
829.489
830.087
830.268
829.709
828.331
826.27
823.345
819.633
814.993
809.479
802.964
795.495
786.964
777.412
766.86
755.298
742.686
729.16
714.692
699.31
683.002
665.67
647.172
627.188
605.484
581.359
554.025
524.217
492.806
463.843
443.362
432.381
439.791
445.819
448.414
453.594
456.806
461.892
465.514
470.507
474.424
479.349
483.485
488.364
492.665
497.513
501.934
506.756
511.261
516.058
520.616
525.383
529.97
534.705
539.295
543.982
548.546
553.162
557.663
562.185
566.652
571.108
575.489
579.848
584.123
588.361
592.496
596.575
600.543
604.439
608.21
611.891
615.438
618.881
622.167
625.326
628.307
631.134
633.751
636.176
638.355
640.294
641.946
643.307
644.34
645.1
645.512
645.668
645.613
644.915
644.033
642.546
640.776
638.445
635.76
632.559
628.966
624.898
620.429
615.529
610.24
604.569
598.59
592.277
585.7
578.862
571.806
564.559
557.147
549.63
542.022
534.397
526.757
519.198
511.69
504.337
497.092
489.909
482.768
475.654
468.587
461.453
454.23
446.768
439.003
430.734
422.101
413.495
406.35
402.97
402.111
402.264
417.191
421.882
423.873
427.852
430.224
434.101
436.697
440.439
443.163
446.763
449.552
453.007
455.809
459.114
461.887
465.033
467.738
470.707
473.313
476.089
478.561
481.122
483.424
485.757
487.851
489.91
491.722
493.488
495.078
496.576
497.867
499.057
500.018
500.859
501.451
501.871
502.062
502.12
501.921
501.513
500.845
499.984
498.83
497.479
495.822
493.959
491.787
489.405
486.728
483.842
480.689
477.34
473.765
470.012
466.029
461.92
457.633
453.256
448.791
444.27
439.734
435.189
430.686
426.222
421.83
417.553
413.432
409.484
405.741
402.218
398.906
395.831
393.008
390.429
388.129
386.068
384.276
382.704
381.411
380.336
379.511
378.889
378.474
378.247
378.146
378.12
378.198
378.284
378.372
378.408
378.417
378.383
378.372
378.663
379.506
381.3
383.924
388.835
392.442
393.473
374.346
377.387
378.626
381.057
382.346
384.619
385.868
387.924
389.071
390.875
391.873
393.402
394.212
395.435
396.041
396.911
397.323
397.781
397.973
398.054
398.026
397.739
397.322
396.736
395.928
395.012
393.829
392.567
390.943
389.252
387.232
385.165
382.799
380.382
377.692
374.968
372.004
369.005
365.792
362.554
359.134
355.709
352.139
348.594
344.952
341.37
337.744
334.219
330.712
327.338
324.046
320.893
317.902
315.086
312.464
310.059
307.877
305.949
304.266
302.863
301.727
300.885
300.382
300.159
300.11
300.454
301.025
301.874
302.989
304.332
305.958
307.774
309.879
312.139
314.684
317.358
320.294
323.342
326.636
330.035
333.63
337.317
341.146
345.038
349.013
353.008
357.028
361.021
364.992
368.91
372.802
376.676
380.578
384.568
388.826
393.765
399.466
406.441
411.665
413.718
312.236
312.738
312.866
312.945
312.912
312.756
312.373
311.991
311.263
310.611
309.548
308.605
307.22
305.984
304.307
302.788
300.851
299.058
296.898
294.859
292.516
290.255
287.762
285.332
282.721
280.202
277.55
274.993
272.347
269.811
267.249
264.821
262.404
260.113
257.861
255.739
253.682
251.757
249.929
248.243
246.682
245.274
244.021
242.935
242.027
241.301
240.774
240.503
240.397
240.398
240.812
241.311
242.151
243.075
244.318
245.664
247.303
249.064
251.091
253.261
255.67
258.242
261.031
263.996
267.169
270.529
274.072
277.808
281.73
285.847
290.158
294.669
299.387
304.305
309.447
314.793
320.379
326.179
332.227
338.501
345.03
351.795
358.818
366.08
373.591
381.338
389.312
397.491
405.854
414.365
422.995
431.716
440.545
449.481
458.592
468.075
478.566
490.072
501.328
506.883
236.127
234.02
233.122
231.297
230.232
228.373
227.177
225.308
224.023
222.175
220.846
219.053
217.726
216.009
214.711
213.095
211.858
210.375
209.234
207.9
206.88
205.714
204.842
203.859
203.155
202.374
201.853
201.285
200.962
200.637
200.484
200.414
200.405
200.577
200.792
201.17
201.611
202.197
202.869
203.675
204.58
205.615
206.764
208.036
209.428
210.946
212.581
214.348
216.228
218.243
220.387
222.653
225.055
227.563
230.218
232.973
235.882
238.89
242.053
245.322
248.746
252.287
255.98
259.802
263.778
267.895
272.172
276.603
281.203
285.972
290.924
296.06
301.396
306.934
312.694
318.674
324.903
331.376
338.128
345.156
352.496
360.152
368.159
376.53
385.303
394.502
404.167
414.334
425.052
436.371
448.358
461.084
474.641
489.131
504.675
521.356
539.088
557.471
572.091
578.603
257.021
255.87
255.357
254.292
253.612
252.483
251.655
250.459
249.508
248.246
247.198
245.88
244.756
243.405
242.217
240.851
239.62
238.251
236.996
235.636
234.38
233.047
231.814
230.527
229.343
228.126
227.018
225.895
224.89
223.881
222.998
222.12
221.386
220.686
220.13
219.623
219.262
218.989
218.859
218.815
218.907
219.134
219.535
220.047
220.742
221.556
222.525
223.645
224.908
226.328
227.898
229.616
231.494
233.512
235.695
238.012
240.501
243.131
245.908
248.835
251.902
255.127
258.488
262.014
265.68
269.513
273.494
277.646
281.959
286.447
291.111
295.958
301.001
306.237
311.688
317.347
323.244
329.369
335.756
342.399
349.329
356.55
364.09
371.962
380.193
388.803
397.816
407.263
417.183
427.619
438.617
450.226
462.53
475.615
489.612
504.668
520.879
537.896
551.987
558.389
329.336
330.8
331.354
332.357
332.84
333.639
334.015
334.573
334.824
335.09
335.18
335.211
335.021
334.848
334.364
333.981
333.238
332.62
331.637
330.778
329.563
328.465
327.028
325.697
324.051
322.502
320.67
318.915
316.922
314.977
312.826
310.698
308.4
306.14
303.746
301.386
298.927
296.512
294.035
291.609
289.165
286.796
284.445
282.19
279.999
277.952
276.009
274.237
272.611
271.184
269.939
268.914
268.101
267.532
267.251
267.147
267.223
267.706
268.268
269.205
270.243
271.624
273.127
274.938
276.887
279.112
281.489
284.116
286.908
289.915
293.088
296.45
299.983
303.702
307.593
311.661
315.899
320.306
324.876
329.611
334.501
339.541
344.71
350.022
355.45
361.014
366.683
372.48
378.369
384.364
390.449
396.693
403.088
409.768
416.887
424.809
433.923
444.496
455.766
461.66
381.771
385.095
386.464
389.154
390.635
393.189
394.698
397.069
398.557
400.736
402.197
404.188
405.579
407.377
408.657
410.257
411.399
412.787
413.768
414.934
415.731
416.661
417.253
417.933
418.299
418.675
418.842
418.91
418.873
418.649
418.275
417.759
417.033
416.198
415.134
413.969
412.566
411.067
409.309
407.399
405.229
402.913
400.347
397.642
394.711
391.662
388.414
385.069
381.584
378.036
374.397
370.746
367.056
363.413
359.782
356.251
352.778
349.457
346.279
343.312
340.511
337.94
335.571
333.454
331.57
329.953
328.584
327.484
326.622
326.017
325.711
325.59
325.587
325.983
326.415
327.164
327.958
329.002
330.087
331.366
332.675
334.178
335.757
337.496
339.311
341.279
343.328
345.517
347.808
350.255
352.841
355.589
358.5
361.614
365.102
369.151
374.259
380.943
385.778
387.567
416.791
421.434
423.402
427.32
429.665
433.472
436.038
439.707
442.404
445.942
448.745
452.18
455.044
458.383
461.272
464.516
467.402
470.552
473.411
476.465
479.278
482.23
484.979
487.824
490.492
493.22
495.792
498.389
500.849
503.304
505.624
507.9
510.024
512.08
513.98
515.79
517.428
518.953
520.326
521.617
522.724
523.694
524.451
525.016
525.294
525.399
525.311
524.833
524.15
523.122
521.816
520.195
518.256
516.023
513.458
510.622
507.463
504.056
500.357
496.44
492.306
488.016
483.528
478.891
474.114
469.246
464.3
459.315
454.294
449.326
444.411
439.599
434.915
430.396
426.05
421.922
417.907
414.122
410.469
407.037
403.736
400.581
397.498
394.56
391.658
388.882
386.114
383.437
380.757
378.165
375.588
373.167
370.947
368.973
367.588
367.027
367.327
371.222
374.208
375.105
431.514
437.157
439.578
444.405
447.394
452.128
455.494
460.137
463.776
468.356
472.203
476.745
480.754
485.274
489.408
493.923
498.159
502.676
506.993
511.519
515.901
520.44
524.875
529.428
533.909
538.481
543.005
547.6
552.165
556.79
561.392
566.031
570.64
575.267
579.864
584.466
589.027
593.573
598.086
602.604
607.078
611.526
615.914
620.247
624.498
628.667
632.723
636.66
640.455
644.094
647.552
650.816
653.852
656.653
659.179
661.422
663.343
664.932
666.15
666.92
667.27
667.359
666.931
666.166
664.943
663.288
661.144
658.517
655.378
651.733
647.562
642.878
637.665
631.946
625.71
619.009
611.91
604.359
596.474
588.172
579.559
570.577
561.311
551.746
541.904
531.74
521.283
510.485
499.334
487.658
475.521
462.867
449.675
436.4
422.554
409.473
397.803
390.923
387.864
386.479
429.909
435.502
437.928
442.745
445.782
450.541
454.011
458.739
462.543
467.278
471.365
476.152
480.492
485.367
489.943
494.922
499.707
504.809
509.793
515.03
520.204
525.584
530.943
536.473
542.01
547.692
553.405
559.244
565.13
571.135
577.203
583.379
589.62
595.96
602.369
608.874
615.452
622.12
628.862
635.69
642.586
649.559
656.595
663.699
670.859
678.074
685.332
692.631
699.951
707.287
714.637
721.993
729.342
736.678
743.986
751.26
758.49
765.66
772.75
779.74
786.617
793.343
799.905
806.305
812.472
818.395
824.004
829.279
834.149
838.586
842.52
845.913
848.688
850.798
851.947
852.411
852.432
850.888
848.694
845.078
840.393
834.224
826.639
817.401
806.434
793.607
778.809
761.944
742.856
721.498
697.647
671.078
641.368
608.599
573.069
534.959
496.625
460.803
434.941
418.027
433.779
438.249
440.228
444.153
446.649
450.535
453.391
457.272
460.437
464.362
467.794
471.797
475.469
479.578
483.475
487.722
491.849
496.259
500.616
505.212
509.805
514.606
519.443
524.465
529.549
534.802
540.136
545.63
551.226
556.984
562.865
568.913
575.101
581.461
587.978
594.681
601.55
608.61
615.85
623.287
630.917
638.749
646.781
655.018
663.455
672.107
680.998
690.129
699.514
709.169
719.03
729.129
739.431
749.952
760.667
771.576
782.665
793.921
805.329
816.877
828.56
840.356
852.267
864.276
876.371
888.542
900.764
913.025
925.285
937.521
949.672
961.819
973.879
985.857
997.692
1009.37
1020.8
1031.9
1042.62
1052.78
1062.29
1070.92
1078.46
1084.62
1088.59
1090.34
1090.65
1086.42
1078.71
1065.65
1046.86
1020.67
985.71
940.01
882.962
811.456
728.091
635.903
553.451
488.104
476.245
478.924
480.214
482.857
484.618
487.305
489.359
492.088
494.36
497.147
499.61
502.474
505.117
508.08
510.9
513.979
516.977
520.19
523.369
526.73
530.095
533.62
537.177
540.878
544.634
548.528
552.489
556.583
560.765
565.08
569.5
574.056
578.729
583.539
588.474
593.547
598.784
604.185
609.767
615.535
621.501
627.678
634.077
640.716
647.611
654.768
662.174
669.848
677.789
685.999
694.535
703.389
712.591
722.144
732.062
742.349
753.038
764.127
775.644
787.603
800.027
812.939
826.364
840.332
854.863
869.989
885.714
902.068
919.058
936.709
955.035
973.908
993.325
1013.2
1033.5
1054.13
1075.04
1096.14
1117.39
1138.74
1160.16
1181.64
1203.15
1224.65
1246.02
1267.43
1288.58
1308.96
1327.98
1344.3
1353.69
1357.14
1350.65
1321.75
1271.09
1195.85
1093.21
964.305
803.39
630.42
652.611
652.539
653.477
654.186
655.262
656.342
657.465
658.732
659.914
661.295
662.552
664.018
665.365
666.906
668.352
669.967
671.517
673.209
674.866
676.643
678.41
680.279
682.161
684.135
686.142
688.237
690.385
692.625
694.936
697.343
699.835
702.426
705.113
707.906
710.811
713.839
716.98
720.244
723.637
727.162
730.829
734.642
738.612
742.74
747.039
751.51
756.161
761.001
766.038
771.283
776.75
782.445
788.386
794.579
801.045
807.803
814.843
822.195
829.87
837.885
846.248
854.982
864.094
873.648
883.662
894.207
905.269
916.907
929.134
941.998
955.508
969.651
984.661
1000.47
1017.22
1034.97
1053.77
1073.76
1094.98
1117.56
1141.6
1167.21
1194.47
1223.46
1254.23
1286.16
1318.61
1350.28
1379.34
1403.39
1416.62
1421.4
1418.66
1403.19
1372.04
1314.47
1229.03
1120.65
997.202
848.701
1560.17
1560.71
1560.43
1559.95
1559.15
1558.58
1557.58
1556.96
1555.9
1555.22
1554.14
1553.4
1552.32
1551.51
1550.44
1549.56
1548.51
1547.56
1546.52
1545.53
1544.5
1543.49
1542.48
1541.47
1540.49
1539.5
1538.55
1537.59
1536.67
1535.74
1534.84
1533.93
1533.07
1532.19
1531.36
1530.52
1529.72
1528.9
1528.11
1527.31
1526.52
1525.7
1524.89
1524.05
1523.19
1522.29
1521.36
1520.35
1519.27
1518.1
1516.82
1515.44
1513.93
1512.3
1510.53
1508.63
1506.58
1504.29
1501.75
1498.89
1495.6
1491.82
1487.44
1482.66
1477.36
1471.78
1465.77
1459.36
1452.43
1445.05
1437.1
1428.56
1419.53
1409.59
1398.72
1387.18
1374.3
1360.49
1345.29
1328.78
1310.77
1291.17
1269.9
1246.81
1221.8
1194.6
1164.61
1130.85
1090.8
1040.78
976.518
892.664
790.812
682.431
581.053
532.176
553.784
720.686
885.946
939.191
863.414
323.653
176.346
119.631
95.2656
82.1266
75.2375
72.2326
71.2528
73.0797
79.3613
93.8924
114.921
151.54
202.06
267.556
347.181
445.414
562.352
609.312
691.032
328.798
219.225
154.397
121.581
103.501
92.4213
86.8007
84.7537
85.9654
96.545
111.834
139.996
179.866
233.279
297.619
372.528
462.187
546.317
566.57
543.851
318.814
242.621
179.97
147.535
124.859
110.941
104.693
102.766
105.938
116.905
139.321
169.848
213.724
265.924
324.623
390.501
465.969
514.043
518.572
444.253
304.917
256.026
197.711
170.733
145.281
132.904
126.918
125.078
128.011
149.094
172.619
208.899
252.43
299.934
352.336
409.427
457.947
474.811
468.324
388.224
300.543
266.432
214.699
191.908
167.606
157.3
152.804
152.02
168.807
190.512
217.772
253.507
290.494
330.373
372.405
412.798
434.773
423.884
419.778
360.135
300.213
273.612
231.014
212.993
197.751
193.302
192.874
206.04
222.515
244.139
268.876
297.806
326.314
357.21
385.773
401.34
397.25
365.18
378.313
351.715
311.644
294.325
269.617
261.68
258.939
258.627
265.731
275.212
288.466
303.999
321.164
339.774
356.56
371.64
378.697
376.689
342.43
298.26
349.78
384.64
372.12
368.001
358.646
354.382
349.011
347.059
346.737
349.774
354.442
359.329
364.624
367.628
368.704
367.823
358.986
330.209
274.003
229.772
334.305
496.942
482.023
474.617
455.854
447.027
432.893
425.987
416.479
411.526
403.503
397.312
388.177
377.809
365.418
348.822
314.375
264.948
202.532
164.59
328.791
561.238
539.989
530.393
507.531
496.576
478.069
467.725
450.931
439.361
422.514
408.398
389.207
369.171
340.285
300.648
251.447
199.945
149.077
125.224
330.79
543.456
523.622
514.796
493.533
483.393
466.483
457.336
442.726
432.685
418.294
405.831
389.386
371.452
346.643
310.138
260.804
207.022
150.454
122.939
329.417
455.582
445.126
440.022
424.555
417.556
407.266
402.358
397.26
394.721
391.708
388.228
383.706
376.31
366.581
354.378
325.593
276.603
210.812
172.55
327.718
357.047
341.501
336.289
328.838
325.71
323.037
322.42
326.079
331.058
339.492
347.736
356.59
364.358
368.136
369.358
364.201
339.593
285.142
239.096
329.663
335.708
295.789
278.185
252.747
244.221
241.25
241.101
249.753
260.798
275.163
293.094
312.226
333.329
353.848
372.318
381.23
381.845
352.109
308.017
339.949
346.019
287.53
261.694
220.43
202.975
188.252
183.805
183.255
196.961
214.393
236.255
262.82
292.079
322.379
355.25
387.453
404.722
404.921
373.569
370.214
373.773
288.786
255.565
205.926
184.015
161.082
151.345
147.169
146.493
164.076
185.737
213.919
250.191
287.727
328.355
371.373
415.461
439.481
431.804
415.867
428.866
293.495
245.738
189.631
163.533
139.723
128.201
122.825
121.34
125.36
146.229
170.43
206.882
250.852
298.875
351.736
409.295
461.499
480.847
468.607
530.959
307.949
233.535
173.406
141.829
120.17
107.172
101.443
99.8246
104.169
115.46
138.245
169.235
213.026
265.385
324.31
391.238
468.507
518.551
521.668
686.024
317.704
211.152
148.116
116.815
99.7171
89.3614
84.2703
82.472
84.391
95.5558
111.299
139.908
180.12
233.575
297.444
371.957
462.249
549.299
570.89
862.871
312.836
170.479
115.673
92.0334
79.5747
72.988
70.2712
69.4901
71.8888
78.6561
93.7083
115.211
151.997
202.867
268.312
347.668
445.553
564.07
613.701
646.055
32.1744
12.7362
11.3229
11.19
11.171
11.1705
11.1708
11.1706
11.1705
11.1705
11.1706
11.1708
11.1705
11.171
11.19
11.3229
12.7362
32.1743
646.054
672.741
55.0636
17.0388
12.087
11.3039
11.1803
11.1547
11.1529
11.1534
11.1536
11.1536
11.1534
11.1529
11.1547
11.1803
11.3039
12.087
17.0388
55.0635
672.742
698.448
71.0917
21.1538
13.3032
11.5873
11.2261
11.1552
11.1382
11.1358
11.1355
11.1355
11.1358
11.1382
11.1552
11.2261
11.5873
13.3032
21.1538
71.0916
698.448
723.135
85.8496
25.1367
14.646
12.043
11.3371
11.1684
11.1265
11.1183
11.1171
11.1171
11.1183
11.1265
11.1684
11.3371
12.043
14.646
25.1367
85.8496
723.135
746.749
101.871
29.2074
16.0661
12.5885
11.5234
11.2064
11.1273
11.105
11.1003
11.1003
11.105
11.1273
11.2064
11.5234
12.5885
16.0661
29.2073
101.871
746.749
769.311
118.434
33.3673
17.5407
13.1972
11.7624
11.283
11.1366
11.0944
11.0843
11.0843
11.0944
11.1366
11.283
11.7624
13.1972
17.5407
33.3673
118.434
769.311
790.723
134.963
37.5667
19.0508
13.8501
12.0431
11.3872
11.16
11.0918
11.0718
11.0718
11.0918
11.16
11.3872
12.0431
13.8501
19.0508
37.5668
134.963
790.723
810.98
151.248
41.7794
20.5849
14.5351
12.357
11.5178
11.203
11.0955
11.0625
11.0625
11.0955
11.203
11.5178
12.357
14.5351
20.5849
41.7794
151.248
810.98
829.959
167.082
45.9697
22.1304
15.2423
12.6969
11.6708
11.2604
11.1065
11.0594
11.0594
11.1065
11.2604
11.6708
12.6969
15.2423
22.1305
45.9698
167.082
829.959
847.656
182.404
50.1217
23.68
15.9649
13.0569
11.8431
11.3325
11.1291
11.0619
11.0619
11.1291
11.3325
11.8431
13.0569
15.9649
23.68
50.1218
182.405
847.656
863.988
197.094
54.2103
25.2247
16.6968
13.4322
12.0315
11.4179
11.1609
11.0698
11.0698
11.1609
11.4179
12.0315
13.4322
16.6968
25.2248
54.2105
197.095
863.988
879.01
211.153
58.2314
26.7616
17.4346
13.8192
12.2335
11.5156
11.2021
11.0862
11.0862
11.2021
11.5156
12.2335
13.8192
17.4346
26.7617
58.2315
211.153
879.01
892.664
224.491
62.165
28.2843
18.1744
14.2149
12.4466
11.6242
11.2528
11.1113
11.1113
11.2528
11.6242
12.4467
14.2149
18.1744
28.2844
62.1652
224.492
892.664
905.028
237.12
66.0094
29.7909
18.9141
14.6169
12.6691
11.7427
11.3126
11.1446
11.1446
11.3126
11.7427
12.6691
14.617
18.9142
29.7909
66.0096
237.121
905.028
916.067
248.971
69.7461
31.2755
19.6507
15.0231
12.899
11.8699
11.381
11.1861
11.1861
11.381
11.8699
12.8991
15.0231
19.6507
31.2756
69.7463
248.971
916.067
925.904
260.089
73.3778
32.7378
20.383
15.4319
13.1352
12.0048
11.4576
11.2357
11.2357
11.4576
12.0048
13.1352
15.4319
20.383
32.7379
73.378
260.089
925.903
934.512
270.423
76.8904
34.1733
21.1087
15.8417
13.3761
12.1466
11.5418
11.293
11.293
11.5418
12.1466
13.3762
15.8417
21.1088
34.1733
76.8905
270.423
934.512
942.038
280.036
80.289
35.5824
21.8276
16.2519
13.6211
12.2944
11.6331
11.3579
11.3579
11.6331
12.2944
13.6211
16.2519
21.8276
35.5825
80.2891
280.036
942.037
948.451
288.886
83.5606
36.9608
22.5375
16.661
13.8691
12.4475
11.7309
11.4299
11.4299
11.7309
12.4475
13.8691
16.661
22.5375
36.9609
83.5607
288.886
948.451
953.925
297.052
86.7123
38.3097
23.2383
17.0685
14.1194
12.6053
11.8348
11.5085
11.5085
11.8348
12.6053
14.1194
17.0685
23.2383
38.3097
86.7124
297.052
953.924
958.416
304.505
89.7341
39.625
23.9283
17.4735
14.3712
12.7671
11.9442
11.5934
11.5934
11.9442
12.7671
14.3712
17.4735
23.9283
39.6251
89.7342
304.504
958.415
962.121
311.327
92.6352
40.9091
24.6079
17.8756
14.6241
12.9325
12.0587
11.684
11.684
12.0587
12.9325
14.6241
17.8757
24.6079
40.9091
92.6352
311.326
962.12
964.967
317.504
95.4078
42.158
25.2755
18.2742
14.8776
13.1009
12.1777
11.78
11.78
12.1777
13.1009
14.8776
18.2742
25.2755
42.1581
95.4078
317.504
964.966
967.18
323.105
98.0614
43.3748
25.9317
18.669
15.1313
13.2719
12.3009
11.8809
11.8809
12.3009
13.2719
15.1313
18.669
25.9317
43.3749
98.0616
323.105
967.18
968.649
328.146
100.59
44.5557
26.575
19.0593
15.3846
13.445
12.4277
11.9862
11.9862
12.4277
13.445
15.3846
19.0593
26.575
44.5557
100.59
328.145
968.648
969.635
332.656
103.004
45.7041
27.2063
19.4452
15.6374
13.62
12.5579
12.0955
12.0955
12.5579
13.62
15.6374
19.4452
27.2063
45.7042
103.005
332.656
969.634
969.97
336.703
105.3
46.8164
27.824
19.8261
15.8892
13.7964
12.691
12.2085
12.2085
12.691
13.7964
15.8892
19.8261
27.824
46.8164
105.3
336.703
969.969
969.834
340.244
107.487
47.897
28.4295
20.202
16.14
13.974
12.8267
12.3248
12.3248
12.8267
13.974
16.14
20.202
28.4295
47.8971
107.487
340.243
969.833
969.425
343.4
109.562
48.942
29.0213
20.5726
16.3892
14.1525
12.9646
12.4441
12.4441
12.9646
14.1525
16.3892
20.5726
29.0212
48.9419
109.562
343.4
969.424
968.579
346.144
111.538
49.9562
29.6005
20.9378
16.6369
14.3316
13.1045
12.5659
12.5659
13.1045
14.3316
16.6369
20.9378
29.6006
49.9563
111.538
346.142
968.578
967.379
348.531
113.407
50.936
30.1661
21.2974
16.8828
14.5111
13.2461
12.69
12.69
13.2461
14.5111
16.8828
21.2973
30.1661
50.9358
113.407
348.531
967.378
965.891
350.556
115.186
51.8863
30.7193
21.6514
17.1267
14.6907
13.389
12.8161
12.8161
13.389
14.6907
17.1267
21.6514
30.7193
51.8864
115.186
350.554
965.89
964.156
352.262
116.866
52.8038
31.259
21.9996
17.3685
14.8702
13.5331
12.944
12.944
13.5331
14.8702
17.3685
21.9996
31.259
52.8036
116.865
352.262
964.155
962.205
353.661
118.463
53.6934
31.7865
22.3421
17.608
15.0495
13.6782
13.0733
13.0733
13.6782
15.0495
17.608
22.3421
31.7865
53.6934
118.463
353.659
962.204
960.074
354.765
119.967
54.5518
32.301
22.6788
17.8451
15.2284
13.8239
13.2039
13.2039
13.8239
15.2284
17.8451
22.6788
32.3009
54.5516
119.966
354.764
960.073
957.789
355.618
121.396
55.3841
32.8034
23.0097
18.0798
15.4067
13.9702
13.3355
13.3355
13.9702
15.4067
18.0798
23.0097
32.8034
55.3841
121.396
355.616
957.788
955.382
356.173
122.738
56.1871
33.2934
23.3348
18.3119
15.5842
14.1168
13.468
13.468
14.1168
15.5842
18.3119
23.3348
33.2934
56.187
122.738
356.172
955.382
952.869
356.559
124.013
56.9664
33.772
23.6542
18.5414
15.761
14.2636
13.601
13.601
14.2636
15.761
18.5414
23.6542
33.7719
56.9662
124.013
356.558
952.869
950.287
356.612
125.206
57.7179
34.2385
23.9678
18.7682
15.9367
14.4103
13.7346
13.7346
14.4103
15.9367
18.7681
23.9678
34.2384
57.7178
125.206
356.611
950.287
947.635
356.521
126.339
58.448
34.6942
24.2758
18.9922
16.1114
14.557
13.8684
13.8684
14.557
16.1114
18.9922
24.2757
34.6941
58.4477
126.338
356.52
947.635
944.958
356.291
127.395
59.1526
35.1386
24.5781
19.2134
16.2849
14.7033
14.0024
14.0024
14.7033
16.2849
19.2134
24.5781
35.1386
59.1525
127.395
356.29
944.958
942.243
355.823
128.403
59.8378
35.5727
24.875
19.4319
16.4571
14.8493
14.1364
14.1364
14.8493
16.4571
19.4318
24.8749
35.5726
59.8375
128.402
355.823
942.243
939.54
355.241
129.339
60.5004
35.9965
25.1664
19.6475
16.628
14.9948
14.2703
14.2703
14.9948
16.628
19.6474
25.1663
35.9964
60.5003
129.339
355.24
939.541
936.82
354.508
130.246
61.1469
36.4106
25.4525
19.8602
16.7975
15.1397
14.404
14.404
15.1397
16.7974
19.8602
25.4525
36.4105
61.1467
130.246
354.508
936.82
934.146
353.72
131.105
61.7766
36.8156
25.7336
20.0702
16.9655
15.2839
14.5373
14.5373
15.2839
16.9655
20.0702
25.7335
36.8155
61.7763
131.104
353.719
934.147
931.465
352.875
131.98
62.3967
37.2117
26.0095
20.2773
17.132
15.4273
14.6702
14.6702
15.4273
17.132
20.2773
26.0094
37.2117
62.3967
131.98
352.875
931.465
928.861
352.022
132.876
63.0152
37.6006
26.2807
20.4817
17.2969
15.5699
14.8026
14.8026
15.5699
17.2969
20.4816
26.2806
37.6004
63.0148
132.875
352.022
928.862
926.332
351.164
133.818
63.636
37.9825
26.5472
20.6832
17.4603
15.7115
14.9343
14.9343
15.7115
17.4602
20.6832
26.5472
37.9825
63.6361
133.819
351.164
926.332
923.874
350.422
134.847
64.2666
38.3596
26.8095
20.8821
17.622
15.8522
15.0654
15.0654
15.8522
17.622
20.882
26.8094
38.3593
64.266
134.846
350.422
923.874
921.483
349.754
135.968
64.9088
38.7321
27.0677
21.0782
17.7821
15.9919
15.1958
15.1958
15.9919
17.7821
21.0782
27.0677
38.7323
64.9093
135.969
349.755
921.483
919.157
349.293
137.197
65.5678
39.1023
27.3223
21.2719
17.9405
16.1304
15.3253
15.3253
16.1304
17.9404
21.2718
27.3221
39.1018
65.5668
137.195
349.294
919.158
916.895
348.941
138.524
66.2428
39.4703
27.5735
21.463
18.0972
16.2679
15.454
15.454
16.2679
18.0973
21.4631
27.5737
39.4709
66.244
138.526
348.943
916.895
914.696
348.85
139.945
66.9357
39.8379
27.8219
21.6518
18.2524
16.4042
15.5817
15.5817
16.4041
18.2523
21.6517
27.8216
39.8373
66.9345
139.944
348.852
914.696
912.558
348.915
141.454
67.6465
40.2057
28.0678
21.8383
18.4059
16.5393
15.7085
15.7085
16.5393
18.406
21.8385
28.0681
40.2066
67.6484
141.457
348.917
912.558
910.483
349.097
143.029
68.3731
40.5738
28.3112
22.0226
18.5577
16.6732
15.8343
15.8343
16.6732
18.5577
22.0225
28.3109
40.5733
68.3722
143.029
349.1
910.482
908.468
349.47
144.665
69.1165
40.9437
28.5529
22.2051
18.708
16.8059
15.9591
15.9591
16.806
18.7082
22.2054
28.5537
40.9453
69.1193
144.668
349.474
908.468
906.517
349.988
146.348
69.8755
41.3155
28.793
22.3855
18.8567
16.9373
16.0828
16.0828
16.9373
18.8567
22.3853
28.7924
41.3142
69.8737
146.349
349.994
906.515
904.627
350.625
148.067
70.6461
41.6885
29.0315
22.5642
19.004
17.0676
16.2055
16.2055
17.0678
19.0044
22.565
29.0332
41.6919
70.6523
148.075
350.636
904.625
902.799
351.377
149.814
71.4336
42.0658
29.2696
22.7413
19.1497
17.1965
16.3269
16.3269
17.1965
19.1496
22.7411
29.2689
42.0645
71.4323
149.817
351.384
902.795
901.033
352.2
151.567
72.2257
42.4433
29.5061
22.9168
19.2941
17.3244
16.4475
16.4476
17.3247
19.2947
22.9181
29.5086
42.4478
72.2328
151.575
352.217
901.029
899.327
353.114
153.337
73.0324
42.8249
29.7423
23.0909
19.4369
17.4507
16.5666
16.5666
17.4508
19.4369
23.0908
29.7421
42.825
73.0352
153.349
353.131
899.319
897.684
354.072
155.103
73.844
43.208
29.9778
23.2637
19.5785
17.5762
16.685
16.6852
17.5768
19.5796
23.2657
29.9813
43.214
73.8529
155.113
354.097
897.674
896.097
355.088
156.867
74.6671
43.5953
30.2132
23.4352
19.7186
17.7001
16.8018
16.8018
17.7002
19.7188
23.4354
30.2136
43.5969
74.6748
156.89
355.125
896.083
894.575
356.134
158.609
75.4874
43.9818
30.4474
23.6055
19.8577
17.8232
16.9181
16.9184
17.8242
19.8596
23.609
30.4536
43.9922
75.5034
158.63
356.172
894.555
893.103
357.201
160.345
76.3246
44.3764
30.6835
23.7752
19.9954
17.9446
17.0325
17.0326
17.9449
19.9958
23.7757
30.6843
44.3793
76.3372
160.381
357.268
893.078
891.696
358.293
162.032
77.1418
44.7627
30.9154
23.9426
20.1317
18.0654
17.1466
17.1472
18.0671
20.1351
23.9487
30.9263
44.7817
77.1717
162.072
358.358
891.663
890.343
359.373
163.732
77.9882
45.1633
31.152
24.1106
20.267
18.1843
17.2585
17.2587
18.185
20.2681
24.112
31.1543
45.17
78.0127
163.792
359.492
890.295
889.041
360.481
165.355
78.8079
45.5535
31.3836
24.2761
20.4012
18.3029
17.3707
17.3716
18.3057
20.4066
24.2859
31.4009
45.5833
78.8537
165.419
360.593
888.986
887.808
361.532
166.977
79.6406
45.9514
31.6174
24.4411
20.5336
18.4192
17.48
17.4805
18.4207
20.5363
24.4455
31.6255
45.9714
79.6985
167.098
361.74
887.72
886.608
362.629
168.542
80.4706
46.351
31.8516
24.606
20.666
18.5359
17.5904
17.5918
18.5404
20.6748
24.6213
31.8777
46.3945
80.5362
168.638
362.825
886.511
885.487
363.62
170.059
81.2743
46.7394
32.0801
24.7671
20.7953
18.6493
17.6971
17.6981
18.6525
20.8012
24.7774
32.0998
46.7849
81.3905
170.273
363.971
885.338
884.399
364.673
171.547
82.1039
47.1443
32.3152
24.9305
20.9255
18.7638
17.8056
17.808
18.7715
20.9401
24.9556
32.3574
47.2145
82.2131
171.719
365.029
884.22
883.383
365.583
172.953
82.8793
47.5246
32.5392
25.0882
21.0518
18.8745
17.9095
17.9114
18.8805
21.0632
25.1085
32.578
47.611
83.0871
173.315
366.169
883.132
882.409
366.555
174.349
83.6939
47.9275
32.7719
25.2485
21.1791
18.9865
18.0166
18.0205
18.9998
21.204
25.2913
32.8443
48.0509
83.8925
174.654
367.194
882.089
881.513
367.349
175.613
84.4313
48.2968
32.9902
25.4024
21.302
19.0939
18.1176
18.1208
19.1055
21.3235
25.4402
33.0614
48.4497
84.7865
176.227
368.336
881.078
880.644
368.214
176.906
85.2215
48.6913
33.2167
25.5574
21.4252
19.2031
18.2232
18.2298
19.2262
21.4683
25.6315
33.3436
48.9142
85.5943
177.467
369.34
880.088
879.89
368.838
178.015
85.9109
49.0431
33.4262
25.706
21.5439
19.3068
18.3212
18.327
19.3287
21.5842
25.7763
33.5566
49.3143
86.5113
179.004
370.503
879.132
879.142
369.538
179.127
86.6553
49.4199
33.6406
25.8523
21.6613
19.4125
18.4255
18.4364
19.4523
21.7355
25.9798
33.8608
49.815
87.3402
180.188
371.526
878.177
878.546
369.922
180.069
87.2829
49.7437
33.8352
25.9923
21.7738
19.5112
18.5198
18.5303
19.5518
21.8489
26.1232
34.0756
50.2331
88.3243
181.69
372.75
877.232
877.974
370.192
180.882
87.9244
50.0779
34.0255
26.1245
21.8828
19.6125
18.6234
18.6417
19.6809
22.0104
26.3443
34.4102
50.7842
89.184
182.827
373.854
876.284
877.596
370.216
181.554
88.4553
50.3625
34.1966
26.2497
21.9849
19.7038
18.7133
18.7322
19.7779
22.123
26.4898
34.6332
51.2347
90.2944
184.416
375.239
875.295
877.244
370.119
182.038
88.9872
50.6383
34.3511
26.3615
22.0825
19.7994
18.8167
18.8479
19.9171
22.3019
26.7404
35.0216
51.8933
91.2754
185.499
376.523
874.277
877.168
369.831
182.369
89.3651
50.8536
34.4831
26.4631
22.1695
19.8817
18.9029
18.9365
20.0143
22.4186
26.8962
35.2642
52.38
92.5174
187.286
378.235
873.173
877.261
369.146
182.327
89.7081
51.0319
34.5807
26.5429
22.2489
19.9685
19.0063
19.0594
20.1703
22.6256
27.1931
35.737
53.222
93.7675
188.478
379.888
871.964
877.542
368.251
182.096
89.7945
51.1193
34.6465
26.6062
22.3133
20.0394
19.0907
19.1507
20.274
22.7578
27.3792
36.037
53.8079
95.237
190.449
382.155
870.608
878.219
366.371
181.475
89.7052
51.0882
34.6365
26.6353
22.3655
20.116
19.1977
19.2876
20.4603
23.0117
27.7508
36.6394
54.9007
96.8289
192.117
384.543
869.027
879.076
364.588
180.578
89.4264
50.9729
34.5859
26.6258
22.3973
20.1738
19.2854
19.3922
20.5829
23.1811
28.0028
37.0548
55.7057
98.8177
194.522
387.794
867.175
880.885
360.92
178.768
88.8062
50.7273
34.4625
26.5914
22.4115
20.2467
19.411
19.5605
20.8301
23.5286
28.5107
37.8881
57.248
100.976
196.876
391.473
864.908
882.571
357.79
176.726
87.8154
50.2329
34.2626
26.5122
22.4209
20.309
19.5114
19.6906
20.9998
23.7771
28.9062
38.5519
58.4606
103.802
200.389
396.461
862.136
886.076
351.485
173.462
86.2543
49.597
33.9141
26.4285
22.4156
20.3706
19.6516
19.9025
21.329
24.2823
29.7068
39.907
60.9179
107.138
203.974
402.351
858.641
888.984
346.245
169.596
84.2445
48.5776
33.5881
26.3085
22.3837
20.426
19.7805
20.0869
21.6015
24.6911
30.3521
41.0053
62.9402
111.527
209.536
410.212
854.232
895.007
336.097
164.215
81.3428
47.5268
33.1618
26.1598
22.3393
20.5425
20.0407
20.4683
22.1718
25.5453
31.6952
43.288
67.0511
117.114
215.745
419.677
848.541
899.65
327.68
157.526
78.0979
46.281
32.6287
25.8383
22.3861
20.782
20.3819
20.9118
22.7721
26.3834
32.9509
45.3467
70.6528
124.22
225.067
431.925
841.275
909.279
311.649
149.056
74.3317
44.7137
31.8673
25.8211
22.6107
21.3091
21.1009
21.8506
24.041
28.1516
35.6004
49.6781
78.0162
133.85
236.274
446.324
831.748
916.218
298.689
139.025
70.0038
42.8532
31.5444
26.0579
23.2262
22.2079
22.0918
23.0337
25.5125
30.0882
38.372
53.9964
84.9857
146.088
252.622
464.391
819.459
931.405
274.058
127.35
64.9167
41.6563
31.9204
26.9457
24.7032
24.1402
24.1883
25.5146
28.5015
34.2254
44.2647
63.1615
99.2959
163.624
272.783
484.661
803.199
939.818
258.7
113.225
61.11
42.3279
33.5019
29.1944
27.3867
26.8883
27.0144
28.735
32.5502
39.0327
50.9402
72.9439
113.452
185.308
300.556
509.091
782.074
957.811
227.438
103.213
62.4808
45.5574
37.6985
34.0479
32.7793
32.481
33.101
35.3554
39.9351
49.6162
65.3164
93.8746
142.057
217.96
334.806
533.07
753.729
958.715
226.904
108.256
70.2779
54.6764
47.6481
44.7665
42.0784
40.9952
40.8564
44.1429
51.5207
62.0511
82.2373
116.37
172.228
256.623
376.412
558.415
716.071
962.098
289.459
136.359
93.2056
75.8929
66.4612
58.9649
55.7514
54.756
55.8648
61.8925
69.8154
88.2361
115.555
162.065
227.208
312.651
421.712
569.613
663.156
964.07
284.566
133.483
90.8003
73.7965
64.844
57.6307
54.5795
53.6329
54.7848
61.3345
69.6802
88.7533
116.541
163.129
227.752
312.467
421.672
570.213
666.834
959.572
226.353
107.95
69.648
53.8504
46.713
43.8572
41.5734
40.675
40.6309
43.9008
51.5418
62.4673
83.1181
117.648
174.317
257.539
375.554
556.434
718.468
958.125
229.058
103.646
62.5897
45.3935
37.4157
33.6816
32.2648
31.9933
32.8224
35.3019
39.9803
49.9936
66.1031
95.0367
143.088
219.298
335.534
531.927
755.055
939.53
260.111
114.58
61.5025
42.4503
33.4648
29.1108
27.3893
26.8705
26.9346
28.7182
32.5882
39.2775
51.5084
73.9434
114.873
186.434
300.924
508.062
782.726
930.832
275.623
128.478
65.7364
41.8987
32.0145
26.9317
24.5991
24.0205
24.1782
25.5414
28.6616
34.421
44.7303
64.0206
100.57
165.076
274.036
484.409
803.362
915.662
300.355
140.13
70.7557
43.2724
31.6809
26.111
23.2396
22.207
22.092
23.0549
25.5807
30.2474
38.7035
54.6331
86.0281
147.181
253.34
464.437
819.309
908.682
313.072
150.023
75.0959
45.0942
32.0737
25.8937
22.6471
21.3284
21.1174
21.8806
24.1056
28.2877
35.875
50.2141
78.9514
135.178
237.45
446.839
831.386
899.015
329.146
158.473
78.8308
46.6559
32.8045
25.9426
22.4318
20.8078
20.4035
20.9417
22.8269
26.4888
33.1568
45.7522
71.3942
125.089
225.706
432.6
840.792
894.357
337.359
165.009
82.0697
47.8795
33.3377
26.2469
22.3875
20.5709
20.0652
20.4985
22.222
25.6368
31.8698
43.6337
67.7131
118.19
216.639
420.572
847.978
888.346
347.525
170.358
84.8973
48.9127
33.741
26.3905
22.4295
20.4531
19.8024
20.1125
21.6432
24.7641
30.487
41.2726
63.4681
112.231
210.046
411.093
853.654
885.448
352.603
174.122
86.8614
49.908
34.0596
26.4966
22.4553
20.3983
19.6741
19.9238
21.362
24.3444
29.8252
40.1408
61.3892
108.015
204.724
403.304
858.04
881.991
358.829
177.351
88.3526
50.5064
34.3921
26.5764
22.4584
20.33
19.5268
19.7095
21.0317
23.8283
28.9966
38.735
58.8374
104.292
200.783
397.326
861.572
880.334
361.891
179.315
89.2859
50.9585
34.5755
26.6463
22.439
20.2655
19.4259
19.5791
20.8553
23.572
28.5952
38.0526
57.5838
101.676
197.516
392.358
864.362
878.593
365.425
181.056
89.8311
51.1763
34.6816
26.6751
22.4264
20.1901
19.2971
19.4033
20.6026
23.2152
28.067
37.1823
55.9575
99.1806
194.902
388.547
866.676
877.771
367.138
181.913
90.066
51.2694
34.7215
26.6808
22.3866
20.1294
19.2087
19.3005
20.4776
23.0414
27.8064
36.7505
55.1407
97.3278
192.621
385.295
868.57
877.166
368.896
182.462
90.1267
51.2863
34.7248
26.6399
22.3333
20.0507
19.0985
19.1588
20.287
22.7806
27.4225
36.1237
53.9809
95.5118
190.702
382.761
870.201
876.924
369.731
182.658
89.9515
51.1497
34.6364
26.5748
22.265
19.9784
19.0141
19.0679
20.1822
22.646
27.2309
35.8126
53.3899
94.14
188.966
380.504
871.597
876.856
370.316
182.678
89.6084
50.9774
34.5405
26.4882
22.1833
19.8896
18.9084
18.9423
20.0231
22.4341
26.9255
35.3218
52.4903
92.6791
187.422
378.698
872.86
877.022
370.551
182.279
89.164
50.7195
34.3893
26.3831
22.0938
19.8061
18.8218
18.8535
19.9252
22.3159
26.7669
35.0765
52.0215
91.5683
185.881
377
873.994
877.368
370.616
181.785
88.622
50.4489
34.2371
26.2676
21.9944
19.7095
18.7173
18.7363
19.7838
22.133
26.5083
34.6681
51.2997
90.4
184.565
375.594
875.064
877.818
370.482
181.036
88.04
50.1305
34.0507
26.1391
21.8909
19.6174
18.6271
18.6458
19.6868
22.0206
26.3635
34.4492
50.871
89.3667
183.056
374.202
876.081
878.38
370.221
180.23
87.3994
49.8062
33.8645
26.005
21.7801
19.5148
18.5224
18.5329
19.5554
21.8552
26.1351
34.0992
50.2814
88.4185
181.828
373.008
877.059
879.038
369.687
179.223
86.7247
49.4514
33.6556
25.8614
21.6668
19.4159
18.4282
18.4394
19.4566
21.7427
25.9932
33.8871
49.8708
87.4542
180.344
371.775
878.042
879.771
369.067
178.142
85.9952
49.0872
33.447
25.7151
21.5483
19.3092
18.3228
18.3286
19.3309
21.5882
25.7838
33.5714
49.3443
86.5704
179.102
370.692
879.006
880.57
368.312
176.963
85.2676
48.7122
33.2264
25.5632
21.4288
19.2055
18.2252
18.232
19.2294
21.4737
25.6415
33.364
48.9594
85.6884
177.582
369.511
879.995
881.435
367.514
175.721
84.4942
48.3276
33.0047
25.4089
21.3051
19.0955
18.1186
18.1218
19.1068
21.3255
25.4437
33.0673
48.4597
84.8097
176.306
368.47
880.998
882.357
366.618
174.384
83.717
47.9376
32.7767
25.2516
21.1812
18.9881
18.018
18.0223
19.0023
21.2084
25.2996
32.8613
48.0884
83.9643
174.719
367.308
882.02
883.332
365.695
173.009
82.9221
47.5474
32.5503
25.0934
21.0542
18.8757
17.9102
17.9119
18.8811
21.0641
25.1099
32.5799
47.6139
83.0984
173.369
366.255
883.085
884.365
364.712
171.588
82.1246
47.1523
32.3187
24.9325
20.9269
18.7649
17.8067
17.8093
18.7734
20.9434
24.9617
32.3697
47.2401
82.2613
171.772
365.112
884.168
885.451
363.701
170.095
81.2992
46.7524
32.0866
24.7703
20.7969
18.6502
17.6975
17.6984
18.6528
20.8016
24.7781
32.1014
46.7893
81.4026
170.296
364.022
885.31
886.588
362.65
168.57
80.4873
46.3586
31.855
24.6076
20.667
18.5366
17.5911
17.5927
18.5417
20.677
24.6252
31.8848
46.408
80.5644
168.695
362.889
886.475
887.783
361.586
167
79.6537
45.9574
31.6205
24.4428
20.5346
18.4197
17.4803
17.4807
18.4209
20.5366
24.4461
31.6274
45.9767
79.7089
167.098
361.766
887.702
889.026
360.496
165.382
78.8235
45.5611
31.3871
24.2778
20.4021
18.3035
17.3713
17.3723
18.3067
20.4083
24.2886
31.4053
45.5905
78.8698
165.464
360.637
888.963
890.329
359.401
163.729
77.9895
45.1647
31.153
24.1113
20.2675
18.1846
17.2587
17.2588
18.185
20.2682
24.1123
31.1556
45.1742
78.0203
163.787
359.507
890.281
891.681
358.309
162.065
77.1607
44.7708
30.9189
23.9442
20.1325
18.0659
17.1471
17.1477
18.0679
20.1364
23.9508
30.9298
44.7876
77.1844
162.105
358.386
891.648
893.098
357.217
160.346
76.3224
44.3755
30.6835
23.7754
19.9956
17.9448
17.0325
17.0326
17.9449
19.9957
23.7756
30.6845
44.3808
76.342
160.384
357.282
893.068
894.562
356.144
158.621
75.4988
43.9876
30.45
23.6067
19.8583
17.8236
16.9184
16.9188
17.8248
19.8606
23.6107
30.4565
43.997
75.5112
158.643
356.186
894.546
896.094
355.099
156.88
74.6687
43.595
30.2132
23.4353
19.7187
17.7002
16.8019
16.8019
17.7002
19.7187
23.4352
30.2133
43.5972
74.6782
156.899
355.136
896.076
897.676
354.078
155.099
73.8483
43.2115
29.9796
23.2646
19.579
17.5765
16.6853
16.6855
17.5772
19.5804
23.2671
29.9838
43.218
73.8579
155.116
354.103
897.667
899.323
353.12
153.353
73.0365
42.8255
29.7424
23.091
19.4369
17.4508
16.5667
16.5667
17.4508
19.4368
23.0906
29.7418
42.8251
73.0387
153.36
353.14
899.314
901.029
352.207
151.566
72.2285
42.4455
29.5073
22.9174
19.2944
17.3246
16.4477
16.4478
17.325
19.2953
22.9191
29.5102
42.4504
72.236
151.577
352.221
901.023
902.795
351.377
149.819
71.435
42.0661
29.2697
22.7414
19.1498
17.1966
16.327
16.327
17.1965
19.1496
22.741
29.2689
42.0649
71.435
149.825
351.39
902.791
904.625
350.631
148.072
70.6496
41.6902
29.0323
22.5645
19.0042
17.0677
16.2056
16.2057
17.068
19.0047
22.5655
29.0341
41.6932
70.6536
148.075
350.638
904.621
906.514
349.99
146.349
69.8758
41.3158
28.7932
22.3857
18.8569
16.9374
16.0828
16.0828
16.9374
18.8567
22.3854
28.7927
41.3151
69.8765
146.355
349.998
906.512
908.466
349.471
144.67
69.1186
40.9444
28.5532
22.2052
18.7081
16.806
15.9592
15.9592
16.8061
18.7084
22.2057
28.5541
40.9458
69.1199
144.669
349.474
908.465
910.48
349.098
143.03
68.3741
40.5745
28.3115
22.0228
18.5578
16.6733
15.8344
15.8344
16.6732
18.5578
22.0227
28.3114
40.5743
68.3747
143.033
349.102
910.479
912.556
348.916
141.456
67.6475
40.2061
28.0679
21.8384
18.4059
16.5393
15.7086
15.7086
16.5394
18.406
21.8386
28.0682
40.2066
67.6483
141.458
348.918
912.556
914.694
348.851
139.947
66.9368
39.8384
27.8221
21.6519
18.2524
16.4042
15.5818
15.5818
16.4042
18.2524
21.6519
27.8221
39.8384
66.9369
139.948
348.853
914.694
916.893
348.941
138.525
66.2435
39.4707
27.5737
21.4631
18.0973
16.2679
15.454
15.454
16.2679
18.0973
21.4631
27.5737
39.4707
66.2437
138.526
348.942
916.893
919.156
349.292
137.197
65.5678
39.1023
27.3224
21.2719
17.9405
16.1305
15.3253
15.3253
16.1305
17.9405
21.272
27.3225
39.1026
65.5683
137.198
349.294
919.156
921.481
349.753
135.969
64.9099
38.7326
27.0679
21.0783
17.7821
15.9919
15.1958
15.1958
15.9919
17.7821
21.0783
27.0678
38.7324
64.9095
135.969
349.754
921.482
923.873
350.421
134.849
64.2668
38.3596
26.8095
20.8821
17.622
15.8522
15.0655
15.0655
15.8522
17.622
20.8821
26.8096
38.3598
64.2671
134.848
350.422
923.873
926.33
351.164
133.817
63.636
37.9827
26.5473
20.6833
17.4603
15.7116
14.9344
14.9344
15.7116
17.4603
20.6832
26.5472
37.9826
63.6361
133.819
351.164
926.331
928.86
352.021
132.878
63.0159
37.6007
26.2808
20.4817
17.2969
15.5699
14.8026
14.8026
15.5699
17.2969
20.4817
26.2808
37.6007
63.0153
132.875
352.022
928.861
931.463
352.875
131.979
62.3966
37.2118
26.0096
20.2773
17.132
15.4273
14.6702
14.6702
15.4273
17.132
20.2773
26.0095
37.2119
62.3972
131.981
352.874
931.464
934.146
353.717
131.107
61.7772
36.8157
25.7336
20.0702
16.9655
15.2839
14.5373
14.5373
15.2839
16.9655
20.0702
25.7335
36.8155
61.7764
131.104
353.719
934.146
936.819
354.509
130.245
61.1467
36.4106
25.4526
19.8603
16.7975
15.1397
14.404
14.404
15.1397
16.7975
19.8603
25.4525
36.4107
61.1469
130.246
354.507
936.819
939.54
355.24
129.34
60.5008
35.9966
25.1664
19.6475
16.628
14.9948
14.2703
14.2703
14.9948
16.628
19.6475
25.1664
35.9965
60.5006
129.34
355.24
939.54
942.242
355.823
128.403
59.8379
35.5728
24.875
19.4319
16.4571
14.8493
14.1364
14.1364
14.8493
16.4571
19.4319
24.8749
35.5726
59.8375
128.402
355.823
942.242
944.958
356.292
127.395
59.1526
35.1386
24.5781
19.2134
16.2849
14.7033
14.0024
14.0024
14.7033
16.2849
19.2134
24.5781
35.1386
59.1528
127.396
356.291
944.958
947.634
356.521
126.339
58.4481
34.6942
24.2758
18.9922
16.1114
14.557
13.8684
13.8684
14.557
16.1114
18.9922
24.2757
34.6941
58.4476
126.338
356.52
947.634
950.286
356.612
125.207
57.718
34.2385
23.9678
18.7682
15.9367
14.4103
13.7346
13.7346
14.4103
15.9367
18.7681
23.9678
34.2385
57.7181
125.206
356.611
950.286
952.869
356.558
124.013
56.9664
33.772
23.6542
18.5414
15.761
14.2636
13.601
13.601
14.2635
15.761
18.5414
23.6542
33.7719
56.9662
124.013
356.557
952.869
955.382
356.174
122.738
56.1871
33.2934
23.3348
18.3119
15.5842
14.1168
13.468
13.468
14.1168
15.5842
18.3119
23.3348
33.2933
56.1869
122.738
356.173
955.382
957.788
355.617
121.397
55.3843
32.8035
23.0098
18.0798
15.4067
13.9702
13.3355
13.3355
13.9702
15.4067
18.0798
23.0098
32.8035
55.3844
121.397
355.616
957.788
960.074
354.764
119.966
54.5516
32.3009
22.6788
17.8451
15.2284
13.8239
13.2039
13.2039
13.8239
15.2284
17.8451
22.6788
32.3008
54.5514
119.966
354.764
960.073
962.204
353.66
118.463
53.6936
31.7865
22.3422
17.608
15.0495
13.6782
13.0733
13.0733
13.6782
15.0495
17.608
22.3422
31.7866
53.6936
118.463
353.659
962.204
964.155
352.263
116.865
52.8036
31.259
21.9996
17.3685
14.8702
13.5331
12.944
12.944
13.5331
14.8702
17.3685
21.9996
31.2589
52.8035
116.865
352.262
964.155
965.891
350.554
115.187
51.8866
30.7193
21.6514
17.1267
14.6907
13.389
12.8161
12.8161
13.389
14.6907
17.1267
21.6514
30.7193
51.8866
115.186
350.553
965.89
967.379
348.531
113.407
50.9358
30.1661
21.2973
16.8828
14.5111
13.2461
12.69
12.69
13.2461
14.5111
16.8828
21.2973
30.1661
50.9358
113.407
348.531
967.378
968.579
346.143
111.538
49.9563
29.6005
20.9378
16.6369
14.3316
13.1045
12.5659
12.5659
13.1045
14.3316
16.6369
20.9378
29.6005
49.9563
111.538
346.143
968.578
969.424
343.4
109.562
48.9419
29.0212
20.5725
16.3892
14.1525
12.9646
12.4441
12.4441
12.9646
14.1525
16.3892
20.5726
29.0212
48.942
109.562
343.4
969.424
969.833
340.243
107.487
47.8971
28.4295
20.202
16.14
13.974
12.8267
12.3248
12.3248
12.8267
13.974
16.14
20.202
28.4295
47.8971
107.487
340.243
969.833
969.97
336.703
105.3
46.8163
27.824
19.8261
15.8892
13.7964
12.691
12.2085
12.2085
12.691
13.7964
15.8892
19.8261
27.824
46.8164
105.3
336.703
969.969
969.635
332.656
103.004
45.7041
27.2063
19.4452
15.6374
13.62
12.5579
12.0955
12.0955
12.5579
13.62
15.6374
19.4452
27.2063
45.7041
103.004
332.655
969.634
968.648
328.146
100.59
44.5556
26.575
19.0593
15.3846
13.445
12.4277
11.9862
11.9862
12.4277
13.445
15.3846
19.0593
26.575
44.5557
100.59
328.145
968.648
967.18
323.104
98.0614
43.3748
25.9317
18.669
15.1313
13.2719
12.3009
11.8809
11.8809
12.3009
13.2719
15.1313
18.669
25.9317
43.3749
98.0615
323.104
967.179
964.967
317.504
95.4078
42.158
25.2755
18.2742
14.8776
13.1009
12.1777
11.78
11.78
12.1777
13.1009
14.8776
18.2742
25.2755
42.1581
95.4078
317.504
964.966
962.12
311.326
92.6351
40.9091
24.6079
17.8756
14.6241
12.9325
12.0587
11.684
11.684
12.0587
12.9325
14.6242
17.8757
24.608
40.9091
92.6352
311.326
962.12
958.416
304.505
89.7342
39.625
23.9283
17.4735
14.3712
12.7671
11.9442
11.5934
11.5934
11.9442
12.7671
14.3712
17.4735
23.9283
39.6251
89.7343
304.505
958.415
953.925
297.052
86.7122
38.3097
23.2383
17.0685
14.1194
12.6053
11.8348
11.5085
11.5085
11.8348
12.6053
14.1194
17.0685
23.2383
38.3097
86.7123
297.052
953.924
948.451
288.886
83.5606
36.9608
22.5375
16.661
13.8691
12.4475
11.7309
11.4299
11.4299
11.7309
12.4475
13.8691
16.661
22.5375
36.9609
83.5607
288.886
948.451
942.037
280.036
80.289
35.5824
21.8276
16.2519
13.6211
12.2944
11.6331
11.3579
11.3579
11.6331
12.2944
13.6211
16.2519
21.8276
35.5824
80.289
280.036
942.037
934.512
270.423
76.8906
34.1733
21.1088
15.8417
13.3762
12.1466
11.5418
11.293
11.293
11.5418
12.1466
13.3762
15.8417
21.1088
34.1734
76.8906
270.423
934.512
925.903
260.09
73.378
32.7379
20.383
15.4319
13.1352
12.0048
11.4576
11.2357
11.2357
11.4576
12.0048
13.1352
15.4319
20.383
32.7379
73.378
260.089
925.903
916.067
248.971
69.7462
31.2756
19.6507
15.0231
12.8991
11.8699
11.381
11.1861
11.1861
11.381
11.8699
12.8991
15.0231
19.6507
31.2756
69.7462
248.971
916.067
905.028
237.12
66.0094
29.7909
18.9141
14.6169
12.6691
11.7427
11.3126
11.1446
11.1446
11.3126
11.7427
12.6691
14.6169
18.9141
29.7909
66.0094
237.12
905.027
892.664
224.491
62.1651
28.2843
18.1744
14.2149
12.4466
11.6242
11.2528
11.1113
11.1113
11.2528
11.6242
12.4466
14.2149
18.1744
28.2844
62.1651
224.491
892.663
879.011
211.153
58.2316
26.7617
17.4346
13.8192
12.2335
11.5156
11.2021
11.0862
11.0862
11.2021
11.5156
12.2335
13.8192
17.4346
26.7617
58.2316
211.153
879.01
863.989
197.095
54.2105
25.2248
16.6968
13.4322
12.0315
11.4179
11.1609
11.0698
11.0698
11.1609
11.4179
12.0315
13.4322
16.6968
25.2248
54.2106
197.095
863.989
847.656
182.404
50.1216
23.6799
15.9649
13.0569
11.8431
11.3325
11.1291
11.0619
11.0619
11.1291
11.3325
11.8431
13.0569
15.9649
23.68
50.1217
182.404
847.656
829.958
167.081
45.9695
22.1304
15.2423
12.6969
11.6708
11.2604
11.1065
11.0594
11.0594
11.1065
11.2604
11.6708
12.6969
15.2423
22.1304
45.9696
167.081
829.958
810.979
151.248
41.7794
20.5849
14.5351
12.357
11.5178
11.203
11.0955
11.0625
11.0625
11.0955
11.203
11.5178
12.357
14.5351
20.5849
41.7794
151.248
810.979
790.724
134.964
37.5669
19.0509
13.8501
12.0431
11.3872
11.16
11.0918
11.0718
11.0718
11.0918
11.16
11.3872
12.0431
13.8501
19.0509
37.567
134.964
790.724
769.312
118.435
33.3674
17.5407
13.1972
11.7624
11.283
11.1366
11.0944
11.0843
11.0843
11.0944
11.1366
11.283
11.7624
13.1972
17.5407
33.3674
118.435
769.312
746.748
101.87
29.2072
16.066
12.5885
11.5234
11.2064
11.1273
11.105
11.1003
11.1003
11.105
11.1273
11.2064
11.5234
12.5885
16.066
29.2072
101.87
746.748
723.135
85.8494
25.1367
14.646
12.043
11.3371
11.1684
11.1265
11.1183
11.1171
11.1171
11.1183
11.1265
11.1684
11.3371
12.043
14.646
25.1367
85.8495
723.135
698.449
71.092
21.1539
13.3032
11.5873
11.2261
11.1552
11.1382
11.1358
11.1355
11.1355
11.1358
11.1382
11.1552
11.2261
11.5873
13.3032
21.1539
71.0921
698.449
672.742
55.0635
17.0388
12.087
11.3039
11.1803
11.1547
11.1529
11.1534
11.1536
11.1536
11.1534
11.1529
11.1547
11.1803
11.3039
12.087
17.0388
55.0635
672.742
646.054
32.1743
12.7362
11.3229
11.19
11.171
11.1705
11.1708
11.1706
11.1705
11.1705
11.1706
11.1708
11.1705
11.171
11.19
11.3229
12.7362
32.1743
646.054
)
;

boundaryField
{
    outlet
    {
        type            inletOutlet;
        inletValue      uniform 1;
        value           nonuniform List<scalar> 
20
(
1574.14
664.541
487.499
445.88
442.043
439.791
417.191
374.346
312.236
236.127
257.021
329.336
381.771
416.791
431.514
429.909
433.779
476.245
652.611
1560.17
)
;
    }
    inlet1
    {
        type            turbulentMixingLengthFrequencyInlet;
        mixingLength    0.01;
        phi             phi;
        k               k;
        value           uniform 11.1803;
    }
    inlet2
    {
        type            turbulentMixingLengthFrequencyInlet;
        mixingLength    0.01;
        phi             phi;
        k               k;
        value           uniform 11.1803;
    }
    frontAndBack
    {
        type            empty;
    }
    defaultFaces
    {
        type            omegaWallFunction;
        Cmu             0.09;
        kappa           0.41;
        E               9.8;
        beta1           0.075;
        value           nonuniform List<scalar> 
620
(
1574.14
1574.81
1574.78
1574.37
1573.76
1573.31
1572.48
1572.01
1571.12
1570.61
1569.7
1569.14
1568.25
1567.64
1566.78
1566.11
1565.3
1564.61
1563.84
1563.16
1562.45
1561.79
1561.14
1560.5
1559.9
1559.3
1558.76
1558.21
1557.72
1557.23
1556.79
1556.35
1555.95
1555.53
1555.14
1554.73
1554.33
1553.88
1553.41
1552.87
1552.26
1551.52
1550.67
1549.63
1548.43
1547
1545.34
1543.38
1541.12
1538.48
1535.64
1532.57
1529.31
1525.83
1522.08
1518.12
1513.83
1509.26
1504.33
1499.06
1493.47
1487.59
1481.27
1474.61
1467.63
1460.17
1452.38
1444.25
1435.52
1426.16
1416.46
1406.05
1395
1383.41
1371.09
1358.2
1344.7
1330.7
1316.27
1301.53
1286.53
1271.19
1254.99
1236.79
1217.56
1196.98
1173.99
1147.78
1117.11
1079.71
1032.47
969.848
883.536
766.834
618.012
531.943
562.858
733.012
889.94
939.647
1560.17
1560.71
1560.43
1559.95
1559.15
1558.58
1557.58
1556.96
1555.9
1555.22
1554.14
1553.4
1552.32
1551.51
1550.44
1549.56
1548.51
1547.56
1546.52
1545.53
1544.5
1543.49
1542.48
1541.47
1540.49
1539.5
1538.55
1537.59
1536.67
1535.74
1534.84
1533.93
1533.07
1532.19
1531.36
1530.52
1529.72
1528.9
1528.11
1527.31
1526.52
1525.7
1524.89
1524.05
1523.19
1522.29
1521.36
1520.35
1519.27
1518.1
1516.82
1515.44
1513.93
1512.3
1510.53
1508.63
1506.58
1504.29
1501.75
1498.89
1495.6
1491.82
1487.44
1482.66
1477.36
1471.78
1465.77
1459.36
1452.43
1445.05
1437.1
1428.56
1419.53
1409.59
1398.72
1387.18
1374.3
1360.49
1345.29
1328.78
1310.77
1291.17
1269.9
1246.81
1221.8
1194.6
1164.61
1130.85
1090.8
1040.78
976.518
892.664
790.812
682.431
581.053
532.176
553.784
720.686
885.946
939.191
609.312
566.57
518.572
468.324
419.778
378.313
349.78
334.305
328.791
330.79
329.417
327.718
329.663
339.949
370.214
415.867
468.607
521.668
570.89
613.701
646.055
672.741
698.448
723.135
746.749
769.311
790.723
810.98
829.959
847.656
863.988
879.01
892.664
905.028
916.067
925.904
934.512
942.038
948.451
953.925
958.416
962.121
964.967
967.18
968.649
969.635
969.97
969.834
969.425
968.579
967.379
965.891
964.156
962.205
960.074
957.789
955.382
952.869
950.287
947.635
944.958
942.243
939.54
936.82
934.146
931.465
928.861
926.332
923.874
921.483
919.157
916.895
914.696
912.558
910.483
908.468
906.517
904.627
902.799
901.033
899.327
897.684
896.097
894.575
893.103
891.696
890.343
889.041
887.808
886.608
885.487
884.399
883.383
882.409
881.513
880.644
879.89
879.142
878.546
877.974
877.596
877.244
877.168
877.261
877.542
878.219
879.076
880.885
882.571
886.076
888.984
895.007
899.65
909.279
916.218
931.405
939.818
957.811
958.715
962.098
646.054
672.742
698.448
723.135
746.749
769.311
790.723
810.98
829.959
847.656
863.988
879.01
892.664
905.028
916.067
925.903
934.512
942.037
948.451
953.924
958.415
962.12
964.966
967.18
968.648
969.634
969.969
969.833
969.424
968.578
967.378
965.89
964.155
962.204
960.073
957.788
955.382
952.869
950.287
947.635
944.958
942.243
939.541
936.82
934.147
931.465
928.862
926.332
923.874
921.483
919.158
916.895
914.696
912.558
910.482
908.468
906.515
904.625
902.795
901.029
899.319
897.674
896.083
894.555
893.078
891.663
890.295
888.986
887.72
886.511
885.338
884.22
883.132
882.089
881.078
880.088
879.132
878.177
877.232
876.284
875.295
874.277
873.173
871.964
870.608
869.027
867.175
864.908
862.136
858.641
854.232
848.541
841.275
831.748
819.459
803.199
782.074
753.729
716.071
663.156
964.07
959.572
958.125
939.53
930.832
915.662
908.682
899.015
894.357
888.346
885.448
881.991
880.334
878.593
877.771
877.166
876.924
876.856
877.022
877.368
877.818
878.38
879.038
879.771
880.57
881.435
882.357
883.332
884.365
885.451
886.588
887.783
889.026
890.329
891.681
893.098
894.562
896.094
897.676
899.323
901.029
902.795
904.625
906.514
908.466
910.48
912.556
914.694
916.893
919.156
921.481
923.873
926.33
928.86
931.463
934.146
936.819
939.54
942.242
944.958
947.634
950.286
952.869
955.382
957.788
960.074
962.204
964.155
965.891
967.379
968.579
969.424
969.833
969.97
969.635
968.648
967.18
964.967
962.12
958.416
953.925
948.451
942.037
934.512
925.903
916.067
905.028
892.664
879.011
863.989
847.656
829.958
810.979
790.724
769.312
746.748
723.135
698.449
672.742
646.054
666.834
718.468
755.055
782.726
803.362
819.309
831.386
840.792
847.978
853.654
858.04
861.572
864.362
866.676
868.57
870.201
871.597
872.86
873.994
875.064
876.081
877.059
878.042
879.006
879.995
880.998
882.02
883.085
884.168
885.31
886.475
887.702
888.963
890.281
891.648
893.068
894.546
896.076
897.667
899.314
901.023
902.791
904.621
906.512
908.465
910.479
912.556
914.694
916.893
919.156
921.482
923.873
926.331
928.861
931.464
934.146
936.819
939.54
942.242
944.958
947.634
950.286
952.869
955.382
957.788
960.073
962.204
964.155
965.89
967.378
968.578
969.424
969.833
969.969
969.634
968.648
967.179
964.966
962.12
958.415
953.924
948.451
942.037
934.512
925.903
916.067
905.027
892.663
879.01
863.989
847.656
829.958
810.979
790.724
769.312
746.748
723.135
698.449
672.742
646.054
)
;
    }
}


// ************************************************************************* //
