/*--------------------------------*- C++ -*----------------------------------*\
| =========                 |                                                 |
| \\      /  F ield         | OpenFOAM: The Open Source CFD Toolbox           |
|  \\    /   O peration     | Version:  2.1.0                                 |
|   \\  /    A nd           | Web:      www.OpenFOAM.org                      |
|    \\/     M anipulation  |                                                 |
\*---------------------------------------------------------------------------*/
FoamFile
{
    version     2.0;
    format      ascii;
    class       volScalarField;
    location    "0.26";
    object      p;
}
// * * * * * * * * * * * * * * * * * * * * * * * * * * * * * * * * * * * * * //

dimensions      [1 -1 -2 0 0 0 0];

internalField   nonuniform List<scalar> 
6400
(
99998.3
99995.6
99993.7
99992.1
99990.7
99989.3
99987.9
99986.5
99985
99983.6
99982
99980.5
99978.8
99977.1
99975.4
99973.6
99971.8
99969.8
99967.9
99965.8
99963.7
99961.6
99959.4
99957.1
99954.7
99952.3
99949.9
99947.3
99944.7
99942.1
99939.3
99936.4
99933.5
99930.5
99927.3
99924.1
99920.7
99917.3
99913.7
99910
99906.1
99902.1
99898
99893.7
99889.2
99884.6
99879.7
99874.7
99869.5
99864.1
99858.5
99852.7
99846.7
99840.5
99834
99827.3
99820.4
99813.3
99805.8
99798.2
99790.2
99782
99773.6
99764.8
99755.7
99746.3
99736.6
99726.5
99716.1
99705.3
99694.2
99682.6
99670.6
99658.2
99645.3
99632
99618.1
99603.7
99588.8
99573.3
99557.1
99540.2
99522.4
99503.7
99483.7
99462.2
99438.9
99413.5
99385.4
99354.5
99320.6
99284.8
99249.4
99215.9
99184.6
99147.6
99090.4
98975.3
98605.3
97003.2
99996.6
99995
99993.3
99991.7
99990.3
99988.9
99987.5
99986.1
99984.7
99983.2
99981.7
99980.1
99978.5
99976.8
99975
99973.2
99971.4
99969.4
99967.5
99965.4
99963.3
99961.2
99958.9
99956.7
99954.3
99951.9
99949.4
99946.9
99944.3
99941.6
99938.8
99936
99933
99930
99926.9
99923.6
99920.3
99916.8
99913.2
99909.5
99905.6
99901.6
99897.5
99893.2
99888.7
99884.1
99879.2
99874.2
99869
99863.6
99858
99852.2
99846.2
99840
99833.6
99826.9
99820
99812.9
99805.5
99797.8
99789.9
99781.7
99773.2
99764.5
99755.4
99746
99736.4
99726.3
99716
99705.2
99694.1
99682.5
99670.6
99658.2
99645.3
99632
99618.2
99603.8
99588.9
99573.3
99557.1
99540.2
99522.4
99503.6
99483.6
99462.2
99439
99413.6
99385.7
99354.9
99321.4
99285.9
99250.5
99217.2
99188.1
99156.9
99105.8
99005.4
98705.7
98154.3
99995.2
99994.2
99992.8
99991.4
99990
99988.7
99987.3
99985.9
99984.5
99983
99981.5
99979.9
99978.3
99976.6
99974.9
99973.1
99971.2
99969.3
99967.3
99965.3
99963.2
99961
99958.8
99956.5
99954.2
99951.8
99949.3
99946.8
99944.1
99941.5
99938.7
99935.9
99932.9
99929.9
99926.8
99923.5
99920.2
99916.7
99913.1
99909.4
99905.6
99901.6
99897.5
99893.2
99888.7
99884.1
99879.3
99874.3
99869.2
99863.8
99858.3
99852.5
99846.5
99840.3
99833.9
99827.3
99820.4
99813.3
99805.9
99798.3
99790.5
99782.3
99773.9
99765.2
99756.2
99746.9
99737.3
99727.3
99717
99706.3
99695.3
99683.8
99672
99659.7
99646.9
99633.7
99619.9
99605.7
99590.8
99575.4
99559.3
99542.4
99524.7
99506
99486
99464.7
99441.5
99416.4
99388.8
99358.7
99326.2
99292.5
99259.6
99229.4
99203.9
99176.2
99140.8
99079.3
98923.9
99015.1
99993.3
99993.3
99992.4
99991.2
99990
99988.7
99987.4
99986
99984.6
99983.1
99981.6
99980
99978.4
99976.7
99975
99973.2
99971.4
99969.5
99967.5
99965.5
99963.4
99961.3
99959.1
99956.8
99954.5
99952.1
99949.6
99947.1
99944.5
99941.8
99939.1
99936.3
99933.3
99930.3
99927.2
99924
99920.6
99917.2
99913.6
99909.9
99906.1
99902.2
99898.1
99893.8
99889.4
99884.8
99880.1
99875.2
99870
99864.7
99859.2
99853.5
99847.5
99841.4
99835
99828.4
99821.6
99814.5
99807.2
99799.7
99791.9
99783.8
99775.4
99766.8
99757.8
99748.6
99739
99729.1
99718.8
99708.2
99697.2
99685.8
99673.9
99661.6
99648.9
99635.6
99621.8
99607.5
99592.6
99577
99560.8
99543.7
99525.8
99506.9
99486.7
99465.2
99441.9
99416.8
99389.6
99360.3
99329.4
99298.4
99269.6
99244.5
99224.9
99212.7
99207.8
99212.9
99240.2
99660.8
99991.3
99992.4
99992
99991.2
99990.1
99988.9
99987.6
99986.3
99984.9
99983.5
99982
99980.4
99978.8
99977.2
99975.5
99973.7
99971.9
99970
99968.1
99966.1
99964
99961.9
99959.7
99957.4
99955.1
99952.7
99950.3
99947.8
99945.2
99942.5
99939.8
99937
99934.1
99931.1
99928
99924.8
99921.5
99918
99914.5
99910.8
99907
99903.1
99899
99894.8
99890.4
99885.8
99881.1
99876.2
99871.1
99865.8
99860.3
99854.6
99848.7
99842.6
99836.2
99829.7
99822.9
99815.8
99808.6
99801
99793.2
99785.1
99776.8
99768.1
99759.2
99749.9
99740.3
99730.3
99720
99709.3
99698.3
99686.8
99674.9
99662.5
99649.6
99636.2
99622.3
99607.9
99592.8
99577.1
99560.6
99543.4
99525.2
99506
99485.7
99463.9
99440.7
99415.7
99389
99360.9
99332.1
99304.6
99281.3
99263.7
99255.8
99265.8
99303.1
99395.7
99594.3
100170
99989.3
99991.5
99991.7
99991.2
99990.3
99989.3
99988.1
99986.8
99985.5
99984.1
99982.6
99981
99979.4
99977.8
99976.1
99974.3
99972.5
99970.6
99968.7
99966.7
99964.7
99962.5
99960.4
99958.1
99955.8
99953.4
99951
99948.5
99945.9
99943.3
99940.5
99937.7
99934.8
99931.8
99928.7
99925.5
99922.2
99918.8
99915.2
99911.5
99907.7
99903.8
99899.7
99895.5
99891.1
99886.5
99881.8
99876.9
99871.8
99866.5
99861
99855.3
99849.4
99843.3
99837
99830.4
99823.6
99816.5
99809.2
99801.6
99793.8
99785.7
99777.3
99768.6
99759.7
99750.4
99740.7
99730.7
99720.4
99709.7
99698.5
99687
99675
99662.6
99649.6
99636.1
99622.1
99607.5
99592.3
99576.4
99559.7
99542.3
99523.8
99504.4
99483.8
99461.9
99438.6
99413.8
99387.7
99360.9
99334.4
99310.8
99293.4
99284.5
99291.6
99328.3
99415
99600
99934.7
100569
99987.6
99990.6
99991.4
99991.2
99990.5
99989.6
99988.5
99987.3
99986
99984.6
99983.1
99981.6
99980
99978.3
99976.6
99974.8
99973
99971.1
99969.2
99967.2
99965.1
99963
99960.8
99958.5
99956.2
99953.8
99951.4
99948.8
99946.3
99943.6
99940.9
99938
99935.1
99932.1
99929
99925.8
99922.5
99919
99915.5
99911.8
99908
99904
99899.9
99895.7
99891.2
99886.7
99881.9
99877
99871.9
99866.6
99861.1
99855.5
99849.5
99843.4
99837.1
99830.5
99823.7
99816.6
99809.3
99801.8
99793.9
99785.8
99777.4
99768.7
99759.8
99750.4
99740.8
99730.8
99720.4
99709.7
99698.5
99687
99674.9
99662.4
99649.4
99635.9
99621.7
99607
99591.6
99575.5
99558.6
99540.9
99522.2
99502.5
99481.6
99459.5
99436.1
99411.5
99386.1
99360.5
99336.3
99316.2
99304.5
99304.5
99327.1
99391.1
99527.1
99796.1
100228
100872
99986.2
99989.8
99991
99991.1
99990.6
99989.8
99988.7
99987.5
99986.2
99984.8
99983.3
99981.8
99980.2
99978.5
99976.8
99975
99973.2
99971.3
99969.4
99967.3
99965.3
99963.1
99960.9
99958.7
99956.3
99953.9
99951.4
99948.9
99946.3
99943.6
99940.9
99938
99935.1
99932.1
99928.9
99925.7
99922.3
99918.9
99915.3
99911.6
99907.8
99903.8
99899.7
99895.5
99891
99886.5
99881.7
99876.8
99871.7
99866.4
99860.9
99855.3
99849.4
99843.3
99836.9
99830.4
99823.6
99816.6
99809.3
99801.7
99793.9
99785.8
99777.4
99768.8
99759.8
99750.5
99740.9
99730.9
99720.5
99709.8
99698.6
99687
99674.9
99662.3
99649.2
99635.6
99621.4
99606.5
99591
99574.7
99557.6
99539.5
99520.6
99500.5
99479.4
99457.1
99433.6
99409.2
99384.2
99359.7
99337.4
99320.2
99313
99321
99356.1
99445.2
99624
99959.8
100454
101088
99985.5
99989.3
99990.6
99990.9
99990.5
99989.8
99988.7
99987.5
99986.2
99984.8
99983.3
99981.8
99980.2
99978.5
99976.8
99975
99973.1
99971.2
99969.2
99967.2
99965.1
99963
99960.8
99958.5
99956.2
99953.7
99951.2
99948.6
99946
99943.4
99940.6
99937.7
99934.8
99931.8
99928.6
99925.4
99922
99918.6
99915
99911.3
99907.5
99903.5
99899.4
99895.1
99890.7
99886.2
99881.4
99876.5
99871.4
99866.2
99860.7
99855.1
99849.2
99843.1
99836.8
99830.3
99823.5
99816.5
99809.3
99801.8
99793.9
99785.9
99777.5
99768.9
99759.9
99750.7
99741
99731
99720.7
99709.9
99698.7
99687.1
99674.9
99662.3
99649.2
99635.4
99621.1
99606.1
99590.4
99573.9
99556.5
99538.3
99519
99498.7
99477.3
99454.7
99431.1
99406.7
99382.2
99358.5
99337.5
99322.5
99318.3
99332.2
99378.2
99484
99693.2
100074
100604
101225
99985.2
99989
99990.4
99990.7
99990.4
99989.7
99988.7
99987.5
99986.1
99984.7
99983.2
99981.6
99980
99978.3
99976.6
99974.8
99972.9
99971
99969
99967
99964.9
99962.7
99960.5
99958.2
99955.9
99953.5
99951
99948.4
99945.7
99943.1
99940.4
99937.5
99934.6
99931.6
99928.4
99925.2
99921.8
99918.4
99914.8
99911.1
99907.3
99903.3
99899.2
99895
99890.6
99886
99881.3
99876.4
99871.3
99866.1
99860.7
99855
99849.2
99843.1
99836.9
99830.4
99823.6
99816.7
99809.4
99801.9
99794.1
99786
99777.8
99769.1
99760.2
99750.9
99741.3
99731.3
99720.9
99710.2
99699
99687.3
99675.1
99662.5
99649.3
99635.5
99621
99605.9
99590
99573.3
99555.7
99537.2
99517.7
99497
99475.3
99452.6
99428.8
99404.4
99380
99356.7
99336.6
99322.6
99320
99337.1
99388.9
99503.4
99727.7
100131
100677
101292
99985.2
99989.1
99990.5
99990.8
99990.4
99989.7
99988.7
99987.5
99986.2
99984.7
99983.2
99981.7
99980
99978.4
99976.6
99974.8
99973
99971.1
99969.1
99967.1
99965
99962.9
99960.7
99958.4
99956.1
99953.7
99951.3
99948.8
99946.2
99943.4
99940.6
99937.7
99934.7
99931.7
99928.6
99925.3
99922
99918.5
99914.9
99911.2
99907.4
99903.4
99899.3
99895.1
99890.7
99886.1
99881.4
99876.5
99871.4
99866.2
99860.8
99855.2
99849.4
99843.3
99837.1
99830.6
99823.9
99816.9
99809.7
99802.3
99794.5
99786.6
99778.2
99769.5
99760.6
99751.3
99741.7
99731.7
99721.3
99710.6
99699.3
99687.7
99675.5
99662.8
99649.5
99635.6
99621.1
99605.8
99589.7
99572.9
99555.1
99536.4
99516.6
99495.7
99473.7
99450.5
99426.5
99401.9
99377.4
99354.2
99334.3
99320.5
99318
99335.2
99387.3
99501.6
99724.9
100127
100672
101287
99985.7
99989.5
99990.8
99991
99990.6
99989.8
99988.8
99987.6
99986.2
99984.8
99983.3
99981.8
99980.2
99978.5
99976.8
99975
99973.1
99971.2
99969.3
99967.3
99965.2
99963.1
99960.9
99958.7
99956.4
99954
99951.6
99949.1
99946.5
99943.8
99941
99938.1
99935.2
99932.2
99929
99925.8
99922.5
99919
99915.5
99911.8
99908
99904.1
99900
99895.8
99891.4
99886.8
99882.1
99877.2
99872.2
99866.9
99861.5
99855.8
99849.9
99843.9
99837.6
99831.1
99824.4
99817.4
99810.2
99802.7
99795
99787
99778.7
99770.1
99761.1
99751.8
99742.2
99732.2
99721.8
99711
99699.8
99688.1
99675.9
99663.1
99649.8
99635.8
99621.1
99605.7
99589.6
99572.5
99554.5
99535.5
99515.5
99494.3
99471.9
99448.5
99424.1
99399.2
99374.4
99350.8
99330.4
99315.8
99311.8
99326.3
99373.3
99477.9
99684
100060
100588
101209
99986.6
99990.1
99991.1
99991.2
99990.6
99989.8
99988.7
99987.5
99986.2
99984.7
99983.3
99981.7
99980.1
99978.4
99976.7
99975
99973.1
99971.3
99969.3
99967.3
99965.3
99963.2
99961
99958.8
99956.5
99954.1
99951.7
99949.2
99946.6
99943.9
99941.2
99938.3
99935.4
99932.4
99929.3
99926.1
99922.8
99919.3
99915.8
99912.1
99908.3
99904.4
99900.3
99896.1
99891.7
99887.2
99882.5
99877.6
99872.6
99867.3
99861.9
99856.2
99850.4
99844.3
99838.1
99831.6
99824.9
99817.9
99810.7
99803.3
99795.5
99787.5
99779.2
99770.6
99761.6
99752.4
99742.7
99732.7
99722.4
99711.5
99700.3
99688.6
99676.3
99663.5
99650.1
99636
99621.3
99605.8
99589.5
99572.2
99554
99534.8
99514.5
99493.1
99470.4
99446.6
99421.8
99396.4
99371.1
99346.9
99325.4
99309.2
99302.3
99311.5
99348.7
99435.2
99609.2
99937.9
100427
101062
99988.1
99990.9
99991.6
99991.3
99990.6
99989.6
99988.5
99987.2
99985.9
99984.5
99983
99981.4
99979.8
99978.2
99976.5
99974.7
99972.9
99971
99969.1
99967.1
99965.1
99963
99960.8
99958.6
99956.3
99954
99951.5
99949
99946.4
99943.8
99941
99938.2
99935.3
99932.3
99929.2
99926
99922.7
99919.3
99915.7
99912.1
99908.3
99904.4
99900.3
99896.1
99891.8
99887.3
99882.6
99877.7
99872.7
99867.5
99862.1
99856.4
99850.6
99844.6
99838.4
99831.9
99825.2
99818.3
99811.1
99803.7
99795.9
99787.9
99779.6
99771
99762.1
99752.9
99743.2
99733.2
99722.9
99712
99700.8
99689
99676.8
99663.9
99650.5
99636.4
99621.6
99606
99589.5
99572.2
99553.8
99534.4
99513.9
99492.1
99469.2
99445
99419.8
99393.9
99367.8
99342.6
99319.8
99301.2
99290.4
99292.5
99316.3
99378.3
99508.7
99768.8
100193
100837
99989.9
99991.8
99992
99991.3
99990.4
99989.3
99988.1
99986.8
99985.4
99984
99982.5
99980.9
99979.3
99977.6
99975.9
99974.2
99972.4
99970.5
99968.6
99966.6
99964.5
99962.4
99960.3
99958.1
99955.8
99953.4
99951
99948.5
99945.9
99943.2
99940.5
99937.6
99934.7
99931.7
99928.6
99925.4
99922.1
99918.7
99915.2
99911.6
99907.8
99903.9
99899.9
99895.7
99891.4
99886.9
99882.2
99877.4
99872.4
99867.2
99861.8
99856.2
99850.4
99844.5
99838.3
99831.9
99825.2
99818.3
99811.2
99803.8
99796.1
99788.1
99779.9
99771.3
99762.4
99753.2
99743.6
99733.6
99723.3
99712.5
99701.2
99689.5
99677.2
99664.4
99650.9
99636.8
99621.9
99606.2
99589.7
99572.2
99553.7
99534.2
99513.4
99491.5
99468.2
99443.8
99418.1
99391.5
99364.6
99338.2
99313.6
99292.5
99277.1
99271.4
99280.3
99314.7
99395.3
99570.4
99895.2
100526
99991.9
99992.8
99992.4
99991.4
99990.2
99989
99987.7
99986.3
99984.9
99983.5
99981.9
99980.4
99978.8
99977.1
99975.4
99973.6
99971.8
99969.9
99967.9
99966
99963.9
99961.8
99959.6
99957.4
99955.1
99952.8
99950.3
99947.8
99945.2
99942.5
99939.7
99936.9
99934
99930.9
99927.8
99924.6
99921.3
99917.9
99914.4
99910.7
99906.9
99903
99899
99894.8
99890.4
99885.9
99881.3
99876.5
99871.5
99866.3
99860.9
99855.4
99849.6
99843.7
99837.5
99831.1
99824.5
99817.6
99810.5
99803.2
99795.6
99787.6
99779.4
99770.9
99762.1
99752.9
99743.4
99733.4
99723.1
99712.4
99701.2
99689.4
99677.2
99664.4
99650.9
99636.8
99621.9
99606.2
99589.6
99572.1
99553.5
99533.8
99513
99490.8
99467.4
99442.6
99416.5
99389.4
99361.5
99333.7
99307.3
99283.6
99264.6
99251.1
99245.5
99253.2
99284.4
99366.7
99553
100120
99994
99993.8
99992.8
99991.5
99990.2
99988.9
99987.5
99986.1
99984.6
99983.2
99981.6
99980
99978.4
99976.7
99975
99973.2
99971.4
99969.5
99967.5
99965.5
99963.5
99961.3
99959.1
99956.9
99954.6
99952.2
99949.7
99947.2
99944.6
99941.9
99939.1
99936.2
99933.3
99930.2
99927.1
99923.9
99920.5
99917.1
99913.5
99909.9
99906
99902.1
99898
99893.8
99889.4
99884.9
99880.2
99875.4
99870.4
99865.2
99859.8
99854.2
99848.4
99842.4
99836.3
99829.9
99823.3
99816.4
99809.3
99801.9
99794.3
99786.4
99778.2
99769.7
99760.8
99751.7
99742.1
99732.2
99721.9
99711.2
99700.1
99688.4
99676.2
99663.4
99650
99635.9
99621.1
99605.4
99588.8
99571.3
99552.7
99533
99512
99489.8
99466.2
99441.2
99414.8
99387.1
99358.4
99329.4
99301.1
99274.9
99252.7
99233.8
99216.5
99202
99191.2
99186.8
99200.2
99604.8
99995.8
99994.7
99993.2
99991.7
99990.3
99988.9
99987.5
99986.1
99984.6
99983.1
99981.6
99980
99978.3
99976.6
99974.9
99973.1
99971.3
99969.4
99967.4
99965.4
99963.3
99961.2
99959
99956.7
99954.4
99952
99949.5
99946.9
99944.3
99941.6
99938.8
99935.9
99932.9
99929.9
99926.7
99923.5
99920.1
99916.7
99913.1
99909.4
99905.6
99901.6
99897.5
99893.3
99888.9
99884.3
99879.6
99874.7
99869.7
99864.4
99859
99853.4
99847.6
99841.6
99835.3
99828.9
99822.2
99815.3
99808.1
99800.7
99793
99785.1
99776.8
99768.3
99759.4
99750.2
99740.6
99730.6
99720.3
99709.5
99698.3
99686.6
99674.3
99661.5
99648
99633.9
99619
99603.2
99586.6
99569
99550.4
99530.6
99509.6
99487.3
99463.7
99438.5
99412
99383.9
99354.7
99324.8
99295.1
99267.2
99242.5
99221.3
99196.7
99167.1
99126.7
99056.4
98886.9
98951.9
99997.2
99995.4
99993.7
99992.1
99990.6
99989.2
99987.7
99986.3
99984.8
99983.3
99981.8
99980.2
99978.5
99976.8
99975.1
99973.3
99971.5
99969.5
99967.6
99965.6
99963.5
99961.4
99959.2
99956.9
99954.6
99952.2
99949.7
99947.1
99944.5
99941.7
99939
99936.1
99933.1
99930.1
99926.9
99923.7
99920.3
99916.8
99913.2
99909.5
99905.7
99901.7
99897.6
99893.4
99889
99884.4
99879.7
99874.8
99869.7
99864.5
99859
99853.4
99847.5
99841.5
99835.2
99828.7
99822
99815.1
99807.9
99800.4
99792.7
99784.7
99776.4
99767.8
99758.9
99749.6
99740
99730
99719.6
99708.8
99697.5
99685.7
99673.3
99660.4
99646.8
99632.5
99617.5
99601.6
99584.8
99567
99548.2
99528.1
99506.9
99484.3
99460.3
99434.8
99407.7
99379.1
99349.2
99318.2
99287.1
99257.4
99230
99205.9
99183.1
99149.3
99093.1
98984.3
98670.8
98077.3
99998.7
99996.1
99994.1
99992.5
99991
99989.5
99988.1
99986.7
99985.2
99983.7
99982.1
99980.6
99978.9
99977.2
99975.5
99973.7
99971.9
99970
99968
99966
99963.9
99961.8
99959.6
99957.3
99955
99952.6
99950.1
99947.6
99944.9
99942.2
99939.4
99936.5
99933.6
99930.5
99927.4
99924.1
99920.8
99917.3
99913.8
99910.1
99906.2
99902.3
99898.2
99893.9
99889.5
99885
99880.3
99875.4
99870.3
99865.1
99859.6
99854
99848.2
99842.2
99835.9
99829.4
99822.7
99815.8
99808.6
99801.2
99793.4
99785.4
99777.1
99768.5
99759.6
99750.3
99740.7
99730.7
99720.2
99709.4
99698.1
99686.3
99673.9
99661
99647.4
99633.1
99618
99602.1
99585.2
99567.4
99548.5
99528.4
99507.1
99484.4
99460.3
99434.7
99407.6
99378.8
99348.6
99317.5
99286.5
99256.9
99229.3
99204.1
99170.1
99131.3
99071.7
98951.9
98570.5
96905.4
100575
101848
102389
102698
102909
103068
103192
103292
103374
103441
103496
103541
103578
103607
103630
103646
103658
103664
103665
103661
100529
101553
102186
102584
102851
103042
103186
103299
103389
103461
103519
103565
103602
103631
103652
103667
103677
103680
103680
103672
100816
101585
102128
102525
102810
103020
103179
103301
103397
103474
103534
103582
103619
103647
103667
103681
103689
103691
103690
103678
101092
101717
102178
102538
102814
103026
103189
103316
103415
103494
103555
103602
103638
103665
103684
103695
103701
103702
103699
103682
101328
101858
102262
102587
102846
103051
103212
103339
103439
103518
103578
103625
103659
103684
103700
103709
103713
103712
103707
103685
101527
101990
102351
102649
102892
103087
103244
103368
103467
103544
103603
103647
103680
103702
103716
103722
103724
103721
103713
103687
101688
102103
102435
102712
102940
103127
103278
103399
103495
103570
103628
103670
103700
103720
103730
103734
103733
103729
103718
103689
101810
102191
102503
102765
102984
103163
103310
103428
103522
103596
103651
103692
103720
103736
103744
103745
103742
103735
103721
103691
101891
102252
102551
102805
103017
103193
103337
103454
103546
103618
103673
103712
103737
103751
103756
103754
103749
103740
103723
103694
101935
102286
102580
102829
103039
103213
103356
103472
103563
103634
103688
103725
103749
103761
103764
103762
103755
103745
103724
103700
101930
102282
102576
102825
103035
103209
103352
103468
103561
103632
103685
103723
103747
103760
103763
103760
103754
103743
103724
103699
101878
102239
102540
102794
103007
103184
103328
103446
103539
103612
103667
103707
103733
103747
103753
103752
103747
103739
103723
103697
101789
102172
102485
102749
102969
103150
103298
103418
103513
103588
103645
103686
103715
103732
103741
103743
103740
103733
103720
103697
101660
102077
102411
102691
102921
103110
103264
103387
103485
103561
103620
103664
103695
103715
103727
103732
103731
103727
103716
103694
101493
101959
102323
102624
102869
103068
103227
103354
103455
103534
103594
103641
103674
103697
103712
103720
103721
103719
103712
103690
101288
101822
102229
102558
102820
103029
103193
103323
103426
103506
103569
103617
103653
103679
103696
103706
103711
103710
103705
103687
101048
101677
102142
102506
102787
103003
103169
103299
103401
103482
103545
103595
103632
103660
103680
103692
103699
103700
103698
103684
100767
101540
102089
102491
102782
102996
103158
103284
103383
103462
103524
103574
103612
103642
103663
103678
103687
103690
103688
103679
100474
101506
102146
102551
102823
103018
103166
103282
103374
103449
103509
103557
103596
103626
103648
103665
103675
103679
103678
103672
100518
101803
102352
102667
102882
103044
103172
103275
103359
103429
103486
103533
103571
103601
103625
103643
103655
103662
103663
103661
103501
103499
103499
103498
103497
103496
103496
103496
103495
103495
103495
103495
103496
103496
103496
103497
103498
103499
103499
103501
103498
103496
103496
103495
103495
103495
103495
103495
103494
103494
103494
103494
103495
103495
103495
103495
103495
103496
103496
103498
103498
103495
103495
103495
103495
103495
103495
103495
103495
103495
103495
103495
103495
103495
103495
103495
103495
103495
103495
103498
103498
103496
103496
103496
103496
103496
103496
103496
103496
103496
103496
103496
103496
103496
103496
103496
103496
103496
103496
103498
103497
103496
103495
103495
103495
103495
103495
103495
103495
103495
103495
103495
103495
103495
103495
103495
103495
103495
103496
103497
103497
103495
103495
103495
103495
103494
103494
103494
103494
103494
103494
103494
103494
103494
103494
103495
103495
103495
103495
103497
103496
103494
103494
103494
103494
103494
103494
103494
103494
103494
103494
103494
103494
103494
103494
103494
103494
103494
103494
103496
103495
103494
103494
103493
103493
103493
103493
103493
103493
103493
103493
103493
103493
103493
103493
103493
103493
103494
103494
103495
103495
103493
103493
103493
103493
103493
103493
103493
103493
103493
103493
103493
103493
103493
103493
103493
103493
103493
103493
103495
103494
103492
103492
103492
103492
103492
103492
103492
103492
103492
103492
103492
103492
103492
103492
103492
103492
103492
103492
103494
103493
103492
103492
103491
103491
103491
103491
103491
103491
103491
103491
103491
103491
103491
103491
103491
103491
103492
103492
103493
103493
103491
103491
103491
103491
103491
103491
103491
103490
103490
103490
103490
103491
103491
103491
103491
103491
103491
103491
103493
103492
103490
103490
103490
103490
103490
103490
103490
103490
103490
103490
103490
103490
103490
103490
103490
103490
103490
103490
103492
103491
103490
103489
103489
103489
103489
103489
103489
103489
103489
103489
103489
103489
103489
103489
103489
103489
103489
103490
103491
103490
103489
103489
103489
103488
103488
103488
103488
103488
103488
103488
103488
103488
103488
103488
103488
103489
103489
103489
103490
103490
103488
103488
103488
103488
103488
103488
103488
103488
103488
103488
103488
103488
103488
103488
103488
103488
103488
103488
103490
103489
103487
103487
103487
103487
103487
103487
103487
103487
103487
103487
103487
103487
103487
103487
103487
103487
103487
103487
103489
103488
103486
103486
103486
103486
103486
103486
103486
103486
103486
103486
103486
103486
103486
103486
103486
103486
103486
103486
103488
103487
103486
103486
103485
103485
103485
103485
103485
103485
103485
103485
103485
103485
103485
103485
103485
103485
103486
103486
103487
103486
103485
103485
103485
103485
103485
103484
103484
103484
103484
103484
103484
103484
103484
103485
103485
103485
103485
103485
103486
103485
103484
103484
103484
103484
103484
103484
103484
103484
103484
103484
103484
103484
103484
103484
103484
103484
103484
103484
103485
103485
103483
103483
103483
103483
103483
103483
103483
103483
103483
103483
103483
103483
103483
103483
103483
103483
103483
103483
103485
103484
103482
103482
103482
103482
103482
103482
103482
103482
103482
103482
103482
103482
103482
103482
103482
103482
103482
103482
103484
103483
103482
103482
103481
103481
103481
103481
103481
103481
103481
103481
103481
103481
103481
103481
103481
103481
103482
103482
103483
103482
103481
103481
103481
103481
103481
103481
103480
103480
103480
103480
103480
103480
103481
103481
103481
103481
103481
103481
103482
103481
103480
103480
103480
103480
103480
103480
103480
103480
103480
103480
103480
103480
103480
103480
103480
103480
103480
103480
103481
103480
103479
103479
103479
103479
103479
103479
103479
103479
103479
103479
103479
103479
103479
103479
103479
103479
103479
103479
103480
103479
103478
103478
103478
103478
103478
103478
103478
103478
103478
103478
103478
103478
103478
103478
103478
103478
103478
103478
103479
103479
103478
103478
103477
103477
103477
103477
103477
103477
103477
103477
103477
103477
103477
103477
103477
103477
103478
103478
103479
103478
103477
103477
103477
103477
103477
103477
103476
103476
103476
103476
103476
103476
103477
103477
103477
103477
103477
103477
103478
103477
103476
103476
103476
103476
103476
103476
103476
103476
103476
103476
103476
103476
103476
103476
103476
103476
103476
103476
103477
103476
103475
103475
103475
103475
103475
103475
103475
103475
103475
103475
103475
103475
103475
103475
103475
103475
103475
103475
103476
103475
103474
103474
103474
103474
103474
103474
103474
103474
103474
103474
103474
103474
103474
103474
103474
103474
103474
103474
103475
103474
103474
103474
103473
103473
103473
103473
103473
103473
103473
103473
103473
103473
103473
103473
103473
103473
103474
103474
103474
103474
103473
103473
103473
103473
103473
103473
103473
103472
103472
103472
103472
103473
103473
103473
103473
103473
103473
103473
103474
103473
103472
103472
103472
103472
103472
103472
103472
103472
103472
103472
103472
103472
103472
103472
103472
103472
103472
103472
103473
103472
103471
103471
103471
103471
103471
103471
103471
103471
103471
103471
103471
103471
103471
103471
103471
103471
103471
103471
103472
103471
103471
103470
103470
103470
103470
103470
103470
103470
103470
103470
103470
103470
103470
103470
103470
103470
103470
103471
103471
103470
103470
103470
103470
103470
103469
103469
103469
103469
103469
103469
103469
103469
103469
103469
103470
103470
103470
103470
103470
103469
103469
103469
103469
103469
103469
103469
103469
103469
103469
103469
103469
103469
103469
103469
103469
103469
103469
103469
103469
103469
103468
103468
103468
103468
103468
103468
103468
103468
103468
103468
103468
103468
103468
103468
103468
103468
103468
103468
103469
103468
103467
103467
103467
103467
103467
103467
103467
103467
103467
103467
103467
103467
103467
103467
103467
103467
103467
103467
103468
103467
103467
103467
103467
103466
103466
103466
103466
103466
103466
103466
103466
103466
103466
103466
103466
103467
103467
103467
103467
103466
103466
103466
103466
103466
103466
103466
103466
103466
103466
103466
103466
103466
103466
103466
103466
103466
103466
103466
103466
103466
103465
103465
103465
103465
103465
103465
103465
103465
103465
103465
103465
103465
103465
103465
103465
103465
103465
103465
103466
103465
103464
103464
103464
103464
103464
103464
103464
103464
103464
103464
103464
103464
103464
103464
103464
103464
103464
103464
103465
103464
103464
103464
103464
103464
103463
103463
103463
103463
103463
103463
103463
103463
103463
103463
103464
103464
103464
103464
103464
103463
103463
103463
103463
103463
103463
103463
103463
103463
103463
103463
103463
103463
103463
103463
103463
103463
103463
103463
103463
103463
103462
103462
103462
103462
103462
103462
103462
103462
103462
103462
103462
103462
103462
103462
103462
103462
103462
103462
103463
103462
103462
103461
103461
103461
103461
103461
103461
103461
103461
103461
103461
103461
103461
103461
103461
103461
103461
103462
103462
103461
103461
103461
103461
103461
103461
103461
103461
103461
103461
103461
103461
103461
103461
103461
103461
103461
103461
103461
103461
103460
103460
103460
103460
103460
103460
103460
103460
103460
103460
103460
103460
103460
103460
103460
103460
103460
103460
103460
103460
103460
103459
103459
103459
103459
103459
103459
103459
103459
103459
103459
103459
103459
103459
103459
103459
103459
103459
103459
103460
103459
103459
103459
103459
103459
103458
103458
103458
103458
103458
103458
103458
103458
103458
103458
103459
103459
103459
103459
103459
103458
103458
103458
103458
103458
103458
103458
103458
103458
103458
103458
103458
103458
103458
103458
103458
103458
103458
103458
103458
103457
103457
103457
103457
103457
103457
103457
103457
103457
103457
103457
103457
103457
103457
103457
103457
103457
103457
103457
103457
103457
103457
103457
103456
103456
103456
103456
103456
103456
103456
103456
103456
103456
103456
103456
103456
103456
103457
103457
103457
103456
103456
103456
103456
103456
103456
103456
103456
103456
103456
103456
103456
103456
103456
103456
103456
103456
103456
103456
103456
103455
103455
103455
103455
103455
103455
103455
103455
103455
103455
103455
103455
103455
103455
103455
103455
103455
103455
103455
103455
103455
103455
103454
103454
103454
103454
103454
103454
103454
103454
103454
103454
103454
103454
103454
103454
103454
103454
103455
103455
103454
103454
103454
103454
103454
103454
103454
103454
103454
103454
103454
103454
103454
103454
103454
103454
103454
103454
103454
103454
103453
103453
103453
103453
103453
103453
103453
103453
103453
103453
103453
103453
103453
103453
103453
103453
103453
103453
103453
103453
103453
103453
103452
103452
103452
103452
103452
103452
103452
103452
103452
103452
103452
103452
103452
103452
103452
103452
103453
103453
103452
103452
103452
103452
103452
103452
103452
103452
103452
103452
103452
103452
103452
103452
103452
103452
103452
103452
103452
103452
103451
103451
103451
103451
103451
103451
103451
103451
103451
103451
103451
103451
103451
103451
103451
103451
103451
103451
103451
103451
103451
103451
103450
103450
103450
103450
103450
103450
103450
103450
103450
103450
103450
103450
103450
103450
103450
103451
103451
103451
103450
103450
103450
103450
103450
103450
103450
103450
103450
103450
103450
103450
103450
103450
103450
103450
103450
103450
103450
103450
103449
103449
103449
103449
103449
103449
103449
103449
103449
103449
103449
103449
103449
103449
103449
103449
103449
103449
103449
103449
103449
103449
103448
103448
103448
103448
103448
103448
103448
103448
103448
103448
103448
103449
103449
103449
103449
103449
103449
103449
103448
103448
103448
103448
103448
103448
103448
103448
103448
103448
103448
103448
103448
103448
103448
103448
103448
103448
103448
103448
103447
103447
103447
103447
103447
103447
103447
103447
103447
103447
103447
103447
103447
103447
103447
103447
103447
103447
103448
103448
103447
103447
103446
103446
103446
103446
103446
103446
103446
103447
103447
103447
103447
103447
103447
103447
103447
103447
103447
103447
103446
103446
103446
103446
103446
103446
103446
103446
103446
103446
103446
103446
103446
103446
103446
103446
103446
103446
103446
103446
103445
103445
103445
103445
103445
103445
103445
103445
103445
103445
103445
103445
103445
103446
103446
103446
103446
103446
103446
103446
103444
103444
103444
103444
103444
103444
103444
103444
103445
103445
103445
103445
103445
103445
103445
103445
103445
103445
103445
103445
103444
103444
103444
103444
103444
103444
103444
103444
103444
103444
103444
103444
103444
103444
103445
103445
103445
103445
103445
103445
103443
103443
103443
103443
103443
103443
103443
103443
103443
103443
103444
103444
103444
103444
103444
103444
103444
103444
103444
103444
103442
103442
103442
103442
103442
103442
103442
103442
103443
103443
103443
103443
103443
103443
103444
103444
103444
103444
103444
103444
103441
103441
103441
103441
103441
103441
103441
103442
103442
103442
103442
103443
103443
103443
103443
103443
103444
103444
103444
103444
103440
103440
103440
103440
103440
103440
103441
103441
103441
103441
103442
103442
103442
103443
103443
103443
103443
103444
103444
103444
103439
103439
103439
103439
103439
103439
103440
103440
103440
103441
103441
103442
103442
103442
103443
103443
103443
103444
103444
103444
103437
103437
103437
103438
103438
103438
103439
103439
103440
103440
103441
103441
103442
103442
103443
103443
103443
103444
103444
103444
103435
103436
103436
103436
103437
103437
103438
103438
103439
103440
103440
103441
103442
103442
103443
103443
103444
103444
103444
103444
103433
103434
103434
103434
103435
103436
103436
103437
103438
103439
103440
103441
103442
103442
103443
103444
103444
103445
103445
103445
103431
103431
103432
103432
103433
103434
103435
103436
103437
103438
103439
103441
103442
103443
103444
103444
103445
103446
103446
103446
103428
103429
103429
103430
103431
103432
103433
103435
103436
103438
103439
103441
103442
103443
103445
103446
103446
103447
103448
103448
103424
103425
103426
103427
103428
103429
103431
103433
103435
103437
103439
103441
103443
103444
103446
103447
103448
103449
103450
103450
103420
103420
103421
103423
103424
103426
103428
103431
103433
103436
103438
103441
103443
103446
103448
103449
103451
103452
103453
103453
103414
103415
103416
103418
103420
103422
103425
103428
103431
103434
103438
103441
103444
103447
103450
103452
103454
103456
103457
103457
103406
103407
103409
103411
103414
103417
103421
103425
103429
103433
103437
103441
103446
103450
103453
103456
103459
103461
103462
103462
103396
103398
103400
103403
103406
103410
103415
103420
103426
103432
103437
103443
103448
103453
103458
103462
103465
103468
103469
103470
103383
103385
103387
103391
103396
103402
103409
103416
103423
103431
103438
103445
103452
103458
103464
103469
103473
103476
103478
103479
103366
103368
103371
103377
103383
103391
103400
103410
103420
103429
103439
103448
103456
103464
103472
103478
103483
103487
103490
103490
103342
103344
103349
103357
103367
103378
103390
103402
103415
103427
103440
103451
103462
103472
103481
103489
103496
103501
103504
103504
103308
103311
103319
103330
103344
103359
103375
103392
103409
103425
103441
103456
103470
103482
103494
103503
103511
103517
103520
103521
103258
103264
103276
103292
103312
103333
103356
103378
103401
103422
103442
103461
103479
103494
103508
103520
103530
103537
103540
103541
103182
103194
103213
103239
103268
103299
103330
103361
103391
103419
103445
103468
103490
103509
103526
103540
103551
103559
103564
103564
103057
103083
103118
103160
103205
103251
103296
103339
103378
103415
103448
103477
103504
103527
103546
103563
103575
103584
103589
103589
102826
102894
102964
103039
103114
103185
103251
103310
103364
103411
103452
103489
103520
103547
103569
103588
103602
103611
103616
103616
102435
102582
102725
102865
102993
103105
103201
103283
103354
103414
103464
103507
103543
103573
103597
103615
103629
103638
103643
103642
102395
102546
102692
102836
102967
103082
103181
103266
103338
103400
103453
103497
103535
103566
103591
103611
103626
103636
103641
103641
102794
102864
102936
103014
103091
103164
103232
103293
103349
103398
103441
103479
103512
103540
103563
103583
103597
103608
103613
103613
103032
103059
103094
103138
103185
103232
103279
103323
103364
103402
103436
103467
103495
103519
103540
103557
103570
103580
103585
103585
103161
103173
103193
103219
103250
103282
103314
103346
103377
103406
103433
103458
103481
103501
103519
103533
103545
103554
103558
103558
103240
103246
103258
103275
103295
103318
103341
103365
103388
103410
103431
103451
103469
103486
103500
103513
103523
103530
103534
103535
103291
103295
103303
103314
103328
103344
103361
103379
103396
103413
103430
103445
103460
103473
103485
103495
103504
103510
103513
103514
103326
103329
103334
103342
103352
103364
103376
103389
103403
103416
103429
103441
103452
103463
103473
103481
103488
103493
103496
103496
103352
103353
103357
103363
103370
103378
103388
103398
103408
103418
103428
103437
103446
103455
103462
103469
103475
103479
103481
103481
103370
103371
103374
103378
103383
103389
103396
103404
103411
103419
103427
103434
103442
103448
103454
103460
103464
103467
103469
103470
103384
103385
103387
103390
103394
103398
103403
103409
103414
103421
103427
103432
103438
103443
103448
103452
103456
103458
103460
103460
103394
103395
103397
103399
103402
103405
103409
103413
103417
103422
103426
103431
103435
103439
103443
103446
103449
103451
103453
103453
103402
103403
103404
103406
103408
103411
103413
103417
103420
103423
103427
103430
103434
103437
103440
103442
103444
103446
103447
103447
103408
103409
103410
103411
103413
103415
103417
103420
103422
103425
103428
103430
103433
103435
103437
103439
103441
103442
103443
103443
103413
103414
103414
103415
103417
103418
103420
103422
103424
103426
103428
103430
103432
103434
103435
103437
103438
103439
103440
103440
103417
103417
103418
103419
103420
103421
103422
103424
103425
103427
103429
103430
103432
103433
103434
103435
103436
103437
103437
103437
103420
103420
103421
103421
103422
103423
103424
103425
103426
103428
103429
103430
103431
103432
103433
103434
103435
103435
103436
103436
103423
103423
103423
103424
103424
103425
103426
103426
103427
103428
103429
103430
103431
103432
103433
103433
103434
103434
103435
103435
103425
103425
103425
103425
103426
103426
103427
103428
103428
103429
103430
103430
103431
103432
103432
103433
103433
103434
103434
103434
103426
103427
103427
103427
103427
103428
103428
103429
103429
103430
103430
103431
103431
103432
103432
103433
103433
103433
103433
103433
103428
103428
103428
103428
103429
103429
103429
103430
103430
103430
103431
103431
103432
103432
103432
103433
103433
103433
103433
103433
103429
103429
103429
103429
103430
103430
103430
103430
103431
103431
103431
103432
103432
103432
103433
103433
103433
103433
103433
103433
103430
103430
103430
103430
103431
103431
103431
103431
103431
103432
103432
103432
103432
103433
103433
103433
103433
103433
103434
103433
103431
103431
103431
103431
103432
103432
103432
103432
103432
103432
103433
103433
103433
103433
103433
103433
103434
103434
103434
103434
103432
103432
103432
103432
103432
103432
103433
103433
103433
103433
103433
103433
103433
103434
103434
103434
103434
103434
103434
103434
103433
103433
103433
103433
103433
103433
103433
103433
103434
103434
103434
103434
103434
103434
103434
103434
103434
103435
103435
103435
103434
103434
103434
103434
103434
103434
103434
103434
103434
103434
103434
103434
103435
103435
103435
103435
103435
103435
103435
103435
103435
103435
103435
103435
103435
103435
103435
103435
103435
103435
103435
103435
103435
103435
103435
103435
103435
103436
103436
103436
103436
103436
103436
103436
103436
103436
103436
103436
103436
103436
103436
103436
103436
103436
103436
103436
103436
103436
103436
103436
103436
103436
103436
103436
103436
103436
103436
103436
103436
103436
103436
103436
103436
103436
103437
103437
103437
103437
103437
103437
103437
103437
103437
103437
103437
103437
103437
103437
103437
103437
103437
103437
103437
103437
103437
103437
103437
103437
103437
103437
103438
103438
103438
103438
103438
103438
103438
103438
103438
103438
103438
103438
103438
103438
103438
103438
103438
103438
103438
103438
103438
103438
103438
103438
103438
103438
103438
103438
103438
103438
103438
103438
103438
103438
103438
103438
103439
103439
103439
103439
103439
103439
103439
103439
103439
103439
103439
103439
103439
103439
103439
103439
103439
103439
103439
103439
103439
103439
103439
103439
103440
103440
103440
103440
103440
103440
103440
103440
103440
103440
103440
103440
103440
103440
103440
103440
103440
103440
103440
103440
103441
103441
103441
103440
103440
103440
103440
103440
103440
103440
103440
103440
103440
103440
103440
103440
103441
103441
103441
103441
103441
103441
103441
103441
103441
103441
103441
103441
103441
103441
103441
103441
103441
103441
103441
103441
103441
103441
103441
103441
103442
103442
103442
103442
103442
103442
103442
103442
103442
103442
103442
103442
103442
103442
103442
103442
103442
103442
103442
103442
103443
103443
103443
103443
103443
103443
103442
103442
103442
103442
103442
103442
103442
103443
103443
103443
103443
103443
103443
103443
103443
103443
103443
103443
103443
103443
103443
103443
103443
103443
103443
103443
103443
103443
103443
103443
103443
103443
103443
103444
103444
103444
103444
103444
103444
103444
103444
103444
103444
103444
103444
103444
103444
103444
103444
103444
103444
103444
103444
103444
103445
103445
103445
103445
103445
103445
103445
103445
103445
103445
103445
103445
103445
103445
103445
103445
103445
103445
103445
103445
103446
103446
103445
103445
103445
103445
103445
103445
103445
103445
103445
103445
103445
103445
103445
103445
103445
103445
103446
103446
103446
103446
103446
103446
103446
103446
103446
103446
103446
103446
103446
103446
103446
103446
103446
103446
103446
103446
103446
103446
103447
103447
103447
103447
103447
103447
103447
103447
103447
103447
103447
103447
103447
103447
103447
103447
103447
103447
103447
103447
103448
103448
103448
103448
103448
103448
103447
103447
103447
103447
103447
103447
103447
103447
103448
103448
103448
103448
103448
103448
103449
103448
103448
103448
103448
103448
103448
103448
103448
103448
103448
103448
103448
103448
103448
103448
103448
103448
103448
103449
103449
103449
103449
103449
103449
103449
103449
103449
103449
103449
103449
103449
103449
103449
103449
103449
103449
103449
103449
103449
103450
103450
103450
103450
103450
103450
103450
103450
103450
103450
103450
103450
103450
103450
103450
103450
103450
103450
103450
103450
103451
103451
103451
103451
103451
103450
103450
103450
103450
103450
103450
103450
103450
103450
103450
103451
103451
103451
103451
103451
103452
103451
103451
103451
103451
103451
103451
103451
103451
103451
103451
103451
103451
103451
103451
103451
103451
103451
103451
103452
103452
103452
103452
103452
103452
103452
103452
103452
103452
103452
103452
103452
103452
103452
103452
103452
103452
103452
103452
103452
103453
103453
103453
103453
103453
103453
103453
103453
103453
103453
103453
103453
103453
103453
103453
103453
103453
103453
103453
103453
103454
103454
103454
103454
103454
103454
103453
103453
103453
103453
103453
103453
103453
103453
103454
103454
103454
103454
103454
103454
103455
103455
103454
103454
103454
103454
103454
103454
103454
103454
103454
103454
103454
103454
103454
103454
103454
103454
103455
103455
103456
103455
103455
103455
103455
103455
103455
103455
103455
103455
103455
103455
103455
103455
103455
103455
103455
103455
103455
103456
103456
103456
103456
103456
103456
103456
103456
103456
103456
103456
103456
103456
103456
103456
103456
103456
103456
103456
103456
103456
103457
103457
103457
103457
103457
103457
103457
103457
103457
103457
103457
103457
103457
103457
103457
103457
103457
103457
103457
103457
103458
103458
103458
103457
103457
103457
103457
103457
103457
103457
103457
103457
103457
103457
103457
103457
103457
103458
103458
103458
103459
103458
103458
103458
103458
103458
103458
103458
103458
103458
103458
103458
103458
103458
103458
103458
103458
103458
103458
103459
103460
103459
103459
103459
103459
103459
103459
103459
103459
103459
103459
103459
103459
103459
103459
103459
103459
103459
103459
103460
103461
103460
103460
103460
103460
103460
103460
103460
103460
103460
103460
103460
103460
103460
103460
103460
103460
103460
103460
103461
103461
103461
103461
103461
103461
103461
103461
103461
103461
103461
103461
103461
103461
103461
103461
103461
103461
103461
103461
103461
103462
103462
103462
103462
103461
103461
103461
103461
103461
103461
103461
103461
103461
103461
103461
103461
103462
103462
103462
103462
103463
103463
103462
103462
103462
103462
103462
103462
103462
103462
103462
103462
103462
103462
103462
103462
103462
103462
103463
103463
103464
103463
103463
103463
103463
103463
103463
103463
103463
103463
103463
103463
103463
103463
103463
103463
103463
103463
103463
103464
103465
103464
103464
103464
103464
103464
103464
103464
103464
103464
103464
103464
103464
103464
103464
103464
103464
103464
103464
103465
103466
103465
103465
103465
103465
103465
103465
103465
103465
103465
103465
103465
103465
103465
103465
103465
103465
103465
103465
103466
103467
103466
103466
103466
103466
103466
103466
103466
103465
103465
103465
103465
103466
103466
103466
103466
103466
103466
103466
103467
103468
103467
103467
103467
103466
103466
103466
103466
103466
103466
103466
103466
103466
103466
103466
103466
103467
103467
103467
103468
103469
103468
103467
103467
103467
103467
103467
103467
103467
103467
103467
103467
103467
103467
103467
103467
103467
103467
103468
103469
103469
103468
103468
103468
103468
103468
103468
103468
103468
103468
103468
103468
103468
103468
103468
103468
103468
103468
103468
103469
103470
103469
103469
103469
103469
103469
103469
103469
103469
103469
103469
103469
103469
103469
103469
103469
103469
103469
103469
103470
103471
103470
103470
103470
103470
103470
103470
103470
103470
103470
103470
103470
103470
103470
103470
103470
103470
103470
103470
103471
103472
103471
103471
103471
103471
103471
103471
103471
103471
103471
103471
103471
103471
103471
103471
103471
103471
103471
103471
103472
103473
103472
103472
103472
103472
103472
103471
103471
103471
103471
103471
103471
103471
103471
103472
103472
103472
103472
103472
103473
103474
103473
103473
103472
103472
103472
103472
103472
103472
103472
103472
103472
103472
103472
103472
103472
103472
103473
103473
103474
103475
103474
103473
103473
103473
103473
103473
103473
103473
103473
103473
103473
103473
103473
103473
103473
103473
103473
103474
103475
103476
103474
103474
103474
103474
103474
103474
103474
103474
103474
103474
103474
103474
103474
103474
103474
103474
103474
103474
103476
103477
103475
103475
103475
103475
103475
103475
103475
103475
103475
103475
103475
103475
103475
103475
103475
103475
103475
103475
103477
103478
103476
103476
103476
103476
103476
103476
103476
103476
103476
103476
103476
103476
103476
103476
103476
103476
103476
103476
103478
103478
103477
103477
103477
103477
103477
103477
103476
103476
103476
103476
103476
103476
103477
103477
103477
103477
103477
103477
103478
103479
103478
103478
103478
103477
103477
103477
103477
103477
103477
103477
103477
103477
103477
103477
103477
103478
103478
103478
103479
103480
103479
103478
103478
103478
103478
103478
103478
103478
103478
103478
103478
103478
103478
103478
103478
103478
103478
103479
103480
103481
103479
103479
103479
103479
103479
103479
103479
103479
103479
103479
103479
103479
103479
103479
103479
103479
103479
103479
103481
103482
103480
103480
103480
103480
103480
103480
103480
103480
103480
103480
103480
103480
103480
103480
103480
103480
103480
103480
103482
103483
103481
103481
103481
103481
103481
103481
103481
103481
103481
103481
103481
103481
103481
103481
103481
103481
103481
103481
103483
103484
103482
103482
103482
103482
103481
103481
103481
103481
103481
103481
103481
103481
103481
103481
103482
103482
103482
103482
103484
103484
103483
103482
103482
103482
103482
103482
103482
103482
103482
103482
103482
103482
103482
103482
103482
103482
103482
103483
103484
103485
103483
103483
103483
103483
103483
103483
103483
103483
103483
103483
103483
103483
103483
103483
103483
103483
103483
103483
103485
103486
103484
103484
103484
103484
103484
103484
103484
103484
103484
103484
103484
103484
103484
103484
103484
103484
103484
103484
103486
103487
103485
103485
103485
103485
103484
103484
103484
103484
103484
103484
103484
103484
103484
103484
103485
103485
103485
103485
103487
103487
103486
103485
103485
103485
103485
103485
103485
103485
103485
103485
103485
103485
103485
103485
103485
103485
103485
103486
103487
103488
103486
103486
103486
103486
103486
103486
103486
103486
103486
103486
103486
103486
103486
103486
103486
103486
103486
103486
103488
103489
103487
103487
103487
103487
103486
103486
103486
103486
103486
103486
103486
103486
103486
103486
103487
103487
103487
103487
103489
103489
103488
103487
103487
103487
103487
103487
103487
103487
103487
103487
103487
103487
103487
103487
103487
103487
103487
103488
103489
103490
103488
103488
103488
103488
103488
103488
103488
103488
103488
103488
103488
103488
103488
103488
103488
103488
103488
103488
103490
103490
103489
103488
103488
103488
103488
103488
103488
103488
103488
103488
103488
103488
103488
103488
103488
103488
103488
103489
103490
103490
103488
103488
103488
103488
103488
103488
103488
103488
103488
103488
103488
103488
103488
103488
103488
103488
103488
103488
103490
103491
103489
103489
103488
103488
103488
103487
103487
103487
103487
103487
103487
103487
103487
103488
103488
103488
103489
103489
103491
103494
103492
103491
103491
103490
103489
103489
103488
103488
103488
103488
103488
103488
103489
103489
103490
103491
103491
103492
103494
)
;

boundaryField
{
    outlet
    {
        type            fixedValue;
        value           uniform 100000;
    }
    inlet1
    {
        type            zeroGradient;
    }
    inlet2
    {
        type            zeroGradient;
    }
    frontAndBack
    {
        type            empty;
    }
    defaultFaces
    {
        type            zeroGradient;
    }
}


// ************************************************************************* //
