/*--------------------------------*- C++ -*----------------------------------*\
| =========                 |                                                 |
| \\      /  F ield         | OpenFOAM: The Open Source CFD Toolbox           |
|  \\    /   O peration     | Version:  2.1.0                                 |
|   \\  /    A nd           | Web:      www.OpenFOAM.org                      |
|    \\/     M anipulation  |                                                 |
\*---------------------------------------------------------------------------*/
FoamFile
{
    version     2.0;
    format      ascii;
    class       volScalarField;
    location    "0.3";
    object      nut;
}
// * * * * * * * * * * * * * * * * * * * * * * * * * * * * * * * * * * * * * //

dimensions      [0 2 -1 0 0 0 0];

internalField   nonuniform List<scalar> 
6400
(
6.98031e-06
7.01171e-06
7.02708e-06
7.05042e-06
7.06983e-06
7.09453e-06
7.11534e-06
7.14083e-06
7.1627e-06
7.18874e-06
7.21153e-06
7.23808e-06
7.26176e-06
7.28853e-06
7.31321e-06
7.3401e-06
7.36571e-06
7.39277e-06
7.41924e-06
7.44662e-06
7.47407e-06
7.50149e-06
7.52908e-06
7.5572e-06
7.58576e-06
7.61448e-06
7.6436e-06
7.67281e-06
7.7025e-06
7.73228e-06
7.7626e-06
7.79308e-06
7.82412e-06
7.85535e-06
7.88715e-06
7.91917e-06
7.95175e-06
7.98456e-06
8.01775e-06
8.05111e-06
8.08479e-06
8.11851e-06
8.1524e-06
8.18617e-06
8.21997e-06
8.25342e-06
8.28668e-06
8.3194e-06
8.35163e-06
8.38318e-06
8.41381e-06
8.4429e-06
8.46999e-06
8.4944e-06
8.52033e-06
8.54455e-06
8.56933e-06
8.59319e-06
8.61675e-06
8.64023e-06
8.66362e-06
8.68694e-06
8.71011e-06
8.73319e-06
8.75596e-06
8.77891e-06
8.80134e-06
8.82221e-06
8.84313e-06
8.86191e-06
8.88028e-06
8.89637e-06
8.91164e-06
8.92484e-06
8.93745e-06
8.94886e-06
8.96097e-06
8.97412e-06
8.99081e-06
9.01256e-06
9.04206e-06
9.08065e-06
9.12664e-06
9.16779e-06
9.22159e-06
9.28542e-06
9.35542e-06
9.42356e-06
9.46568e-06
9.4428e-06
9.27024e-06
8.79268e-06
7.76628e-06
5.99562e-06
3.57833e-06
2.29963e-06
2.39886e-06
3.77599e-06
3.87274e-06
4.18039e-06
7.4885e-05
7.54166e-05
7.55758e-05
7.59245e-05
7.60921e-05
7.63917e-05
7.65753e-05
7.68405e-05
7.7036e-05
7.72753e-05
7.74761e-05
7.76946e-05
7.78942e-05
7.80949e-05
7.82885e-05
7.8473e-05
7.86564e-05
7.88252e-05
7.89957e-05
7.91497e-05
7.93069e-05
7.94477e-05
7.95918e-05
7.97203e-05
7.98497e-05
7.99644e-05
8.00788e-05
8.01789e-05
8.02777e-05
8.03626e-05
8.0444e-05
8.05125e-05
8.05754e-05
8.0626e-05
8.06694e-05
8.06998e-05
8.07219e-05
8.07338e-05
8.07343e-05
8.07212e-05
8.06955e-05
8.06532e-05
8.05955e-05
8.0518e-05
8.04212e-05
8.03004e-05
8.01552e-05
7.99815e-05
7.97776e-05
7.95416e-05
7.92756e-05
7.89809e-05
7.86461e-05
7.80253e-05
7.73751e-05
7.66808e-05
7.59571e-05
7.51923e-05
7.43909e-05
7.35486e-05
7.26712e-05
7.17599e-05
7.08091e-05
6.98241e-05
6.87938e-05
6.77283e-05
6.6633e-05
6.54763e-05
6.4281e-05
6.30274e-05
6.17236e-05
6.03582e-05
5.8934e-05
5.74441e-05
5.58897e-05
5.42667e-05
5.25775e-05
5.08204e-05
4.90006e-05
4.71189e-05
4.51843e-05
4.32022e-05
4.11864e-05
3.91266e-05
3.69912e-05
3.4782e-05
3.24767e-05
3.00716e-05
2.75462e-05
2.49077e-05
2.21696e-05
1.93777e-05
1.66015e-05
1.39737e-05
1.14774e-05
9.21788e-06
7.48121e-06
6.28484e-06
5.66848e-06
6.87162e-06
0.000114561
0.000114942
0.0001151
0.000115304
0.000115458
0.000115607
0.000115752
0.000115861
0.000115988
0.000116061
0.000116164
0.000116203
0.000116274
0.00011628
0.000116316
0.000116288
0.000116283
0.000116217
0.000116168
0.000116063
0.000115968
0.000115823
0.000115687
0.00011551
0.000115333
0.00011512
0.000114903
0.000114652
0.000114394
0.000114104
0.000113804
0.000113473
0.000113129
0.000112756
0.000112366
0.000111948
0.00011151
0.000111038
0.000110546
0.00011002
0.00010947
0.000108884
0.000108269
0.000107616
0.000106927
0.000106196
0.000105421
0.000104596
0.000103718
0.00010269
0.000101248
9.97811e-05
9.82677e-05
9.67338e-05
9.51631e-05
9.35627e-05
9.19327e-05
9.02698e-05
8.85884e-05
8.68941e-05
8.5145e-05
8.33805e-05
8.15743e-05
7.97472e-05
7.78853e-05
7.60012e-05
7.40874e-05
7.21498e-05
7.01887e-05
6.82008e-05
6.61893e-05
6.4149e-05
6.2082e-05
5.99836e-05
5.78544e-05
5.56914e-05
5.34954e-05
5.12651e-05
4.90033e-05
4.67105e-05
4.43934e-05
4.20546e-05
3.97037e-05
3.73461e-05
3.50091e-05
3.26973e-05
3.04303e-05
2.82133e-05
2.60577e-05
2.39634e-05
2.19121e-05
1.9915e-05
1.79577e-05
1.59426e-05
1.39151e-05
1.191e-05
1.0119e-05
8.60623e-06
8.11344e-06
1.13169e-05
0.000136099
0.000135968
0.000135926
0.000135765
0.00013572
0.000135515
0.000135439
0.000135196
0.000135076
0.000134798
0.000134625
0.00013431
0.000134081
0.000133726
0.000133437
0.000133038
0.000132686
0.000132239
0.000131821
0.000131318
0.000130742
0.000129847
0.000128933
0.000127979
0.000127004
0.000125993
0.000124964
0.000123897
0.000122812
0.00012169
0.000120549
0.000119374
0.000118176
0.000116946
0.000115692
0.000114408
0.000113099
0.000111755
0.000110392
0.000108992
0.000107572
0.000106118
0.000104642
0.000103134
0.000101602
0.000100041
9.8455e-05
9.68358e-05
9.52046e-05
9.35585e-05
9.18822e-05
9.01981e-05
8.84868e-05
8.6767e-05
8.50225e-05
8.32618e-05
8.14767e-05
7.9671e-05
7.78414e-05
7.59898e-05
7.41179e-05
7.22284e-05
7.03186e-05
6.83948e-05
6.6453e-05
6.45005e-05
6.25355e-05
6.05649e-05
5.85895e-05
5.66148e-05
5.4645e-05
5.26843e-05
5.07389e-05
4.88125e-05
4.69108e-05
4.50375e-05
4.31968e-05
4.13917e-05
3.96239e-05
3.78943e-05
3.62023e-05
3.45451e-05
3.29152e-05
3.13101e-05
2.97407e-05
2.81692e-05
2.66114e-05
2.50507e-05
2.3487e-05
2.19077e-05
2.03139e-05
1.86965e-05
1.7051e-05
1.53533e-05
1.36175e-05
1.1932e-05
1.04813e-05
9.76078e-06
1.19087e-05
1.20561e-05
0.000135666
0.00013587
0.000135603
0.000135523
0.000134843
0.000134361
0.000133551
0.000132878
0.000132012
0.000131222
0.000130314
0.000129435
0.000128484
0.00012753
0.00012653
0.000125509
0.000124458
0.000123375
0.000122272
0.000121133
0.000119973
0.000118787
0.00011758
0.000116344
0.000115092
0.000113811
0.000112518
0.000111194
0.000109861
0.000108496
0.000107122
0.000105719
0.000104304
0.000102865
0.000101401
9.99257e-05
9.8452e-05
9.6929e-05
9.54154e-05
9.38644e-05
9.2315e-05
9.07375e-05
8.91568e-05
8.75554e-05
8.59485e-05
8.43267e-05
8.26998e-05
8.10637e-05
7.94246e-05
7.77793e-05
7.61321e-05
7.44806e-05
7.28221e-05
7.11625e-05
6.95023e-05
6.78449e-05
6.61898e-05
6.45405e-05
6.28983e-05
6.12655e-05
5.9645e-05
5.80386e-05
5.64483e-05
5.48771e-05
5.33243e-05
5.17941e-05
5.02843e-05
4.87985e-05
4.73341e-05
4.58912e-05
4.44679e-05
4.30717e-05
4.16916e-05
4.03285e-05
3.89825e-05
3.76489e-05
3.63245e-05
3.50069e-05
3.369e-05
3.23724e-05
3.10486e-05
2.97186e-05
2.83782e-05
2.70348e-05
2.56818e-05
2.43297e-05
2.29789e-05
2.16316e-05
2.02999e-05
1.89882e-05
1.77084e-05
1.64638e-05
1.52723e-05
1.41246e-05
1.30658e-05
1.22584e-05
1.20811e-05
1.37462e-05
1.37828e-05
1.41097e-05
0.000122486
0.000121966
0.000121566
0.000121077
0.000120246
0.000119442
0.000118455
0.0001175
0.000116441
0.000115399
0.000114297
0.000113196
0.00011206
0.000110913
0.000109749
0.000108565
0.000107372
0.000106158
0.000104949
0.000103734
0.000102493
0.000101255
9.99942e-05
9.87206e-05
9.74317e-05
9.61327e-05
9.48283e-05
9.35051e-05
9.21833e-05
9.08392e-05
8.94978e-05
8.8137e-05
8.67762e-05
8.54017e-05
8.40259e-05
8.26416e-05
8.12562e-05
7.98622e-05
7.84746e-05
7.70778e-05
7.56912e-05
7.42986e-05
7.29173e-05
7.15345e-05
7.01633e-05
6.8795e-05
6.74385e-05
6.60882e-05
6.47499e-05
6.34191e-05
6.21002e-05
6.07911e-05
5.94936e-05
5.82081e-05
5.69351e-05
5.56752e-05
5.44332e-05
5.31989e-05
5.19821e-05
5.07734e-05
4.95807e-05
4.83944e-05
4.72227e-05
4.60567e-05
4.49023e-05
4.37526e-05
4.26115e-05
4.14753e-05
4.03457e-05
3.92211e-05
3.81041e-05
3.69949e-05
3.58937e-05
3.47994e-05
3.37128e-05
3.26348e-05
3.15667e-05
3.05122e-05
2.94719e-05
2.8447e-05
2.74381e-05
2.6448e-05
2.54762e-05
2.45258e-05
2.35964e-05
2.26869e-05
2.17963e-05
2.09292e-05
2.00942e-05
1.92954e-05
1.85461e-05
1.78575e-05
1.72548e-05
1.67812e-05
1.65555e-05
1.66294e-05
1.60571e-05
1.58144e-05
1.57891e-05
1.31993e-05
0.00010721
0.000106093
0.000105597
0.000104769
0.000103937
0.000102925
0.000101942
0.000100848
9.97911e-05
9.86594e-05
9.75629e-05
9.64112e-05
9.52922e-05
9.41296e-05
9.29983e-05
9.18323e-05
9.06979e-05
8.95365e-05
8.84067e-05
8.72573e-05
8.61302e-05
8.49862e-05
8.38663e-05
8.27364e-05
8.16261e-05
8.05091e-05
7.94122e-05
7.83068e-05
7.72237e-05
7.613e-05
7.50587e-05
7.39778e-05
7.2916e-05
7.18485e-05
7.07959e-05
6.97408e-05
6.86963e-05
6.76493e-05
6.66216e-05
6.55859e-05
6.45692e-05
6.35462e-05
6.25406e-05
6.153e-05
6.05343e-05
5.95358e-05
5.85495e-05
5.75629e-05
5.65866e-05
5.56113e-05
5.4646e-05
5.36843e-05
5.27331e-05
5.17872e-05
5.08447e-05
4.99102e-05
4.89828e-05
4.80636e-05
4.71532e-05
4.62519e-05
4.53637e-05
4.44854e-05
4.3625e-05
4.27755e-05
4.1944e-05
4.11302e-05
4.03374e-05
3.95635e-05
3.88116e-05
3.80816e-05
3.73727e-05
3.66838e-05
3.60155e-05
3.53664e-05
3.47364e-05
3.41231e-05
3.35249e-05
3.29389e-05
3.21153e-05
3.11758e-05
3.02472e-05
2.93254e-05
2.84147e-05
2.75129e-05
2.66227e-05
2.57439e-05
2.48785e-05
2.40289e-05
2.31977e-05
2.23904e-05
2.16124e-05
2.08732e-05
2.01775e-05
1.95497e-05
1.89948e-05
1.86046e-05
1.83421e-05
1.82442e-05
1.89328e-05
1.49279e-05
9.61119e-05
9.4452e-05
9.39906e-05
9.29727e-05
9.22552e-05
9.11677e-05
9.0332e-05
8.92418e-05
8.83547e-05
8.72878e-05
8.63825e-05
8.53465e-05
8.44385e-05
8.34312e-05
8.25295e-05
8.15465e-05
8.06545e-05
7.9689e-05
7.88061e-05
7.7851e-05
7.66574e-05
7.53455e-05
7.40978e-05
7.28248e-05
7.16269e-05
7.04001e-05
6.92568e-05
6.80834e-05
6.69999e-05
6.58872e-05
6.48661e-05
6.38188e-05
6.28603e-05
6.18815e-05
6.09874e-05
6.00798e-05
5.92519e-05
5.84146e-05
5.76529e-05
5.68813e-05
5.61789e-05
5.54687e-05
5.48223e-05
5.41699e-05
5.35755e-05
5.29758e-05
5.24288e-05
5.18759e-05
5.13697e-05
5.08582e-05
5.03888e-05
4.9909e-05
4.94629e-05
4.90097e-05
4.85833e-05
4.81475e-05
4.77323e-05
4.73033e-05
4.68886e-05
4.64578e-05
4.60362e-05
4.55956e-05
4.51506e-05
4.46972e-05
4.42584e-05
4.37753e-05
4.33191e-05
4.28318e-05
4.23656e-05
4.18728e-05
4.13965e-05
4.08972e-05
4.04109e-05
3.9904e-05
3.94074e-05
3.88915e-05
3.83838e-05
3.78578e-05
3.73371e-05
3.67959e-05
3.62515e-05
3.56816e-05
3.51019e-05
3.44924e-05
3.38652e-05
3.32029e-05
3.25156e-05
3.17895e-05
3.10348e-05
3.02437e-05
2.9432e-05
2.86043e-05
2.77882e-05
2.70068e-05
2.63506e-05
2.58655e-05
2.54785e-05
2.56132e-05
2.6128e-05
2.04875e-05
8.0085e-05
7.80578e-05
7.72284e-05
7.56555e-05
7.48093e-05
7.33147e-05
7.24555e-05
7.10382e-05
7.01781e-05
6.88408e-05
6.79929e-05
6.67383e-05
6.59138e-05
6.47426e-05
6.39512e-05
6.28649e-05
6.21141e-05
6.11138e-05
6.04097e-05
5.94956e-05
5.88436e-05
5.80243e-05
5.74397e-05
5.6711e-05
5.6195e-05
5.55512e-05
5.51031e-05
5.4537e-05
5.41534e-05
5.36588e-05
5.3333e-05
5.29073e-05
5.26346e-05
5.22738e-05
5.20463e-05
5.17445e-05
5.15538e-05
5.13033e-05
5.1145e-05
5.09353e-05
5.08039e-05
5.06272e-05
5.05173e-05
5.0367e-05
5.02729e-05
5.01378e-05
5.00495e-05
4.99547e-05
4.98695e-05
4.97719e-05
4.96731e-05
4.95971e-05
4.95142e-05
4.94447e-05
4.93753e-05
4.93127e-05
4.92555e-05
4.92036e-05
4.91623e-05
4.91237e-05
4.9099e-05
4.90754e-05
4.90665e-05
4.90583e-05
4.90643e-05
4.90724e-05
4.90972e-05
4.91212e-05
4.91623e-05
4.92028e-05
4.92599e-05
4.9316e-05
4.93875e-05
4.94579e-05
4.95421e-05
4.96241e-05
4.97176e-05
4.98068e-05
4.99044e-05
4.99948e-05
5.0088e-05
5.01687e-05
5.02439e-05
5.02984e-05
5.03356e-05
5.03397e-05
5.03105e-05
5.0232e-05
5.01023e-05
4.99074e-05
4.96471e-05
4.93143e-05
4.89186e-05
4.8469e-05
4.79954e-05
4.7576e-05
4.74136e-05
4.74891e-05
4.79941e-05
3.97429e-05
7.10249e-05
6.93069e-05
6.86143e-05
6.73035e-05
6.66461e-05
6.54029e-05
6.4781e-05
6.36171e-05
6.30345e-05
6.19582e-05
6.14184e-05
6.04341e-05
5.994e-05
5.90485e-05
5.86015e-05
5.78013e-05
5.74022e-05
5.66898e-05
5.63382e-05
5.57094e-05
5.5405e-05
5.48553e-05
5.4596e-05
5.41178e-05
5.39001e-05
5.34861e-05
5.33065e-05
5.29493e-05
5.28047e-05
5.25065e-05
5.23762e-05
5.21345e-05
5.20155e-05
5.18445e-05
5.17301e-05
5.16166e-05
5.1508e-05
5.14071e-05
5.13406e-05
5.12635e-05
5.1222e-05
5.11678e-05
5.11464e-05
5.1117e-05
5.11158e-05
5.11119e-05
5.1131e-05
5.11512e-05
5.119e-05
5.12326e-05
5.12926e-05
5.13596e-05
5.14433e-05
5.15344e-05
5.16429e-05
5.17583e-05
5.18926e-05
5.20325e-05
5.21923e-05
5.23577e-05
5.25433e-05
5.27351e-05
5.29482e-05
5.31685e-05
5.34098e-05
5.36596e-05
5.39297e-05
5.421e-05
5.45101e-05
5.48219e-05
5.51536e-05
5.54986e-05
5.5864e-05
5.62445e-05
5.66463e-05
5.70649e-05
5.75066e-05
5.79668e-05
5.84525e-05
5.89591e-05
5.94938e-05
6.00529e-05
6.06435e-05
6.12627e-05
6.19179e-05
6.26081e-05
6.33415e-05
6.41183e-05
6.49471e-05
6.58305e-05
6.67778e-05
6.77933e-05
6.88877e-05
7.0067e-05
7.13392e-05
7.26977e-05
7.4099e-05
7.5566e-05
7.62868e-05
6.61628e-05
7.7187e-05
7.53812e-05
7.46803e-05
7.32709e-05
7.25622e-05
7.12281e-05
7.05211e-05
6.9268e-05
6.85733e-05
6.74073e-05
6.67346e-05
6.56587e-05
6.50167e-05
6.40321e-05
6.34262e-05
6.25337e-05
6.19703e-05
6.11637e-05
6.06481e-05
5.99228e-05
5.9458e-05
5.88097e-05
5.83968e-05
5.78208e-05
5.74588e-05
5.69499e-05
5.66369e-05
5.61895e-05
5.59225e-05
5.55311e-05
5.53048e-05
5.49655e-05
5.47743e-05
5.44826e-05
5.43202e-05
5.40712e-05
5.39315e-05
5.37195e-05
5.36007e-05
5.34094e-05
5.33066e-05
5.31868e-05
5.3065e-05
5.29626e-05
5.28503e-05
5.27782e-05
5.26946e-05
5.26375e-05
5.25801e-05
5.25399e-05
5.25077e-05
5.24861e-05
5.24785e-05
5.24772e-05
5.24944e-05
5.25145e-05
5.2555e-05
5.26e-05
5.26664e-05
5.27379e-05
5.28297e-05
5.29276e-05
5.30449e-05
5.31723e-05
5.33161e-05
5.34733e-05
5.36449e-05
5.3832e-05
5.40322e-05
5.42486e-05
5.44777e-05
5.47238e-05
5.4983e-05
5.52598e-05
5.55506e-05
5.58597e-05
5.61849e-05
5.6529e-05
5.68917e-05
5.72745e-05
5.76789e-05
5.81057e-05
5.85574e-05
5.90346e-05
5.95406e-05
6.00757e-05
6.06433e-05
6.12439e-05
6.18818e-05
6.25606e-05
6.32917e-05
6.40761e-05
6.49262e-05
6.5851e-05
6.68708e-05
6.80055e-05
6.93048e-05
7.0735e-05
7.18131e-05
6.29837e-05
9.69351e-05
9.50499e-05
9.42648e-05
9.2768e-05
9.18968e-05
9.04575e-05
8.9513e-05
8.81227e-05
8.71198e-05
8.57772e-05
8.47306e-05
8.34362e-05
8.23628e-05
8.11168e-05
8.00171e-05
7.88104e-05
7.77336e-05
7.6555e-05
7.55045e-05
7.43625e-05
7.33436e-05
7.22445e-05
7.12631e-05
7.02121e-05
6.92744e-05
6.82759e-05
6.73875e-05
6.64457e-05
6.56091e-05
6.47293e-05
6.39495e-05
6.31327e-05
6.24124e-05
6.166e-05
6.10006e-05
6.03125e-05
5.97121e-05
5.90851e-05
5.8542e-05
5.79734e-05
5.74845e-05
5.69705e-05
5.65292e-05
5.60663e-05
5.56636e-05
5.52425e-05
5.48723e-05
5.44858e-05
5.41416e-05
5.3781e-05
5.3456e-05
5.31141e-05
5.28023e-05
5.24647e-05
5.21565e-05
5.18531e-05
5.15497e-05
5.12494e-05
5.09589e-05
5.06733e-05
5.03983e-05
5.01233e-05
4.98317e-05
4.95834e-05
4.9309e-05
4.90686e-05
4.88092e-05
4.85759e-05
4.83319e-05
4.81083e-05
4.78728e-05
4.76507e-05
4.74173e-05
4.71911e-05
4.69519e-05
4.67139e-05
4.64618e-05
4.6205e-05
4.59325e-05
4.56497e-05
4.53502e-05
4.50386e-05
4.47093e-05
4.43651e-05
4.4003e-05
4.36248e-05
4.32302e-05
4.28205e-05
4.23989e-05
4.19642e-05
4.15132e-05
4.10523e-05
4.06016e-05
4.01726e-05
3.98095e-05
3.95614e-05
3.9526e-05
3.98225e-05
4.04913e-05
3.42468e-05
0.000104471
0.000103247
0.000102687
0.000101774
0.000100971
9.99491e-05
9.90283e-05
9.79692e-05
9.69972e-05
9.59328e-05
9.49384e-05
9.38769e-05
9.28777e-05
9.18271e-05
9.08288e-05
8.97908e-05
8.8797e-05
8.77715e-05
8.67825e-05
8.57695e-05
8.47855e-05
8.37823e-05
8.28029e-05
8.18069e-05
8.08328e-05
7.98429e-05
7.8874e-05
7.78841e-05
7.69248e-05
7.59451e-05
7.49857e-05
7.40153e-05
7.30614e-05
7.21005e-05
7.1154e-05
7.02037e-05
6.92682e-05
6.83317e-05
6.73981e-05
6.64566e-05
6.55218e-05
6.45836e-05
6.36544e-05
6.27263e-05
6.18118e-05
6.09007e-05
6.0007e-05
5.91228e-05
5.82584e-05
5.74083e-05
5.65789e-05
5.57661e-05
5.49776e-05
5.42075e-05
5.34624e-05
5.27363e-05
5.20371e-05
5.1364e-05
5.06e-05
4.9824e-05
4.90591e-05
4.8293e-05
4.7533e-05
4.67675e-05
4.59983e-05
4.52227e-05
4.44385e-05
4.36489e-05
4.28439e-05
4.20257e-05
4.12127e-05
4.0405e-05
3.95813e-05
3.87638e-05
3.79396e-05
3.71208e-05
3.63e-05
3.54846e-05
3.4672e-05
3.38658e-05
3.30648e-05
3.22656e-05
3.14765e-05
3.06933e-05
2.99249e-05
2.9167e-05
2.84275e-05
2.76986e-05
2.69939e-05
2.63095e-05
2.56608e-05
2.50474e-05
2.44715e-05
2.39705e-05
2.3603e-05
2.33035e-05
2.33054e-05
2.35804e-05
2.43407e-05
1.88913e-05
0.000118401
0.000117584
0.00011715
0.000116498
0.000115676
0.000114777
0.000113796
0.000112767
0.000111713
0.000110619
0.00010953
0.000108378
0.000107244
0.000106069
0.000104907
0.000103713
0.000102527
0.000101313
0.000100104
9.88718e-05
9.76419e-05
9.63908e-05
9.51416e-05
9.38716e-05
9.26058e-05
9.13201e-05
9.00407e-05
8.87414e-05
8.74466e-05
8.6138e-05
8.48305e-05
8.3516e-05
8.22019e-05
8.08834e-05
7.95672e-05
7.82492e-05
7.69363e-05
7.56238e-05
7.43218e-05
7.30229e-05
7.17355e-05
7.04519e-05
6.91794e-05
6.79076e-05
6.66512e-05
6.54047e-05
6.41592e-05
6.2926e-05
6.1697e-05
6.0477e-05
5.92646e-05
5.80602e-05
5.68641e-05
5.56756e-05
5.44957e-05
5.33244e-05
5.21619e-05
5.10115e-05
4.98711e-05
4.87468e-05
4.76373e-05
4.65431e-05
4.54556e-05
4.43826e-05
4.33239e-05
4.22828e-05
4.12601e-05
4.02561e-05
3.92813e-05
3.83291e-05
3.7405e-05
3.65068e-05
3.56397e-05
3.48005e-05
3.39932e-05
3.32086e-05
3.2455e-05
3.17242e-05
3.1022e-05
3.03415e-05
2.96836e-05
2.90408e-05
2.8419e-05
2.78105e-05
2.68231e-05
2.58567e-05
2.48912e-05
2.39932e-05
2.31029e-05
2.22826e-05
2.14778e-05
2.07477e-05
2.00432e-05
1.94181e-05
1.88115e-05
1.83989e-05
1.81744e-05
1.79818e-05
1.87168e-05
1.44602e-05
0.000134291
0.000133972
0.000133681
0.000133339
0.000132548
0.000131819
0.00013085
0.000129939
0.000128893
0.000127878
0.000126784
0.000125692
0.000124558
0.00012341
0.000122236
0.000121039
0.000119825
0.000118584
0.00011733
0.000116049
0.000114757
0.000113437
0.000112108
0.000110751
0.000109384
0.000107989
0.000106592
0.00010519
0.000103752
0.00010232
0.00010086
9.93921e-05
9.79006e-05
9.63961e-05
9.48734e-05
9.33356e-05
9.17836e-05
9.02167e-05
8.86453e-05
8.70657e-05
8.54833e-05
8.38958e-05
8.23057e-05
8.07097e-05
7.9119e-05
7.75227e-05
7.59355e-05
7.4347e-05
7.27698e-05
7.11967e-05
6.96365e-05
6.80857e-05
6.65491e-05
6.50262e-05
6.35184e-05
6.20265e-05
6.05495e-05
5.90911e-05
5.76437e-05
5.62161e-05
5.4812e-05
5.34147e-05
5.20492e-05
5.06945e-05
4.93652e-05
4.8047e-05
4.67486e-05
4.5459e-05
4.41843e-05
4.29158e-05
4.16585e-05
4.04058e-05
3.91617e-05
3.79215e-05
3.66906e-05
3.54687e-05
3.42554e-05
3.30528e-05
3.18558e-05
3.06719e-05
2.94965e-05
2.83379e-05
2.71934e-05
2.60704e-05
2.49636e-05
2.38788e-05
2.28167e-05
2.1777e-05
2.07644e-05
1.9774e-05
1.88271e-05
1.79086e-05
1.7082e-05
1.63798e-05
1.5925e-05
1.60966e-05
1.6079e-05
1.58674e-05
1.58848e-05
1.31759e-05
0.000145435
0.000145831
0.000145677
0.000145695
0.000145069
0.00014463
0.000143851
0.000143207
0.000142367
0.000141603
0.000140722
0.000139872
0.000138951
0.000138031
0.000137066
0.000136084
0.00013507
0.00013403
0.000132966
0.000131871
0.000130756
0.000129606
0.000128438
0.000127233
0.000126011
0.000124752
0.000123477
0.000122166
0.000120831
0.000119478
0.000118099
0.000116694
0.000115266
0.000113812
0.000112337
0.000110836
0.000109313
0.000107764
0.000106195
0.0001046
0.000102973
0.000101336
9.96942e-05
9.79968e-05
9.63052e-05
9.45726e-05
9.2834e-05
9.10669e-05
8.92875e-05
8.74877e-05
8.56742e-05
8.38466e-05
8.20068e-05
8.01593e-05
7.83051e-05
7.64477e-05
7.45866e-05
7.27274e-05
7.08618e-05
6.90007e-05
6.71393e-05
6.5287e-05
6.34461e-05
6.16201e-05
5.98122e-05
5.80249e-05
5.62629e-05
5.4525e-05
5.28171e-05
5.1136e-05
4.94872e-05
4.78664e-05
4.62773e-05
4.47108e-05
4.3173e-05
4.16689e-05
4.01754e-05
3.87068e-05
3.72503e-05
3.58066e-05
3.43653e-05
3.2924e-05
3.14745e-05
3.0014e-05
2.8536e-05
2.70406e-05
2.55298e-05
2.4001e-05
2.24668e-05
2.09237e-05
1.93877e-05
1.78538e-05
1.63286e-05
1.48713e-05
1.35183e-05
1.24514e-05
1.20877e-05
1.36214e-05
1.38495e-05
1.43406e-05
0.000139924
0.000139827
0.000139793
0.000139642
0.000139599
0.00013941
0.000139338
0.000139122
0.000139012
0.000138771
0.000138622
0.000138356
0.000138162
0.000137867
0.000137628
0.000137302
0.000137017
0.000136656
0.000136324
0.000135926
0.000135545
0.000135105
0.000134673
0.000134188
0.000133701
0.000133164
0.000132616
0.000132016
0.000131394
0.000130384
0.000129307
0.000128189
0.000127051
0.000125879
0.000124686
0.000123462
0.000122216
0.000120943
0.000119642
0.000118307
0.000116942
0.000115546
0.000114118
0.00011265
0.000111157
0.000109622
0.000108059
0.000106456
0.000104823
0.000103153
0.000101449
9.97131e-05
9.79426e-05
9.61297e-05
9.42915e-05
9.24443e-05
9.05471e-05
8.86411e-05
8.66945e-05
8.47336e-05
8.27416e-05
8.07316e-05
7.86953e-05
7.66371e-05
7.45545e-05
7.24426e-05
7.03125e-05
6.81576e-05
6.59876e-05
6.37993e-05
6.16025e-05
5.93964e-05
5.71922e-05
5.49917e-05
5.28052e-05
5.06373e-05
4.84975e-05
4.63905e-05
4.43248e-05
4.23025e-05
4.03294e-05
3.84034e-05
3.6526e-05
3.46907e-05
3.28842e-05
3.11062e-05
2.9374e-05
2.76169e-05
2.58801e-05
2.41148e-05
2.23354e-05
2.04997e-05
1.85966e-05
1.6637e-05
1.4688e-05
1.27379e-05
1.10738e-05
1.00898e-05
1.19783e-05
1.2132e-05
0.000115581
0.000115932
0.000116072
0.000116251
0.000116379
0.000116516
0.000116636
0.000116742
0.00011685
0.000116928
0.000117021
0.000117073
0.000117147
0.000117177
0.000117227
0.000117234
0.000117259
0.000117242
0.000117239
0.000117195
0.000117161
0.000117089
0.000117022
0.000116919
0.000116816
0.000116678
0.000116535
0.00011636
0.000116176
0.000115964
0.000115749
0.000115507
0.000115258
0.000114985
0.000114702
0.000114396
0.000114076
0.000113732
0.000113364
0.000112973
0.000112556
0.000112112
0.00011164
0.000111136
0.0001106
0.000110026
0.000109416
0.000108772
0.000108095
0.000107383
0.000106635
0.000105839
0.000104994
0.000104092
0.000103128
0.00010209
0.000100504
9.88541e-05
9.71299e-05
9.53737e-05
9.35594e-05
9.171e-05
8.98152e-05
8.78861e-05
8.59335e-05
8.39676e-05
8.19393e-05
7.98766e-05
7.7771e-05
7.56274e-05
7.34488e-05
7.12331e-05
6.89803e-05
6.66909e-05
6.43617e-05
6.1991e-05
5.95767e-05
5.71146e-05
5.46058e-05
5.20464e-05
4.94412e-05
4.67905e-05
4.41041e-05
4.1389e-05
3.86611e-05
3.59365e-05
3.32399e-05
3.05919e-05
2.80173e-05
2.55433e-05
2.31428e-05
2.08257e-05
1.85806e-05
1.6322e-05
1.41427e-05
1.21449e-05
1.03232e-05
8.93059e-06
8.38424e-06
1.15462e-05
7.4128e-05
7.4617e-05
7.4719e-05
7.50362e-05
7.51517e-05
7.54201e-05
7.55566e-05
7.57924e-05
7.59461e-05
7.61591e-05
7.63242e-05
7.65207e-05
7.66921e-05
7.68762e-05
7.70491e-05
7.72233e-05
7.73945e-05
7.75598e-05
7.77263e-05
7.7883e-05
7.80427e-05
7.81906e-05
7.83417e-05
7.84806e-05
7.86219e-05
7.87512e-05
7.88818e-05
7.90016e-05
7.91221e-05
7.92338e-05
7.93457e-05
7.94486e-05
7.95505e-05
7.96428e-05
7.97317e-05
7.98106e-05
7.98827e-05
7.99437e-05
7.99997e-05
8.00454e-05
8.00837e-05
8.01113e-05
8.01298e-05
8.0137e-05
8.01342e-05
8.01197e-05
8.00951e-05
8.00592e-05
8.00069e-05
7.9937e-05
7.98455e-05
7.97301e-05
7.95874e-05
7.94151e-05
7.92096e-05
7.89693e-05
7.8697e-05
7.84093e-05
7.80842e-05
7.77372e-05
7.73465e-05
7.69182e-05
7.64306e-05
7.57373e-05
7.47904e-05
7.37819e-05
7.27159e-05
7.15969e-05
7.04199e-05
6.91771e-05
6.78712e-05
6.65166e-05
6.50689e-05
6.355e-05
6.19406e-05
6.02423e-05
5.84471e-05
5.65506e-05
5.4552e-05
5.24474e-05
5.0241e-05
4.79332e-05
4.55319e-05
4.30424e-05
4.04757e-05
3.78431e-05
3.51437e-05
3.23859e-05
2.95634e-05
2.66215e-05
2.36382e-05
2.05698e-05
1.75706e-05
1.46742e-05
1.19709e-05
9.61759e-06
7.78161e-06
6.54917e-06
5.87753e-06
6.77252e-06
6.88161e-06
6.90331e-06
6.91649e-06
6.93348e-06
6.95041e-06
6.9693e-06
6.98692e-06
7.00685e-06
7.02538e-06
7.0462e-06
7.06551e-06
7.08718e-06
7.10732e-06
7.1297e-06
7.15076e-06
7.17375e-06
7.19578e-06
7.21937e-06
7.24242e-06
7.26663e-06
7.29072e-06
7.31564e-06
7.34079e-06
7.36654e-06
7.39283e-06
7.41961e-06
7.44713e-06
7.4751e-06
7.50401e-06
7.53339e-06
7.56376e-06
7.59465e-06
7.62661e-06
7.65913e-06
7.69275e-06
7.72706e-06
7.76251e-06
7.79879e-06
7.83631e-06
7.87474e-06
7.91451e-06
7.9553e-06
7.99749e-06
8.04086e-06
8.08569e-06
8.13181e-06
8.17937e-06
8.22819e-06
8.27824e-06
8.32953e-06
8.382e-06
8.43573e-06
8.49074e-06
8.54721e-06
8.60531e-06
8.66542e-06
8.72793e-06
8.79278e-06
8.85905e-06
8.92722e-06
8.99535e-06
9.06371e-06
9.12972e-06
9.19284e-06
9.25536e-06
9.32133e-06
9.38909e-06
9.46039e-06
9.53414e-06
9.61134e-06
9.69246e-06
9.77773e-06
9.86426e-06
9.95577e-06
1.00493e-05
1.01465e-05
1.02466e-05
1.03496e-05
1.04561e-05
1.05656e-05
1.06798e-05
1.07985e-05
1.09238e-05
1.10564e-05
1.11979e-05
1.13463e-05
1.14898e-05
1.16013e-05
1.15955e-05
1.14115e-05
1.08981e-05
9.79965e-06
8.02225e-06
5.87592e-06
3.65154e-06
2.65164e-06
2.56287e-06
3.92297e-06
4.02185e-06
4.3336e-06
1.09362e-05
2.07555e-06
2.59794e-06
3.51401e-06
4.54481e-06
5.62252e-06
6.48745e-06
7.33396e-06
8.14368e-06
8.89752e-06
9.60028e-06
1.03159e-05
1.1408e-05
1.32365e-05
1.53886e-05
1.78095e-05
1.75946e-05
1.55582e-05
1.03367e-05
4.00836e-06
5.87375e-06
2.18397e-06
2.47281e-06
3.18286e-06
4.0563e-06
4.86535e-06
5.6886e-06
6.54455e-06
7.40601e-06
8.28571e-06
9.24763e-06
1.03304e-05
1.19409e-05
1.39934e-05
1.69341e-05
1.82745e-05
1.74724e-05
1.47418e-05
9.58081e-06
3.9821e-06
4.93946e-06
2.69374e-06
2.90082e-06
3.41697e-06
4.01059e-06
4.71315e-06
5.47504e-06
6.30744e-06
7.21049e-06
8.36315e-06
9.46487e-06
1.09295e-05
1.28202e-05
1.56838e-05
1.79366e-05
1.82649e-05
1.71472e-05
1.40362e-05
8.95001e-06
3.85812e-06
5.05328e-06
3.43906e-06
3.63818e-06
3.87473e-06
4.36481e-06
4.92361e-06
5.66474e-06
6.56831e-06
7.69392e-06
9.43588e-06
1.1101e-05
1.2815e-05
1.55601e-05
1.80836e-05
1.91057e-05
1.87606e-05
1.70267e-05
1.33038e-05
8.05442e-06
3.27407e-06
5.68768e-06
4.47793e-06
4.61759e-06
4.63249e-06
5.19127e-06
5.68443e-06
6.57036e-06
7.81341e-06
9.54945e-06
1.29458e-05
1.46121e-05
1.68889e-05
1.91859e-05
2.03039e-05
2.03458e-05
1.92003e-05
1.65687e-05
1.25618e-05
7.0044e-06
2.37509e-06
6.89491e-06
5.97637e-06
6.04693e-06
6.02022e-06
6.7615e-06
7.73626e-06
9.29554e-06
1.15157e-05
1.59287e-05
1.92739e-05
2.07708e-05
2.21689e-05
2.29125e-05
2.27515e-05
2.16356e-05
1.91309e-05
1.60084e-05
1.17122e-05
5.24432e-06
1.43426e-06
9.03655e-06
8.61711e-06
8.84361e-06
9.42242e-06
1.11135e-05
1.35682e-05
1.69414e-05
2.18261e-05
2.85139e-05
2.91965e-05
2.89091e-05
2.81842e-05
2.68346e-05
2.47655e-05
2.17423e-05
1.85687e-05
1.4954e-05
1.02656e-05
3.85894e-06
6.92302e-07
1.46265e-05
1.60889e-05
1.73068e-05
1.95913e-05
2.31131e-05
2.74208e-05
3.29802e-05
3.99287e-05
3.99009e-05
3.7649e-05
3.43088e-05
3.16458e-05
2.81444e-05
2.49681e-05
2.09159e-05
1.716e-05
1.30063e-05
8.20197e-06
2.82264e-06
2.90293e-07
3.24946e-05
3.54588e-05
3.66909e-05
3.9154e-05
4.36192e-05
4.79604e-05
5.20126e-05
4.77943e-05
4.42377e-05
4.02822e-05
3.65094e-05
3.26489e-05
2.85399e-05
2.34082e-05
1.86621e-05
1.41535e-05
1.03759e-05
7.10802e-06
2.80137e-06
1.66881e-07
5.27833e-05
5.56689e-05
5.59317e-05
5.7439e-05
6.22917e-05
5.95737e-05
5.52906e-05
5.03572e-05
4.62784e-05
4.13314e-05
3.72715e-05
3.20804e-05
2.70987e-05
1.98423e-05
1.42199e-05
1.00186e-05
8.33611e-06
7.43346e-06
3.67012e-06
2.51632e-07
5.02928e-05
5.30284e-05
5.34115e-05
5.50061e-05
5.98164e-05
5.78348e-05
5.37493e-05
4.90006e-05
4.51585e-05
4.03841e-05
3.67123e-05
3.15981e-05
2.76594e-05
2.05386e-05
1.49326e-05
1.01235e-05
8.05661e-06
6.65963e-06
3.06922e-06
2.11896e-07
2.79519e-05
3.08548e-05
3.22269e-05
3.47063e-05
3.91075e-05
4.36647e-05
4.95552e-05
4.5604e-05
4.26068e-05
3.84174e-05
3.56572e-05
3.13421e-05
2.83631e-05
2.39127e-05
1.93422e-05
1.45673e-05
1.01252e-05
6.08042e-06
2.07284e-06
1.54974e-07
1.30777e-05
1.40065e-05
1.49762e-05
1.70191e-05
2.01745e-05
2.42151e-05
2.94691e-05
3.63602e-05
3.97602e-05
3.61295e-05
3.40067e-05
3.05997e-05
2.76745e-05
2.45077e-05
2.12695e-05
1.73806e-05
1.2926e-05
7.76874e-06
2.42118e-06
1.81382e-07
8.63497e-06
8.1091e-06
8.25481e-06
8.64588e-06
1.00581e-05
1.21929e-05
1.51837e-05
1.97886e-05
2.62552e-05
2.74204e-05
2.77266e-05
2.7541e-05
2.66371e-05
2.47369e-05
2.14539e-05
1.86313e-05
1.48781e-05
1.00203e-05
3.51002e-06
4.15025e-07
6.73767e-06
5.80323e-06
5.86727e-06
5.82954e-06
6.50973e-06
7.36672e-06
8.74763e-06
1.07298e-05
1.47986e-05
1.81431e-05
1.99302e-05
2.16834e-05
2.27114e-05
2.27533e-05
2.18238e-05
1.89612e-05
1.58258e-05
1.15321e-05
5.13477e-06
1.18445e-06
5.62138e-06
4.42704e-06
4.56449e-06
4.60687e-06
5.15385e-06
5.64376e-06
6.48674e-06
7.63608e-06
9.23671e-06
1.23405e-05
1.41136e-05
1.64782e-05
1.90203e-05
2.03226e-05
2.04392e-05
1.9347e-05
1.64183e-05
1.24364e-05
6.96131e-06
2.23619e-06
5.043e-06
3.43597e-06
3.6383e-06
3.91639e-06
4.41443e-06
4.99491e-06
5.72965e-06
6.61108e-06
7.68693e-06
9.33222e-06
1.0907e-05
1.26526e-05
1.53884e-05
1.80981e-05
1.9234e-05
1.88863e-05
1.70949e-05
1.32094e-05
8.04363e-06
3.225e-06
5.04921e-06
2.73404e-06
2.93372e-06
3.46516e-06
4.09382e-06
4.80645e-06
5.58322e-06
6.42064e-06
7.31246e-06
8.42267e-06
9.50208e-06
1.09357e-05
1.28108e-05
1.56299e-05
1.80217e-05
1.83869e-05
1.7209e-05
1.39545e-05
8.96215e-06
3.80978e-06
6.12695e-06
2.24246e-06
2.53628e-06
3.25486e-06
4.13563e-06
4.98855e-06
5.82104e-06
6.68572e-06
7.55459e-06
8.42723e-06
9.37036e-06
1.04319e-05
1.20274e-05
1.40663e-05
1.6971e-05
1.83679e-05
1.75182e-05
1.47297e-05
9.59504e-06
3.95949e-06
1.09725e-05
2.13928e-06
2.66072e-06
3.59518e-06
4.64259e-06
5.72213e-06
6.6437e-06
7.49188e-06
8.31209e-06
9.06831e-06
9.76946e-06
1.04687e-05
1.15058e-05
1.32798e-05
1.54486e-05
1.78724e-05
1.76267e-05
1.55266e-05
1.03602e-05
3.99465e-06
1.23421e-06
0.000116558
0.000294184
0.000330906
0.00033481
0.000335356
0.000335357
0.000335342
0.000335343
0.000335345
0.000335345
0.000335343
0.000335342
0.000335357
0.000335356
0.00033481
0.000330906
0.000294184
0.000116558
1.23421e-06
1.36973e-06
6.81666e-05
0.000219583
0.000309503
0.000330909
0.000334527
0.000335273
0.000335315
0.000335296
0.000335287
0.000335287
0.000335296
0.000335315
0.000335273
0.000334527
0.000330909
0.000309503
0.000219583
6.81667e-05
1.36973e-06
1.51337e-06
5.28968e-05
0.000176461
0.000280581
0.000322148
0.000332504
0.000334604
0.0003351
0.000335168
0.000335172
0.000335172
0.000335168
0.0003351
0.000334604
0.000332504
0.000322148
0.000280581
0.000176461
5.28968e-05
1.51337e-06
1.65541e-06
4.39377e-05
0.000148161
0.000254263
0.0003093
0.000328588
0.000333554
0.000334803
0.000335047
0.00033508
0.00033508
0.000335047
0.000334803
0.000333554
0.000328588
0.0003093
0.000254263
0.000148161
4.39378e-05
1.65541e-06
1.79645e-06
3.71601e-05
0.000127214
0.000231224
0.000295242
0.000322611
0.000331765
0.000334129
0.0003348
0.00033494
0.00033494
0.0003348
0.000334129
0.000331765
0.000322611
0.000295242
0.000231224
0.000127214
3.71601e-05
1.79645e-06
1.93636e-06
3.2066e-05
0.000111061
0.00021123
0.00028097
0.000315385
0.000328853
0.0003332
0.000334472
0.00033478
0.00033478
0.000334472
0.0003332
0.000328853
0.000315385
0.00028097
0.00021123
0.000111061
3.20659e-05
1.93636e-06
2.07393e-06
2.8218e-05
9.83563e-05
0.00019394
0.000267069
0.000307359
0.000325177
0.000331844
0.000333904
0.000334513
0.000334513
0.000333904
0.000331844
0.000325177
0.000307359
0.000267069
0.00019394
9.83562e-05
2.8218e-05
2.07393e-06
2.2085e-06
2.52345e-05
8.81458e-05
0.000178946
0.000253827
0.000298867
0.000320816
0.000329912
0.000333145
0.000334153
0.000334153
0.000333145
0.000329912
0.000320816
0.000298867
0.000253827
0.000178946
8.81457e-05
2.52344e-05
2.2085e-06
2.3387e-06
2.28833e-05
7.98172e-05
0.000165914
0.000241396
0.00029018
0.000315928
0.000327568
0.000332164
0.000333602
0.000333602
0.000332164
0.000327568
0.000315928
0.00029018
0.000241396
0.000165914
7.98171e-05
2.28832e-05
2.3387e-06
2.46394e-06
2.0983e-05
7.29043e-05
0.000154521
0.000229814
0.000281486
0.000310644
0.000324815
0.000330837
0.000332879
0.000332879
0.000330837
0.000324815
0.000310644
0.000281486
0.000229814
0.000154521
7.29041e-05
2.09829e-05
2.46394e-06
2.58305e-06
1.94333e-05
6.71023e-05
0.000144522
0.00021908
0.000272922
0.000305083
0.000321705
0.000329233
0.000331992
0.000331992
0.000329233
0.000321705
0.000305083
0.000272922
0.00021908
0.000144521
6.71021e-05
1.94333e-05
2.58306e-06
2.69579e-06
1.81416e-05
6.21635e-05
0.000135687
0.00020915
0.000264573
0.000299343
0.000318292
0.000327354
0.000330843
0.000330843
0.000327354
0.000318291
0.000299342
0.000264573
0.00020915
0.000135687
6.21633e-05
1.81416e-05
2.69579e-06
2.80121e-06
1.70616e-05
5.79248e-05
0.000127849
0.000199976
0.0002565
0.000293506
0.000314624
0.000325205
0.000329432
0.000329432
0.000325205
0.000314624
0.000293505
0.0002565
0.000199976
0.000127849
5.79246e-05
1.70616e-05
2.80121e-06
2.89938e-06
1.61474e-05
5.42478e-05
0.000120853
0.000191497
0.000248734
0.000287635
0.000310748
0.000322803
0.000327776
0.000327776
0.000322803
0.000310748
0.000287635
0.000248734
0.000191497
0.000120853
5.42476e-05
1.61474e-05
2.89939e-06
2.9896e-06
1.53692e-05
5.10397e-05
0.000114588
0.00018366
0.000241295
0.000281785
0.000306709
0.00032017
0.000325879
0.000325879
0.00032017
0.000306709
0.000281784
0.000241295
0.00018366
0.000114588
5.10395e-05
1.53692e-05
2.98961e-06
3.07232e-06
1.47003e-05
4.82152e-05
0.000108945
0.000176405
0.000234187
0.00027599
0.000302543
0.000317329
0.000323751
0.000323751
0.000317329
0.000302543
0.00027599
0.000234187
0.000176404
0.000108945
4.82151e-05
1.47003e-05
3.07232e-06
3.14699e-06
1.41264e-05
4.57184e-05
0.000103849
0.000169683
0.000227409
0.000270284
0.000298287
0.000314304
0.000321405
0.000321405
0.000314304
0.000298286
0.000270283
0.000227409
0.000169683
0.000103848
4.57183e-05
1.41264e-05
3.14699e-06
3.21438e-06
1.36291e-05
4.34949e-05
9.92217e-05
0.000163443
0.000220951
0.000264684
0.000293967
0.000311117
0.000318859
0.000318859
0.000311117
0.000293966
0.000264684
0.000220951
0.000163443
9.92215e-05
4.34948e-05
1.36291e-05
3.21437e-06
3.27399e-06
1.32006e-05
4.15088e-05
9.50115e-05
0.000157646
0.000214806
0.000259209
0.00028961
0.000307792
0.00031613
0.00031613
0.000307792
0.000289609
0.000259209
0.000214806
0.000157646
9.50114e-05
4.15088e-05
1.32006e-05
3.27398e-06
3.3269e-06
1.2828e-05
3.97247e-05
9.11643e-05
0.000152247
0.000208958
0.000253868
0.000285237
0.00030435
0.000313237
0.000313237
0.00030435
0.000285236
0.000253868
0.000208958
0.000152247
9.11642e-05
3.97247e-05
1.2828e-05
3.3269e-06
3.37259e-06
1.25073e-05
3.81177e-05
8.76414e-05
0.000147215
0.000203397
0.000248669
0.000280867
0.000300814
0.000310202
0.000310202
0.000300814
0.000280867
0.000248669
0.000203396
0.000147215
8.76413e-05
3.81177e-05
1.25073e-05
3.37258e-06
3.41241e-06
1.22288e-05
3.66646e-05
8.44035e-05
0.000142514
0.000198104
0.000243616
0.000276515
0.000297202
0.000307044
0.000307044
0.000297202
0.000276515
0.000243616
0.000198104
0.000142514
8.44035e-05
3.66646e-05
1.22288e-05
3.4124e-06
3.44566e-06
1.19915e-05
3.53461e-05
8.14219e-05
0.000138119
0.000193068
0.000238711
0.000272195
0.000293532
0.00030378
0.00030378
0.000293532
0.000272195
0.000238711
0.000193068
0.000138119
8.14218e-05
3.53461e-05
1.19915e-05
3.44566e-06
3.47402e-06
1.1787e-05
3.41488e-05
7.8668e-05
0.000134001
0.000188273
0.000233954
0.000267917
0.00028982
0.00030043
0.00030043
0.00028982
0.000267917
0.000233954
0.000188273
0.000134001
7.86679e-05
3.41487e-05
1.1787e-05
3.47402e-06
3.49649e-06
1.16128e-05
3.30554e-05
7.61199e-05
0.000130139
0.000183707
0.000229345
0.000263691
0.000286082
0.00029701
0.00029701
0.000286081
0.000263691
0.000229344
0.000183707
0.000130139
7.61198e-05
3.30555e-05
1.16128e-05
3.49648e-06
3.51512e-06
1.14696e-05
3.20598e-05
7.37563e-05
0.00012651
0.000179356
0.00022488
0.000259524
0.000282329
0.000293536
0.000293536
0.000282329
0.000259524
0.00022488
0.000179355
0.00012651
7.37561e-05
3.20597e-05
1.14696e-05
3.51511e-06
3.52846e-06
1.13485e-05
3.11463e-05
7.15601e-05
0.000123097
0.000175207
0.000220558
0.000255421
0.000278574
0.000290022
0.000290022
0.000278574
0.000255421
0.000220558
0.000175207
0.000123097
7.15601e-05
3.11463e-05
1.13485e-05
3.52845e-06
3.53792e-06
1.12562e-05
3.0313e-05
6.95152e-05
0.000119881
0.000171249
0.000216375
0.000251388
0.000274828
0.000286482
0.000286482
0.000274828
0.000251388
0.000216375
0.000171249
0.000119881
6.95151e-05
3.0313e-05
1.12563e-05
3.53792e-06
3.54511e-06
1.11813e-05
2.95464e-05
6.76085e-05
0.000116849
0.000167471
0.000212328
0.000247429
0.000271099
0.000282926
0.000282926
0.000271099
0.000247429
0.000212328
0.000167471
0.000116849
6.76086e-05
2.95464e-05
1.11814e-05
3.5451e-06
3.54863e-06
1.1132e-05
2.88463e-05
6.58273e-05
0.000113985
0.000163862
0.000208413
0.000243546
0.000267396
0.000279367
0.000279367
0.000267396
0.000243546
0.000208413
0.000163862
0.000113985
6.58272e-05
2.88464e-05
1.11321e-05
3.54863e-06
3.54914e-06
1.10977e-05
2.82014e-05
6.41613e-05
0.000111277
0.000160413
0.000204625
0.000239742
0.000263725
0.000275812
0.000275812
0.000263725
0.000239742
0.000204625
0.000160413
0.000111278
6.41616e-05
2.82015e-05
1.10977e-05
3.54914e-06
3.54717e-06
1.10875e-05
2.76134e-05
6.26008e-05
0.000108714
0.000157113
0.000200961
0.000236017
0.000260092
0.000272271
0.000272271
0.000260092
0.000236017
0.000200961
0.000157113
0.000108714
6.26007e-05
2.76134e-05
1.10876e-05
3.54716e-06
3.54301e-06
1.10907e-05
2.70717e-05
6.11376e-05
0.000106286
0.000153956
0.000197416
0.000232373
0.000256502
0.00026875
0.00026875
0.000256502
0.000232373
0.000197416
0.000153956
0.000106286
6.1138e-05
2.70719e-05
1.10906e-05
3.54301e-06
3.53695e-06
1.1117e-05
2.65797e-05
5.97638e-05
0.000103982
0.000150931
0.000193986
0.00022881
0.00025296
0.000265256
0.000265256
0.00025296
0.00022881
0.000193986
0.000150931
0.000103981
5.97636e-05
2.65797e-05
1.11172e-05
3.53694e-06
3.52925e-06
1.11558e-05
2.61273e-05
5.8473e-05
0.000101794
0.000148033
0.000190667
0.000225329
0.000249468
0.000261794
0.000261794
0.000249468
0.000225329
0.000190667
0.000148034
0.000101795
5.84735e-05
2.61275e-05
1.11557e-05
3.52924e-06
3.52011e-06
1.12175e-05
2.57193e-05
5.72589e-05
9.97151e-05
0.000145254
0.000187455
0.000221928
0.00024603
0.000258369
0.000258369
0.00024603
0.000221928
0.000187455
0.000145254
9.97147e-05
5.72586e-05
2.57193e-05
1.12177e-05
3.5201e-06
3.50981e-06
1.12914e-05
2.53461e-05
5.6117e-05
9.77371e-05
0.000142588
0.000184346
0.000218607
0.000242649
0.000254986
0.000254986
0.000242649
0.000218608
0.000184347
0.000142589
9.77379e-05
5.61176e-05
2.53463e-05
1.12913e-05
3.5098e-06
3.49846e-06
1.13881e-05
2.50133e-05
5.50419e-05
9.58527e-05
0.000140028
0.000181336
0.000215366
0.000239325
0.000251646
0.000251646
0.000239325
0.000215366
0.000181336
0.000140028
9.58521e-05
5.50416e-05
2.50133e-05
1.13883e-05
3.49845e-06
3.48635e-06
1.14974e-05
2.47114e-05
5.40301e-05
9.40571e-05
0.000137569
0.000178421
0.000212203
0.00023606
0.000248353
0.000248353
0.00023606
0.000212204
0.000178422
0.00013757
9.4058e-05
5.40307e-05
2.47116e-05
1.14973e-05
3.48635e-06
3.4735e-06
1.16323e-05
2.44473e-05
5.30761e-05
9.23442e-05
0.000135205
0.000175598
0.000209117
0.000232855
0.00024511
0.00024511
0.000232855
0.000209117
0.000175598
0.000135204
9.23436e-05
5.30758e-05
2.44473e-05
1.16325e-05
3.4735e-06
3.46026e-06
1.17725e-05
2.42114e-05
5.21791e-05
9.07092e-05
0.000132931
0.000172863
0.000206106
0.000229711
0.000241918
0.000241918
0.000229711
0.000206107
0.000172864
0.000132932
9.07102e-05
5.21798e-05
2.42117e-05
1.17724e-05
3.46025e-06
3.44651e-06
1.19443e-05
2.40099e-05
5.13317e-05
8.91483e-05
0.000130743
0.000170213
0.00020317
0.000226628
0.000238778
0.000238778
0.000226628
0.000203169
0.000170212
0.000130742
8.91477e-05
5.13315e-05
2.40099e-05
1.19445e-05
3.44651e-06
3.43269e-06
1.21206e-05
2.38411e-05
5.05345e-05
8.76575e-05
0.000128636
0.000167643
0.000200306
0.000223606
0.000235692
0.000235692
0.000223606
0.000200306
0.000167644
0.000128637
8.76585e-05
5.0535e-05
2.38413e-05
1.21203e-05
3.43268e-06
3.41853e-06
1.23285e-05
2.36919e-05
4.97809e-05
8.62332e-05
0.000126607
0.000165153
0.000197513
0.000220645
0.00023266
0.00023266
0.000220645
0.000197512
0.000165152
0.000126606
8.62324e-05
4.97806e-05
2.36918e-05
1.2329e-05
3.41853e-06
3.40458e-06
1.2539e-05
2.35709e-05
4.90681e-05
8.48691e-05
0.00012465
0.000162736
0.000194788
0.000217745
0.000229683
0.000229683
0.000217745
0.000194789
0.000162738
0.000124652
8.48704e-05
4.90686e-05
2.35705e-05
1.25384e-05
3.40458e-06
3.39041e-06
1.27796e-05
2.34714e-05
4.83931e-05
8.35656e-05
0.000122766
0.000160394
0.000192132
0.000214905
0.000226761
0.000226761
0.000214904
0.000192131
0.000160393
0.000122764
8.35641e-05
4.83926e-05
2.34724e-05
1.27806e-05
3.39042e-06
3.37669e-06
1.28396e-05
2.33863e-05
4.77455e-05
8.23122e-05
0.000120945
0.000158119
0.000189541
0.000212124
0.000223895
0.000223895
0.000212125
0.000189543
0.000158121
0.000120947
8.23142e-05
4.77465e-05
2.33856e-05
1.28385e-05
3.37668e-06
3.36342e-06
1.28978e-05
2.33111e-05
4.71273e-05
8.11131e-05
0.00011919
0.000155914
0.000187015
0.000209403
0.000221082
0.000221082
0.000209402
0.000187014
0.000155912
0.000119188
8.11111e-05
4.71263e-05
2.33122e-05
1.28993e-05
3.36344e-06
3.3506e-06
1.29619e-05
2.32357e-05
4.65252e-05
7.99551e-05
0.000117492
0.00015377
0.000184551
0.00020674
0.000218326
0.000218326
0.00020674
0.000184553
0.000153772
0.000117494
7.99569e-05
4.6526e-05
2.32346e-05
1.29602e-05
3.35058e-06
3.33815e-06
1.30266e-05
2.3161e-05
4.59451e-05
7.88421e-05
0.000115852
0.000151689
0.000182148
0.000204133
0.000215623
0.000215622
0.000204132
0.000182147
0.000151688
0.00011585
7.8841e-05
4.5945e-05
2.31627e-05
1.30286e-05
3.33817e-06
3.32612e-06
1.30984e-05
2.30803e-05
4.53778e-05
7.77665e-05
0.000114265
0.000149669
0.000179805
0.000201584
0.000212975
0.000212975
0.000201584
0.000179806
0.00014967
0.000114266
7.77663e-05
4.53768e-05
2.30781e-05
1.30965e-05
3.3261e-06
3.31442e-06
1.31703e-05
2.29966e-05
4.48244e-05
7.67227e-05
0.000112724
0.000147701
0.000177516
0.000199087
0.000210378
0.000210377
0.000199086
0.000177515
0.0001477
0.000112724
7.67237e-05
4.48263e-05
2.29994e-05
1.31721e-05
3.31445e-06
3.30314e-06
1.32479e-05
2.29088e-05
4.4288e-05
7.57177e-05
0.000111237
0.000145793
0.000175288
0.000196648
0.000207837
0.000207837
0.000196649
0.000175288
0.000145793
0.000111236
7.57153e-05
4.42846e-05
2.29051e-05
1.32464e-05
3.30312e-06
3.29218e-06
1.33263e-05
2.28158e-05
4.37573e-05
7.47327e-05
0.000109785
0.00014393
0.000173108
0.000194259
0.000205343
0.000205343
0.000194257
0.000173106
0.000143928
0.000109785
7.4735e-05
4.37611e-05
2.28203e-05
1.33278e-05
3.29221e-06
3.28163e-06
1.34084e-05
2.27244e-05
4.3249e-05
7.37867e-05
0.000108384
0.000142124
0.000170985
0.000191925
0.000202905
0.000202906
0.000191926
0.000170986
0.000142124
0.000108383
7.37831e-05
4.3244e-05
2.27186e-05
1.34071e-05
3.28161e-06
3.27141e-06
1.34919e-05
2.26276e-05
4.27422e-05
7.28545e-05
0.000107012
0.000140358
0.000168908
0.000189638
0.000200513
0.000200512
0.000189635
0.000168905
0.000140354
0.00010701
7.28564e-05
4.27463e-05
2.26343e-05
1.34934e-05
3.27145e-06
3.2616e-06
1.35782e-05
2.25375e-05
4.226e-05
7.19593e-05
0.000105686
0.000138643
0.000166885
0.000187404
0.000198175
0.000198175
0.000187406
0.000166887
0.000138645
0.000105686
7.1956e-05
4.22553e-05
2.25295e-05
1.35767e-05
3.26159e-06
3.25212e-06
1.36646e-05
2.24423e-05
4.17786e-05
7.10752e-05
0.000104385
0.000136965
0.000164903
0.000185214
0.000195879
0.000195877
0.000185211
0.000164898
0.000136959
0.00010438
7.10749e-05
4.17806e-05
2.24506e-05
1.36665e-05
3.25217e-06
3.24306e-06
1.37537e-05
2.23563e-05
4.13233e-05
7.02251e-05
0.000103126
0.000135335
0.000162973
0.000183077
0.000193637
0.000193638
0.000183079
0.000162976
0.000135338
0.000103127
7.02224e-05
4.132e-05
2.23468e-05
1.37517e-05
3.24307e-06
3.23434e-06
1.38425e-05
2.22689e-05
4.08705e-05
6.93852e-05
0.00010189
0.000133738
0.000161081
0.00018098
0.000191434
0.000191432
0.000180974
0.000161072
0.000133728
0.000101881
6.9382e-05
4.08705e-05
2.22778e-05
1.38449e-05
3.23442e-06
3.22603e-06
1.39326e-05
2.21887e-05
4.04361e-05
6.85743e-05
0.000100692
0.000132185
0.000159238
0.000178933
0.000189285
0.000189286
0.000178935
0.000159241
0.000132189
0.000100695
6.85721e-05
4.0432e-05
2.21783e-05
1.39304e-05
3.22605e-06
3.21804e-06
1.40238e-05
2.21123e-05
4.00118e-05
6.77748e-05
9.95162e-05
0.000130663
0.00015743
0.000176924
0.00018717
0.000187167
0.000176915
0.000157416
0.000130646
9.95007e-05
6.77669e-05
4.00125e-05
2.21211e-05
1.40262e-05
3.21816e-06
3.21046e-06
1.41139e-05
2.20406e-05
3.96048e-05
6.70005e-05
9.83735e-05
0.00012918
0.000155667
0.000174964
0.000185111
0.000185111
0.000174966
0.000155671
0.000129186
9.83775e-05
6.69987e-05
3.95973e-05
2.20292e-05
1.41118e-05
3.21051e-06
3.20319e-06
1.42059e-05
2.19763e-05
3.92085e-05
6.62394e-05
9.72525e-05
0.000127727
0.000153938
0.000173037
0.000183079
0.000183074
0.000173024
0.000153917
0.000127701
9.72269e-05
6.62243e-05
3.92083e-05
2.19854e-05
1.4208e-05
3.20337e-06
3.1963e-06
1.42958e-05
2.19159e-05
3.8829e-05
6.55021e-05
9.61615e-05
0.000126311
0.000152252
0.00017116
0.000181105
0.000181105
0.000171161
0.000152255
0.000126316
9.61666e-05
6.55007e-05
3.88179e-05
2.19037e-05
1.42943e-05
3.19643e-06
3.18972e-06
1.43882e-05
2.18646e-05
3.84605e-05
6.47779e-05
9.50914e-05
0.000124922
0.000150596
0.000169311
0.000179153
0.000179146
0.000169291
0.000150564
0.000124881
9.50508e-05
6.475e-05
3.84544e-05
2.18709e-05
1.43895e-05
3.19e-06
3.1835e-06
1.44769e-05
2.18154e-05
3.81076e-05
6.40759e-05
9.40484e-05
0.000123567
0.000148981
0.000167512
0.000177261
0.00017726
0.000167511
0.000148981
0.000123569
9.40516e-05
6.40744e-05
3.80979e-05
2.18064e-05
1.44764e-05
3.18376e-06
3.17757e-06
1.45696e-05
2.17786e-05
3.77676e-05
6.33886e-05
9.30271e-05
0.000122239
0.000147395
0.000165738
0.000175383
0.000175373
0.000165707
0.000147347
0.000122179
9.29659e-05
6.33418e-05
3.77471e-05
2.17774e-05
1.45702e-05
3.17801e-06
3.17195e-06
1.46564e-05
2.17418e-05
3.74421e-05
6.27211e-05
9.20291e-05
0.000120941
0.000145849
0.000164014
0.00017357
0.000173567
0.000164006
0.000145839
0.000120933
9.20232e-05
6.27132e-05
3.74313e-05
2.1736e-05
1.46565e-05
3.17244e-06
3.16662e-06
1.47487e-05
2.17189e-05
3.71301e-05
6.20709e-05
9.10557e-05
0.000119671
0.000144328
0.000162309
0.000171763
0.000171747
0.000162263
0.000144256
0.000119582
9.09643e-05
6.19996e-05
3.70957e-05
2.17126e-05
1.47487e-05
3.16734e-06
3.16156e-06
1.48338e-05
2.16946e-05
3.68321e-05
6.14381e-05
9.01016e-05
0.000118428
0.000142847
0.000160658
0.000170026
0.000170019
0.000160638
0.000142821
0.000118402
9.00778e-05
6.14148e-05
3.6811e-05
2.16858e-05
1.48345e-05
3.16245e-06
3.15676e-06
1.49253e-05
2.16868e-05
3.65487e-05
6.08254e-05
8.91758e-05
0.000117215
0.00014139
0.00015902
0.000168285
0.00016826
0.000158948
0.000141279
0.000117078
8.90353e-05
6.07145e-05
3.64949e-05
2.1678e-05
1.49248e-05
3.15798e-06
3.15217e-06
1.50082e-05
2.1674e-05
3.62781e-05
6.02281e-05
8.82656e-05
0.000116026
0.000139973
0.00015744
0.000166622
0.000166607
0.000157397
0.000139914
0.000115963
8.82075e-05
6.01771e-05
3.62409e-05
2.16599e-05
1.5009e-05
3.15374e-06
3.14783e-06
1.50988e-05
2.16818e-05
3.60232e-05
5.96539e-05
8.73882e-05
0.00011487
0.000138578
0.000155867
0.000164941
0.000164903
0.000155753
0.000138405
0.000114658
8.71733e-05
5.94814e-05
3.59349e-05
2.16643e-05
1.50978e-05
3.14991e-06
3.14362e-06
1.51791e-05
2.16814e-05
3.57823e-05
5.90944e-05
8.65231e-05
0.000113736
0.000137225
0.000154357
0.000163349
0.000163322
0.000154272
0.000137105
0.000113601
8.63968e-05
5.89878e-05
3.5718e-05
2.16652e-05
1.51801e-05
3.14634e-06
3.1396e-06
1.52691e-05
2.17047e-05
3.55557e-05
5.85621e-05
8.5699e-05
0.00011264
0.000135894
0.000152848
0.000161726
0.000161668
0.000152664
0.00013562
0.000112309
8.53689e-05
5.82964e-05
3.54155e-05
2.16715e-05
1.52663e-05
3.14319e-06
3.13563e-06
1.5347e-05
2.17168e-05
3.5344e-05
5.80421e-05
8.48823e-05
0.000111567
0.000134609
0.000151411
0.000160205
0.000160158
0.00015125
0.00013438
0.000111304
8.46327e-05
5.78329e-05
3.52251e-05
2.16919e-05
1.53479e-05
3.14035e-06
3.13175e-06
1.54373e-05
2.17571e-05
3.51457e-05
5.75561e-05
8.41186e-05
0.000110537
0.000133347
0.000149967
0.000158634
0.000158542
0.000149666
0.000132904
0.00011001
8.35971e-05
5.71384e-05
3.4927e-05
2.17084e-05
1.54304e-05
3.13793e-06
3.12768e-06
1.55144e-05
2.1782e-05
3.49653e-05
5.70831e-05
8.33623e-05
0.000109535
0.000132139
0.000148608
0.000157185
0.000157103
0.000148317
0.00013172
0.000109049
8.28959e-05
5.66955e-05
3.47518e-05
2.17372e-05
1.55106e-05
3.13597e-06
3.12335e-06
1.56076e-05
2.18427e-05
3.47991e-05
5.66531e-05
8.2674e-05
0.000108583
0.000130957
0.000147235
0.000155665
0.000155519
0.000146742
0.000130234
0.000107733
8.18318e-05
5.59788e-05
3.44407e-05
2.17658e-05
1.55903e-05
3.13445e-06
3.11876e-06
1.56929e-05
2.18832e-05
3.46547e-05
5.62347e-05
8.19924e-05
0.000107669
0.000129839
0.000145963
0.000154289
0.000154144
0.000145448
0.000129091
0.0001068
8.11489e-05
5.55456e-05
3.42811e-05
2.18107e-05
1.56681e-05
3.13361e-06
3.11363e-06
1.58021e-05
2.19686e-05
3.4522e-05
5.5873e-05
8.14029e-05
0.000106818
0.000128756
0.000144676
0.000152822
0.000152586
0.000143864
0.000127572
0.000105437
8.00337e-05
5.47761e-05
3.39388e-05
2.18415e-05
1.57437e-05
3.13331e-06
3.10803e-06
1.59018e-05
2.20269e-05
3.4423e-05
5.55268e-05
8.08201e-05
0.000106026
0.000127758
0.000143513
0.000151526
0.000151277
0.000142618
0.000126452
0.000104506
7.9339e-05
5.43373e-05
3.37812e-05
2.19003e-05
1.58196e-05
3.13401e-06
3.10188e-06
1.60318e-05
2.21449e-05
3.43397e-05
5.52656e-05
8.03733e-05
0.000105313
0.000126812
0.00014233
0.000150112
0.000149728
0.000140998
0.000124865
0.000103056
7.81366e-05
5.34693e-05
3.33927e-05
2.19391e-05
1.58896e-05
3.13548e-06
3.09396e-06
1.61554e-05
2.22373e-05
3.43142e-05
5.50335e-05
7.99389e-05
0.000104707
0.000125986
0.00014132
0.000148924
0.000148495
0.000139786
0.000123733
0.000102089
7.73784e-05
5.30122e-05
3.32296e-05
2.20048e-05
1.59604e-05
3.13847e-06
3.08495e-06
1.63171e-05
2.23742e-05
3.4336e-05
5.49533e-05
7.97274e-05
0.0001042
0.000125261
0.000140299
0.000147584
0.000146954
0.000138105
0.000122038
0.000100494
7.6043e-05
5.19943e-05
3.27713e-05
2.20556e-05
1.6019e-05
3.1427e-06
3.07253e-06
1.64761e-05
2.24793e-05
3.4405e-05
5.49369e-05
7.95916e-05
0.000103937
0.000124699
0.000139509
0.000146542
0.000145799
0.000136902
0.000120827
9.94501e-05
7.51985e-05
5.14904e-05
3.25957e-05
2.21346e-05
1.60767e-05
3.14925e-06
3.06104e-06
1.66739e-05
2.2672e-05
3.4564e-05
5.50415e-05
7.96592e-05
0.000103778
0.000124373
0.000133963
0.000142259
0.00014432
0.000135115
0.000118936
9.76132e-05
7.35766e-05
5.02481e-05
3.20455e-05
2.22003e-05
1.61135e-05
3.15794e-06
3.04064e-06
1.69028e-05
2.28466e-05
3.48139e-05
5.53967e-05
7.98988e-05
0.000103989
0.00012428
0.000138367
0.000125746
8.99384e-05
8.67208e-05
9.9751e-05
9.42472e-05
7.07526e-05
4.86912e-05
3.18628e-05
2.22931e-05
1.61491e-05
3.17042e-06
3.02437e-06
1.71909e-05
2.31396e-05
3.52661e-05
5.59215e-05
8.06934e-05
0.000101457
8.8855e-05
8.1387e-05
8.83671e-05
0.000102551
9.67844e-05
7.89718e-05
6.65358e-05
5.58241e-05
4.23069e-05
2.9716e-05
2.2378e-05
1.61508e-05
3.1867e-06
2.99066e-06
1.74776e-05
2.33813e-05
3.58364e-05
5.69878e-05
8.00159e-05
7.56078e-05
7.40169e-05
7.1461e-05
6.78192e-05
6.50113e-05
6.31052e-05
6.054e-05
5.55724e-05
4.72691e-05
3.69944e-05
2.77079e-05
2.20405e-05
1.61429e-05
3.20902e-06
2.96492e-06
1.79072e-05
2.38241e-05
3.68152e-05
5.83057e-05
5.73065e-05
5.38814e-05
5.25732e-05
5.24506e-05
5.2392e-05
5.20382e-05
5.09526e-05
4.86518e-05
4.47155e-05
3.89309e-05
3.18016e-05
2.53613e-05
2.15232e-05
1.6076e-05
3.23752e-06
2.90798e-06
1.82577e-05
2.428e-05
3.80594e-05
4.4345e-05
4.11087e-05
4.00478e-05
3.99165e-05
4.02209e-05
4.05179e-05
4.05483e-05
4.00038e-05
3.85453e-05
3.58544e-05
3.19889e-05
2.74759e-05
2.34391e-05
2.1007e-05
1.59701e-05
3.27515e-06
2.86216e-06
1.87996e-05
2.50882e-05
3.39661e-05
3.11816e-05
2.98806e-05
2.98697e-05
3.04651e-05
3.11058e-05
3.16091e-05
3.18537e-05
3.15651e-05
3.06688e-05
2.90216e-05
2.65084e-05
2.35302e-05
2.12705e-05
2.04201e-05
1.57464e-05
3.32246e-06
2.76338e-06
1.87778e-05
2.48615e-05
2.37382e-05
2.21777e-05
2.20176e-05
2.26025e-05
2.33488e-05
2.40935e-05
2.4715e-05
2.51195e-05
2.51578e-05
2.46952e-05
2.35243e-05
2.19636e-05
2.05074e-05
1.98163e-05
1.9912e-05
1.543e-05
3.38354e-06
2.67835e-06
1.81948e-05
1.83556e-05
1.63315e-05
1.58883e-05
1.63016e-05
1.71487e-05
1.81173e-05
1.89762e-05
1.96694e-05
2.01247e-05
2.02599e-05
1.99955e-05
1.94893e-05
1.86766e-05
1.80409e-05
1.82244e-05
1.92281e-05
1.50231e-05
3.45959e-06
2.4946e-06
1.47931e-05
1.21828e-05
1.12781e-05
1.16116e-05
1.23537e-05
1.33305e-05
1.42223e-05
1.49907e-05
1.56849e-05
1.62225e-05
1.6529e-05
1.65855e-05
1.62511e-05
1.60131e-05
1.6282e-05
1.74977e-05
1.87339e-05
1.43678e-05
3.5571e-06
2.30017e-06
9.69963e-06
7.85529e-06
7.84581e-06
8.48906e-06
9.35124e-06
1.03244e-05
1.12323e-05
1.21027e-05
1.28445e-05
1.34134e-05
1.37735e-05
1.38971e-05
1.41368e-05
1.44935e-05
1.53241e-05
1.68103e-05
1.79663e-05
1.35064e-05
3.67411e-06
1.92416e-06
4.79545e-06
4.88559e-06
5.54757e-06
6.40962e-06
7.38476e-06
8.33851e-06
9.26625e-06
1.00275e-05
1.07619e-05
1.13842e-05
1.18911e-05
1.24294e-05
1.28326e-05
1.35988e-05
1.50848e-05
1.78061e-05
1.6933e-05
1.24514e-05
3.81668e-06
1.69771e-06
2.38894e-06
3.11811e-06
4.25329e-06
5.314e-06
6.30084e-06
7.26052e-06
8.02456e-06
8.77737e-06
9.47394e-06
1.01146e-05
1.06871e-05
1.12093e-05
1.21527e-05
1.39893e-05
1.64689e-05
1.75879e-05
1.57972e-05
1.1385e-05
3.93331e-06
1.71842e-06
2.46825e-06
3.20344e-06
4.36105e-06
5.44207e-06
6.44567e-06
7.39803e-06
8.1853e-06
8.94588e-06
9.64522e-06
1.02867e-05
1.08581e-05
1.13855e-05
1.22628e-05
1.40204e-05
1.64754e-05
1.76036e-05
1.57611e-05
1.14084e-05
3.92375e-06
1.94387e-06
4.95437e-06
5.01195e-06
5.66232e-06
6.5365e-06
7.53493e-06
8.51014e-06
9.44859e-06
1.02193e-05
1.09565e-05
1.15719e-05
1.20524e-05
1.25548e-05
1.29828e-05
1.368e-05
1.5107e-05
1.77894e-05
1.69095e-05
1.25035e-05
3.80712e-06
2.31536e-06
1.00105e-05
8.07309e-06
8.03234e-06
8.67033e-06
9.53517e-06
1.05165e-05
1.14294e-05
1.23067e-05
1.30516e-05
1.36241e-05
1.39731e-05
1.40637e-05
1.42441e-05
1.45931e-05
1.53758e-05
1.68179e-05
1.798e-05
1.35373e-05
3.66493e-06
2.5046e-06
1.50797e-05
1.25262e-05
1.15494e-05
1.18575e-05
1.25916e-05
1.3574e-05
1.44714e-05
1.52427e-05
1.59281e-05
1.64511e-05
1.67386e-05
1.6779e-05
1.64104e-05
1.61313e-05
1.6351e-05
1.75345e-05
1.87464e-05
1.44061e-05
3.54958e-06
2.68472e-06
1.83242e-05
1.8786e-05
1.67287e-05
1.62272e-05
1.66171e-05
1.74557e-05
1.84209e-05
1.92783e-05
1.99673e-05
2.04197e-05
2.05314e-05
2.02336e-05
1.96887e-05
1.88309e-05
1.81521e-05
1.82851e-05
1.92645e-05
1.50422e-05
3.45333e-06
2.76853e-06
1.88054e-05
2.52487e-05
2.4299e-05
2.26504e-05
2.24408e-05
2.30032e-05
2.3741e-05
2.44762e-05
2.50873e-05
2.54661e-05
2.54831e-05
2.49929e-05
2.37764e-05
2.21589e-05
2.06338e-05
1.98946e-05
1.99449e-05
1.54462e-05
3.37862e-06
2.86574e-06
1.87866e-05
2.50414e-05
3.46857e-05
3.186e-05
3.0463e-05
3.04013e-05
3.09635e-05
3.15917e-05
3.20817e-05
3.2312e-05
3.19864e-05
3.10405e-05
2.93397e-05
2.67535e-05
2.36992e-05
2.13592e-05
2.04564e-05
1.57596e-05
3.31852e-06
2.91074e-06
1.82395e-05
2.42565e-05
3.796e-05
4.53111e-05
4.19179e-05
4.07546e-05
4.05647e-05
4.08531e-05
4.1132e-05
4.11165e-05
4.0513e-05
3.90106e-05
3.6257e-05
3.22907e-05
2.76587e-05
2.35328e-05
2.10426e-05
1.59782e-05
3.27207e-06
2.96679e-06
1.78877e-05
2.38071e-05
3.67361e-05
5.81833e-05
5.83897e-05
5.50155e-05
5.37779e-05
5.34779e-05
5.33027e-05
5.29117e-05
5.1633e-05
4.9119e-05
4.50994e-05
3.92675e-05
3.20155e-05
2.54555e-05
2.15514e-05
1.60817e-05
3.23508e-06
2.99216e-06
1.74624e-05
2.33726e-05
3.57837e-05
5.68881e-05
8.14779e-05
7.79622e-05
7.35352e-05
6.85682e-05
6.62282e-05
6.5948e-05
6.57007e-05
6.30285e-05
5.66626e-05
4.75463e-05
3.71429e-05
2.77895e-05
2.20703e-05
1.6147e-05
3.20714e-06
3.02539e-06
1.71772e-05
2.31341e-05
3.52244e-05
5.58447e-05
8.0607e-05
9.60305e-05
9.09676e-05
0.000100075
0.000112437
0.000100606
8.12596e-05
7.21076e-05
6.7409e-05
5.76707e-05
4.28437e-05
2.98036e-05
2.23747e-05
1.6153e-05
3.18521e-06
3.04151e-06
1.68926e-05
2.28412e-05
3.47838e-05
5.53402e-05
7.98233e-05
0.000103908
0.000124221
0.000120101
9.16344e-05
9.49894e-05
0.000122959
0.000117741
9.08113e-05
6.79506e-05
4.84835e-05
3.18904e-05
2.23114e-05
1.61517e-05
3.16931e-06
3.06163e-06
1.6665e-05
2.26693e-05
3.45386e-05
5.50023e-05
7.96095e-05
0.000103728
0.000124322
0.000138743
0.000145332
0.000144303
0.000125283
0.000112293
9.76429e-05
7.3596e-05
5.02613e-05
3.204e-05
2.21949e-05
1.61142e-05
3.15705e-06
3.07304e-06
1.64694e-05
2.2478e-05
3.43876e-05
5.49032e-05
7.9549e-05
0.000103894
0.000124661
0.000139486
0.000146539
0.000145804
0.000136917
0.000120847
9.94638e-05
7.52116e-05
5.15007e-05
3.2618e-05
2.21496e-05
1.60784e-05
3.1486e-06
3.0853e-06
1.63125e-05
2.23741e-05
3.4322e-05
5.4928e-05
7.96966e-05
0.000104165
0.000125234
0.000140279
0.000147573
0.00014695
0.000138106
0.000122044
0.000100505
7.60532e-05
5.20013e-05
3.27646e-05
2.20494e-05
1.60186e-05
3.14215e-06
3.09428e-06
1.61504e-05
2.22357e-05
3.43021e-05
5.50086e-05
7.9909e-05
0.000104684
0.000125963
0.000141304
0.000148918
0.000148496
0.000139793
0.000123742
0.000102097
7.73852e-05
5.30179e-05
3.3246e-05
2.20183e-05
1.59619e-05
3.1381e-06
3.1021e-06
1.60296e-05
2.21458e-05
3.4333e-05
5.52535e-05
8.03575e-05
0.000105292
0.000126798
0.000142321
0.000150108
0.000149727
0.000141
0.00012487
0.000103062
7.81422e-05
5.34729e-05
3.33844e-05
2.19317e-05
1.5889e-05
3.13514e-06
3.10815e-06
1.58987e-05
2.20247e-05
3.44153e-05
5.55107e-05
8.08012e-05
0.000106011
0.000127744
0.000143504
0.000151525
0.00015128
0.000142622
0.000126457
0.00010451
7.93421e-05
5.4342e-05
3.37951e-05
2.19115e-05
1.58209e-05
3.1338e-06
3.11382e-06
1.58012e-05
2.19703e-05
3.45181e-05
5.58659e-05
8.13933e-05
0.000106806
0.000128746
0.000144668
0.000152816
0.000152582
0.000143864
0.000127574
0.000105439
8.00355e-05
5.47755e-05
3.39305e-05
2.18353e-05
1.57426e-05
3.13309e-06
3.11882e-06
1.56911e-05
2.18816e-05
3.46495e-05
5.62238e-05
8.19798e-05
0.00010766
0.000129831
0.00014596
0.00015429
0.000154148
0.000145451
0.000129094
0.000106803
8.11511e-05
5.55484e-05
3.42914e-05
2.18209e-05
1.56698e-05
3.1335e-06
3.12349e-06
1.56077e-05
2.18444e-05
3.47973e-05
5.66495e-05
8.26688e-05
0.000108576
0.00013095
0.00014723
0.000155661
0.000155516
0.000146741
0.000130235
0.000107734
8.18325e-05
5.59785e-05
3.44324e-05
2.17563e-05
1.55888e-05
3.1343e-06
3.1277e-06
1.55135e-05
2.17805e-05
3.49615e-05
5.70754e-05
8.33538e-05
0.000109528
0.000132135
0.000148606
0.000157186
0.000157104
0.000148318
0.000131721
0.00010905
8.2897e-05
5.66983e-05
3.47634e-05
2.17498e-05
1.55123e-05
3.13593e-06
3.13183e-06
1.54379e-05
2.17591e-05
3.51455e-05
5.75546e-05
8.41161e-05
0.000110533
0.000133344
0.000149964
0.000158632
0.000158541
0.000149666
0.000132904
0.00011001
8.35955e-05
5.71346e-05
3.49172e-05
2.16993e-05
1.5429e-05
3.13782e-06
3.1356e-06
1.5346e-05
2.17154e-05
3.53415e-05
5.80375e-05
8.48771e-05
0.000111563
0.000134607
0.00015141
0.000160205
0.000160158
0.000151251
0.000134381
0.000111305
8.46345e-05
5.78367e-05
3.52338e-05
2.17004e-05
1.53497e-05
3.14035e-06
3.13966e-06
1.52698e-05
2.17066e-05
3.55559e-05
5.85612e-05
8.56974e-05
0.000112638
0.000135892
0.000152846
0.000161724
0.000161667
0.000152663
0.000135619
0.000112308
8.53666e-05
5.82929e-05
3.54087e-05
2.16644e-05
1.52644e-05
3.1431e-06
3.14358e-06
1.51784e-05
2.16798e-05
3.57799e-05
5.90908e-05
8.65195e-05
0.000113734
0.000137223
0.000154356
0.000163349
0.000163323
0.000154272
0.000137105
0.000113601
8.63968e-05
5.89894e-05
3.57249e-05
2.16747e-05
1.51824e-05
3.14636e-06
3.14789e-06
1.50999e-05
2.16836e-05
3.60243e-05
5.96546e-05
8.73882e-05
0.000114869
0.000138577
0.000155866
0.00016494
0.000164903
0.000155752
0.000138404
0.000114657
8.71723e-05
5.94779e-05
3.59256e-05
2.1653e-05
1.50958e-05
3.14985e-06
3.15213e-06
1.50073e-05
2.16729e-05
3.62764e-05
6.0225e-05
8.82623e-05
0.000116024
0.000139971
0.000157439
0.000166621
0.000166607
0.000157397
0.000139914
0.000115963
8.82084e-05
6.01815e-05
3.6252e-05
2.16722e-05
1.50111e-05
3.15377e-06
3.15682e-06
1.49264e-05
2.16885e-05
3.65496e-05
6.08261e-05
8.91762e-05
0.000117215
0.00014139
0.000159019
0.000168284
0.000168259
0.000158947
0.000141278
0.000117076
8.90315e-05
6.07074e-05
3.64832e-05
2.16674e-05
1.49229e-05
3.15792e-06
3.16151e-06
1.48329e-05
2.16929e-05
3.68301e-05
6.14356e-05
9.00992e-05
0.000118427
0.000142846
0.000160658
0.000170026
0.000170019
0.000160639
0.000142821
0.000118404
9.00814e-05
6.14215e-05
3.68212e-05
2.16946e-05
1.48365e-05
3.16248e-06
3.16668e-06
1.47499e-05
2.17211e-05
3.71318e-05
6.20721e-05
9.10565e-05
0.000119671
0.000144328
0.000162309
0.000171762
0.000171746
0.000162262
0.000144255
0.000119579
9.09597e-05
6.19928e-05
3.7087e-05
2.17054e-05
1.47469e-05
3.1673e-06
3.1719e-06
1.46554e-05
2.174e-05
3.74399e-05
6.27185e-05
9.20266e-05
0.000120939
0.000145847
0.000164014
0.00017357
0.000173567
0.000164006
0.00014584
0.000120935
9.20266e-05
6.2719e-05
3.74399e-05
2.1744e-05
1.46585e-05
3.17247e-06
3.17762e-06
1.45709e-05
2.17801e-05
3.7769e-05
6.33902e-05
9.30286e-05
0.00012224
0.000147395
0.000165738
0.000175383
0.000175372
0.000165707
0.000147346
0.000122177
9.29617e-05
6.33347e-05
3.77367e-05
2.17678e-05
1.45686e-05
3.17797e-06
3.18345e-06
1.44758e-05
2.18141e-05
3.81063e-05
6.40738e-05
9.40462e-05
0.000123565
0.00014898
0.000167512
0.000177261
0.00017726
0.000167511
0.000148982
0.000123571
9.4056e-05
6.4083e-05
3.81116e-05
2.18181e-05
1.4478e-05
3.18379e-06
3.18977e-06
1.43895e-05
2.18665e-05
3.84622e-05
6.47796e-05
9.50928e-05
0.000124923
0.000150596
0.000169311
0.000179152
0.000179145
0.00016929
0.000150562
0.000124878
9.50442e-05
6.47386e-05
3.84386e-05
2.18581e-05
1.43878e-05
3.18996e-06
3.19625e-06
1.42946e-05
2.19137e-05
3.88266e-05
6.54996e-05
9.61594e-05
0.000126309
0.000152251
0.00017116
0.000181105
0.000181106
0.000171162
0.000152257
0.00012632
9.61738e-05
6.55127e-05
3.88336e-05
2.19164e-05
1.42966e-05
3.19646e-06
3.20323e-06
1.42073e-05
2.19782e-05
3.92106e-05
6.62417e-05
9.72544e-05
0.000127728
0.000153939
0.000173037
0.000183079
0.000183074
0.000173022
0.000153914
0.000127696
9.72189e-05
6.6212e-05
3.91946e-05
2.19737e-05
1.42057e-05
3.20334e-06
3.21041e-06
1.41125e-05
2.20391e-05
3.96029e-05
6.69982e-05
9.83712e-05
0.000129179
0.000155666
0.000174964
0.000185111
0.000185112
0.000174967
0.000155673
0.00012919
9.83843e-05
6.70084e-05
3.9606e-05
2.2039e-05
1.41142e-05
3.21052e-06
3.21808e-06
1.40253e-05
2.21138e-05
4.00129e-05
6.77765e-05
9.95178e-05
0.000130664
0.000157431
0.000176924
0.00018717
0.000187167
0.000176914
0.000157414
0.000130642
9.94948e-05
6.77593e-05
4.00068e-05
2.21134e-05
1.40244e-05
3.21815e-06
3.22599e-06
1.39311e-05
2.21868e-05
4.04356e-05
6.85724e-05
0.00010069
0.000132184
0.000159237
0.000178933
0.000189285
0.000189286
0.000178936
0.000159243
0.000132192
0.000100699
6.85775e-05
4.0435e-05
2.21842e-05
1.39315e-05
3.22604e-06
3.23437e-06
1.38441e-05
2.22715e-05
4.08707e-05
6.93872e-05
0.000101891
0.000133739
0.000161082
0.00018098
0.000191434
0.000191432
0.000180973
0.000161071
0.000133725
0.000101877
6.93774e-05
4.08674e-05
2.22736e-05
1.38447e-05
3.23442e-06
3.24303e-06
1.37522e-05
2.23536e-05
4.1323e-05
7.02227e-05
0.000103124
0.000135334
0.000162972
0.000183077
0.000193637
0.000193638
0.000183079
0.000162977
0.00013534
0.00010313
7.02266e-05
4.13232e-05
2.23494e-05
1.37512e-05
3.24306e-06
3.25215e-06
1.36662e-05
2.2445e-05
4.17793e-05
7.10775e-05
0.000104387
0.000136967
0.000164904
0.000185215
0.000195879
0.000195877
0.00018521
0.000164896
0.000136957
0.000104377
7.10704e-05
4.17771e-05
2.24493e-05
1.36674e-05
3.25218e-06
3.26157e-06
1.35767e-05
2.25354e-05
4.22593e-05
7.19571e-05
0.000105684
0.000138642
0.000166884
0.000187404
0.000198175
0.000198176
0.000187407
0.000166888
0.000138648
0.00010569
7.19606e-05
4.22586e-05
2.25297e-05
1.35758e-05
3.26159e-06
3.27143e-06
1.34933e-05
2.26294e-05
4.27431e-05
7.28565e-05
0.000107014
0.000140359
0.000168909
0.000189638
0.000200513
0.000200511
0.000189634
0.000168903
0.000140351
0.000107006
7.28519e-05
4.27437e-05
2.2635e-05
1.3494e-05
3.27144e-06
3.2816e-06
1.34072e-05
2.27232e-05
4.32483e-05
7.37849e-05
0.000108382
0.000142122
0.000170984
0.000191925
0.000202905
0.000202906
0.000191927
0.000170988
0.000142127
0.000108387
7.3787e-05
4.3246e-05
2.27178e-05
1.34071e-05
3.28162e-06
3.2922e-06
1.33276e-05
2.28167e-05
4.3758e-05
7.47343e-05
0.000109786
0.000143931
0.000173108
0.000194259
0.000205343
0.000205342
0.000194256
0.000173104
0.000143926
0.000109781
7.47317e-05
4.37598e-05
2.28209e-05
1.33274e-05
3.29219e-06
3.30312e-06
1.32467e-05
2.29082e-05
4.42875e-05
7.57164e-05
0.000111235
0.000145792
0.000175287
0.000196648
0.000207837
0.000207837
0.00019665
0.00017529
0.000145796
0.000111239
7.57179e-05
4.42856e-05
2.29051e-05
1.32474e-05
3.30314e-06
3.31444e-06
1.31716e-05
2.29968e-05
4.48243e-05
7.67235e-05
0.000112725
0.000147702
0.000177517
0.000199088
0.000210378
0.000210377
0.000199086
0.000177514
0.000147698
0.000112721
7.67216e-05
4.48253e-05
2.29986e-05
1.31708e-05
3.31443e-06
3.32611e-06
1.3097e-05
2.30805e-05
4.53787e-05
7.77665e-05
0.000114264
0.000149668
0.000179805
0.000201584
0.000212975
0.000212975
0.000201585
0.000179807
0.000149671
0.000114267
7.7768e-05
4.5378e-05
2.30797e-05
1.30979e-05
3.32612e-06
3.33816e-06
1.3028e-05
2.31604e-05
4.59434e-05
7.88411e-05
0.000115851
0.000151689
0.000182148
0.000204133
0.000215622
0.000215622
0.000204131
0.000182146
0.000151686
0.000115848
7.88394e-05
4.59435e-05
2.31606e-05
1.30272e-05
3.33816e-06
3.35059e-06
1.29608e-05
2.32366e-05
4.65274e-05
7.99569e-05
0.000117493
0.000153771
0.000184552
0.00020674
0.000218326
0.000218327
0.000206741
0.000184553
0.000153773
0.000117495
7.99582e-05
4.65275e-05
2.32368e-05
1.29614e-05
3.35059e-06
3.36342e-06
1.28986e-05
2.33102e-05
4.71251e-05
8.1111e-05
0.000119189
0.000155913
0.000187015
0.000209402
0.000221082
0.000221082
0.000209402
0.000187014
0.000155911
0.000119187
8.11099e-05
4.71248e-05
2.33101e-05
1.28984e-05
3.36343e-06
3.37669e-06
1.28392e-05
2.3387e-05
4.77474e-05
8.23143e-05
0.000120946
0.00015812
0.000189542
0.000212125
0.000223895
0.000223895
0.000212125
0.000189543
0.000158122
0.000120948
8.23153e-05
4.77478e-05
2.33872e-05
1.28392e-05
3.37668e-06
3.39041e-06
1.27798e-05
2.34712e-05
4.8392e-05
8.35641e-05
0.000122764
0.000160393
0.000192132
0.000214904
0.000226761
0.000226761
0.000214904
0.000192131
0.000160392
0.000122763
8.35631e-05
4.83914e-05
2.3471e-05
1.27802e-05
3.39041e-06
3.40458e-06
1.25393e-05
2.3571e-05
4.90686e-05
8.487e-05
0.000124651
0.000162737
0.000194789
0.000217745
0.000229684
0.000229684
0.000217745
0.00019479
0.000162738
0.000124652
8.48713e-05
4.90695e-05
2.35712e-05
1.25387e-05
3.40458e-06
3.41853e-06
1.23281e-05
2.36923e-05
4.9781e-05
8.62329e-05
0.000126606
0.000165152
0.000197512
0.000220645
0.00023266
0.00023266
0.000220644
0.000197512
0.000165151
0.000126605
8.62317e-05
4.97802e-05
2.36917e-05
1.23288e-05
3.41853e-06
3.43269e-06
1.21211e-05
2.38407e-05
5.0534e-05
8.76574e-05
0.000128636
0.000167643
0.000200306
0.000223606
0.000235692
0.000235692
0.000223606
0.000200306
0.000167645
0.000128637
8.76589e-05
5.05352e-05
2.38413e-05
1.21204e-05
3.43269e-06
3.44651e-06
1.19439e-05
2.40103e-05
5.13322e-05
8.91485e-05
0.000130743
0.000170212
0.00020317
0.000226628
0.000238778
0.000238778
0.000226627
0.000203169
0.000170212
0.000130742
8.91474e-05
5.13314e-05
2.40099e-05
1.19445e-05
3.44651e-06
3.46026e-06
1.17727e-05
2.42113e-05
5.21789e-05
9.07091e-05
0.000132931
0.000172863
0.000206106
0.000229711
0.000241918
0.000241918
0.000229711
0.000206107
0.000172864
0.000132932
9.07104e-05
5.21798e-05
2.42116e-05
1.17724e-05
3.46025e-06
3.4735e-06
1.16322e-05
2.44474e-05
5.30762e-05
9.23441e-05
0.000135205
0.000175598
0.000209117
0.000232855
0.00024511
0.00024511
0.000232855
0.000209117
0.000175598
0.000135204
9.23435e-05
5.30758e-05
2.44474e-05
1.16324e-05
3.4735e-06
3.48635e-06
1.14974e-05
2.47114e-05
5.40301e-05
9.40572e-05
0.000137569
0.000178421
0.000212203
0.00023606
0.000248353
0.000248354
0.00023606
0.000212204
0.000178422
0.00013757
9.4058e-05
5.40306e-05
2.47115e-05
1.14973e-05
3.48635e-06
3.49845e-06
1.13881e-05
2.50134e-05
5.50419e-05
9.58526e-05
0.000140028
0.000181336
0.000215366
0.000239325
0.000251646
0.000251646
0.000239324
0.000215366
0.000181336
0.000140028
9.58523e-05
5.50417e-05
2.50135e-05
1.13883e-05
3.49845e-06
3.5098e-06
1.12914e-05
2.53461e-05
5.6117e-05
9.77372e-05
0.000142588
0.000184346
0.000218608
0.000242649
0.000254986
0.000254986
0.000242649
0.000218608
0.000184347
0.000142589
9.77377e-05
5.61174e-05
2.53462e-05
1.12913e-05
3.5098e-06
3.52011e-06
1.12175e-05
2.57193e-05
5.72589e-05
9.9715e-05
0.000145254
0.000187455
0.000221928
0.00024603
0.000258369
0.000258369
0.00024603
0.000221928
0.000187455
0.000145254
9.97149e-05
5.72588e-05
2.57194e-05
1.12177e-05
3.5201e-06
3.52925e-06
1.11558e-05
2.61274e-05
5.84731e-05
0.000101794
0.000148033
0.000190667
0.000225329
0.000249468
0.000261794
0.000261794
0.000249468
0.000225329
0.000190667
0.000148034
0.000101795
5.84733e-05
2.61274e-05
1.11557e-05
3.52924e-06
3.53695e-06
1.11171e-05
2.65797e-05
5.97637e-05
0.000103982
0.000150931
0.000193986
0.00022881
0.00025296
0.000265256
0.000265256
0.00025296
0.00022881
0.000193986
0.000150931
0.000103982
5.97638e-05
2.65798e-05
1.11172e-05
3.53694e-06
3.54301e-06
1.10907e-05
2.70718e-05
6.11377e-05
0.000106286
0.000153956
0.000197416
0.000232373
0.000256502
0.00026875
0.00026875
0.000256502
0.000232373
0.000197416
0.000153956
0.000106286
6.11377e-05
2.70718e-05
1.10907e-05
3.54301e-06
3.54716e-06
1.10875e-05
2.76134e-05
6.26008e-05
0.000108714
0.000157113
0.000200961
0.000236017
0.000260092
0.000272271
0.000272271
0.000260092
0.000236017
0.000200961
0.000157113
0.000108714
6.26009e-05
2.76135e-05
1.10876e-05
3.54716e-06
3.54914e-06
1.10978e-05
2.82015e-05
6.41614e-05
0.000111277
0.000160413
0.000204625
0.000239742
0.000263725
0.000275812
0.000275812
0.000263725
0.000239742
0.000204625
0.000160413
0.000111277
6.41614e-05
2.82015e-05
1.10977e-05
3.54914e-06
3.54863e-06
1.11319e-05
2.88463e-05
6.58273e-05
0.000113985
0.000163862
0.000208413
0.000243546
0.000267396
0.000279367
0.000279367
0.000267396
0.000243546
0.000208413
0.000163862
0.000113985
6.58273e-05
2.88464e-05
1.11321e-05
3.54863e-06
3.54511e-06
1.11815e-05
2.95465e-05
6.76085e-05
0.000116849
0.000167471
0.000212328
0.000247429
0.000271099
0.000282926
0.000282926
0.000271099
0.000247429
0.000212328
0.000167471
0.000116849
6.76085e-05
2.95464e-05
1.11814e-05
3.5451e-06
3.53792e-06
1.12561e-05
3.0313e-05
6.95153e-05
0.000119881
0.000171249
0.000216375
0.000251388
0.000274828
0.000286482
0.000286482
0.000274828
0.000251388
0.000216375
0.000171249
0.000119881
6.95152e-05
3.03131e-05
1.12563e-05
3.53792e-06
3.52845e-06
1.13486e-05
3.11464e-05
7.156e-05
0.000123097
0.000175207
0.000220558
0.000255421
0.000278574
0.000290022
0.000290022
0.000278574
0.000255421
0.000220558
0.000175207
0.000123097
7.15601e-05
3.11463e-05
1.13485e-05
3.52845e-06
3.51511e-06
1.14695e-05
3.20597e-05
7.37563e-05
0.00012651
0.000179356
0.00022488
0.000259524
0.000282329
0.000293536
0.000293536
0.000282329
0.000259524
0.00022488
0.000179355
0.00012651
7.37562e-05
3.20598e-05
1.14696e-05
3.51511e-06
3.49649e-06
1.16128e-05
3.30555e-05
7.61199e-05
0.000130139
0.000183707
0.000229344
0.000263691
0.000286081
0.00029701
0.00029701
0.000286081
0.000263691
0.000229344
0.000183707
0.000130139
7.61199e-05
3.30555e-05
1.16128e-05
3.49648e-06
3.47402e-06
1.1787e-05
3.41488e-05
7.86681e-05
0.000134001
0.000188273
0.000233954
0.000267917
0.00028982
0.00030043
0.00030043
0.00028982
0.000267917
0.000233954
0.000188273
0.000134001
7.8668e-05
3.41488e-05
1.1787e-05
3.47402e-06
3.44566e-06
1.19915e-05
3.53462e-05
8.14219e-05
0.000138119
0.000193068
0.000238711
0.000272195
0.000293532
0.00030378
0.00030378
0.000293532
0.000272195
0.000238711
0.000193068
0.000138119
8.14219e-05
3.53462e-05
1.19916e-05
3.44566e-06
3.4124e-06
1.22288e-05
3.66646e-05
8.44036e-05
0.000142514
0.000198104
0.000243616
0.000276515
0.000297202
0.000307044
0.000307044
0.000297202
0.000276515
0.000243616
0.000198104
0.000142514
8.44035e-05
3.66646e-05
1.22288e-05
3.4124e-06
3.37258e-06
1.25073e-05
3.81177e-05
8.76414e-05
0.000147215
0.000203396
0.000248669
0.000280867
0.000300814
0.000310202
0.000310202
0.000300814
0.000280867
0.000248669
0.000203396
0.000147215
8.76413e-05
3.81177e-05
1.25073e-05
3.37258e-06
3.3269e-06
1.2828e-05
3.97248e-05
9.11643e-05
0.000152247
0.000208958
0.000253868
0.000285237
0.00030435
0.000313237
0.000313237
0.00030435
0.000285237
0.000253868
0.000208958
0.000152247
9.11643e-05
3.97247e-05
1.2828e-05
3.3269e-06
3.27398e-06
1.32006e-05
4.15088e-05
9.50115e-05
0.000157646
0.000214806
0.000259209
0.000289609
0.000307792
0.00031613
0.00031613
0.000307792
0.000289609
0.000259209
0.000214806
0.000157646
9.50115e-05
4.15088e-05
1.32006e-05
3.27398e-06
3.21437e-06
1.36291e-05
4.34949e-05
9.92216e-05
0.000163443
0.000220951
0.000264684
0.000293966
0.000311117
0.000318859
0.000318859
0.000311117
0.000293966
0.000264684
0.000220951
0.000163443
9.92216e-05
4.34948e-05
1.36291e-05
3.21437e-06
3.14699e-06
1.41264e-05
4.57183e-05
0.000103848
0.000169683
0.000227409
0.000270283
0.000298286
0.000314304
0.000321405
0.000321405
0.000314304
0.000298286
0.000270283
0.000227409
0.000169683
0.000103848
4.57183e-05
1.41264e-05
3.14699e-06
3.07232e-06
1.47003e-05
4.82151e-05
0.000108945
0.000176405
0.000234187
0.00027599
0.000302543
0.000317329
0.000323751
0.000323751
0.000317329
0.000302543
0.00027599
0.000234187
0.000176404
0.000108945
4.82151e-05
1.47003e-05
3.07232e-06
2.98961e-06
1.53692e-05
5.10396e-05
0.000114588
0.00018366
0.000241295
0.000281784
0.000306709
0.00032017
0.000325879
0.000325879
0.00032017
0.000306709
0.000281784
0.000241295
0.00018366
0.000114588
5.10396e-05
1.53692e-05
2.9896e-06
2.89939e-06
1.61474e-05
5.42477e-05
0.000120853
0.000191497
0.000248734
0.000287635
0.000310748
0.000322803
0.000327776
0.000327776
0.000322803
0.000310748
0.000287635
0.000248734
0.000191497
0.000120853
5.42477e-05
1.61474e-05
2.89938e-06
2.80121e-06
1.70616e-05
5.79247e-05
0.000127849
0.000199976
0.0002565
0.000293506
0.000314624
0.000325205
0.000329432
0.000329432
0.000325205
0.000314624
0.000293505
0.0002565
0.000199976
0.000127849
5.79247e-05
1.70616e-05
2.80121e-06
2.69579e-06
1.81416e-05
6.21633e-05
0.000135687
0.00020915
0.000264573
0.000299342
0.000318291
0.000327354
0.000330843
0.000330843
0.000327354
0.000318291
0.000299342
0.000264573
0.00020915
0.000135687
6.21633e-05
1.81416e-05
2.69579e-06
2.58306e-06
1.94333e-05
6.71022e-05
0.000144521
0.00021908
0.000272922
0.000305083
0.000321705
0.000329233
0.000331992
0.000331992
0.000329233
0.000321705
0.000305083
0.000272922
0.00021908
0.000144521
6.71021e-05
1.94333e-05
2.58306e-06
2.46394e-06
2.0983e-05
7.29043e-05
0.000154521
0.000229814
0.000281486
0.000310644
0.000324815
0.000330837
0.000332879
0.000332879
0.000330837
0.000324815
0.000310644
0.000281486
0.000229814
0.000154521
7.29042e-05
2.0983e-05
2.46394e-06
2.3387e-06
2.28833e-05
7.98173e-05
0.000165914
0.000241396
0.00029018
0.000315928
0.000327568
0.000332164
0.000333602
0.000333602
0.000332164
0.000327568
0.000315928
0.00029018
0.000241396
0.000165914
7.98172e-05
2.28833e-05
2.3387e-06
2.2085e-06
2.52345e-05
8.81458e-05
0.000178946
0.000253827
0.000298867
0.000320816
0.000329912
0.000333145
0.000334153
0.000334153
0.000333145
0.000329912
0.000320816
0.000298867
0.000253827
0.000178946
8.81457e-05
2.52345e-05
2.2085e-06
2.07394e-06
2.82179e-05
9.83561e-05
0.00019394
0.000267068
0.000307359
0.000325177
0.000331844
0.000333904
0.000334513
0.000334513
0.000333904
0.000331844
0.000325177
0.000307358
0.000267068
0.000193939
9.8356e-05
2.82179e-05
2.07394e-06
1.93636e-06
3.20659e-05
0.000111061
0.00021123
0.00028097
0.000315385
0.000328853
0.0003332
0.000334472
0.00033478
0.00033478
0.000334472
0.0003332
0.000328853
0.000315385
0.00028097
0.00021123
0.000111061
3.20659e-05
1.93636e-06
1.79645e-06
3.71602e-05
0.000127214
0.000231224
0.000295242
0.000322611
0.000331765
0.000334129
0.0003348
0.00033494
0.00033494
0.0003348
0.000334129
0.000331765
0.000322611
0.000295242
0.000231224
0.000127214
3.71602e-05
1.79645e-06
1.65541e-06
4.39378e-05
0.000148161
0.000254263
0.0003093
0.000328588
0.000333554
0.000334803
0.000335047
0.00033508
0.00033508
0.000335047
0.000334803
0.000333554
0.000328588
0.0003093
0.000254263
0.000148161
4.39378e-05
1.65541e-06
1.51337e-06
5.28966e-05
0.000176461
0.000280581
0.000322148
0.000332504
0.000334604
0.0003351
0.000335168
0.000335172
0.000335172
0.000335168
0.0003351
0.000334604
0.000332504
0.000322148
0.000280581
0.000176461
5.28966e-05
1.51337e-06
1.36973e-06
6.81667e-05
0.000219583
0.000309503
0.000330909
0.000334527
0.000335273
0.000335315
0.000335296
0.000335287
0.000335287
0.000335296
0.000335315
0.000335273
0.000334527
0.000330909
0.000309503
0.000219583
6.81667e-05
1.36973e-06
1.23421e-06
0.000116558
0.000294184
0.000330906
0.00033481
0.000335356
0.000335357
0.000335342
0.000335343
0.000335345
0.000335345
0.000335343
0.000335342
0.000335357
0.000335356
0.00033481
0.000330906
0.000294184
0.000116558
1.23421e-06
)
;

boundaryField
{
    outlet
    {
        type            calculated;
        value           nonuniform List<scalar> 
20
(
6.98181e-06
7.4885e-05
0.000114561
0.000136099
0.000136165
0.000122885
0.00010754
9.64612e-05
8.0085e-05
7.10249e-05
7.7187e-05
9.69351e-05
0.000104779
0.000118755
0.000134766
0.000146031
0.000139924
0.000115581
7.4128e-05
6.88313e-06
)
;
    }
    inlet1
    {
        type            calculated;
        value           nonuniform List<scalar> 
20
(
1.16508e-06
0.000210369
0.000211614
0.000274865
0.00033541
0.00033541
0.00033541
0.00033541
0.00033541
0.00033541
0.00033541
0.00033541
0.00033541
0.00033541
0.00033541
0.00033541
0.000274866
0.000211615
0.000210371
1.16508e-06
)
;
    }
    inlet2
    {
        type            calculated;
        value           nonuniform List<scalar> 
20
(
1.16508e-06
0.00021037
0.000211614
0.000274866
0.00033541
0.00033541
0.00033541
0.00033541
0.00033541
0.00033541
0.00033541
0.00033541
0.00033541
0.00033541
0.00033541
0.00033541
0.000274867
0.000211615
0.00021037
1.16508e-06
)
;
    }
    frontAndBack
    {
        type            empty;
    }
    defaultFaces
    {
        type            nutkWallFunction;
        Cmu             0.09;
        kappa           0.41;
        E               9.8;
        value           nonuniform List<scalar> 
620
(
2.21524e-06
2.22e-06
2.22152e-06
2.22357e-06
2.22452e-06
2.22623e-06
2.22703e-06
2.22857e-06
2.22931e-06
2.23072e-06
2.23141e-06
2.2327e-06
2.23333e-06
2.23443e-06
2.23502e-06
2.2359e-06
2.23641e-06
2.23706e-06
2.23746e-06
2.23789e-06
2.23819e-06
2.23834e-06
2.23837e-06
2.23833e-06
2.23821e-06
2.23796e-06
2.2376e-06
2.23708e-06
2.23646e-06
2.23568e-06
2.23479e-06
2.23374e-06
2.23258e-06
2.23125e-06
2.22979e-06
2.22816e-06
2.22638e-06
2.22441e-06
2.22226e-06
2.21988e-06
2.21728e-06
2.21442e-06
2.2113e-06
2.20786e-06
2.20411e-06
2.19999e-06
2.1955e-06
2.19057e-06
2.1852e-06
2.17935e-06
2.17299e-06
2.16599e-06
2.15829e-06
2.14979e-06
2.14113e-06
2.13181e-06
2.12217e-06
2.11198e-06
2.10131e-06
2.09019e-06
2.07859e-06
2.0665e-06
2.05389e-06
2.04075e-06
2.02701e-06
2.01273e-06
1.99777e-06
1.98196e-06
1.96548e-06
1.94799e-06
1.92969e-06
1.91026e-06
1.88986e-06
1.86825e-06
1.84556e-06
1.82161e-06
1.79655e-06
1.7703e-06
1.74302e-06
1.7147e-06
1.68543e-06
1.65506e-06
1.623e-06
1.58736e-06
1.54969e-06
1.50903e-06
1.46422e-06
1.41367e-06
1.35427e-06
1.28203e-06
1.18969e-06
1.06556e-06
8.92052e-07
6.51018e-07
3.21148e-07
1.18279e-07
1.90063e-07
5.76368e-07
9.0153e-07
1.00044e-06
2.16578e-06
2.16816e-06
2.16864e-06
2.16883e-06
2.16866e-06
2.1686e-06
2.16813e-06
2.16794e-06
2.16738e-06
2.16712e-06
2.16647e-06
2.16615e-06
2.16544e-06
2.16503e-06
2.16426e-06
2.16373e-06
2.1629e-06
2.16223e-06
2.16133e-06
2.16051e-06
2.15954e-06
2.15858e-06
2.15751e-06
2.15641e-06
2.15525e-06
2.15402e-06
2.15277e-06
2.15143e-06
2.15009e-06
2.14866e-06
2.14723e-06
2.14571e-06
2.14418e-06
2.14255e-06
2.1409e-06
2.13916e-06
2.1374e-06
2.13554e-06
2.13365e-06
2.13166e-06
2.12963e-06
2.1275e-06
2.12531e-06
2.12301e-06
2.12064e-06
2.11814e-06
2.11552e-06
2.11273e-06
2.10975e-06
2.10655e-06
2.10311e-06
2.0994e-06
2.09539e-06
2.0911e-06
2.08651e-06
2.08163e-06
2.07652e-06
2.07112e-06
2.06526e-06
2.05898e-06
2.05196e-06
2.04419e-06
2.03526e-06
2.02507e-06
2.01388e-06
2.00221e-06
1.98977e-06
1.97673e-06
1.96287e-06
1.94823e-06
1.93276e-06
1.91638e-06
1.89862e-06
1.87978e-06
1.85938e-06
1.83745e-06
1.81372e-06
1.78801e-06
1.7602e-06
1.73002e-06
1.69739e-06
1.66206e-06
1.62394e-06
1.58278e-06
1.5384e-06
1.49024e-06
1.43691e-06
1.37601e-06
1.30095e-06
1.20865e-06
1.09063e-06
9.3205e-07
7.28048e-07
4.95825e-07
2.34603e-07
1.12315e-07
1.64477e-07
5.46518e-07
8.8921e-07
9.95031e-07
2.99433e-07
1.99419e-07
8.3066e-08
0
0
0
0
0
0
0
0
0
0
0
0
0
0
8.30257e-08
2.03405e-07
3.04583e-07
3.79117e-07
4.39268e-07
4.96137e-07
5.49854e-07
6.00505e-07
6.48318e-07
6.93201e-07
7.35241e-07
7.74288e-07
8.10432e-07
8.43572e-07
8.73869e-07
9.01261e-07
9.25956e-07
9.47922e-07
9.67426e-07
9.84445e-07
9.99284e-07
1.01191e-06
1.02266e-06
1.03147e-06
1.03872e-06
1.04429e-06
1.04862e-06
1.05149e-06
1.05342e-06
1.05407e-06
1.05381e-06
1.05301e-06
1.05136e-06
1.04901e-06
1.0461e-06
1.04271e-06
1.03889e-06
1.03472e-06
1.03024e-06
1.02552e-06
1.02059e-06
1.01551e-06
1.0103e-06
1.00504e-06
9.99689e-07
9.94364e-07
9.88998e-07
9.83721e-07
9.78425e-07
9.73277e-07
9.68272e-07
9.63406e-07
9.58665e-07
9.54057e-07
9.49562e-07
9.45199e-07
9.40944e-07
9.36821e-07
9.32808e-07
9.28925e-07
9.25154e-07
9.21513e-07
9.17983e-07
9.14582e-07
9.1129e-07
9.08125e-07
9.05066e-07
9.02132e-07
8.99301e-07
8.96589e-07
8.93981e-07
8.91482e-07
8.89092e-07
8.86804e-07
8.84628e-07
8.8255e-07
8.80589e-07
8.7873e-07
8.76998e-07
8.75377e-07
8.73905e-07
8.72576e-07
8.71441e-07
8.70527e-07
8.69832e-07
8.69497e-07
8.69636e-07
8.7013e-07
8.71361e-07
8.73035e-07
8.76579e-07
8.79955e-07
8.86988e-07
8.92876e-07
9.05069e-07
9.14492e-07
9.33998e-07
9.48034e-07
9.7855e-07
9.95654e-07
1.03211e-06
1.03457e-06
1.04338e-06
3.79117e-07
4.39268e-07
4.96137e-07
5.49854e-07
6.00505e-07
6.48318e-07
6.93201e-07
7.35241e-07
7.74288e-07
8.10431e-07
8.43572e-07
8.73869e-07
9.0126e-07
9.25955e-07
9.47921e-07
9.67425e-07
9.84444e-07
9.99283e-07
1.0119e-06
1.02266e-06
1.03147e-06
1.03872e-06
1.04429e-06
1.04862e-06
1.05149e-06
1.05342e-06
1.05407e-06
1.05381e-06
1.05301e-06
1.05136e-06
1.04901e-06
1.0461e-06
1.0427e-06
1.03889e-06
1.03471e-06
1.03024e-06
1.02552e-06
1.02059e-06
1.01551e-06
1.0103e-06
1.00503e-06
9.99689e-07
9.94363e-07
9.88999e-07
9.83721e-07
9.78426e-07
9.73276e-07
9.68275e-07
9.63403e-07
9.58669e-07
9.54052e-07
9.49567e-07
9.45192e-07
9.40949e-07
9.36812e-07
9.32811e-07
9.28914e-07
9.25153e-07
9.21497e-07
9.17978e-07
9.14557e-07
9.11278e-07
9.08084e-07
9.05039e-07
9.02066e-07
8.99242e-07
8.96483e-07
8.93863e-07
8.91307e-07
8.88876e-07
8.86506e-07
8.84242e-07
8.82034e-07
8.79913e-07
8.77834e-07
8.7582e-07
8.73827e-07
8.71857e-07
8.69888e-07
8.67874e-07
8.6582e-07
8.63626e-07
8.61314e-07
8.58717e-07
8.55861e-07
8.52487e-07
8.48601e-07
8.43817e-07
8.38071e-07
8.30774e-07
8.21703e-07
8.09957e-07
7.95031e-07
7.75505e-07
7.50244e-07
7.16854e-07
6.73155e-07
6.14141e-07
5.34669e-07
4.20159e-07
1.04337e-06
1.03393e-06
1.03098e-06
9.94064e-07
9.7682e-07
9.4675e-07
9.32854e-07
9.13581e-07
9.04272e-07
8.92257e-07
8.86456e-07
8.79551e-07
8.76237e-07
8.7278e-07
8.71149e-07
8.69975e-07
8.69509e-07
8.69385e-07
8.69769e-07
8.70456e-07
8.71408e-07
8.72529e-07
8.73891e-07
8.75345e-07
8.76993e-07
8.78705e-07
8.80592e-07
8.8253e-07
8.84634e-07
8.86788e-07
8.891e-07
8.91468e-07
8.9399e-07
8.96576e-07
8.99311e-07
9.02119e-07
9.05077e-07
9.08114e-07
9.11299e-07
9.14573e-07
9.1799e-07
9.21505e-07
9.2516e-07
9.28918e-07
9.32813e-07
9.36815e-07
9.40949e-07
9.45194e-07
9.49565e-07
9.54054e-07
9.58666e-07
9.63405e-07
9.68272e-07
9.73277e-07
9.78424e-07
9.83722e-07
9.88997e-07
9.94364e-07
9.99688e-07
1.00504e-06
1.0103e-06
1.01551e-06
1.02059e-06
1.02552e-06
1.03024e-06
1.03471e-06
1.03889e-06
1.04271e-06
1.0461e-06
1.04901e-06
1.05136e-06
1.05301e-06
1.05381e-06
1.05407e-06
1.05342e-06
1.05149e-06
1.04862e-06
1.04429e-06
1.03872e-06
1.03147e-06
1.02266e-06
1.01191e-06
9.99283e-07
9.84444e-07
9.67426e-07
9.47922e-07
9.25955e-07
9.0126e-07
8.73869e-07
8.43572e-07
8.10432e-07
7.74287e-07
7.3524e-07
6.93202e-07
6.48318e-07
6.00504e-07
5.49853e-07
4.96138e-07
4.39268e-07
3.79117e-07
4.25001e-07
5.38271e-07
6.16631e-07
6.74973e-07
7.18127e-07
7.51166e-07
7.7615e-07
7.95488e-07
8.1027e-07
8.21921e-07
8.30914e-07
8.38171e-07
8.43872e-07
8.48642e-07
8.525e-07
8.55876e-07
8.58711e-07
8.61319e-07
8.63612e-07
8.65822e-07
8.67857e-07
8.69891e-07
8.71839e-07
8.73833e-07
8.75802e-07
8.7784e-07
8.79899e-07
8.8204e-07
8.8423e-07
8.86512e-07
8.88865e-07
8.91314e-07
8.93854e-07
8.9649e-07
8.99232e-07
9.02073e-07
9.05032e-07
9.08087e-07
9.11276e-07
9.14555e-07
9.1798e-07
9.21495e-07
9.25154e-07
9.28914e-07
9.32808e-07
9.36816e-07
9.40945e-07
9.45196e-07
9.49563e-07
9.54055e-07
9.58666e-07
9.63405e-07
9.68273e-07
9.73276e-07
9.78425e-07
9.83721e-07
9.88999e-07
9.94363e-07
9.99689e-07
1.00503e-06
1.0103e-06
1.01551e-06
1.02058e-06
1.02552e-06
1.03024e-06
1.03471e-06
1.03889e-06
1.0427e-06
1.0461e-06
1.04901e-06
1.05136e-06
1.05301e-06
1.05381e-06
1.05407e-06
1.05342e-06
1.05149e-06
1.04862e-06
1.04429e-06
1.03872e-06
1.03147e-06
1.02266e-06
1.0119e-06
9.99283e-07
9.84444e-07
9.67425e-07
9.47921e-07
9.25955e-07
9.0126e-07
8.73869e-07
8.43572e-07
8.10431e-07
7.74287e-07
7.3524e-07
6.93202e-07
6.48318e-07
6.00504e-07
5.49853e-07
4.96138e-07
4.39268e-07
3.79117e-07
)
;
    }
}


// ************************************************************************* //
