/*--------------------------------*- C++ -*----------------------------------*\
| =========                 |                                                 |
| \\      /  F ield         | OpenFOAM: The Open Source CFD Toolbox           |
|  \\    /   O peration     | Version:  2.1.0                                 |
|   \\  /    A nd           | Web:      www.OpenFOAM.org                      |
|    \\/     M anipulation  |                                                 |
\*---------------------------------------------------------------------------*/
FoamFile
{
    version     2.0;
    format      ascii;
    class       volScalarField;
    location    "0.3";
    object      omega;
}
// * * * * * * * * * * * * * * * * * * * * * * * * * * * * * * * * * * * * * //

dimensions      [0 0 -1 0 0 0 0];

internalField   nonuniform List<scalar> 
6400
(
1603.07
1605.79
1606.66
1607.82
1608.37
1609.34
1609.8
1610.68
1611.11
1611.92
1612.31
1613.05
1613.41
1614.04
1614.38
1614.89
1615.19
1615.56
1615.8
1616.05
1616.22
1616.32
1616.33
1616.32
1616.25
1616.11
1615.91
1615.62
1615.27
1614.82
1614.32
1613.72
1613.06
1612.3
1611.48
1610.54
1609.53
1608.41
1607.18
1605.82
1604.34
1602.7
1600.92
1598.96
1596.82
1594.47
1591.9
1589.09
1586.03
1582.69
1579.06
1575.08
1570.69
1565.85
1560.93
1555.63
1550.15
1544.36
1538.31
1532
1525.43
1518.59
1511.45
1504.03
1496.27
1488.21
1479.78
1470.88
1461.62
1451.79
1441.53
1430.65
1419.24
1407.18
1394.53
1381.2
1367.29
1352.74
1337.66
1322.04
1305.94
1289.27
1271.72
1252.28
1231.79
1209.77
1185.6
1158.46
1126.76
1088.49
1040.06
975.854
888.066
770.595
620.874
537.477
566.062
735.455
892.796
942.623
680.803
682.16
683.506
685.347
686.99
689.077
690.861
693.054
694.946
697.197
699.19
701.484
703.573
705.907
708.089
710.466
712.739
715.167
717.533
720.023
722.488
725.054
727.622
730.28
732.97
735.744
738.563
741.461
744.418
747.457
750.571
753.773
757.063
760.451
763.942
767.547
771.273
775.107
779.063
783.147
787.364
791.723
796.231
800.896
805.726
810.728
815.913
821.287
826.861
832.645
838.644
844.843
851.261
857.888
864.839
872.048
879.587
887.439
895.645
904.228
913.21
922.627
932.508
942.899
953.848
965.227
977.095
989.397
1002.42
1016.06
1030.45
1045.59
1061.58
1078.44
1096.27
1115.14
1135.14
1156.37
1178.98
1203.1
1228.95
1256.83
1285.54
1315.53
1346.81
1378.8
1410.83
1441.89
1470.68
1495.74
1514.13
1522.66
1524.45
1510.51
1475.48
1396.97
1285.67
1150.79
1005.28
847.904
500.927
504.74
506.508
510.031
512.31
515.828
518.439
521.958
524.829
528.378
531.475
535.086
538.391
542.09
545.589
549.399
553.09
557.03
560.913
565.003
569.083
573.338
577.617
582.048
586.534
591.162
595.864
600.703
605.633
610.699
615.872
621.184
626.615
632.189
637.895
643.747
649.746
655.922
662.254
668.777
675.482
682.39
689.503
696.835
704.393
712.19
720.232
728.53
737.089
745.912
755.008
764.393
774.073
784.066
794.402
805.081
816.131
827.557
839.384
851.621
864.284
877.387
890.935
904.939
919.398
934.372
949.856
965.868
982.188
998.9
1015.88
1033.15
1050.6
1068.24
1086
1103.85
1121.79
1139.79
1157.88
1176.05
1194.36
1212.8
1231.41
1250.24
1269.23
1288.2
1306.98
1325.07
1341.82
1356.06
1364.06
1366.98
1361.16
1335.68
1288.24
1209.04
1100.84
959.604
796.507
627.696
457.813
463.238
465.62
470.295
473.252
477.865
481.237
485.827
489.539
494.157
498.168
502.863
507.151
511.965
516.52
521.488
526.306
531.456
536.535
541.889
547.229
552.799
558.398
564.2
570.06
576.106
582.234
588.535
594.937
601.507
608.194
615.044
622.024
629.169
636.455
643.907
651.51
659.282
667.215
675.308
683.559
691.969
700.534
709.251
718.115
727.123
736.265
745.537
754.931
764.438
774.05
783.764
793.566
803.455
813.423
823.461
833.558
843.705
853.892
864.108
874.342
884.581
894.808
905.009
915.155
925.302
935.387
945.426
955.374
965.233
974.966
984.557
993.946
1003.11
1011.99
1020.53
1028.64
1036.26
1043.25
1049.52
1054.89
1059.21
1061.98
1063.23
1063.49
1060.94
1056.27
1048.43
1037.38
1022.17
1002.34
976.764
944.285
902.999
850.991
786.343
710.635
628.286
552.497
496.607
451.805
458.06
460.763
466.108
469.46
474.726
478.536
483.756
487.93
493.153
497.634
502.902
507.653
513.003
518.002
523.459
528.685
534.266
539.703
545.42
551.055
556.912
562.733
568.735
574.729
580.875
587.026
593.303
599.594
605.986
612.399
618.893
625.407
631.985
638.58
645.221
651.873
658.55
665.235
671.934
678.633
685.329
692.013
698.679
705.318
711.924
718.487
725.002
731.46
737.855
744.177
750.426
756.578
762.644
768.63
774.502
780.245
785.823
791.227
796.413
801.372
806.057
810.453
814.513
818.216
821.517
824.383
826.769
828.638
829.869
830.448
830.614
829.971
828.555
826.345
823.302
819.341
814.464
808.568
801.663
793.652
784.548
774.276
762.983
750.49
736.966
722.366
706.73
690.036
672.215
653.127
632.473
610.038
585.125
557.001
526.434
494.532
465.047
444.208
432.708
445.243
451.027
453.502
458.428
461.457
466.284
469.676
474.402
478.056
482.704
486.554
491.146
495.146
499.699
503.812
508.336
512.531
517.029
521.281
525.754
530.042
534.487
538.788
543.198
547.493
551.924
556.26
560.685
565.029
569.421
573.737
578.069
582.322
586.564
590.717
594.834
598.851
602.804
606.648
610.39
614.011
617.501
620.85
624.038
627.059
629.893
632.529
634.951
637.142
639.09
640.769
642.173
643.272
644.099
644.636
644.877
644.931
644.509
643.799
642.635
641.144
639.186
636.871
634.088
630.93
627.315
623.313
618.874
614.05
608.816
603.238
597.329
591.097
584.586
577.801
570.788
563.55
556.16
548.645
541.031
533.353
525.67
518.003
510.395
502.861
495.344
487.814
480.264
472.735
465.117
457.394
449.432
441.166
432.417
423.331
414.303
406.82
403.252
402.289
402.306
415.78
420.085
421.904
425.544
427.695
431.249
433.589
437.021
439.472
442.773
445.282
448.453
450.984
454.025
456.546
459.454
461.942
464.711
467.144
469.769
472.125
474.579
476.796
479.064
481.124
483.245
485.153
487.067
488.762
490.416
491.845
493.193
494.306
495.308
496.065
496.682
497.021
497.176
497.206
496.913
496.459
495.716
494.793
493.589
492.187
490.522
488.643
486.525
484.185
481.632
478.862
475.907
472.758
469.466
465.952
462.325
458.528
454.64
450.647
446.595
442.496
438.375
434.259
430.147
426.07
422.099
418.224
414.509
410.937
407.575
404.379
401.396
398.605
396.05
393.701
391.593
389.678
387.995
386.512
385.257
384.191
383.334
382.632
382.103
381.681
381.375
381.118
380.909
380.676
380.428
380.126
379.824
379.655
379.611
380.344
381.735
384.382
389.024
392.72
393.77
367.025
369.714
370.805
372.951
374.068
376.078
377.139
378.954
379.914
381.501
382.325
383.663
384.33
385.386
385.902
386.648
387.002
387.411
387.586
387.664
387.656
387.438
387.098
386.631
385.973
385.147
384.084
382.891
381.442
379.885
378.071
376.173
374.032
371.827
369.396
366.917
364.24
361.534
358.669
355.778
352.779
349.767
346.695
343.63
340.547
337.502
334.472
331.513
328.604
325.785
323.03
320.441
317.966
315.654
313.49
311.521
309.731
308.161
306.798
305.677
304.788
304.158
303.845
303.727
303.79
304.259
304.83
305.763
306.829
308.22
309.758
311.586
313.567
315.809
318.203
320.828
323.598
326.564
329.662
332.952
336.355
339.91
343.548
347.295
351.084
354.934
358.78
362.633
366.443
370.232
373.975
377.714
381.482
385.358
389.53
394.374
399.974
406.963
412.419
414.625
302.406
302.6
302.613
302.6
302.356
302.18
301.667
301.281
300.5
299.874
298.83
297.955
296.659
295.533
294.004
292.632
290.891
289.285
287.36
285.54
283.458
281.471
279.293
277.193
274.945
272.774
270.502
268.314
266.068
263.92
261.75
259.686
257.627
255.691
253.793
252.029
250.335
248.783
247.33
246.027
244.85
243.829
242.958
242.248
241.708
241.362
241.201
241.156
241.347
241.743
242.359
243.121
244.092
245.217
246.546
248.037
249.726
251.581
253.63
255.85
258.261
260.846
263.622
266.574
269.726
273.047
276.556
280.246
284.121
288.188
292.441
296.899
301.55
306.414
311.482
316.773
322.28
328.022
333.989
340.199
346.643
353.339
360.273
367.46
374.881
382.544
390.424
398.518
406.791
415.224
423.784
432.467
441.257
450.187
459.309
468.842
479.504
491.074
502.604
508.294
239.846
238.143
237.402
235.884
234.94
233.38
232.271
230.676
229.443
227.831
226.513
224.906
223.545
221.966
220.602
219.076
217.747
216.302
215.042
213.703
212.545
211.34
210.312
209.261
208.387
207.509
206.811
206.125
205.62
205.143
204.845
204.623
204.53
204.506
204.638
204.878
205.25
205.735
206.354
207.089
207.957
208.943
210.07
211.308
212.684
214.169
215.792
217.524
219.399
221.384
223.512
225.739
228.108
230.577
233.188
235.903
238.759
241.723
244.831
248.053
251.421
254.911
258.55
262.32
266.245
270.31
274.539
278.921
283.476
288.199
293.107
298.201
303.495
308.995
314.715
320.662
326.852
333.297
340.012
347.015
354.32
361.952
369.928
378.276
387.02
396.195
405.831
415.974
426.662
437.956
449.912
462.609
476.131
490.59
506.096
522.743
540.436
558.911
573.552
580.084
266.679
266.436
266.155
265.776
265.298
264.758
264.083
263.369
262.503
261.61
260.563
259.492
258.278
257.034
255.675
254.277
252.794
251.28
249.697
248.102
246.452
244.812
243.133
241.488
239.82
238.212
236.601
235.072
233.563
232.154
230.791
229.543
228.365
227.318
226.364
225.551
224.856
224.308
223.898
223.684
223.596
223.592
223.894
224.255
224.857
225.545
226.454
227.467
228.685
230.018
231.544
233.192
235.025
236.983
239.12
241.391
243.838
246.402
249.142
252.002
255.036
258.194
261.525
264.989
268.624
272.403
276.355
280.461
284.744
289.194
293.83
298.646
303.66
308.872
314.297
319.939
325.813
331.925
338.292
344.924
351.838
359.049
366.576
374.437
382.653
391.25
400.248
409.678
419.568
429.958
440.9
452.446
464.666
477.654
491.534
506.458
522.507
539.35
553.179
559.444
326.878
328.786
329.536
330.926
331.61
332.809
333.394
334.359
334.824
335.531
335.862
336.291
336.476
336.562
336.553
336.335
335.971
335.49
334.793
334.027
333.009
331.946
330.62
329.26
327.641
325.995
324.103
322.192
320.066
317.915
315.581
313.24
310.741
308.259
305.648
303.08
300.416
297.818
295.16
292.6
290.02
287.567
285.139
282.853
280.67
278.65
276.77
275.074
273.553
272.236
271.118
270.224
269.549
269.157
268.984
268.951
269.27
269.738
270.492
271.424
272.619
274.005
275.636
277.463
279.519
281.772
284.246
286.918
289.781
292.837
296.07
299.489
303.082
306.853
310.802
314.922
319.216
323.676
328.304
333.092
338.035
343.112
348.329
353.668
359.129
364.702
370.38
376.157
382.026
387.984
394.015
400.132
406.413
412.921
419.879
427.604
436.501
446.876
457.914
463.681
376.044
379.51
380.957
383.792
385.398
388.111
389.792
392.349
394.051
396.437
398.122
400.328
401.966
404.011
405.597
407.456
408.936
410.592
411.919
413.348
414.476
415.651
416.543
417.433
418.051
418.628
418.938
419.102
419.147
418.996
418.614
418.092
417.32
416.408
415.242
413.938
412.386
410.701
408.721
406.566
404.14
401.551
398.72
395.749
392.583
389.298
385.854
382.354
378.727
375.098
371.39
367.726
364.039
360.437
356.86
353.397
350.025
346.842
343.807
340.971
338.324
335.907
333.712
331.769
330.078
328.648
327.482
326.562
325.898
325.524
325.363
325.334
325.651
326.092
326.784
327.594
328.602
329.712
330.971
332.309
333.771
335.36
337.048
338.847
340.728
342.727
344.798
346.986
349.253
351.657
354.191
356.912
359.813
362.939
366.397
370.445
375.571
382.202
387.071
388.87
411.488
416.124
418.099
422.03
424.412
428.253
430.897
434.638
437.458
441.102
444.041
447.595
450.606
454.115
457.218
460.685
463.844
467.264
470.443
473.807
476.975
480.266
483.392
486.591
489.642
492.727
495.671
498.613
501.418
504.183
506.803
509.354
511.746
514.04
516.156
518.144
519.933
521.565
523.045
524.371
525.485
526.399
527.055
527.393
527.522
527.482
526.932
526.254
525.113
523.774
522.017
520.017
517.637
514.993
512.003
508.753
505.194
501.397
497.338
493.109
488.674
484.094
479.335
474.449
469.468
464.407
459.314
454.183
449.143
444.14
439.284
434.537
429.995
425.618
421.475
417.468
413.7
410.095
406.717
403.505
400.466
397.532
394.76
392.07
389.488
386.979
384.533
382.132
379.762
377.433
375.146
372.937
370.896
369.244
368.031
367.568
368.161
371.987
375.058
375.956
426.459
431.949
434.31
439.022
441.962
446.608
449.951
454.549
458.199
462.779
466.681
471.278
475.393
480.034
484.335
489.032
493.493
498.253
502.852
507.677
512.395
517.284
522.1
527.046
531.943
536.936
541.896
546.926
551.929
556.983
562.016
567.08
572.118
577.167
582.18
587.18
592.128
597.037
601.919
606.771
611.563
616.295
620.934
625.478
629.907
634.199
638.33
642.304
646.069
649.641
652.964
656.055
658.857
661.382
663.578
665.452
666.956
668.09
668.714
668.974
669
668.283
667.45
665.988
664.235
661.89
659.155
655.855
652.114
647.832
643.091
637.833
632.117
625.915
619.301
612.321
604.947
597.275
589.249
580.964
572.363
563.542
554.47
545.201
535.711
525.973
516.004
505.746
495.181
484.072
472.628
460.588
448.049
435.138
422.006
409.133
397.986
391.283
388.363
387.048
426.637
432.002
434.337
438.971
441.91
446.501
449.877
454.466
458.198
462.831
466.873
471.596
475.921
480.769
485.359
490.358
495.202
500.373
505.464
510.821
516.153
521.709
527.276
533.035
538.834
544.799
550.821
556.991
563.231
569.6
576.049
582.612
589.256
596.005
602.833
609.756
616.755
623.841
630.998
638.231
645.523
652.879
660.282
667.731
675.217
682.73
690.265
697.811
705.351
712.877
720.361
727.821
735.228
742.582
749.862
757.065
764.167
771.174
778.05
784.8
791.377
797.756
803.983
809.954
815.692
821.106
826.202
830.897
835.178
838.972
842.254
844.959
847.041
848.29
848.838
848.937
847.797
845.919
842.875
838.84
833.531
826.985
818.994
809.516
798.385
785.537
770.913
754.29
735.699
714.941
691.911
666.226
637.591
605.635
571.194
533.61
496.094
460.601
435.28
418.39
433.375
437.732
439.67
443.514
445.971
449.785
452.608
456.424
459.547
463.405
466.788
470.727
474.358
478.42
482.29
486.503
490.611
495.001
499.353
503.943
508.545
513.357
518.22
523.276
528.412
533.732
539.154
544.754
550.474
556.366
562.394
568.592
574.941
581.466
588.158
595.037
602.099
609.364
616.813
624.466
632.317
640.376
648.638
657.112
665.79
674.672
683.756
693.09
702.652
712.475
722.56
732.841
743.333
754.013
764.877
775.909
787.092
798.421
809.864
821.419
833.059
844.782
856.57
868.413
880.307
892.235
904.19
916.143
928.076
939.944
951.706
963.434
975.056
986.572
997.939
1009.11
1020.01
1030.6
1040.75
1050.38
1059.32
1067.42
1074.43
1080.09
1083.53
1084.98
1085.13
1080.47
1072.92
1059.8
1041.38
1015.49
981.138
935.891
879.733
808.845
726.361
634.981
553.344
488.301
478.734
481.485
482.81
485.498
487.286
489.997
492.062
494.802
497.083
499.877
502.351
505.224
507.877
510.844
513.672
516.754
519.758
522.973
526.159
529.526
532.9
536.434
540.005
543.722
547.499
551.414
555.408
559.536
563.759
568.118
572.579
577.178
581.895
586.753
591.74
596.869
602.135
607.539
613.132
618.895
624.857
631.017
637.394
643.999
650.851
657.97
665.371
673.021
680.954
689.157
697.64
706.459
715.617
725.138
735.03
745.305
755.97
767.054
778.556
790.507
802.914
815.81
829.209
843.143
857.641
872.731
888.421
904.734
921.676
939.264
957.512
976.279
995.558
1015.27
1035.36
1055.74
1076.37
1097.17
1118.1
1139.12
1160.21
1181.37
1202.57
1223.76
1244.93
1266.16
1287.15
1307.4
1326.37
1342.68
1352.25
1355.81
1350.06
1321.9
1271.22
1196.17
1093.09
963.838
802.868
630.414
658.19
658.338
659.461
660.336
661.582
662.818
664.095
665.503
666.829
668.339
669.732
671.316
672.789
674.439
675.999
677.715
679.369
681.157
682.908
684.774
686.627
688.578
690.536
692.579
694.646
696.791
698.974
701.231
703.543
705.932
708.386
710.928
713.552
716.268
719.081
721.999
725.033
728.194
731.464
734.859
738.384
742.046
745.853
749.812
753.933
758.222
762.685
767.325
772.159
777.19
782.436
787.911
793.625
799.594
805.831
812.356
819.195
826.331
833.805
841.627
849.812
858.384
867.344
876.714
886.564
896.968
907.908
919.446
931.588
944.384
957.844
971.965
986.947
1002.78
1019.56
1037.34
1056.21
1076.25
1097.57
1120.24
1144.4
1170.13
1197.54
1226.73
1257.84
1289.88
1322.56
1354.45
1383.8
1408.31
1422.34
1427.49
1425.39
1409.55
1378.13
1319.02
1231.84
1121.64
997.746
849.037
1574.92
1576.27
1576.54
1576.65
1576.55
1576.52
1576.25
1576.15
1575.82
1575.68
1575.31
1575.13
1574.72
1574.49
1574.05
1573.75
1573.28
1572.9
1572.39
1571.93
1571.37
1570.82
1570.22
1569.59
1568.93
1568.24
1567.52
1566.76
1566
1565.19
1564.38
1563.51
1562.64
1561.72
1560.78
1559.79
1558.79
1557.74
1556.66
1555.53
1554.38
1553.17
1551.93
1550.63
1549.28
1547.86
1546.37
1544.79
1543.1
1541.29
1539.34
1537.23
1534.96
1532.53
1529.93
1527.17
1524.27
1521.22
1517.9
1514.35
1510.38
1505.99
1500.95
1495.19
1488.88
1482.3
1475.3
1467.96
1460.17
1451.95
1443.28
1434.1
1424.16
1413.64
1402.26
1390.04
1376.85
1362.58
1347.18
1330.51
1312.53
1293.12
1272.25
1249.8
1225.68
1199.62
1170.92
1138.34
1098.48
1049.95
988.715
908.067
807.484
698.293
584.326
535.154
555.751
721.592
886.649
939.878
865.7
324.715
176.615
119.702
95.2955
82.332
75.9976
72.9961
72.0105
73.8198
80.6945
96.8045
118.102
155.115
205.824
270.316
348.074
443.65
560.909
611.577
693.018
329.147
219.091
154.378
121.84
104.013
92.8145
87.3201
85.3745
87.2578
99.1456
114.907
143.483
183.534
236.532
298.714
371.516
459.298
545.634
569.87
544.609
318.818
242.416
180.308
147.636
125.333
111.725
105.77
104.06
108.231
119.661
142.967
173.523
217.362
268.16
325.18
389.814
463.012
515.507
523.871
444.716
305.237
256.344
198.1
171.078
145.997
133.887
128.194
126.594
130.709
152.949
176.476
212.628
255.058
300.886
351.496
406.319
455.969
475.361
475.181
388.314
300.519
266.376
214.723
192.025
168.61
158.932
155.057
154.703
173.751
194.271
221.493
256.028
291.551
329.91
370.476
410.59
433.622
427.62
427.759
360.174
300.419
273.868
231.938
214.365
200.533
196.718
196.572
210.314
226.471
246.581
271.241
298.317
325.961
355.671
383.937
399.552
397.838
368.685
381.887
352.297
312.723
295.836
272.362
265.018
262.352
261.939
268.653
277.899
290.085
305.03
321.576
338.889
355.53
370.195
377.152
375.771
344.558
300.75
348.63
386.595
374.738
370.83
361.073
356.403
350.845
348.658
348.143
350.441
354.824
359.275
364.171
366.965
368.026
366.774
358.503
331.837
277.294
231.389
331.723
498.854
483.644
476.224
457.298
448.395
434.039
426.996
417.331
412.159
404.132
397.688
388.561
378.06
365.503
349.205
316.326
267.022
201.881
161.159
326.691
562.545
541.145
531.474
508.41
497.361
478.711
468.43
451.607
440.048
423.168
409.03
389.863
369.822
341.05
301.47
251.243
197.622
144.913
120.357
330.137
543.827
523.72
514.701
493.028
482.683
465.371
456.1
441.212
431.064
416.474
404.002
387.499
369.757
345.172
309.307
259.444
203.893
146.342
119.052
328.516
457.112
446.038
440.528
424.64
417.392
406.522
401.302
395.701
392.932
389.559
386.083
381.435
374.384
364.863
353.454
326.711
278.182
210.819
171.829
326.208
358.468
343.255
338.216
330.338
326.978
323.927
323.112
325.855
330.732
338.356
346.405
354.709
362.451
366.311
367.681
363.456
340.227
287.171
239.642
327.278
336.417
296.536
279.001
253.758
245.326
242.339
242.144
250.51
261.245
275.244
292.626
311.446
331.757
351.926
370.531
379.805
381.116
352.852
308.192
336.886
346.554
287.984
262.111
220.887
203.477
188.933
184.561
184.057
197.768
215.014
236.496
262.797
291.646
321.403
353.583
385.574
403.742
404.992
374.687
370.401
374.246
289.132
255.878
206.155
184.222
161.381
151.711
147.609
146.991
164.894
186.267
214.275
250.119
287.321
327.427
369.945
413.976
438.913
434.236
420.742
429.252
293.808
246.059
189.891
163.732
139.982
128.475
123.123
121.663
125.827
146.877
171.015
207.324
250.886
298.305
350.572
407.384
460.372
480.94
472.514
531.306
308.037
233.555
173.639
141.848
120.309
107.344
101.66
100.079
104.597
115.895
138.759
169.644
213.53
265.425
323.796
390.493
466.958
519.085
523.858
686.527
317.907
211.114
148.171
116.939
99.8215
89.4633
84.3633
82.573
84.5995
96.087
111.936
140.314
180.488
233.892
296.987
370.927
460.841
548.743
571.496
863.323
313.335
170.606
115.676
92.0319
79.5684
73.1604
70.4455
69.6545
71.9776
78.6875
94.2988
115.834
152.476
203.475
268.6
347.454
444.546
563.244
613.773
646.054
32.1744
12.7362
11.3229
11.19
11.171
11.1705
11.1708
11.1706
11.1705
11.1705
11.1706
11.1708
11.1705
11.171
11.19
11.3229
12.7362
32.1744
646.054
672.741
55.0631
17.0387
12.087
11.3039
11.1803
11.1547
11.1529
11.1534
11.1536
11.1536
11.1534
11.1529
11.1547
11.1803
11.3039
12.087
17.0387
55.063
672.741
698.451
71.0929
21.1541
13.3032
11.5873
11.2261
11.1552
11.1382
11.1358
11.1355
11.1355
11.1358
11.1382
11.1552
11.2261
11.5873
13.3032
21.154
71.0928
698.451
723.136
85.8503
25.1369
14.6461
12.0431
11.3371
11.1684
11.1265
11.1183
11.1171
11.1171
11.1183
11.1265
11.1684
11.3371
12.0431
14.6461
25.1368
85.8502
723.136
746.745
101.868
29.2068
16.0659
12.5885
11.5234
11.2064
11.1273
11.105
11.1003
11.1003
11.105
11.1273
11.2064
11.5234
12.5885
16.0659
29.2068
101.868
746.745
769.31
118.433
33.367
17.5406
13.1971
11.7624
11.283
11.1366
11.0944
11.0843
11.0843
11.0944
11.1366
11.283
11.7624
13.1971
17.5406
33.367
118.433
769.31
790.726
134.966
37.5673
19.051
13.8501
12.0431
11.3872
11.16
11.0918
11.0718
11.0718
11.0918
11.16
11.3872
12.0431
13.8501
19.051
37.5673
134.966
790.726
810.981
151.25
41.7799
20.5851
14.5351
12.357
11.5178
11.203
11.0955
11.0625
11.0625
11.0955
11.203
11.5178
12.357
14.5352
20.5851
41.7799
151.25
810.981
829.957
167.08
45.9694
22.1304
15.2423
12.6969
11.6708
11.2604
11.1065
11.0594
11.0594
11.1065
11.2604
11.6708
12.6969
15.2423
22.1304
45.9695
167.08
829.957
847.654
182.402
50.1211
23.6798
15.9648
13.0568
11.8431
11.3325
11.1291
11.0619
11.0619
11.1291
11.3325
11.8431
13.0568
15.9648
23.6798
50.1212
182.403
847.654
863.99
197.095
54.2104
25.2247
16.6968
13.4321
12.0315
11.4179
11.1609
11.0698
11.0698
11.1609
11.4179
12.0315
13.4322
16.6968
25.2248
54.2106
197.096
863.99
879.012
211.154
58.2318
26.7617
17.4346
13.8192
12.2335
11.5156
11.2021
11.0862
11.0862
11.2021
11.5156
12.2335
13.8192
17.4347
26.7618
58.232
211.155
879.012
892.664
224.491
62.1652
28.2844
18.1745
14.2149
12.4467
11.6242
11.2528
11.1113
11.1113
11.2528
11.6242
12.4467
14.2149
18.1745
28.2845
62.1654
224.492
892.663
905.027
237.119
66.0091
29.7908
18.9141
14.6169
12.6691
11.7427
11.3126
11.1446
11.1446
11.3126
11.7427
12.6691
14.6169
18.9141
29.7909
66.0093
237.12
905.027
916.067
248.971
69.7459
31.2755
19.6507
15.0231
12.899
11.8698
11.381
11.1861
11.1861
11.381
11.8699
12.899
15.0231
19.6507
31.2755
69.7461
248.971
916.067
925.904
260.09
73.3779
32.7378
20.383
15.4319
13.1352
12.0048
11.4576
11.2357
11.2357
11.4576
12.0048
13.1352
15.4319
20.383
32.7379
73.3781
260.09
925.904
934.512
270.423
76.8907
34.1734
21.1088
15.8417
13.3762
12.1466
11.5418
11.293
11.293
11.5418
12.1466
13.3762
15.8418
21.1088
34.1734
76.8908
270.423
934.512
942.037
280.036
80.2889
35.5824
21.8276
16.2519
13.6211
12.2944
11.6331
11.3579
11.3579
11.6331
12.2944
13.6211
16.2519
21.8276
35.5825
80.2891
280.036
942.037
948.451
288.886
83.5605
36.9608
22.5374
16.661
13.8691
12.4475
11.7309
11.4299
11.4299
11.7309
12.4475
13.8691
16.661
22.5375
36.9608
83.5606
288.886
948.451
953.925
297.052
86.7121
38.3096
23.2383
17.0685
14.1194
12.6053
11.8348
11.5085
11.5085
11.8348
12.6053
14.1194
17.0685
23.2383
38.3097
86.7122
297.052
953.924
958.416
304.505
89.7342
39.625
23.9283
17.4735
14.3712
12.7671
11.9442
11.5934
11.5934
11.9442
12.7671
14.3712
17.4735
23.9283
39.6251
89.7343
304.505
958.416
962.12
311.326
92.6352
40.9091
24.6079
17.8757
14.6241
12.9325
12.0587
11.684
11.684
12.0587
12.9325
14.6242
17.8757
24.608
40.9091
92.6353
311.326
962.12
964.967
317.505
95.4078
42.1581
25.2755
18.2742
14.8776
13.1009
12.1777
11.78
11.78
12.1777
13.1009
14.8776
18.2742
25.2755
42.1581
95.4079
317.504
964.966
967.18
323.104
98.0613
43.3748
25.9317
18.669
15.1313
13.2719
12.3009
11.8809
11.8809
12.3009
13.2719
15.1313
18.669
25.9317
43.3749
98.0615
323.104
967.179
968.649
328.146
100.59
44.5556
26.575
19.0593
15.3846
13.445
12.4277
11.9862
11.9862
12.4277
13.445
15.3846
19.0593
26.575
44.5557
100.59
328.145
968.648
969.635
332.656
103.004
45.704
27.2062
19.4452
15.6374
13.62
12.5579
12.0955
12.0955
12.5579
13.62
15.6374
19.4452
27.2063
45.7041
103.004
332.655
969.634
969.97
336.703
105.3
46.8164
27.824
19.8261
15.8892
13.7964
12.691
12.2085
12.2085
12.691
13.7964
15.8892
19.8261
27.824
46.8164
105.3
336.702
969.969
969.834
340.244
107.487
47.897
28.4295
20.202
16.14
13.974
12.8267
12.3248
12.3248
12.8267
13.974
16.14
20.2021
28.4295
47.8971
107.487
340.244
969.833
969.425
343.4
109.562
48.9419
29.0212
20.5725
16.3892
14.1525
12.9646
12.4441
12.4441
12.9646
14.1525
16.3892
20.5725
29.0212
48.9419
109.561
343.4
969.424
968.579
346.143
111.538
49.9563
29.6005
20.9378
16.6369
14.3316
13.1045
12.5659
12.5659
13.1045
14.3316
16.637
20.9378
29.6006
49.9564
111.538
346.142
968.578
967.379
348.532
113.407
50.9359
30.1661
21.2973
16.8828
14.5111
13.2461
12.69
12.69
13.2461
14.5111
16.8828
21.2973
30.166
50.9358
113.407
348.531
967.378
965.891
350.555
115.186
51.8864
30.7193
21.6514
17.1267
14.6907
13.389
12.8161
12.8161
13.389
14.6907
17.1267
21.6514
30.7194
51.8866
115.186
350.553
965.89
964.156
352.263
116.865
52.8037
31.259
21.9996
17.3685
14.8702
13.5331
12.944
12.944
13.5331
14.8702
17.3684
21.9995
31.2589
52.8034
116.865
352.262
964.155
962.205
353.661
118.463
53.6934
31.7865
22.3421
17.608
15.0495
13.6782
13.0733
13.0733
13.6782
15.0495
17.608
22.3422
31.7866
53.6937
118.463
353.659
962.204
960.074
354.764
119.967
54.5517
32.3009
22.6788
17.8451
15.2284
13.8239
13.2039
13.2039
13.8239
15.2284
17.8451
22.6787
32.3007
54.5512
119.966
354.764
960.073
957.789
355.618
121.397
55.3842
32.8034
23.0097
18.0798
15.4067
13.9702
13.3355
13.3355
13.9702
15.4067
18.0798
23.0098
32.8036
55.3845
121.397
355.616
957.788
955.382
356.173
122.738
56.1872
33.2934
23.3348
18.3119
15.5842
14.1168
13.468
13.468
14.1168
15.5842
18.3119
23.3347
33.2932
56.1866
122.737
356.173
955.382
952.869
356.558
124.013
56.9663
33.7719
23.6542
18.5414
15.761
14.2636
13.601
13.6011
14.2636
15.761
18.5414
23.6543
33.7721
56.9667
124.014
356.557
952.869
950.287
356.612
125.206
57.718
34.2385
23.9678
18.7682
15.9367
14.4103
13.7346
13.7346
14.4103
15.9367
18.7681
23.9677
34.2382
57.7174
125.205
356.611
950.286
947.635
356.52
126.338
58.4479
34.6941
24.2758
18.9922
16.1114
14.557
13.8684
13.8684
14.557
16.1114
18.9922
24.2759
34.6944
58.4484
126.339
356.52
947.635
944.958
356.291
127.395
59.1526
35.1386
24.5781
19.2134
16.2849
14.7033
14.0024
14.0024
14.7033
16.2848
19.2134
24.5779
35.1382
59.1519
127.394
356.291
944.958
942.243
355.822
128.403
59.8378
35.5727
24.8749
19.4319
16.4571
14.8493
14.1364
14.1364
14.8493
16.4571
19.4319
24.8751
35.573
59.8383
128.403
355.82
942.243
939.54
355.242
129.339
60.5006
35.9966
25.1664
19.6475
16.628
14.9948
14.2703
14.2703
14.9948
16.6279
19.6474
25.1662
35.9961
60.4997
129.338
355.243
939.54
936.82
354.508
130.246
61.1466
36.4105
25.4525
19.8602
16.7975
15.1397
14.404
14.404
15.1397
16.7975
19.8603
25.4527
36.411
61.1476
130.247
354.505
936.82
934.146
353.72
131.106
61.7772
36.8159
25.7337
20.0702
16.9655
15.2839
14.5373
14.5373
15.2839
16.9654
20.0701
25.7333
36.8151
61.7756
131.103
353.722
934.146
931.465
352.875
131.978
62.3957
37.2113
26.0093
20.2773
17.132
15.4273
14.6702
14.6702
15.4273
17.132
20.2774
26.0097
37.2122
62.3978
131.982
352.872
931.465
928.861
352.022
132.879
63.017
37.6012
26.2809
20.4817
17.2969
15.5699
14.8026
14.8026
15.5698
17.2968
20.4815
26.2804
37.6
63.0141
132.874
352.024
928.86
926.331
351.165
133.813
63.6338
37.9819
26.547
20.6831
17.4602
15.7115
14.9344
14.9344
15.7116
17.4604
20.6834
26.5476
37.9832
63.6372
133.82
351.162
926.333
923.874
350.422
134.854
64.2688
38.3601
26.8096
20.8821
17.622
15.8522
15.0654
15.0654
15.8521
17.6219
20.8818
26.8091
38.3588
64.2654
134.846
350.424
923.872
921.482
349.754
135.961
64.9073
38.7319
27.0677
21.0783
17.7821
15.9919
15.1958
15.1958
15.992
17.7822
21.0786
27.0682
38.733
64.9102
135.97
349.753
921.484
919.158
349.293
137.203
65.5688
39.1021
27.3221
21.2718
17.9404
16.1304
15.3253
15.3252
16.1303
17.9403
21.2716
27.3218
39.1017
65.5673
137.197
349.295
919.155
916.893
348.942
138.521
66.2435
39.4711
27.574
21.4632
18.0974
16.268
15.454
15.4541
16.268
18.0975
21.4634
27.5742
39.4713
66.2437
138.525
348.942
916.896
914.697
348.851
139.946
66.9344
39.837
27.8214
21.6516
18.2523
16.4041
15.5817
15.5816
16.404
18.2522
21.6515
27.8215
39.8378
66.9366
139.947
348.853
914.693
912.556
348.916
141.457
67.6489
40.207
28.0683
21.8386
18.406
16.5394
15.7086
15.7087
16.5395
18.4062
21.8389
28.0685
40.2064
67.6463
141.453
348.918
912.558
910.483
349.098
143.027
68.3711
40.5729
28.3108
22.0225
18.5576
16.6731
15.8342
15.8342
16.673
18.5575
22.0223
28.3108
40.5742
68.3763
143.038
349.103
910.478
908.467
349.474
144.671
69.1201
40.9452
28.5535
22.2053
18.7082
16.806
15.9592
15.9593
16.8062
18.7086
22.206
28.5543
40.9451
69.1164
144.662
349.465
908.468
906.517
349.985
146.346
69.8734
41.3145
28.7926
22.3854
18.8567
16.9373
16.0827
16.0827
16.9371
18.8564
22.3849
28.7923
41.3155
69.8795
146.362
350.007
906.512
904.625
350.634
148.073
70.6508
41.6907
29.0325
22.5646
19.0042
17.0677
16.2056
16.2057
17.0681
19.0049
22.5658
29.0342
41.6921
70.6488
148.063
350.627
904.624
902.799
351.371
149.81
71.4303
42.0644
29.2691
22.7412
19.1496
17.1965
16.3269
16.3268
17.1963
19.1493
22.7405
29.2683
42.0648
71.4367
149.83
351.399
902.791
901.03
352.212
151.576
72.2314
42.4458
29.5071
22.9173
19.2943
17.3245
16.4477
16.4478
17.3251
19.2954
22.9192
29.5102
42.4495
72.2328
151.57
352.211
901.027
899.326
353.112
153.338
73.0313
42.8244
29.7422
23.0909
19.4369
17.4507
16.5666
16.5665
17.4505
19.4364
23.0901
29.741
42.8243
73.0384
153.363
353.148
899.314
897.678
354.084
155.112
73.8505
43.2108
29.9789
23.2642
19.5788
17.5764
16.6853
16.6855
17.5773
19.5805
23.2673
29.9841
43.2183
73.8571
155.111
354.095
897.672
896.095
355.093
156.868
74.666
43.595
30.2134
23.4354
19.7187
17.7001
16.8017
16.8017
17.6999
19.7182
23.4344
30.2118
43.5947
74.6758
156.905
355.143
896.074
894.565
356.145
158.621
75.497
43.9861
30.4492
23.6063
19.8581
17.8235
16.9184
16.9188
17.8248
19.8608
23.6113
30.4579
43.9995
75.5115
158.625
356.175
894.552
893.099
357.216
160.345
76.3207
44.3748
30.6831
23.7752
19.9954
17.9446
17.0324
17.0324
17.9446
19.9951
23.7743
30.6816
44.3751
76.3361
160.401
357.293
893.066
891.685
358.308
162.059
77.1595
44.7703
30.9185
23.9439
20.1324
18.0658
17.147
17.1477
18.0679
20.1367
23.9517
30.9321
44.7928
77.189
162.082
358.374
891.655
890.33
359.402
163.732
77.986
45.1627
31.1521
24.1109
20.2673
18.1845
17.2585
17.2586
18.1847
20.2675
24.1109
31.1522
45.1665
78.0099
163.803
359.52
890.278
889.029
360.498
165.387
78.8265
45.5614
31.3868
24.2775
20.4019
18.3034
17.3712
17.3722
18.3067
20.4085
24.2894
31.4076
45.5969
78.8813
165.459
360.63
888.97
887.783
361.584
166.991
79.6499
45.9568
31.6204
24.4427
20.5344
18.4196
17.4802
17.4805
18.4206
20.5361
24.4451
31.6248
45.9699
79.6943
167.091
361.773
887.695
886.591
362.653
168.572
80.4849
46.3561
31.8536
24.607
20.6667
18.5364
17.591
17.5927
18.5417
20.6771
24.6257
31.8865
46.4133
80.578
168.707
362.891
886.483
885.45
363.703
170.095
81.2994
46.7528
32.0867
24.7702
20.7967
18.65
17.6973
17.6981
18.6525
20.8011
24.7772
32.099
46.7825
81.3841
170.273
364.025
885.302
884.366
364.715
171.585
82.1224
47.1508
32.3178
24.932
20.9266
18.7647
17.8065
17.8092
18.7734
20.9435
24.9623
32.3715
47.2465
82.283
171.814
365.129
884.174
883.331
365.702
173.016
82.9199
47.5457
32.5493
25.0928
21.0539
18.8754
17.9101
17.9118
18.8809
21.0637
25.109
32.5777
47.6071
83.0749
173.323
366.256
883.074
882.355
366.628
174.396
83.7231
47.9387
32.7765
25.2513
21.1809
18.9878
18.0178
18.0221
19.0022
21.2085
25.3003
32.8639
48.0973
83.9999
174.807
367.347
882.019
881.429
367.52
175.716
84.4929
48.3281
33.005
25.4089
21.305
19.0954
18.1185
18.1217
19.1067
21.3255
25.4436
33.0663
48.4544
84.781
176.227
368.466
880.984
880.568
368.323
176.966
85.2663
48.7101
33.2251
25.5625
21.4284
19.2053
18.225
18.2319
19.2295
21.4741
25.6428
33.3679
48.972
85.7341
177.685
369.568
879.982
879.762
369.079
178.151
85.9981
49.0885
33.4473
25.7148
21.5479
19.3089
18.3226
18.3285
19.3309
21.5882
25.7837
33.5695
49.3346
86.5313
179.037
370.705
878.991
879.03
369.703
179.23
86.7277
49.4512
33.6551
25.861
21.6665
19.4157
18.4282
18.4395
19.457
21.7437
25.9956
33.8947
49.8958
87.5308
180.452
371.842
878.012
878.369
370.233
180.239
87.4004
49.8058
33.8637
26.0042
21.7794
19.5144
18.5222
18.5329
19.5557
21.8558
26.1359
34.0981
50.2691
88.3674
181.788
373.061
877.033
877.805
370.499
181.056
88.0476
50.1317
34.0502
26.1384
21.8904
19.6169
18.627
18.646
19.6876
22.0222
26.367
34.4587
50.9022
89.4668
183.197
374.295
876.033
877.351
370.631
181.793
88.6278
50.4507
34.2371
26.2672
21.994
19.7093
18.7177
18.737
19.7849
22.135
26.5121
34.6747
51.3072
90.3848
184.531
375.678
875.013
877.005
370.563
182.278
89.1704
50.7221
34.3895
26.3827
22.0933
19.8057
18.8218
18.8538
19.9267
22.319
26.7726
35.0875
52.0465
91.6418
186.017
377.13
873.924
876.839
370.324
182.674
89.6059
50.9767
34.5396
26.4874
22.1824
19.8893
18.909
18.9437
20.0253
22.4378
26.9322
35.3352
52.5177
92.7168
187.449
378.832
872.777
876.908
369.729
182.652
89.954
51.1493
34.6349
26.5733
22.2642
19.9782
19.0147
19.0692
20.185
22.6512
27.2404
35.8309
53.4287
94.2347
189.101
380.688
871.489
877.154
368.882
182.451
90.1248
51.284
34.7219
26.6379
22.3315
20.0499
19.0991
19.1605
20.2903
22.7868
27.4342
36.1458
54.0219
95.5607
190.802
382.977
870.073
877.766
367.099
181.889
90.061
51.266
34.718
26.6779
22.3851
20.1289
19.2097
19.303
20.483
23.0508
27.8229
36.782
55.2095
97.5075
192.823
385.56
868.402
878.597
365.359
181.014
89.8189
51.1702
34.6768
26.6718
22.4242
20.1907
19.3006
19.4091
20.6096
23.2269
28.0876
37.2212
56.0349
99.268
195.046
388.868
866.478
880.36
361.77
179.245
89.2576
50.9478
34.5684
26.6424
22.4384
20.2659
19.4277
19.5812
20.8644
23.5925
28.6281
38.108
57.6896
101.917
197.773
392.725
864.112
882.04
358.66
177.217
88.3094
50.4907
34.3818
26.572
22.4568
20.3308
19.5309
19.7185
21.0436
23.8502
29.0349
38.8017
58.966
104.457
201.007
397.792
861.272
885.542
352.367
173.962
86.7829
49.8738
34.0469
26.496
22.4533
20.399
19.6789
19.934
21.3796
24.3744
29.876
40.2313
61.5682
108.367
205.085
403.821
857.67
888.478
347.151
170.107
84.8017
48.8764
33.7307
26.3837
22.4244
20.4566
19.8116
20.1273
21.6669
24.8022
30.5508
41.3867
63.6851
112.525
210.432
411.768
853.2
894.567
336.925
164.729
81.9211
47.8367
33.3174
26.2395
22.3897
20.5799
20.0817
20.5228
22.2599
25.6941
31.9626
43.7986
68.0178
118.72
217.205
421.295
847.422
899.281
328.501
158.038
78.682
46.6075
32.7897
25.9254
22.4399
20.8278
20.4315
20.9799
22.8816
26.568
33.2813
45.9667
71.772
125.615
226.364
433.509
840.1
909.065
312.319
149.575
74.9067
45.0329
32.0383
25.9125
22.672
21.3714
21.1687
21.9431
24.1727
28.4161
36.0691
50.536
79.4875
135.975
238.325
447.744
830.552
916.124
299.346
139.501
70.5495
43.1814
31.7097
26.1505
23.299
22.2848
22.1771
23.1575
25.7352
30.4296
38.9729
55.0612
86.6952
148.026
254.39
465.546
818.256
931.528
274.511
127.85
65.4451
41.9391
32.0789
27.0463
24.8016
24.2455
24.3088
25.6856
28.7328
34.7505
45.1512
64.6091
101.176
166.287
275.306
485.368
802.102
940.195
258.954
113.711
61.5439
42.5895
33.6525
29.3094
27.5067
27.0183
27.1802
29.0006
33.1153
39.7312
52.111
74.8079
116.471
187.799
302.419
509.183
781.137
958.746
227.402
103.711
62.8711
45.7804
37.8465
34.2018
32.9754
32.6791
33.3843
35.658
40.4139
50.6386
66.68
96.4579
144.357
221.011
337.066
532.316
753.157
959.998
227.333
108.725
70.6072
54.9276
47.894
44.8556
42.2061
41.2061
41.1453
44.8798
52.7967
63.6147
85.1372
119.419
176.595
259.386
376.722
556.739
716.124
964.5
290.866
136.724
93.3958
75.9763
66.1907
59.1295
56.1718
55.3207
56.8499
62.9104
71.1335
91.0099
118.517
165.621
229.795
313.79
421.817
567.514
664.208
964.493
284.97
133.525
90.8107
73.7772
64.7142
57.5935
54.6095
53.728
55.1649
61.5683
69.6916
89.2202
116.884
163.516
227.842
312.181
421.305
569.231
666.364
959.673
226.408
108.035
69.6985
53.8942
46.7907
43.9208
41.4784
40.518
40.4433
44.0169
51.9637
62.6911
83.8862
118.196
175.294
258.011
375.322
555.87
717.783
958.169
229.05
103.745
62.6619
45.4234
37.4256
33.7261
32.4407
32.171
32.9531
35.2609
39.9201
50.1111
66.0922
95.5405
143.25
219.812
335.952
531.648
754.327
939.388
260.191
114.697
61.5887
42.4996
33.4899
29.104
27.2868
26.7831
26.9446
28.7495
32.8384
39.4084
51.709
74.2791
115.842
186.876
301.201
508.102
782.003
930.653
275.792
128.614
65.8501
41.9504
32.0371
26.9597
24.6759
24.1121
24.1704
25.5338
28.5624
34.5427
44.885
64.2346
100.612
165.692
274.597
484.596
802.714
915.477
300.531
140.249
70.8716
43.3393
31.7105
26.1262
23.2508
22.2185
22.1044
23.0734
25.6326
30.3104
38.8172
54.8417
86.3715
147.496
253.655
464.77
818.702
908.49
313.271
150.158
75.2132
45.1549
32.106
25.9094
22.657
21.3379
21.1275
21.8927
24.1141
28.3378
35.9649
50.3842
79.2584
135.711
237.957
447.209
830.866
898.825
329.337
158.592
78.9501
46.7186
32.8334
25.9583
22.4408
20.8151
20.4115
20.9532
22.846
26.523
33.2201
45.8741
71.6226
125.314
225.944
433.025
840.322
894.169
337.556
165.126
82.1837
47.9378
33.3666
26.2614
22.396
20.5768
20.0717
20.5076
22.2375
25.6649
31.9218
43.7343
67.9131
118.619
217.043
420.977
847.575
888.169
347.715
170.464
85.0052
48.9689
33.7668
26.4046
22.4371
20.459
19.8079
20.1197
21.6537
24.7839
30.5257
41.3478
63.617
112.352
210.193
411.492
853.306
885.277
352.791
174.223
86.9613
49.9597
34.0826
26.5093
22.4622
20.4018
19.6771
19.9318
21.3745
24.3631
29.8568
40.2024
61.5213
108.345
205.029
403.658
857.739
881.838
359.008
177.45
88.446
50.5554
34.4148
26.5885
22.4643
20.3341
19.5321
19.7147
21.0344
23.8405
29.025
38.7865
58.9368
104.357
200.87
397.642
861.32
880.19
362.065
179.415
89.3732
50.9995
34.5943
26.6553
22.4445
20.2685
19.4286
19.5816
20.8624
23.5844
28.6158
38.095
57.6723
101.934
197.768
392.652
864.138
878.471
365.584
181.151
89.9067
51.2124
34.6975
26.6829
22.4301
20.1923
19.2992
19.407
20.6072
23.2235
28.0826
37.2138
56.0236
99.206
194.962
388.789
866.498
877.66
367.289
182.004
90.1339
51.3013
34.7354
26.6879
22.3899
20.1315
19.2106
19.3024
20.4813
23.0482
27.8193
36.7769
55.2031
97.5329
192.839
385.536
868.408
877.076
369.025
182.536
90.1889
51.3152
34.7373
26.6446
22.3358
20.0522
19.0998
19.1604
20.2895
22.7854
27.432
36.1428
54.0179
95.522
190.747
382.933
870.08
876.845
369.848
182.722
89.9941
51.1681
34.6444
26.5793
22.2669
19.9794
19.015
19.0691
20.1845
22.6502
27.2389
35.8289
53.4269
94.2606
189.129
380.689
871.486
876.784
370.414
182.735
89.6461
50.9969
34.5495
26.4919
22.1853
19.8908
18.9093
18.9434
20.0248
22.4372
26.9314
35.3343
52.5153
92.6895
187.41
378.807
872.779
876.974
370.638
182.317
89.1951
50.7334
34.3953
26.3863
22.0953
19.807
18.8226
18.8545
19.9268
22.3188
26.7722
35.0873
52.0486
91.6638
186.042
377.14
873.917
877.315
370.698
181.832
88.6538
50.464
34.2435
26.2701
21.9956
19.71
18.7176
18.7366
19.7846
22.1348
26.5118
34.6745
51.3062
90.3704
184.504
375.662
875.014
877.788
370.545
181.08
88.0626
50.1382
34.0536
26.1406
21.8917
19.6179
18.6276
18.6464
19.6877
22.0222
26.367
34.459
50.9038
89.4809
183.229
374.313
876.024
878.345
370.286
180.265
87.4178
49.8146
33.8679
26.0061
21.7804
19.5148
18.5223
18.5329
19.5556
21.8558
26.136
34.0984
50.2692
88.358
181.756
373.047
877.035
879.023
369.719
179.242
86.7353
49.4547
33.6569
25.8623
21.6673
19.4163
18.4285
18.4397
19.4571
21.7438
25.9959
33.8955
49.8987
87.5443
180.483
371.86
878.002
879.746
369.109
178.166
86.0077
49.0935
33.4498
25.716
21.5485
19.3092
18.3227
18.3285
19.331
21.5883
25.7837
33.5693
49.3335
86.5243
179.019
370.697
878.994
880.565
368.331
176.971
85.2706
48.7121
33.2262
25.5632
21.4289
19.2056
18.2253
18.2321
19.2296
21.4743
25.6432
33.3688
48.9744
85.7419
177.703
369.583
879.973
881.417
367.541
175.727
84.5001
48.3317
33.0067
25.4096
21.3053
19.0955
18.1186
18.1218
19.1068
21.3256
25.4437
33.0667
48.4554
84.78
176.211
368.458
880.987
882.356
366.631
174.4
83.7249
47.9393
32.777
25.2517
21.1812
18.9881
18.018
18.0222
19.0023
21.2086
25.3004
32.8639
48.0976
84.0054
174.836
367.365
882.011
883.321
365.716
173.021
82.9245
47.5485
32.5507
25.0934
21.0542
18.8756
17.9101
17.9118
18.881
21.0639
25.1093
32.5782
47.6077
83.0708
173.296
366.244
883.077
884.369
364.716
171.588
82.1238
47.151
32.3179
24.9321
20.9267
18.7648
17.8066
17.8093
18.7735
20.9437
24.9625
32.3722
47.2486
82.2918
171.842
365.144
884.168
885.442
363.713
170.1
81.3025
46.7547
32.0877
24.7707
20.7969
18.6501
17.6974
17.6982
18.6525
20.8011
24.777
32.0985
46.781
81.3783
170.256
364.017
885.305
886.595
362.651
168.572
80.4852
46.356
31.8536
24.607
20.6667
18.5365
17.5911
17.5928
18.5419
20.6774
24.6262
31.8877
46.4161
80.585
168.722
362.902
886.478
887.775
361.592
166.993
79.6525
45.9585
31.6212
24.443
20.5346
18.4197
17.4802
17.4805
18.4206
20.536
24.4449
31.6242
45.9685
79.6899
167.078
361.764
887.698
889.034
360.496
165.39
78.8266
45.5608
31.3864
24.2774
20.4019
18.3034
17.3713
17.3723
18.3068
20.4086
24.2897
31.4084
45.5989
78.8885
165.482
360.645
888.965
890.324
359.408
163.731
77.9871
45.164
31.1528
24.1112
20.2674
18.1845
17.2586
17.2586
18.1847
20.2675
24.1107
31.1517
45.1648
78.0016
163.774
359.505
890.281
891.69
358.305
162.06
77.1596
44.7699
30.9182
23.9438
20.1323
18.0658
17.1471
17.1477
18.068
20.1368
23.9521
30.9331
44.7958
77.2005
162.115
358.392
891.65
893.092
357.221
160.346
76.3222
44.3758
30.6837
23.7755
19.9955
17.9447
17.0324
17.0324
17.9445
19.9949
23.7739
30.6806
44.372
76.3252
160.372
357.277
893.069
894.571
356.142
158.623
75.4966
43.9854
30.4488
23.6061
19.858
17.8235
16.9184
16.9189
17.825
19.8611
23.6118
30.4591
44.0029
75.5219
158.65
356.19
894.548
896.089
355.096
156.865
74.6663
43.5959
30.2139
23.4357
19.7188
17.7001
16.8018
16.8017
17.6998
19.7181
23.4339
30.2107
43.5919
74.6683
156.889
355.131
896.076
897.683
354.082
155.117
73.8512
43.2104
29.9786
23.264
19.5787
17.5764
16.6853
16.6856
17.5774
19.5807
23.2678
29.9852
43.221
73.8634
155.122
354.105
897.672
899.322
353.116
153.335
73.0311
42.825
29.7426
23.0911
19.437
17.4508
16.5666
16.5665
17.4505
19.4363
23.0897
29.7402
42.8222
73.0335
153.354
353.139
899.313
901.033
352.208
151.578
72.2315
42.4453
29.5068
22.9171
19.2942
17.3245
16.4477
16.4479
17.3251
19.2955
22.9195
29.511
42.4517
72.2382
151.58
352.219
901.028
902.795
351.377
149.809
71.431
42.0651
29.2695
22.7413
19.1497
17.1965
16.3269
16.3268
17.1962
19.1492
22.7402
29.2675
42.0627
71.4313
149.819
351.394
902.79
904.628
350.63
148.075
70.6502
41.69
29.0321
22.5644
19.0041
17.0677
16.2056
16.2058
17.0681
19.005
22.5661
29.0351
41.6945
70.6548
148.074
350.631
904.625
906.513
349.99
146.343
69.8738
41.3153
28.793
22.3855
18.8568
16.9373
16.0827
16.0826
16.9371
18.8562
22.3845
28.7912
41.313
69.8739
146.354
350.005
906.512
908.469
349.471
144.675
69.1199
40.9446
28.5532
22.2052
18.7081
16.806
15.9592
15.9593
16.8063
18.7088
22.2064
28.5554
40.9476
69.1213
144.667
349.466
908.467
910.48
349.098
143.023
68.3713
40.5736
28.3112
22.0226
18.5577
16.6731
15.8342
15.8342
16.6729
18.5573
22.0218
28.3098
40.5721
68.3729
143.037
349.102
910.48
912.558
348.916
141.461
67.6491
40.2064
28.068
21.8384
18.4059
16.5394
15.7086
15.7087
16.5396
18.4064
21.8393
28.0695
40.2082
67.6485
141.451
348.918
912.556
914.694
348.851
139.94
66.934
39.8375
27.8218
21.6517
18.2523
16.4041
15.5817
15.5816
16.404
18.252
21.6511
27.8208
39.8366
66.9359
139.953
348.853
914.695
916.895
348.941
138.528
66.2448
39.471
27.5738
21.4631
18.0973
16.2679
15.4541
15.4541
16.2681
18.0976
21.4637
27.5747
39.472
66.2437
138.519
348.942
916.894
919.157
349.293
137.193
65.5664
39.1019
27.3222
21.2718
17.9404
16.1304
15.3253
15.3252
16.1303
17.9402
21.2714
27.3215
39.1013
65.5679
137.202
349.294
919.157
921.482
349.753
135.972
64.9105
38.7326
27.0678
21.0783
17.7821
15.9919
15.1958
15.1959
15.992
17.7823
21.0787
27.0684
38.7332
64.9097
135.966
349.754
921.482
923.873
350.421
134.844
64.2653
38.3592
26.8094
20.882
17.622
15.8522
15.0654
15.0654
15.8521
17.6218
20.8818
26.809
38.3588
64.2661
134.848
350.422
923.873
926.331
351.164
133.821
63.6372
37.9829
26.5474
20.6833
17.4603
15.7116
14.9344
14.9344
15.7116
17.4604
20.6835
26.5477
37.9833
63.637
133.819
351.165
926.332
928.861
352.022
132.874
63.0144
37.6003
26.2806
20.4816
17.2969
15.5699
14.8026
14.8025
15.5698
17.2968
20.4814
26.2803
37.5999
63.0141
132.874
352.022
928.86
931.464
352.874
131.98
62.3973
37.212
26.0096
20.2774
17.132
15.4273
14.6702
14.6702
15.4274
17.1321
20.2775
26.0098
37.2124
62.398
131.982
352.874
931.465
934.146
353.719
131.106
61.7768
36.8155
25.7335
20.0702
16.9655
15.2839
14.5373
14.5373
15.2838
16.9654
20.07
25.7332
36.815
61.7754
131.103
353.72
934.146
936.819
354.508
130.244
61.1463
36.4105
25.4525
19.8603
16.7975
15.1397
14.404
14.404
15.1397
16.7975
19.8604
25.4528
36.4111
61.1478
130.247
354.506
936.82
939.54
355.24
129.342
60.5013
35.9967
25.1664
19.6475
16.628
14.9948
14.2703
14.2703
14.9948
16.6279
19.6473
25.1661
35.996
60.4996
129.338
355.243
939.54
942.242
355.823
128.401
59.8372
35.5726
24.8749
19.4319
16.4571
14.8493
14.1364
14.1364
14.8493
16.4571
19.432
24.8752
35.5731
59.8384
128.403
355.82
942.243
944.958
356.291
127.397
59.1531
35.1387
24.5781
19.2134
16.2849
14.7033
14.0024
14.0024
14.7033
16.2848
19.2133
24.5779
35.1382
59.1519
127.395
356.291
944.958
947.635
356.52
126.338
58.4478
34.6941
24.2758
18.9922
16.1114
14.557
13.8684
13.8684
14.557
16.1114
18.9923
24.2759
34.6944
58.4484
126.338
356.519
947.635
950.287
356.612
125.207
57.7181
34.2385
23.9678
18.7681
15.9367
14.4103
13.7346
13.7346
14.4103
15.9367
18.7681
23.9677
34.2382
57.7175
125.206
356.611
950.286
952.869
356.558
124.013
56.9663
33.772
23.6542
18.5414
15.761
14.2636
13.6011
13.6011
14.2636
15.761
18.5414
23.6543
33.7721
56.9665
124.013
356.557
952.869
955.382
356.173
122.738
56.1871
33.2934
23.3348
18.3119
15.5842
14.1168
13.468
13.468
14.1168
15.5842
18.3119
23.3347
33.2932
56.1868
122.738
356.173
955.382
957.788
355.617
121.397
55.3842
32.8035
23.0098
18.0798
15.4067
13.9702
13.3355
13.3355
13.9702
15.4067
18.0798
23.0098
32.8035
55.3843
121.397
355.616
957.788
960.074
354.764
119.967
54.5516
32.3009
22.6788
17.8451
15.2284
13.8239
13.2039
13.2039
13.8239
15.2284
17.8451
22.6787
32.3008
54.5514
119.966
354.763
960.073
962.204
353.66
118.463
53.6935
31.7865
22.3422
17.608
15.0495
13.6782
13.0733
13.0733
13.6782
15.0495
17.608
22.3422
31.7865
53.6935
118.463
353.659
962.204
964.155
352.263
116.865
52.8036
31.259
21.9996
17.3685
14.8702
13.5331
12.944
12.944
13.5331
14.8702
17.3685
21.9996
31.2589
52.8036
116.865
352.262
964.155
965.891
350.555
115.186
51.8865
30.7193
21.6514
17.1267
14.6907
13.389
12.8161
12.8161
13.389
14.6907
17.1267
21.6514
30.7193
51.8865
115.186
350.554
965.89
967.379
348.531
113.407
50.9359
30.1661
21.2973
16.8828
14.5111
13.2461
12.69
12.69
13.2461
14.5111
16.8828
21.2973
30.1661
50.9359
113.407
348.531
967.378
968.579
346.144
111.537
49.9562
29.6005
20.9378
16.6369
14.3316
13.1045
12.5659
12.5659
13.1045
14.3316
16.6369
20.9378
29.6005
49.9563
111.538
346.142
968.578
969.424
343.399
109.562
48.942
29.0213
20.5726
16.3892
14.1525
12.9646
12.4441
12.4441
12.9646
14.1525
16.3892
20.5726
29.0212
48.9419
109.562
343.4
969.424
969.833
340.245
107.487
47.8969
28.4295
20.202
16.14
13.974
12.8267
12.3248
12.3248
12.8267
13.974
16.14
20.202
28.4295
47.8971
107.487
340.243
969.833
969.97
336.702
105.3
46.8165
27.8241
19.8261
15.8892
13.7964
12.691
12.2085
12.2085
12.691
13.7964
15.8892
19.8261
27.824
46.8164
105.3
336.702
969.969
969.635
332.656
103.004
45.704
27.2062
19.4452
15.6374
13.62
12.5579
12.0955
12.0955
12.5579
13.62
15.6374
19.4452
27.2063
45.7041
103.004
332.655
969.634
968.648
328.145
100.59
44.5557
26.575
19.0593
15.3846
13.445
12.4277
11.9862
11.9862
12.4277
13.445
15.3846
19.0593
26.575
44.5557
100.59
328.145
968.648
967.18
323.104
98.0612
43.3748
25.9317
18.669
15.1313
13.2719
12.3009
11.8809
11.8809
12.3009
13.2719
15.1313
18.669
25.9317
43.3748
98.0614
323.104
967.179
964.967
317.504
95.4078
42.1581
25.2755
18.2742
14.8776
13.1009
12.1777
11.78
11.78
12.1777
13.1009
14.8776
18.2742
25.2755
42.1581
95.4079
317.504
964.966
962.12
311.326
92.6351
40.9091
24.6079
17.8757
14.6241
12.9325
12.0587
11.684
11.684
12.0587
12.9325
14.6242
17.8757
24.6079
40.9091
92.6352
311.326
962.12
958.416
304.505
89.7342
39.625
23.9283
17.4735
14.3712
12.7671
11.9442
11.5934
11.5934
11.9442
12.7671
14.3712
17.4735
23.9283
39.6251
89.7344
304.505
958.415
953.925
297.051
86.7121
38.3096
23.2383
17.0685
14.1194
12.6053
11.8348
11.5085
11.5085
11.8348
12.6053
14.1194
17.0685
23.2383
38.3096
86.7122
297.051
953.924
948.451
288.886
83.5605
36.9608
22.5375
16.661
13.8691
12.4475
11.7309
11.4299
11.4299
11.7309
12.4475
13.8691
16.661
22.5375
36.9608
83.5606
288.886
948.451
942.037
280.035
80.289
35.5824
21.8276
16.2519
13.6211
12.2944
11.6331
11.3579
11.3579
11.6331
12.2944
13.6211
16.2519
21.8276
35.5825
80.2891
280.035
942.037
934.512
270.423
76.8907
34.1734
21.1088
15.8418
13.3762
12.1466
11.5418
11.293
11.293
11.5418
12.1466
13.3762
15.8418
21.1088
34.1734
76.8908
270.423
934.512
925.904
260.09
73.378
32.7379
20.383
15.4319
13.1352
12.0048
11.4576
11.2357
11.2357
11.4576
12.0048
13.1352
15.4319
20.383
32.7379
73.3781
260.09
925.904
916.067
248.971
69.746
31.2755
19.6507
15.0231
12.899
11.8699
11.381
11.1861
11.1861
11.381
11.8699
12.899
15.0231
19.6507
31.2755
69.746
248.971
916.067
905.027
237.119
66.0092
29.7908
18.9141
14.6169
12.6691
11.7427
11.3126
11.1446
11.1446
11.3126
11.7427
12.6691
14.6169
18.9141
29.7908
66.0092
237.119
905.026
892.663
224.491
62.1652
28.2844
18.1745
14.2149
12.4467
11.6242
11.2528
11.1113
11.1113
11.2528
11.6242
12.4467
14.2149
18.1745
28.2844
62.1652
224.491
892.663
879.012
211.155
58.2319
26.7618
17.4346
13.8192
12.2335
11.5156
11.2021
11.0862
11.0862
11.2021
11.5156
12.2335
13.8192
17.4347
26.7618
58.232
211.155
879.012
863.99
197.096
54.2105
25.2248
16.6968
13.4321
12.0315
11.4179
11.1609
11.0698
11.0698
11.1609
11.4179
12.0315
13.4322
16.6968
25.2248
54.2106
197.096
863.99
847.654
182.402
50.1211
23.6798
15.9648
13.0568
11.8431
11.3325
11.1291
11.0619
11.0619
11.1291
11.3325
11.8431
13.0568
15.9648
23.6798
50.1211
182.402
847.654
829.956
167.08
45.9693
22.1304
15.2422
12.6969
11.6708
11.2604
11.1065
11.0594
11.0594
11.1065
11.2604
11.6708
12.6969
15.2423
22.1304
45.9694
167.08
829.956
810.981
151.25
41.7799
20.5851
14.5351
12.357
11.5178
11.203
11.0955
11.0625
11.0625
11.0955
11.2031
11.5178
12.357
14.5352
20.5851
41.7799
151.25
810.981
790.727
134.966
37.5674
19.051
13.8501
12.0431
11.3872
11.16
11.0918
11.0718
11.0718
11.0918
11.16
11.3872
12.0431
13.8501
19.051
37.5674
134.967
790.727
769.31
118.433
33.367
17.5406
13.1971
11.7624
11.283
11.1366
11.0944
11.0843
11.0843
11.0944
11.1366
11.283
11.7624
13.1971
17.5406
33.3671
118.433
769.31
746.745
101.868
29.2068
16.0659
12.5885
11.5234
11.2064
11.1273
11.105
11.1003
11.1003
11.105
11.1273
11.2064
11.5234
12.5885
16.0659
29.2068
101.868
746.745
723.136
85.8501
25.1368
14.6461
12.0431
11.3371
11.1684
11.1265
11.1183
11.1171
11.1171
11.1183
11.1265
11.1684
11.3371
12.0431
14.6461
25.1368
85.8502
723.136
698.452
71.0931
21.1541
13.3032
11.5873
11.2261
11.1552
11.1382
11.1358
11.1355
11.1355
11.1358
11.1382
11.1552
11.2261
11.5873
13.3032
21.1541
71.0931
698.452
672.741
55.063
17.0387
12.087
11.3039
11.1803
11.1547
11.1529
11.1534
11.1536
11.1536
11.1534
11.1529
11.1547
11.1803
11.3039
12.087
17.0387
55.063
672.741
646.054
32.1744
12.7362
11.3229
11.19
11.171
11.1705
11.1708
11.1706
11.1705
11.1705
11.1706
11.1708
11.1705
11.171
11.19
11.3229
12.7362
32.1744
646.054
)
;

boundaryField
{
    outlet
    {
        type            inletOutlet;
        inletValue      uniform 1;
        value           nonuniform List<scalar> 
20
(
1603.07
680.803
500.927
457.813
451.805
445.243
415.78
367.025
302.406
239.846
266.679
326.878
376.044
411.488
426.459
426.637
433.375
478.734
658.19
1574.92
)
;
    }
    inlet1
    {
        type            turbulentMixingLengthFrequencyInlet;
        mixingLength    0.01;
        phi             phi;
        k               k;
        value           uniform 11.1803;
    }
    inlet2
    {
        type            turbulentMixingLengthFrequencyInlet;
        mixingLength    0.01;
        phi             phi;
        k               k;
        value           uniform 11.1803;
    }
    frontAndBack
    {
        type            empty;
    }
    defaultFaces
    {
        type            omegaWallFunction;
        Cmu             0.09;
        kappa           0.41;
        E               9.8;
        beta1           0.075;
        value           nonuniform List<scalar> 
620
(
1603.07
1605.79
1606.66
1607.82
1608.37
1609.34
1609.8
1610.68
1611.11
1611.92
1612.31
1613.05
1613.41
1614.04
1614.38
1614.89
1615.19
1615.56
1615.8
1616.05
1616.22
1616.32
1616.33
1616.32
1616.25
1616.11
1615.91
1615.62
1615.27
1614.82
1614.32
1613.72
1613.06
1612.3
1611.48
1610.54
1609.53
1608.41
1607.18
1605.82
1604.34
1602.7
1600.92
1598.96
1596.82
1594.47
1591.9
1589.09
1586.03
1582.69
1579.06
1575.08
1570.69
1565.85
1560.93
1555.63
1550.15
1544.36
1538.31
1532
1525.43
1518.59
1511.45
1504.03
1496.27
1488.21
1479.78
1470.88
1461.62
1451.79
1441.53
1430.65
1419.24
1407.18
1394.53
1381.2
1367.29
1352.74
1337.66
1322.04
1305.94
1289.27
1271.72
1252.28
1231.79
1209.77
1185.6
1158.46
1126.76
1088.49
1040.06
975.854
888.066
770.595
620.874
537.477
566.062
735.455
892.796
942.623
1574.92
1576.27
1576.54
1576.65
1576.55
1576.52
1576.25
1576.15
1575.82
1575.68
1575.31
1575.13
1574.72
1574.49
1574.05
1573.75
1573.28
1572.9
1572.39
1571.93
1571.37
1570.82
1570.22
1569.59
1568.93
1568.24
1567.52
1566.76
1566
1565.19
1564.38
1563.51
1562.64
1561.72
1560.78
1559.79
1558.79
1557.74
1556.66
1555.53
1554.38
1553.17
1551.93
1550.63
1549.28
1547.86
1546.37
1544.79
1543.1
1541.29
1539.34
1537.23
1534.96
1532.53
1529.93
1527.17
1524.27
1521.22
1517.9
1514.35
1510.38
1505.99
1500.95
1495.19
1488.88
1482.3
1475.3
1467.96
1460.17
1451.95
1443.28
1434.1
1424.16
1413.64
1402.26
1390.04
1376.85
1362.58
1347.18
1330.51
1312.53
1293.12
1272.25
1249.8
1225.68
1199.62
1170.92
1138.34
1098.48
1049.95
988.715
908.067
807.484
698.293
584.326
535.154
555.751
721.592
886.649
939.878
611.577
569.87
523.871
475.181
427.759
381.887
348.63
331.723
326.691
330.137
328.516
326.208
327.278
336.886
370.401
420.742
472.514
523.858
571.496
613.773
646.054
672.741
698.451
723.136
746.745
769.31
790.726
810.981
829.957
847.654
863.99
879.012
892.664
905.027
916.067
925.904
934.512
942.037
948.451
953.925
958.416
962.12
964.967
967.18
968.649
969.635
969.97
969.834
969.425
968.579
967.379
965.891
964.156
962.205
960.074
957.789
955.382
952.869
950.287
947.635
944.958
942.243
939.54
936.82
934.146
931.465
928.861
926.331
923.874
921.482
919.158
916.893
914.697
912.556
910.483
908.467
906.517
904.625
902.799
901.03
899.326
897.678
896.095
894.565
893.099
891.685
890.33
889.029
887.783
886.591
885.45
884.366
883.331
882.355
881.429
880.568
879.762
879.03
878.369
877.805
877.351
877.005
876.839
876.908
877.154
877.766
878.597
880.36
882.04
885.542
888.478
894.567
899.281
909.065
916.124
931.528
940.195
958.746
959.998
964.5
646.054
672.741
698.451
723.136
746.745
769.31
790.726
810.981
829.957
847.654
863.99
879.012
892.663
905.027
916.067
925.904
934.512
942.037
948.451
953.924
958.416
962.12
964.966
967.179
968.648
969.634
969.969
969.833
969.424
968.578
967.378
965.89
964.155
962.204
960.073
957.788
955.382
952.869
950.286
947.635
944.958
942.243
939.54
936.82
934.146
931.465
928.86
926.333
923.872
921.484
919.155
916.896
914.693
912.558
910.478
908.468
906.512
904.624
902.791
901.027
899.314
897.672
896.074
894.552
893.066
891.655
890.278
888.97
887.695
886.483
885.302
884.174
883.074
882.019
880.984
879.982
878.991
878.012
877.033
876.033
875.013
873.924
872.777
871.489
870.073
868.402
866.478
864.112
861.272
857.67
853.2
847.422
840.1
830.552
818.256
802.102
781.137
753.157
716.124
664.208
964.493
959.673
958.169
939.388
930.653
915.477
908.49
898.825
894.169
888.169
885.277
881.838
880.19
878.471
877.66
877.076
876.845
876.784
876.974
877.315
877.788
878.345
879.023
879.746
880.565
881.417
882.356
883.321
884.369
885.442
886.595
887.775
889.034
890.324
891.69
893.092
894.571
896.089
897.683
899.322
901.033
902.795
904.628
906.513
908.469
910.48
912.558
914.694
916.895
919.157
921.482
923.873
926.331
928.861
931.464
934.146
936.819
939.54
942.242
944.958
947.635
950.287
952.869
955.382
957.788
960.074
962.204
964.155
965.891
967.379
968.579
969.424
969.833
969.97
969.635
968.648
967.18
964.967
962.12
958.416
953.925
948.451
942.037
934.512
925.904
916.067
905.027
892.663
879.012
863.99
847.654
829.956
810.981
790.727
769.31
746.745
723.136
698.452
672.741
646.054
666.364
717.783
754.327
782.003
802.714
818.702
830.866
840.322
847.575
853.306
857.739
861.32
864.138
866.498
868.408
870.08
871.486
872.779
873.917
875.014
876.024
877.035
878.002
878.994
879.973
880.987
882.011
883.077
884.168
885.305
886.478
887.698
888.965
890.281
891.65
893.069
894.548
896.076
897.672
899.313
901.028
902.79
904.625
906.512
908.467
910.48
912.556
914.695
916.894
919.157
921.482
923.873
926.332
928.86
931.465
934.146
936.82
939.54
942.243
944.958
947.635
950.286
952.869
955.382
957.788
960.073
962.204
964.155
965.89
967.378
968.578
969.424
969.833
969.969
969.634
968.648
967.179
964.966
962.12
958.415
953.924
948.451
942.037
934.512
925.904
916.067
905.026
892.663
879.012
863.99
847.654
829.956
810.981
790.727
769.31
746.745
723.136
698.452
672.741
646.054
)
;
    }
}


// ************************************************************************* //
