/*--------------------------------*- C++ -*----------------------------------*\
| =========                 |                                                 |
| \\      /  F ield         | OpenFOAM: The Open Source CFD Toolbox           |
|  \\    /   O peration     | Version:  2.1.0                                 |
|   \\  /    A nd           | Web:      www.OpenFOAM.org                      |
|    \\/     M anipulation  |                                                 |
\*---------------------------------------------------------------------------*/
FoamFile
{
    version     2.0;
    format      ascii;
    class       volScalarField;
    location    "0.27";
    object      nut;
}
// * * * * * * * * * * * * * * * * * * * * * * * * * * * * * * * * * * * * * //

dimensions      [0 2 -1 0 0 0 0];

internalField   nonuniform List<scalar> 
6400
(
6.84334e-06
6.861e-06
6.87264e-06
6.88755e-06
6.90131e-06
6.9185e-06
6.9333e-06
6.95154e-06
6.96726e-06
6.98632e-06
7.00309e-06
7.02301e-06
7.04078e-06
7.06158e-06
7.08072e-06
7.10236e-06
7.12312e-06
7.14581e-06
7.16835e-06
7.19237e-06
7.21684e-06
7.24253e-06
7.26909e-06
7.29668e-06
7.32538e-06
7.35499e-06
7.38571e-06
7.41733e-06
7.45017e-06
7.48391e-06
7.51892e-06
7.55485e-06
7.59205e-06
7.63016e-06
7.66944e-06
7.7096e-06
7.75068e-06
7.79261e-06
7.8353e-06
7.87834e-06
7.92182e-06
7.96524e-06
8.00876e-06
8.05178e-06
8.09451e-06
8.13645e-06
8.17776e-06
8.2179e-06
8.25671e-06
8.29371e-06
8.32862e-06
8.36242e-06
8.39523e-06
8.42767e-06
8.45889e-06
8.48891e-06
8.5181e-06
8.54575e-06
8.57205e-06
8.5972e-06
8.62138e-06
8.64484e-06
8.66809e-06
8.69002e-06
8.71073e-06
8.73163e-06
8.75147e-06
8.76841e-06
8.78422e-06
8.79933e-06
8.81042e-06
8.82088e-06
8.82902e-06
8.8347e-06
8.83982e-06
8.84384e-06
8.84846e-06
8.85537e-06
8.86602e-06
8.88305e-06
8.90803e-06
8.94151e-06
8.97928e-06
9.01007e-06
9.05737e-06
9.11453e-06
9.17642e-06
9.2399e-06
9.28035e-06
9.26049e-06
9.10092e-06
8.64385e-06
7.65048e-06
5.91736e-06
3.54836e-06
2.25147e-06
2.37235e-06
3.75561e-06
3.85907e-06
4.17004e-06
7.26926e-05
7.31285e-05
7.32169e-05
7.34998e-05
7.36027e-05
7.3841e-05
7.39667e-05
7.4177e-05
7.43221e-05
7.4514e-05
7.46726e-05
7.48521e-05
7.50186e-05
7.51896e-05
7.53603e-05
7.55263e-05
7.56994e-05
7.58638e-05
7.60402e-05
7.62076e-05
7.63881e-05
7.656e-05
7.6744e-05
7.6919e-05
7.7104e-05
7.72792e-05
7.74624e-05
7.76366e-05
7.7816e-05
7.79867e-05
7.81592e-05
7.83224e-05
7.84836e-05
7.86359e-05
7.87838e-05
7.89213e-05
7.90517e-05
7.91698e-05
7.92777e-05
7.93704e-05
7.94466e-05
7.95008e-05
7.95333e-05
7.9538e-05
7.95157e-05
7.9461e-05
7.93729e-05
7.92478e-05
7.9085e-05
7.88893e-05
7.85922e-05
7.80872e-05
7.7544e-05
7.69657e-05
7.63468e-05
7.5689e-05
7.49968e-05
7.42594e-05
7.34815e-05
7.26574e-05
7.17943e-05
7.08917e-05
6.99585e-05
6.89774e-05
6.79578e-05
6.68979e-05
6.58082e-05
6.46621e-05
6.34675e-05
6.22269e-05
6.09246e-05
5.95742e-05
5.81586e-05
5.66848e-05
5.51487e-05
5.35468e-05
5.18827e-05
5.01535e-05
4.83625e-05
4.65128e-05
4.46092e-05
4.26598e-05
4.06682e-05
3.86318e-05
3.65079e-05
3.43258e-05
3.20498e-05
2.96906e-05
2.72159e-05
2.46317e-05
2.19384e-05
1.91731e-05
1.64356e-05
1.38612e-05
1.14259e-05
9.18342e-06
7.42821e-06
6.25904e-06
5.65224e-06
6.8592e-06
0.000110967
0.000111175
0.00011126
0.00011134
0.000111417
0.000111462
0.000111535
0.000111558
0.000111625
0.000111632
0.000111686
0.000111678
0.000111717
0.000111694
0.000111713
0.000111674
0.000111671
0.000111617
0.000111594
0.000111533
0.000111498
0.00011143
0.000111383
0.000111305
0.000111242
0.000111148
0.000111062
0.00011095
0.000110841
0.000110707
0.000110571
0.000110411
0.000110242
0.000110044
0.000109828
0.00010958
0.000109307
0.000109
0.000108667
0.000108295
0.000107885
0.000107433
0.000106938
0.000106393
0.000105799
0.000105148
0.000104436
0.000103658
0.000102396
0.000101097
9.97506e-05
9.83591e-05
9.69179e-05
9.54447e-05
9.39231e-05
9.23622e-05
9.07753e-05
8.91443e-05
8.74897e-05
8.5823e-05
8.41149e-05
8.23642e-05
8.05974e-05
7.87822e-05
7.69519e-05
7.5089e-05
7.31982e-05
7.12879e-05
6.93485e-05
6.73875e-05
6.53995e-05
6.33863e-05
6.13425e-05
5.92713e-05
5.71655e-05
5.50273e-05
5.28542e-05
5.06459e-05
4.84053e-05
4.61349e-05
4.3841e-05
4.15299e-05
3.92103e-05
3.68916e-05
3.46011e-05
3.2338e-05
3.01217e-05
2.79521e-05
2.58407e-05
2.3784e-05
2.17663e-05
1.97979e-05
1.78652e-05
1.58743e-05
1.38601e-05
1.18599e-05
1.00733e-05
8.56945e-06
8.08083e-06
1.12652e-05
0.000131471
0.000131136
0.000131011
0.000130714
0.000130601
0.000130287
0.000130158
0.000129836
0.00012968
0.000129351
0.000129161
0.000128822
0.000128596
0.000128244
0.00012798
0.000127606
0.000127296
0.000126889
0.000126191
0.00012541
0.000124632
0.000123826
0.000123029
0.000122206
0.00012139
0.000120548
0.000119713
0.000118848
0.00011798
0.000117083
0.000116175
0.000115236
0.00011428
0.000113291
0.000112277
0.000111226
0.000110145
0.000109022
0.000107867
0.000106672
0.000105434
0.00010415
0.000102834
0.000101466
0.000100065
9.86224e-05
9.71404e-05
9.56257e-05
9.40737e-05
9.24884e-05
9.08943e-05
8.92758e-05
8.76016e-05
8.59292e-05
8.42118e-05
8.24725e-05
8.07161e-05
7.89213e-05
7.71123e-05
7.52732e-05
7.34116e-05
7.15339e-05
6.96356e-05
6.7719e-05
6.57922e-05
6.38476e-05
6.18966e-05
5.99388e-05
5.7976e-05
5.6017e-05
5.40608e-05
5.21164e-05
5.01857e-05
4.82761e-05
4.63899e-05
4.4535e-05
4.27119e-05
4.09272e-05
3.918e-05
3.74729e-05
3.58041e-05
3.41709e-05
3.25629e-05
3.09833e-05
2.94412e-05
2.78855e-05
2.63566e-05
2.4813e-05
2.32741e-05
2.17121e-05
2.01404e-05
1.85405e-05
1.69159e-05
1.52383e-05
1.35232e-05
1.18633e-05
1.04291e-05
9.72075e-06
1.18855e-05
1.20363e-05
0.000130512
0.000130528
0.000130167
0.000129924
0.000129129
0.000128494
0.000127594
0.000126802
0.00012588
0.000125011
0.000124083
0.000123169
0.000122233
0.000121289
0.000120344
0.000119376
0.000118417
0.000117426
0.000116457
0.000115455
0.000114465
0.000113444
0.000112438
0.000111408
0.000110385
0.000109333
0.000108285
0.000107208
0.000106127
0.000105018
0.000103896
0.000102745
0.000101575
0.000100372
9.91465e-05
9.78853e-05
9.65981e-05
9.52635e-05
9.39018e-05
9.25338e-05
9.11206e-05
8.96607e-05
8.81985e-05
8.66847e-05
8.51627e-05
8.36128e-05
8.20416e-05
8.04597e-05
7.88571e-05
7.72468e-05
7.56191e-05
7.39789e-05
7.23274e-05
7.06776e-05
6.90198e-05
6.73664e-05
6.57156e-05
6.40661e-05
6.24295e-05
6.07984e-05
5.91816e-05
5.75807e-05
5.59947e-05
5.44295e-05
5.2884e-05
5.13586e-05
4.98577e-05
4.83767e-05
4.69192e-05
4.548e-05
4.40667e-05
4.26767e-05
4.12981e-05
3.99447e-05
3.86023e-05
3.72776e-05
3.59593e-05
3.46503e-05
3.33403e-05
3.20315e-05
3.07163e-05
2.93958e-05
2.80693e-05
2.67384e-05
2.54024e-05
2.40683e-05
2.27375e-05
2.14116e-05
2.01035e-05
1.88157e-05
1.75611e-05
1.63407e-05
1.51731e-05
1.40511e-05
1.30152e-05
1.22263e-05
1.20544e-05
1.3728e-05
1.37647e-05
1.4085e-05
0.000116947
0.000116345
0.000115858
0.000115283
0.000114386
0.000113518
0.000112511
0.000111531
0.0001105
0.000109476
0.000108446
0.000107406
0.000106383
0.000105341
0.000104327
0.000103288
0.000102283
0.00010125
0.000100253
9.92229e-05
9.82192e-05
9.71836e-05
9.61589e-05
9.51307e-05
9.41117e-05
9.30507e-05
9.2e-05
9.09179e-05
8.98362e-05
8.87249e-05
8.76037e-05
8.64526e-05
8.52872e-05
8.40907e-05
8.28789e-05
8.16363e-05
8.03791e-05
7.90942e-05
7.77998e-05
7.64837e-05
7.51559e-05
7.3814e-05
7.24714e-05
7.11149e-05
6.97652e-05
6.84096e-05
6.706e-05
6.57147e-05
6.43738e-05
6.30434e-05
6.17204e-05
6.04082e-05
5.91076e-05
5.7821e-05
5.65467e-05
5.52898e-05
5.40477e-05
5.28137e-05
5.15998e-05
5.03922e-05
4.92022e-05
4.80184e-05
4.68487e-05
4.56856e-05
4.45333e-05
4.33853e-05
4.22473e-05
4.11117e-05
3.99857e-05
3.88629e-05
3.77521e-05
3.66469e-05
3.55536e-05
3.4467e-05
3.33906e-05
3.23242e-05
3.12694e-05
3.02279e-05
2.92005e-05
2.81913e-05
2.71975e-05
2.62244e-05
2.52698e-05
2.43379e-05
2.34287e-05
2.25378e-05
2.16677e-05
2.082e-05
2.00052e-05
1.92247e-05
1.84937e-05
1.78211e-05
1.72333e-05
1.67761e-05
1.65703e-05
1.65978e-05
1.6035e-05
1.57948e-05
1.577e-05
1.31891e-05
0.000100949
9.9861e-05
9.93386e-05
9.85453e-05
9.77415e-05
9.68e-05
9.5903e-05
9.49151e-05
9.39924e-05
9.29992e-05
9.20764e-05
9.1093e-05
9.01789e-05
8.921e-05
8.83063e-05
8.73521e-05
8.64572e-05
8.55145e-05
8.46234e-05
8.36884e-05
8.27982e-05
8.18705e-05
8.09897e-05
8.00826e-05
7.92031e-05
7.8292e-05
7.74075e-05
7.64911e-05
7.55934e-05
7.46666e-05
7.37488e-05
7.28049e-05
7.18655e-05
7.09019e-05
6.99408e-05
6.89571e-05
6.7975e-05
6.69755e-05
6.59859e-05
6.49724e-05
6.39729e-05
6.29602e-05
6.19599e-05
6.09513e-05
5.99557e-05
5.89558e-05
5.7968e-05
5.69803e-05
5.60032e-05
5.50305e-05
5.40689e-05
5.31138e-05
5.2171e-05
5.12291e-05
5.02972e-05
4.93706e-05
4.84552e-05
4.75467e-05
4.66503e-05
4.57628e-05
4.4891e-05
4.40302e-05
4.31885e-05
4.23597e-05
4.15489e-05
4.07565e-05
3.99856e-05
3.92336e-05
3.85054e-05
3.77983e-05
3.71137e-05
3.64496e-05
3.58077e-05
3.51847e-05
3.45815e-05
3.39939e-05
3.34209e-05
3.26692e-05
3.17697e-05
3.08601e-05
2.99721e-05
2.90762e-05
2.82026e-05
2.7322e-05
2.64634e-05
2.56007e-05
2.47638e-05
2.3927e-05
2.3119e-05
2.23201e-05
2.1561e-05
2.08238e-05
2.01453e-05
1.95134e-05
1.89699e-05
1.85841e-05
1.83273e-05
1.82365e-05
1.89224e-05
1.49004e-05
8.79281e-05
8.64909e-05
8.6062e-05
8.52191e-05
8.46242e-05
8.37535e-05
8.30992e-05
8.22466e-05
8.15804e-05
8.07644e-05
8.01063e-05
7.93277e-05
7.8685e-05
7.79384e-05
7.73128e-05
7.65906e-05
7.59782e-05
7.5268e-05
7.46601e-05
7.39621e-05
7.33413e-05
7.26415e-05
7.20134e-05
7.12059e-05
7.01519e-05
6.90337e-05
6.79974e-05
6.69017e-05
6.58866e-05
6.48201e-05
6.38311e-05
6.2801e-05
6.18484e-05
6.08621e-05
5.99525e-05
5.90173e-05
5.8161e-05
5.72852e-05
5.64904e-05
5.56838e-05
5.49517e-05
5.421e-05
5.35402e-05
5.28621e-05
5.22528e-05
5.16346e-05
5.10822e-05
5.05195e-05
5.00166e-05
4.95048e-05
4.90474e-05
4.85784e-05
4.81533e-05
4.77183e-05
4.7319e-05
4.6907e-05
4.65237e-05
4.61247e-05
4.57465e-05
4.53507e-05
4.49692e-05
4.45687e-05
4.41652e-05
4.3754e-05
4.33609e-05
4.29177e-05
4.25083e-05
4.20606e-05
4.16408e-05
4.11889e-05
4.07592e-05
4.03027e-05
3.98622e-05
3.93993e-05
3.8947e-05
3.84756e-05
3.80103e-05
3.75281e-05
3.70458e-05
3.65452e-05
3.60346e-05
3.55009e-05
3.49507e-05
3.4372e-05
3.3768e-05
3.31302e-05
3.24588e-05
3.175e-05
3.10036e-05
3.02223e-05
2.94116e-05
2.85848e-05
2.77633e-05
2.69767e-05
2.63061e-05
2.58111e-05
2.54199e-05
2.55439e-05
2.60279e-05
2.03945e-05
7.27273e-05
7.08771e-05
7.01325e-05
6.87441e-05
6.80146e-05
6.67178e-05
6.60117e-05
6.47973e-05
6.41186e-05
6.29846e-05
6.23375e-05
6.12826e-05
6.06709e-05
5.96933e-05
5.91162e-05
5.82127e-05
5.7671e-05
5.68393e-05
5.63316e-05
5.55682e-05
5.50954e-05
5.43958e-05
5.39579e-05
5.33209e-05
5.29232e-05
5.23586e-05
5.20056e-05
5.15085e-05
5.11998e-05
5.07675e-05
5.05002e-05
5.01297e-05
4.99026e-05
4.95892e-05
4.94007e-05
4.91432e-05
4.89954e-05
4.87858e-05
4.86746e-05
4.85075e-05
4.8426e-05
4.82936e-05
4.82365e-05
4.81306e-05
4.80924e-05
4.8007e-05
4.7975e-05
4.79253e-05
4.79035e-05
4.78448e-05
4.78297e-05
4.77883e-05
4.77791e-05
4.77529e-05
4.77505e-05
4.77356e-05
4.77412e-05
4.77387e-05
4.77573e-05
4.77722e-05
4.78044e-05
4.78374e-05
4.78817e-05
4.79317e-05
4.79869e-05
4.80514e-05
4.81226e-05
4.81999e-05
4.82872e-05
4.83783e-05
4.84811e-05
4.85853e-05
4.87014e-05
4.88178e-05
4.89449e-05
4.90712e-05
4.92063e-05
4.93379e-05
4.94756e-05
4.96057e-05
4.97363e-05
4.98533e-05
4.99621e-05
5.00487e-05
5.0114e-05
5.01431e-05
5.01337e-05
5.00723e-05
4.99528e-05
4.97656e-05
4.95064e-05
4.91724e-05
4.87668e-05
4.83038e-05
4.78064e-05
4.73588e-05
4.71525e-05
4.72166e-05
4.76592e-05
3.95386e-05
6.0489e-05
5.90481e-05
5.8483e-05
5.74439e-05
5.69533e-05
5.59938e-05
5.55679e-05
5.46893e-05
5.43219e-05
5.35243e-05
5.32101e-05
5.24929e-05
5.22268e-05
5.1589e-05
5.13662e-05
5.08063e-05
5.06221e-05
5.01373e-05
4.99868e-05
4.95736e-05
4.94519e-05
4.91056e-05
4.90073e-05
4.87235e-05
4.86453e-05
4.84225e-05
4.83608e-05
4.81942e-05
4.8144e-05
4.80305e-05
4.79881e-05
4.79194e-05
4.78887e-05
4.78696e-05
4.7844e-05
4.78411e-05
4.78576e-05
4.78646e-05
4.79074e-05
4.79344e-05
4.79943e-05
4.80396e-05
4.81196e-05
4.81808e-05
4.82786e-05
4.83575e-05
4.84746e-05
4.85721e-05
4.87078e-05
4.88255e-05
4.89797e-05
4.91184e-05
4.92907e-05
4.94519e-05
4.96419e-05
4.98252e-05
5.00345e-05
5.02407e-05
5.04702e-05
5.07e-05
5.09511e-05
5.12059e-05
5.14799e-05
5.17602e-05
5.20569e-05
5.23624e-05
5.2683e-05
5.3014e-05
5.3361e-05
5.37193e-05
5.40945e-05
5.44815e-05
5.48864e-05
5.53041e-05
5.5741e-05
5.61924e-05
5.6665e-05
5.7154e-05
5.76666e-05
5.81976e-05
5.87554e-05
5.93346e-05
5.99442e-05
6.05798e-05
6.12503e-05
6.19552e-05
6.27011e-05
6.34904e-05
6.43297e-05
6.52237e-05
6.61793e-05
6.7204e-05
6.83055e-05
6.94925e-05
7.07708e-05
7.21358e-05
7.35418e-05
7.4982e-05
7.5696e-05
6.60058e-05
6.45078e-05
6.30736e-05
6.25093e-05
6.14673e-05
6.09686e-05
5.9998e-05
5.95546e-05
5.86546e-05
5.82572e-05
5.74272e-05
5.70709e-05
5.63102e-05
5.59897e-05
5.52984e-05
5.50142e-05
5.43893e-05
5.41415e-05
5.35795e-05
5.33687e-05
5.28654e-05
5.26896e-05
5.22412e-05
5.20964e-05
5.16983e-05
5.15808e-05
5.12322e-05
5.1141e-05
5.0841e-05
5.07721e-05
5.0518e-05
5.04678e-05
5.02572e-05
5.02229e-05
5.00531e-05
5.00301e-05
4.99013e-05
4.98828e-05
4.98019e-05
4.978e-05
4.97386e-05
4.97206e-05
4.96937e-05
4.96933e-05
4.96814e-05
4.96911e-05
4.96994e-05
4.97279e-05
4.97498e-05
4.98011e-05
4.9839e-05
4.99098e-05
4.99668e-05
5.00545e-05
5.01313e-05
5.02353e-05
5.03317e-05
5.04516e-05
5.05672e-05
5.07076e-05
5.08451e-05
5.10065e-05
5.11672e-05
5.1351e-05
5.15347e-05
5.17411e-05
5.1949e-05
5.21778e-05
5.24102e-05
5.26624e-05
5.29203e-05
5.31967e-05
5.34802e-05
5.37814e-05
5.40912e-05
5.44189e-05
5.47572e-05
5.51141e-05
5.54841e-05
5.58744e-05
5.62801e-05
5.67093e-05
5.71566e-05
5.76311e-05
5.81277e-05
5.86553e-05
5.92097e-05
5.97976e-05
6.04181e-05
6.10785e-05
6.17858e-05
6.2543e-05
6.33571e-05
6.4236e-05
6.51924e-05
6.62425e-05
6.74136e-05
6.87466e-05
7.02161e-05
7.13411e-05
6.28604e-05
8.4244e-05
8.26214e-05
8.19664e-05
8.07588e-05
8.01014e-05
7.89697e-05
7.8302e-05
7.72324e-05
7.65489e-05
7.55314e-05
7.48313e-05
7.38662e-05
7.31435e-05
7.22008e-05
7.14894e-05
7.05702e-05
6.98675e-05
6.89711e-05
6.82828e-05
6.74104e-05
6.6739e-05
6.58927e-05
6.52378e-05
6.44162e-05
6.37751e-05
6.29809e-05
6.23597e-05
6.15987e-05
6.09966e-05
6.02733e-05
5.9697e-05
5.90138e-05
5.84663e-05
5.78276e-05
5.73142e-05
5.67224e-05
5.62443e-05
5.57021e-05
5.52612e-05
5.47699e-05
5.43653e-05
5.39233e-05
5.35574e-05
5.3162e-05
5.28295e-05
5.24735e-05
5.21719e-05
5.18501e-05
5.15766e-05
5.12832e-05
5.10311e-05
5.0759e-05
5.05219e-05
5.02608e-05
5.00229e-05
4.97799e-05
4.95629e-05
4.9314e-05
4.9102e-05
4.88782e-05
4.8663e-05
4.84218e-05
4.82258e-05
4.79982e-05
4.78037e-05
4.75883e-05
4.73959e-05
4.71902e-05
4.70013e-05
4.68054e-05
4.66202e-05
4.64252e-05
4.62358e-05
4.60341e-05
4.58328e-05
4.56173e-05
4.53975e-05
4.51618e-05
4.4918e-05
4.46555e-05
4.43832e-05
4.40916e-05
4.37908e-05
4.34694e-05
4.31389e-05
4.27912e-05
4.24342e-05
4.20645e-05
4.16859e-05
4.12899e-05
4.08856e-05
4.04782e-05
4.00815e-05
3.97113e-05
3.94044e-05
3.9207e-05
3.92179e-05
3.95519e-05
4.02546e-05
3.40958e-05
9.4752e-05
9.36311e-05
9.32155e-05
9.25252e-05
9.19432e-05
9.11752e-05
9.05257e-05
8.97398e-05
8.90651e-05
8.82818e-05
8.75997e-05
8.68297e-05
8.6141e-05
8.53801e-05
8.46897e-05
8.39323e-05
8.32403e-05
8.24853e-05
8.17904e-05
8.10389e-05
8.03426e-05
7.95928e-05
7.88794e-05
7.81081e-05
7.7369e-05
7.65834e-05
7.583e-05
7.50263e-05
7.42599e-05
7.34447e-05
7.26556e-05
7.18263e-05
7.10173e-05
7.01746e-05
6.93492e-05
6.84963e-05
6.76586e-05
6.68008e-05
6.59524e-05
6.50767e-05
6.42092e-05
6.3323e-05
6.24468e-05
6.15589e-05
6.06838e-05
5.98042e-05
5.894e-05
5.80769e-05
5.72354e-05
5.63987e-05
5.55886e-05
5.4785e-05
5.40107e-05
5.32059e-05
5.24196e-05
5.16384e-05
5.08862e-05
5.01321e-05
4.93997e-05
4.86609e-05
4.7942e-05
4.72141e-05
4.65021e-05
4.57725e-05
4.50524e-05
4.43096e-05
4.35718e-05
4.28098e-05
4.20507e-05
4.12621e-05
4.04741e-05
3.96826e-05
3.89013e-05
3.80929e-05
3.73061e-05
3.64986e-05
3.57109e-05
3.49092e-05
3.41274e-05
3.33369e-05
3.25686e-05
3.17886e-05
3.10316e-05
3.02688e-05
2.9532e-05
2.87972e-05
2.80896e-05
2.73913e-05
2.672e-05
2.60687e-05
2.54531e-05
2.48597e-05
2.43128e-05
2.38367e-05
2.34848e-05
2.31956e-05
2.32307e-05
2.35039e-05
2.4282e-05
1.88484e-05
0.000109427
0.000108587
0.000108197
0.000107606
0.000106911
0.000106123
0.000105321
0.000104458
0.000103613
0.000102721
0.000101842
0.000100949
0.000100063
9.91507e-05
9.82583e-05
9.73269e-05
9.64247e-05
9.54767e-05
9.45593e-05
9.35969e-05
9.26634e-05
9.16849e-05
9.07236e-05
8.97142e-05
8.87181e-05
8.76804e-05
8.66545e-05
8.55905e-05
8.45356e-05
8.34454e-05
8.23575e-05
8.12416e-05
8.01243e-05
7.89834e-05
7.78412e-05
7.66795e-05
7.55169e-05
7.43399e-05
7.31643e-05
7.19818e-05
7.08024e-05
6.9618e-05
6.8439e-05
6.72558e-05
6.60765e-05
6.48984e-05
6.37341e-05
6.25581e-05
6.13995e-05
6.02326e-05
5.90802e-05
5.79246e-05
5.67817e-05
5.56369e-05
5.45017e-05
5.33668e-05
5.22401e-05
5.1116e-05
5.00005e-05
4.8891e-05
4.77956e-05
4.67098e-05
4.56336e-05
4.4563e-05
4.35057e-05
4.24611e-05
4.14333e-05
4.04217e-05
3.94309e-05
3.84665e-05
3.75258e-05
3.66119e-05
3.57264e-05
3.48704e-05
3.40452e-05
3.32485e-05
3.24777e-05
3.1736e-05
3.1019e-05
3.03296e-05
2.96622e-05
2.90129e-05
2.8383e-05
2.77697e-05
2.67851e-05
2.58251e-05
2.48724e-05
2.39692e-05
2.30936e-05
2.22689e-05
2.14765e-05
2.074e-05
2.00437e-05
1.94076e-05
1.88073e-05
1.83857e-05
1.81671e-05
1.79699e-05
1.87077e-05
1.44554e-05
0.000125847
0.000125412
0.000125079
0.000124687
0.000123921
0.000123199
0.00012231
0.00012146
0.000120537
0.000119627
0.00011869
0.000117754
0.000116804
0.000115842
0.000114881
0.000113893
0.000112916
0.000111905
0.000110908
0.000109876
0.000108858
0.000107802
0.000106753
0.000105665
0.000104581
0.000103461
0.000102346
0.000101189
0.00010002
9.8846e-05
9.76292e-05
9.63969e-05
9.51374e-05
9.38537e-05
9.2547e-05
9.12141e-05
8.98591e-05
8.84791e-05
8.70806e-05
8.56664e-05
8.42375e-05
8.2793e-05
8.13385e-05
7.98721e-05
7.83968e-05
7.6912e-05
7.54282e-05
7.3935e-05
7.24493e-05
7.09596e-05
6.94798e-05
6.80029e-05
6.65374e-05
6.508e-05
6.3634e-05
6.21986e-05
6.07742e-05
5.93615e-05
5.79603e-05
5.65663e-05
5.51852e-05
5.38248e-05
5.24651e-05
5.11334e-05
4.98074e-05
4.85021e-05
4.7204e-05
4.59193e-05
4.46419e-05
4.33727e-05
4.21097e-05
4.08519e-05
3.95994e-05
3.83509e-05
3.71076e-05
3.58718e-05
3.46443e-05
3.34252e-05
3.22146e-05
3.10105e-05
2.98195e-05
2.86365e-05
2.74729e-05
2.63222e-05
2.51925e-05
2.40768e-05
2.29883e-05
2.19189e-05
2.088e-05
1.98622e-05
1.88863e-05
1.79405e-05
1.71025e-05
1.6374e-05
1.58924e-05
1.6073e-05
1.6075e-05
1.58622e-05
1.58818e-05
1.3189e-05
0.000138205
0.000138369
0.000138144
0.000138037
0.000137366
0.000136852
0.000136067
0.000135393
0.000134584
0.000133833
0.000133017
0.000132222
0.000131394
0.000130565
0.000129724
0.000128863
0.000128001
0.00012711
0.000126222
0.000125301
0.000124383
0.000123428
0.000122471
0.000121473
0.000120471
0.000119428
0.000118388
0.000117308
0.000116219
0.000115097
0.000113956
0.000112787
0.000111596
0.000110374
0.000109129
0.000107852
0.000106549
0.000105212
0.000103849
0.000102453
0.00010103
9.95719e-05
9.80763e-05
9.65661e-05
9.50357e-05
9.34486e-05
9.18606e-05
9.02235e-05
8.85784e-05
8.68984e-05
8.52039e-05
8.34864e-05
8.17532e-05
8.00059e-05
7.82455e-05
7.64772e-05
7.4701e-05
7.29164e-05
7.11203e-05
6.93216e-05
6.75155e-05
6.57115e-05
6.39094e-05
6.21165e-05
6.0334e-05
5.85649e-05
5.68155e-05
5.50828e-05
5.33769e-05
5.16921e-05
5.00365e-05
4.84062e-05
4.68046e-05
4.52283e-05
4.36732e-05
4.21489e-05
4.06504e-05
3.91562e-05
3.76898e-05
3.6223e-05
3.47703e-05
3.33069e-05
3.18438e-05
3.03607e-05
2.88647e-05
2.73435e-05
2.58068e-05
2.42479e-05
2.26806e-05
2.11039e-05
1.95312e-05
1.79606e-05
1.64067e-05
1.49244e-05
1.35398e-05
1.24694e-05
1.20842e-05
1.36105e-05
1.38473e-05
1.43373e-05
0.000135361
0.000135102
0.000135006
0.00013476
0.000134675
0.000134414
0.000134319
0.000134054
0.000133936
0.000133666
0.000133524
0.00013325
0.000133083
0.000132803
0.000132607
0.000132316
0.000132089
0.000131782
0.000131521
0.000131191
0.000130892
0.000130531
0.000130188
0.000129788
0.000129393
0.000128932
0.000128136
0.000127307
0.000126464
0.000125589
0.000124699
0.000123779
0.00012284
0.00012187
0.00012088
0.000119858
0.000118813
0.000117739
0.000116637
0.000115497
0.000114325
0.000113114
0.000111868
0.000110587
0.000109265
0.000107898
0.0001065
0.000105052
0.000103571
0.000102045
0.000100483
9.88801e-05
9.72393e-05
9.55616e-05
9.38464e-05
9.20868e-05
9.03056e-05
8.85162e-05
8.66629e-05
8.47985e-05
8.28934e-05
8.09648e-05
7.90047e-05
7.70141e-05
7.4994e-05
7.29322e-05
7.08491e-05
6.87274e-05
6.65858e-05
6.44182e-05
6.22315e-05
6.00323e-05
5.78228e-05
5.56147e-05
5.34115e-05
5.1224e-05
4.90592e-05
4.69242e-05
4.48283e-05
4.27741e-05
4.07686e-05
3.88108e-05
3.69015e-05
3.50363e-05
3.31998e-05
3.13937e-05
2.9632e-05
2.78511e-05
2.60853e-05
2.42941e-05
2.24857e-05
2.06244e-05
1.86998e-05
1.67264e-05
1.47416e-05
1.27769e-05
1.10952e-05
1.01007e-05
1.19786e-05
1.21291e-05
0.00011279
0.000113019
0.000113109
0.000113201
0.000113282
0.00011334
0.000113417
0.000113456
0.000113529
0.000113555
0.000113623
0.000113639
0.000113699
0.000113706
0.000113754
0.000113752
0.000113785
0.000113772
0.000113786
0.000113758
0.000113749
0.000113701
0.000113667
0.000113597
0.000113536
0.000113444
0.000113356
0.000113246
0.000113137
0.000113005
0.000112872
0.000112717
0.000112557
0.000112375
0.000112186
0.000111975
0.000111752
0.000111499
0.000111229
0.000110931
0.000110612
0.000110263
0.000109888
0.000109481
0.000109041
0.000108563
0.000108055
0.000107506
0.000106927
0.000106309
0.000105653
0.000104947
0.00010419
0.000103375
0.000102491
0.000101393
9.99002e-05
9.83592e-05
9.67516e-05
9.50991e-05
9.33904e-05
9.16338e-05
8.9831e-05
8.7988e-05
8.61149e-05
8.41917e-05
8.22407e-05
8.02433e-05
7.81762e-05
7.60846e-05
7.39284e-05
7.17456e-05
6.95081e-05
6.72295e-05
6.4907e-05
6.25338e-05
6.01154e-05
5.76408e-05
5.5116e-05
5.2535e-05
4.99013e-05
4.72201e-05
4.44948e-05
4.17416e-05
3.89689e-05
3.62019e-05
3.3461e-05
3.07742e-05
2.81619e-05
2.56516e-05
2.32203e-05
2.08746e-05
1.86056e-05
1.63331e-05
1.41528e-05
1.21466e-05
1.03305e-05
8.92696e-06
8.39048e-06
1.15427e-05
7.28479e-05
7.327e-05
7.33496e-05
7.36148e-05
7.37064e-05
7.39264e-05
7.40391e-05
7.42318e-05
7.43634e-05
7.45393e-05
7.46849e-05
7.48508e-05
7.50059e-05
7.51661e-05
7.53269e-05
7.54839e-05
7.56474e-05
7.5802e-05
7.59653e-05
7.61172e-05
7.62774e-05
7.64253e-05
7.6581e-05
7.67256e-05
7.68779e-05
7.70212e-05
7.71716e-05
7.73144e-05
7.74621e-05
7.76024e-05
7.77457e-05
7.78815e-05
7.80182e-05
7.81467e-05
7.82736e-05
7.83913e-05
7.85043e-05
7.86095e-05
7.87097e-05
7.88013e-05
7.88864e-05
7.89617e-05
7.90289e-05
7.90853e-05
7.91321e-05
7.9168e-05
7.91938e-05
7.92073e-05
7.92057e-05
7.91846e-05
7.91432e-05
7.90772e-05
7.89851e-05
7.88637e-05
7.87104e-05
7.85253e-05
7.83129e-05
7.80755e-05
7.78081e-05
7.7507e-05
7.71685e-05
7.67825e-05
7.63405e-05
7.56105e-05
7.4745e-05
7.37916e-05
7.27976e-05
7.17325e-05
7.06059e-05
6.94217e-05
6.81491e-05
6.68162e-05
6.54272e-05
6.39181e-05
6.23404e-05
6.06538e-05
5.88718e-05
5.69808e-05
5.49802e-05
5.28712e-05
5.06486e-05
4.83237e-05
4.5894e-05
4.33751e-05
4.07697e-05
3.80953e-05
3.53498e-05
3.25406e-05
2.96643e-05
2.66964e-05
2.36849e-05
2.06298e-05
1.76189e-05
1.47053e-05
1.1969e-05
9.61962e-06
7.80021e-06
6.54302e-06
5.87876e-06
6.76346e-06
6.81454e-06
6.83024e-06
6.84064e-06
6.85389e-06
6.86647e-06
6.88241e-06
6.89541e-06
6.91272e-06
6.92653e-06
6.94462e-06
6.95951e-06
6.97817e-06
6.99432e-06
7.01352e-06
7.03103e-06
7.0509e-06
7.06985e-06
7.09055e-06
7.11097e-06
7.13267e-06
7.15456e-06
7.17736e-06
7.20072e-06
7.2248e-06
7.24979e-06
7.27548e-06
7.30232e-06
7.32984e-06
7.35863e-06
7.3881e-06
7.4189e-06
7.45041e-06
7.48329e-06
7.51694e-06
7.55199e-06
7.5879e-06
7.62526e-06
7.66362e-06
7.70347e-06
7.74442e-06
7.78692e-06
7.83062e-06
7.87593e-06
7.92257e-06
7.97088e-06
8.02065e-06
8.0721e-06
8.12501e-06
8.17945e-06
8.23533e-06
8.29276e-06
8.35171e-06
8.41236e-06
8.47483e-06
8.5393e-06
8.60596e-06
8.67482e-06
8.74583e-06
8.81879e-06
8.89281e-06
8.96797e-06
9.04264e-06
9.11595e-06
9.18618e-06
9.26068e-06
9.33465e-06
9.41352e-06
9.49404e-06
9.57841e-06
9.6664e-06
9.75659e-06
9.8528e-06
9.95313e-06
1.00532e-05
1.01605e-05
1.02686e-05
1.03804e-05
1.0496e-05
1.06126e-05
1.0734e-05
1.08567e-05
1.09843e-05
1.11148e-05
1.12508e-05
1.13909e-05
1.15336e-05
1.16661e-05
1.17618e-05
1.17437e-05
1.15161e-05
1.09312e-05
9.75903e-06
7.92253e-06
5.75292e-06
3.65492e-06
2.64233e-06
2.56077e-06
3.92447e-06
4.02267e-06
4.33378e-06
1.09165e-05
2.06707e-06
2.59122e-06
3.50897e-06
4.53982e-06
5.61472e-06
6.49739e-06
7.31928e-06
8.11864e-06
8.86566e-06
9.5388e-06
1.02386e-05
1.12705e-05
1.2951e-05
1.51248e-05
1.76607e-05
1.75466e-05
1.5535e-05
1.03658e-05
3.99146e-06
5.85554e-06
2.17617e-06
2.46683e-06
3.17797e-06
4.05253e-06
4.87381e-06
5.67749e-06
6.52005e-06
7.37403e-06
8.24239e-06
9.1641e-06
1.02114e-05
1.1722e-05
1.37173e-05
1.66174e-05
1.81561e-05
1.74157e-05
1.47209e-05
9.66786e-06
3.95889e-06
4.92548e-06
2.68853e-06
2.89936e-06
3.4173e-06
4.01619e-06
4.70353e-06
5.45391e-06
6.27632e-06
7.16918e-06
8.27827e-06
9.3305e-06
1.07139e-05
1.25228e-05
1.52972e-05
1.77369e-05
1.8187e-05
1.70933e-05
1.40281e-05
9.0167e-06
3.80875e-06
5.04708e-06
3.43782e-06
3.63845e-06
3.8754e-06
4.35458e-06
4.9043e-06
5.63227e-06
6.52124e-06
7.6263e-06
9.27695e-06
1.08416e-05
1.2497e-05
1.51507e-05
1.78255e-05
1.89691e-05
1.86846e-05
1.70023e-05
1.33134e-05
8.1585e-06
3.20787e-06
5.68777e-06
4.48101e-06
4.62049e-06
4.62616e-06
5.17751e-06
5.64923e-06
6.51254e-06
7.71254e-06
9.39106e-06
1.25624e-05
1.42526e-05
1.64531e-05
1.88921e-05
2.01265e-05
2.02461e-05
1.91869e-05
1.65159e-05
1.26139e-05
7.09164e-06
2.27541e-06
6.89482e-06
5.97009e-06
6.03735e-06
5.98708e-06
6.70817e-06
7.62982e-06
9.13209e-06
1.12765e-05
1.5534e-05
1.87991e-05
2.04067e-05
2.18629e-05
2.27683e-05
2.26687e-05
2.16326e-05
1.90475e-05
1.60348e-05
1.1776e-05
5.19923e-06
1.36838e-06
9.0107e-06
8.57375e-06
8.78302e-06
9.30779e-06
1.09481e-05
1.33519e-05
1.66588e-05
2.14829e-05
2.81135e-05
2.89214e-05
2.87158e-05
2.81019e-05
2.68283e-05
2.46978e-05
2.15971e-05
1.85803e-05
1.49148e-05
1.01756e-05
3.83354e-06
7.00019e-07
1.45189e-05
1.5936e-05
1.71357e-05
1.94099e-05
2.29262e-05
2.72125e-05
3.27592e-05
3.96992e-05
3.93899e-05
3.71517e-05
3.39263e-05
3.12947e-05
2.78271e-05
2.4849e-05
2.09539e-05
1.71447e-05
1.28993e-05
8.46642e-06
3.01197e-06
3.30973e-07
3.23083e-05
3.52717e-05
3.65126e-05
3.89629e-05
4.34391e-05
4.77932e-05
5.1117e-05
4.70602e-05
4.35371e-05
3.97412e-05
3.60225e-05
3.23191e-05
2.82558e-05
2.34617e-05
1.86688e-05
1.40826e-05
1.05612e-05
7.74706e-06
3.15857e-06
2.03165e-07
5.26542e-05
5.55415e-05
5.58232e-05
5.73483e-05
6.22145e-05
5.88211e-05
5.47613e-05
4.98076e-05
4.59455e-05
4.0982e-05
3.71293e-05
3.19107e-05
2.71343e-05
1.98575e-05
1.42702e-05
1.03272e-05
8.74049e-06
7.75278e-06
3.76349e-06
2.64309e-07
5.02538e-05
5.30082e-05
5.34217e-05
5.50535e-05
5.99041e-05
5.73611e-05
5.34829e-05
4.87076e-05
4.50579e-05
4.02677e-05
3.67636e-05
3.16348e-05
2.77729e-05
2.06288e-05
1.5073e-05
1.04594e-05
8.58264e-06
7.27019e-06
3.2814e-06
2.28986e-07
2.78565e-05
3.07849e-05
3.21798e-05
3.46808e-05
3.9103e-05
4.37168e-05
4.91101e-05
4.52704e-05
4.22501e-05
3.81897e-05
3.54105e-05
3.12327e-05
2.82589e-05
2.3926e-05
1.93287e-05
1.45455e-05
1.04697e-05
7.00264e-06
2.48187e-06
1.82438e-07
1.30356e-05
1.39437e-05
1.49021e-05
1.69509e-05
2.01053e-05
2.41591e-05
2.94117e-05
3.63757e-05
3.956e-05
3.59287e-05
3.38227e-05
3.03919e-05
2.75296e-05
2.43709e-05
2.11784e-05
1.7338e-05
1.28775e-05
8.12467e-06
2.657e-06
2.21162e-07
8.62762e-06
8.09589e-06
8.23757e-06
8.62092e-06
1.00232e-05
1.21489e-05
1.51269e-05
1.97294e-05
2.62035e-05
2.73935e-05
2.77413e-05
2.75678e-05
2.66886e-05
2.46079e-05
2.13584e-05
1.8552e-05
1.48034e-05
9.92858e-06
3.54308e-06
4.58728e-07
6.73757e-06
5.80102e-06
5.86433e-06
5.82355e-06
6.50062e-06
7.35126e-06
8.72334e-06
1.06923e-05
1.47408e-05
1.80777e-05
1.98701e-05
2.16484e-05
2.27011e-05
2.27615e-05
2.1843e-05
1.88922e-05
1.57985e-05
1.1505e-05
5.09926e-06
1.17001e-06
5.62273e-06
4.42833e-06
4.56553e-06
4.60658e-06
5.15176e-06
5.63884e-06
6.47874e-06
7.62158e-06
9.21261e-06
1.22831e-05
1.40593e-05
1.64088e-05
1.89851e-05
2.02972e-05
2.04276e-05
1.93421e-05
1.63724e-05
1.24146e-05
6.94612e-06
2.17334e-06
5.04399e-06
3.43691e-06
3.63935e-06
3.9185e-06
4.41394e-06
4.99213e-06
5.72505e-06
6.60417e-06
7.67662e-06
9.30686e-06
1.08623e-05
1.25939e-05
1.53261e-05
1.80622e-05
1.92131e-05
1.88763e-05
1.70837e-05
1.31809e-05
8.05813e-06
3.19091e-06
5.04912e-06
2.73431e-06
2.93468e-06
3.46653e-06
4.09663e-06
4.80452e-06
5.57814e-06
6.4134e-06
7.30367e-06
8.41098e-06
9.48139e-06
1.08959e-05
1.27577e-05
1.55676e-05
1.79848e-05
1.83684e-05
1.71924e-05
1.39223e-05
8.95001e-06
3.7921e-06
6.12809e-06
2.24165e-06
2.53719e-06
3.25654e-06
4.13767e-06
4.99378e-06
5.81956e-06
6.67907e-06
7.54561e-06
8.41628e-06
9.35816e-06
1.04122e-05
1.19846e-05
1.40147e-05
1.69215e-05
1.83461e-05
1.75066e-05
1.47068e-05
9.6051e-06
3.95883e-06
1.0969e-05
2.13713e-06
2.65959e-06
3.59616e-06
4.64477e-06
5.72387e-06
6.65223e-06
7.48977e-06
8.30524e-06
9.05821e-06
9.75252e-06
1.04584e-05
1.14842e-05
1.32235e-05
1.53971e-05
1.78402e-05
1.76128e-05
1.55162e-05
1.03455e-05
3.99484e-06
1.23422e-06
0.000116557
0.000294182
0.000330906
0.00033481
0.000335356
0.000335357
0.000335342
0.000335343
0.000335345
0.000335345
0.000335343
0.000335342
0.000335357
0.000335356
0.00033481
0.000330906
0.000294182
0.000116558
1.23422e-06
1.36971e-06
6.81675e-05
0.000219586
0.000309504
0.000330909
0.000334527
0.000335273
0.000335315
0.000335296
0.000335287
0.000335287
0.000335296
0.000335315
0.000335273
0.000334527
0.000330909
0.000309504
0.000219586
6.81676e-05
1.36971e-06
1.51338e-06
5.28967e-05
0.000176461
0.000280581
0.000322148
0.000332504
0.000334604
0.0003351
0.000335168
0.000335172
0.000335172
0.000335168
0.0003351
0.000334604
0.000332504
0.000322148
0.000280581
0.000176461
5.28968e-05
1.51338e-06
1.65543e-06
4.39363e-05
0.000148158
0.00025426
0.000309298
0.000328588
0.000333554
0.000334803
0.000335047
0.00033508
0.00033508
0.000335047
0.000334803
0.000333554
0.000328588
0.000309299
0.00025426
0.000148158
4.39364e-05
1.65543e-06
1.79644e-06
3.71604e-05
0.000127214
0.000231224
0.000295243
0.000322611
0.000331765
0.000334129
0.0003348
0.00033494
0.00033494
0.0003348
0.000334129
0.000331765
0.000322611
0.000295243
0.000231224
0.000127214
3.71604e-05
1.79644e-06
1.93633e-06
3.20671e-05
0.000111064
0.000211233
0.000280972
0.000315386
0.000328853
0.0003332
0.000334472
0.00033478
0.00033478
0.000334472
0.0003332
0.000328853
0.000315386
0.000280972
0.000211233
0.000111064
3.2067e-05
1.93633e-06
2.07394e-06
2.82181e-05
9.83566e-05
0.00019394
0.000267069
0.000307359
0.000325177
0.000331845
0.000333904
0.000334513
0.000334513
0.000333904
0.000331845
0.000325177
0.000307359
0.000267069
0.00019394
9.83565e-05
2.8218e-05
2.07394e-06
2.20853e-06
2.52337e-05
8.81439e-05
0.000178944
0.000253825
0.000298866
0.000320815
0.000329912
0.000333144
0.000334153
0.000334153
0.000333144
0.000329912
0.000320815
0.000298866
0.000253825
0.000178944
8.81437e-05
2.52337e-05
2.20853e-06
2.33871e-06
2.28831e-05
7.98166e-05
0.000165913
0.000241395
0.000290179
0.000315928
0.000327567
0.000332164
0.000333602
0.000333602
0.000332164
0.000327567
0.000315928
0.000290179
0.000241395
0.000165913
7.98164e-05
2.28831e-05
2.33871e-06
2.46392e-06
2.09834e-05
7.29053e-05
0.000154522
0.000229815
0.000281486
0.000310645
0.000324815
0.000330837
0.000332879
0.000332879
0.000330837
0.000324815
0.000310645
0.000281486
0.000229815
0.000154522
7.29051e-05
2.09833e-05
2.46392e-06
2.58305e-06
1.94335e-05
6.71031e-05
0.000144523
0.000219082
0.000272923
0.000305084
0.000321705
0.000329233
0.000331992
0.000331992
0.000329233
0.000321705
0.000305083
0.000272923
0.000219082
0.000144523
6.71029e-05
1.94335e-05
2.58305e-06
2.6958e-06
1.81415e-05
6.21631e-05
0.000135687
0.00020915
0.000264573
0.000299343
0.000318292
0.000327354
0.000330843
0.000330843
0.000327354
0.000318291
0.000299342
0.000264573
0.000209149
0.000135686
6.21629e-05
1.81415e-05
2.69581e-06
2.80122e-06
1.70615e-05
5.79243e-05
0.000127848
0.000199975
0.0002565
0.000293505
0.000314623
0.000325205
0.000329432
0.000329432
0.000325205
0.000314623
0.000293505
0.0002565
0.000199975
0.000127848
5.79241e-05
1.70615e-05
2.80122e-06
2.89938e-06
1.61474e-05
5.42476e-05
0.000120853
0.000191496
0.000248734
0.000287635
0.000310748
0.000322803
0.000327776
0.000327775
0.000322803
0.000310748
0.000287635
0.000248734
0.000191496
0.000120853
5.42475e-05
1.61473e-05
2.89938e-06
2.9896e-06
1.53693e-05
5.10401e-05
0.000114589
0.000183661
0.000241296
0.000281785
0.000306709
0.00032017
0.000325879
0.000325879
0.00032017
0.000306709
0.000281785
0.000241296
0.00018366
0.000114588
5.10399e-05
1.53693e-05
2.9896e-06
3.07233e-06
1.47003e-05
4.82153e-05
0.000108946
0.000176405
0.000234187
0.000275991
0.000302544
0.000317329
0.000323751
0.000323751
0.000317329
0.000302544
0.000275991
0.000234187
0.000176405
0.000108946
4.82153e-05
1.47003e-05
3.07233e-06
3.14699e-06
1.41264e-05
4.57184e-05
0.000103849
0.000169684
0.000227409
0.000270284
0.000298287
0.000314304
0.000321405
0.000321405
0.000314304
0.000298286
0.000270283
0.000227409
0.000169683
0.000103848
4.57183e-05
1.41264e-05
3.14699e-06
3.21438e-06
1.3629e-05
4.34946e-05
9.92213e-05
0.000163443
0.000220951
0.000264684
0.000293966
0.000311117
0.000318858
0.000318858
0.000311116
0.000293966
0.000264684
0.000220951
0.000163443
9.92211e-05
4.34945e-05
1.3629e-05
3.21437e-06
3.27398e-06
1.32006e-05
4.15088e-05
9.50115e-05
0.000157646
0.000214806
0.000259209
0.000289609
0.000307792
0.000316129
0.000316129
0.000307791
0.000289609
0.000259209
0.000214806
0.000157645
9.50114e-05
4.15088e-05
1.32006e-05
3.27398e-06
3.3269e-06
1.2828e-05
3.97248e-05
9.11645e-05
0.000152247
0.000208958
0.000253868
0.000285237
0.000304351
0.000313237
0.000313237
0.00030435
0.000285237
0.000253868
0.000208958
0.000152247
9.11644e-05
3.97248e-05
1.2828e-05
3.3269e-06
3.37259e-06
1.25073e-05
3.81178e-05
8.76416e-05
0.000147215
0.000203397
0.000248669
0.000280867
0.000300814
0.000310202
0.000310202
0.000300814
0.000280867
0.000248669
0.000203397
0.000147215
8.76415e-05
3.81178e-05
1.25073e-05
3.37259e-06
3.41241e-06
1.22287e-05
3.66645e-05
8.44035e-05
0.000142514
0.000198104
0.000243616
0.000276515
0.000297202
0.000307044
0.000307044
0.000297202
0.000276515
0.000243616
0.000198104
0.000142514
8.44034e-05
3.66646e-05
1.22288e-05
3.41241e-06
3.44566e-06
1.19915e-05
3.5346e-05
8.14217e-05
0.000138119
0.000193068
0.000238711
0.000272195
0.000293532
0.00030378
0.00030378
0.000293532
0.000272195
0.000238711
0.000193068
0.000138119
8.14217e-05
3.5346e-05
1.19915e-05
3.44566e-06
3.47402e-06
1.17869e-05
3.41487e-05
7.8668e-05
0.000134001
0.000188273
0.000233954
0.000267917
0.00028982
0.00030043
0.00030043
0.00028982
0.000267917
0.000233954
0.000188273
0.000134
7.86678e-05
3.41487e-05
1.1787e-05
3.47402e-06
3.49649e-06
1.16128e-05
3.30555e-05
7.61198e-05
0.000130139
0.000183707
0.000229344
0.000263691
0.000286081
0.00029701
0.00029701
0.000286081
0.000263691
0.000229344
0.000183707
0.000130139
7.61198e-05
3.30554e-05
1.16128e-05
3.49648e-06
3.51512e-06
1.14695e-05
3.20598e-05
7.37564e-05
0.00012651
0.000179356
0.00022488
0.000259524
0.000282329
0.000293536
0.000293536
0.000282329
0.000259524
0.00022488
0.000179355
0.00012651
7.37562e-05
3.20598e-05
1.14696e-05
3.51511e-06
3.52846e-06
1.13486e-05
3.11463e-05
7.15601e-05
0.000123097
0.000175207
0.000220558
0.000255421
0.000278574
0.000290022
0.000290022
0.000278574
0.000255421
0.000220558
0.000175207
0.000123097
7.15601e-05
3.11463e-05
1.13485e-05
3.52845e-06
3.53793e-06
1.12562e-05
3.0313e-05
6.95152e-05
0.000119881
0.000171249
0.000216375
0.000251388
0.000274828
0.000286482
0.000286482
0.000274828
0.000251388
0.000216375
0.000171249
0.000119881
6.95151e-05
3.0313e-05
1.12563e-05
3.53792e-06
3.54511e-06
1.11814e-05
2.95463e-05
6.76084e-05
0.000116849
0.000167471
0.000212328
0.000247429
0.000271099
0.000282926
0.000282926
0.000271099
0.000247429
0.000212328
0.000167471
0.000116849
6.76084e-05
2.95463e-05
1.11813e-05
3.5451e-06
3.54863e-06
1.11319e-05
2.88463e-05
6.58273e-05
0.000113985
0.000163862
0.000208413
0.000243546
0.000267396
0.000279367
0.000279367
0.000267396
0.000243546
0.000208413
0.000163862
0.000113985
6.58273e-05
2.88464e-05
1.1132e-05
3.54863e-06
3.54914e-06
1.10977e-05
2.82014e-05
6.41613e-05
0.000111277
0.000160413
0.000204625
0.000239742
0.000263725
0.000275812
0.000275812
0.000263725
0.000239742
0.000204625
0.000160413
0.000111278
6.41614e-05
2.82015e-05
1.10977e-05
3.54914e-06
3.54717e-06
1.10876e-05
2.76134e-05
6.26008e-05
0.000108714
0.000157113
0.000200961
0.000236017
0.000260092
0.000272271
0.000272271
0.000260092
0.000236017
0.000200961
0.000157113
0.000108714
6.26009e-05
2.76135e-05
1.10876e-05
3.54716e-06
3.54302e-06
1.10906e-05
2.70717e-05
6.11376e-05
0.000106286
0.000153956
0.000197416
0.000232373
0.000256502
0.00026875
0.00026875
0.000256502
0.000232373
0.000197416
0.000153956
0.000106286
6.11378e-05
2.70719e-05
1.10907e-05
3.54301e-06
3.53695e-06
1.1117e-05
2.65795e-05
5.97636e-05
0.000103981
0.000150931
0.000193986
0.00022881
0.00025296
0.000265256
0.000265256
0.00025296
0.00022881
0.000193986
0.000150931
0.000103982
5.97637e-05
2.65796e-05
1.1117e-05
3.53694e-06
3.52925e-06
1.11557e-05
2.61273e-05
5.84731e-05
0.000101794
0.000148033
0.000190667
0.000225329
0.000249468
0.000261794
0.000261794
0.000249468
0.000225329
0.000190667
0.000148034
0.000101795
5.84733e-05
2.61274e-05
1.11559e-05
3.52924e-06
3.52011e-06
1.12177e-05
2.57194e-05
5.72588e-05
9.9715e-05
0.000145254
0.000187455
0.000221928
0.00024603
0.000258369
0.000258369
0.000246031
0.000221928
0.000187455
0.000145255
9.97152e-05
5.7259e-05
2.57195e-05
1.12176e-05
3.5201e-06
3.50981e-06
1.12914e-05
2.53461e-05
5.61171e-05
9.77372e-05
0.000142588
0.000184346
0.000218608
0.000242649
0.000254986
0.000254986
0.000242649
0.000218608
0.000184346
0.000142588
9.77374e-05
5.61173e-05
2.53463e-05
1.12915e-05
3.5098e-06
3.49846e-06
1.13881e-05
2.50132e-05
5.50417e-05
9.58525e-05
0.000140028
0.000181336
0.000215366
0.000239325
0.000251646
0.000251646
0.000239325
0.000215366
0.000181336
0.000140028
9.58527e-05
5.50419e-05
2.50133e-05
1.1388e-05
3.49845e-06
3.48635e-06
1.14974e-05
2.47113e-05
5.40301e-05
9.40572e-05
0.000137569
0.000178421
0.000212203
0.00023606
0.000248353
0.000248353
0.00023606
0.000212203
0.000178422
0.000137569
9.40574e-05
5.40304e-05
2.47115e-05
1.14975e-05
3.48635e-06
3.4735e-06
1.16321e-05
2.44473e-05
5.3076e-05
9.2344e-05
0.000135205
0.000175598
0.000209117
0.000232855
0.00024511
0.00024511
0.000232855
0.000209117
0.000175598
0.000135205
9.23441e-05
5.30761e-05
2.44474e-05
1.16322e-05
3.47349e-06
3.46026e-06
1.17727e-05
2.42114e-05
5.21791e-05
9.07092e-05
0.000132931
0.000172863
0.000206106
0.000229711
0.000241918
0.000241918
0.000229711
0.000206106
0.000172863
0.000132931
9.07096e-05
5.21794e-05
2.42116e-05
1.17728e-05
3.46026e-06
3.44651e-06
1.19439e-05
2.401e-05
5.13318e-05
8.91483e-05
0.000130743
0.000170213
0.00020317
0.000226628
0.000238778
0.000238778
0.000226628
0.00020317
0.000170213
0.000130743
8.91483e-05
5.13318e-05
2.40101e-05
1.1944e-05
3.44651e-06
3.43269e-06
1.21209e-05
2.38409e-05
5.05345e-05
8.76576e-05
0.000128636
0.000167643
0.000200306
0.000223606
0.000235692
0.000235692
0.000223606
0.000200306
0.000167644
0.000128636
8.76581e-05
5.05349e-05
2.38411e-05
1.21209e-05
3.43269e-06
3.41853e-06
1.23282e-05
2.36919e-05
4.97806e-05
8.62328e-05
0.000126606
0.000165152
0.000197512
0.000220645
0.00023266
0.00023266
0.000220645
0.000197512
0.000165152
0.000126606
8.62327e-05
4.97805e-05
2.36919e-05
1.23283e-05
3.41853e-06
3.40458e-06
1.2539e-05
2.35711e-05
4.90686e-05
8.48697e-05
0.000124651
0.000162737
0.000194788
0.000217745
0.000229683
0.000229683
0.000217745
0.000194789
0.000162737
0.000124651
8.48704e-05
4.90691e-05
2.35713e-05
1.2539e-05
3.40458e-06
3.39041e-06
1.27799e-05
2.34713e-05
4.83924e-05
8.35647e-05
0.000122765
0.000160394
0.000192132
0.000214905
0.000226761
0.000226761
0.000214905
0.000192132
0.000160393
0.000122765
8.35643e-05
4.83921e-05
2.34713e-05
1.27801e-05
3.39041e-06
3.37669e-06
1.28393e-05
2.33867e-05
4.77466e-05
8.23134e-05
0.000120946
0.00015812
0.000189542
0.000212124
0.000223895
0.000223895
0.000212125
0.000189542
0.000158121
0.000120946
8.23144e-05
4.77473e-05
2.33868e-05
1.28392e-05
3.37669e-06
3.36342e-06
1.28983e-05
2.33105e-05
4.71258e-05
8.11117e-05
0.000119189
0.000155913
0.000187015
0.000209403
0.000221083
0.000221083
0.000209403
0.000187015
0.000155913
0.000119188
8.1111e-05
4.71253e-05
2.33105e-05
1.28986e-05
3.36343e-06
3.35059e-06
1.29611e-05
2.32364e-05
4.65268e-05
7.99564e-05
0.000117493
0.000153771
0.000184551
0.000206739
0.000218326
0.000218326
0.00020674
0.000184552
0.000153771
0.000117494
7.99576e-05
4.65276e-05
2.32364e-05
1.29608e-05
3.35059e-06
3.33816e-06
1.30274e-05
2.31603e-05
4.59439e-05
7.88415e-05
0.000115851
0.000151689
0.000182148
0.000204133
0.000215623
0.000215623
0.000204133
0.000182148
0.000151689
0.00011585
7.88403e-05
4.59432e-05
2.31603e-05
1.30278e-05
3.33816e-06
3.32611e-06
1.30977e-05
2.30808e-05
4.53782e-05
7.7766e-05
0.000114264
0.000149668
0.000179804
0.000201583
0.000212974
0.000212975
0.000201584
0.000179805
0.000149669
0.000114266
7.77676e-05
4.53791e-05
2.30807e-05
1.30974e-05
3.32611e-06
3.31443e-06
1.31709e-05
2.29964e-05
4.48249e-05
7.67244e-05
0.000112726
0.000147702
0.000177517
0.000199088
0.000210378
0.000210378
0.000199088
0.000177516
0.000147701
0.000112724
7.67224e-05
4.48239e-05
2.29965e-05
1.31712e-05
3.31444e-06
3.30313e-06
1.32474e-05
2.29084e-05
4.42865e-05
7.5715e-05
0.000111234
0.000145791
0.000175286
0.000196648
0.000207836
0.000207836
0.000196648
0.000175287
0.000145793
0.000111237
7.57175e-05
4.42877e-05
2.29083e-05
1.32472e-05
3.30313e-06
3.29219e-06
1.33267e-05
2.28169e-05
4.37599e-05
7.47363e-05
0.000109788
0.000143932
0.000173109
0.00019426
0.000205344
0.000205344
0.000194259
0.000173107
0.000143929
0.000109784
7.4733e-05
4.37581e-05
2.28168e-05
1.33269e-05
3.2922e-06
3.28162e-06
1.34079e-05
2.27227e-05
4.32463e-05
7.37831e-05
0.000108381
0.000142122
0.000170984
0.000191924
0.000202905
0.000202905
0.000191925
0.000170985
0.000142124
0.000108384
7.37858e-05
4.32476e-05
2.27224e-05
1.34077e-05
3.28163e-06
3.27142e-06
1.34926e-05
2.26297e-05
4.27448e-05
7.2858e-05
0.000107015
0.000140359
0.000168909
0.000189638
0.000200514
0.000200513
0.000189637
0.000168906
0.000140356
0.000107011
7.28548e-05
4.27433e-05
2.26301e-05
1.34927e-05
3.27144e-06
3.26158e-06
1.35775e-05
2.25353e-05
4.22579e-05
7.19561e-05
0.000105683
0.000138642
0.000166884
0.000187404
0.000198174
0.000198174
0.000187404
0.000166885
0.000138644
0.000105685
7.19575e-05
4.22578e-05
2.25338e-05
1.35773e-05
3.2616e-06
3.25214e-06
1.36652e-05
2.24445e-05
4.17808e-05
7.1079e-05
0.000104388
0.000136967
0.000164905
0.000185215
0.00019588
0.000195879
0.000185213
0.0001649
0.000136962
0.000104382
7.10749e-05
4.17792e-05
2.24459e-05
1.36656e-05
3.25217e-06
3.24305e-06
1.37532e-05
2.23547e-05
4.1321e-05
7.02209e-05
0.000103122
0.000135333
0.000162972
0.000183076
0.000193636
0.000193637
0.000183077
0.000162973
0.000135336
0.000103125
7.02224e-05
4.13211e-05
2.23518e-05
1.37524e-05
3.24308e-06
3.23436e-06
1.38422e-05
2.22701e-05
4.08743e-05
6.93909e-05
0.000101894
0.000133741
0.000161083
0.000180981
0.000191435
0.000191434
0.000180976
0.000161076
0.000133732
0.000101885
6.9384e-05
4.08708e-05
2.22725e-05
1.38435e-05
3.23441e-06
3.22602e-06
1.39338e-05
2.21882e-05
4.04321e-05
6.85694e-05
0.000100688
0.000132182
0.000159236
0.000178932
0.000189284
0.000189285
0.000178933
0.000159238
0.000132186
0.000100692
6.85707e-05
4.04317e-05
2.21832e-05
1.39319e-05
3.22607e-06
3.21805e-06
1.40218e-05
2.21119e-05
4.00149e-05
6.77798e-05
9.95207e-05
0.000130666
0.000157432
0.000176925
0.000187171
0.000187169
0.000176918
0.00015742
0.000130651
9.95055e-05
6.77699e-05
4.00132e-05
2.21164e-05
1.40246e-05
3.21815e-06
3.21046e-06
1.41163e-05
2.2041e-05
3.96025e-05
6.69973e-05
9.8371e-05
0.000129179
0.000155667
0.000174963
0.00018511
0.00018511
0.000174964
0.000155668
0.000129181
9.83731e-05
6.69957e-05
3.9596e-05
2.20331e-05
1.41131e-05
3.21054e-06
3.20318e-06
1.42032e-05
2.19762e-05
3.92109e-05
6.6242e-05
9.72543e-05
0.000127728
0.000153939
0.000173038
0.00018308
0.000183077
0.000173027
0.000153922
0.000127708
9.72346e-05
6.62305e-05
3.92107e-05
2.19824e-05
1.42068e-05
3.20335e-06
3.19634e-06
1.42978e-05
2.19161e-05
3.88297e-05
6.55042e-05
9.61643e-05
0.000126313
0.000152253
0.00017116
0.000181104
0.000181104
0.000171158
0.000152251
0.00012631
9.6159e-05
6.54935e-05
3.88145e-05
2.19052e-05
1.42948e-05
3.19646e-06
3.1897e-06
1.43866e-05
2.18641e-05
3.846e-05
6.47762e-05
9.50893e-05
0.00012492
0.000150595
0.000169311
0.000179154
0.000179148
0.000169295
0.000150571
0.000124892
9.50643e-05
6.47639e-05
3.84625e-05
2.18713e-05
1.43891e-05
3.18999e-06
3.18354e-06
1.44782e-05
2.18163e-05
3.8111e-05
6.40821e-05
9.40551e-05
0.000123572
0.000148985
0.000167514
0.00017726
0.000177258
0.000167508
0.000148976
0.00012356
9.40388e-05
6.40585e-05
3.80845e-05
2.1802e-05
1.44765e-05
3.18378e-06
3.17756e-06
1.45679e-05
2.17764e-05
3.77645e-05
6.3384e-05
9.30228e-05
0.000122236
0.000147394
0.000165738
0.000175385
0.000175376
0.000165712
0.000147355
0.000122192
9.29843e-05
6.33647e-05
3.77675e-05
2.17847e-05
1.45696e-05
3.17801e-06
3.17199e-06
1.46582e-05
2.17455e-05
3.74489e-05
6.27307e-05
9.20384e-05
0.000120947
0.000145852
0.000164015
0.00017357
0.000173565
0.000164003
0.000145834
0.000120924
9.20086e-05
6.26919e-05
3.74087e-05
2.17253e-05
1.4657e-05
3.17248e-06
3.16662e-06
1.47464e-05
2.17135e-05
3.71242e-05
6.20648e-05
9.10509e-05
0.000119669
0.000144328
0.00016231
0.000171764
0.00017175
0.000162268
0.000144265
0.000119596
9.09862e-05
6.20288e-05
3.71247e-05
2.17254e-05
1.47478e-05
3.16735e-06
3.16163e-06
1.4836e-05
2.17014e-05
3.68425e-05
6.14513e-05
9.01137e-05
0.000118436
0.000142851
0.000160659
0.000170026
0.000170018
0.000160636
0.000142817
0.000118394
9.00633e-05
6.13913e-05
3.67837e-05
2.16716e-05
1.48348e-05
3.1625e-06
3.15675e-06
1.4923e-05
2.16794e-05
3.65423e-05
6.08199e-05
8.91721e-05
0.000117214
0.000141391
0.000159022
0.000168287
0.000168264
0.000158954
0.000141289
0.000117095
8.90619e-05
6.07501e-05
3.65295e-05
2.16926e-05
1.49248e-05
3.15799e-06
3.15231e-06
1.50099e-05
2.16798e-05
3.6287e-05
6.02412e-05
8.82782e-05
0.000116035
0.000139976
0.000157441
0.000166622
0.000166606
0.000157396
0.000139911
0.000115956
8.81921e-05
6.01497e-05
3.62085e-05
2.16433e-05
1.50076e-05
3.15381e-06
3.14781e-06
1.50968e-05
2.16757e-05
3.60206e-05
5.9652e-05
8.73871e-05
0.000114871
0.000138581
0.000155869
0.000164943
0.000164907
0.000155759
0.000138416
0.000114678
8.72049e-05
5.95252e-05
3.59796e-05
2.16828e-05
1.50996e-05
3.14997e-06
3.14382e-06
1.5181e-05
2.16858e-05
3.57894e-05
5.91079e-05
8.65375e-05
0.000113746
0.00013723
0.000154359
0.000163351
0.000163324
0.000154273
0.000137106
0.000113599
8.63852e-05
5.89597e-05
3.56752e-05
2.16415e-05
1.51775e-05
3.14642e-06
3.13962e-06
1.52668e-05
2.16985e-05
3.55559e-05
5.85645e-05
8.5702e-05
0.000112645
0.000135898
0.000152851
0.000161728
0.000161671
0.000152671
0.000135633
0.000112331
8.54024e-05
5.83441e-05
3.54725e-05
2.16991e-05
1.52685e-05
3.14333e-06
3.1359e-06
1.53486e-05
2.17208e-05
3.53514e-05
5.80579e-05
8.48996e-05
0.000111579
0.000134616
0.000151415
0.000160208
0.000160161
0.000151255
0.000134387
0.000111311
8.46329e-05
5.78164e-05
3.51798e-05
2.16589e-05
1.53454e-05
3.14045e-06
3.13183e-06
1.54354e-05
2.17506e-05
3.51487e-05
5.75628e-05
8.4126e-05
0.000110545
0.000133354
0.000149971
0.000158637
0.000158548
0.000149676
0.000132921
0.000110034
8.36291e-05
5.71798e-05
3.49852e-05
2.17415e-05
1.54319e-05
3.13817e-06
3.12806e-06
1.55163e-05
2.17833e-05
3.49725e-05
5.71027e-05
8.33844e-05
0.00010955
0.000132149
0.000148613
0.000157189
0.000157107
0.000148325
0.000131733
0.000109067
8.2913e-05
5.67005e-05
3.47152e-05
2.1701e-05
1.55083e-05
3.13617e-06
3.12354e-06
1.5607e-05
2.18356e-05
3.48048e-05
5.66648e-05
8.26873e-05
0.000108597
0.000130966
0.00014724
0.00015567
0.000155526
0.000146755
0.000130256
0.000107763
8.1868e-05
5.60163e-05
3.44932e-05
2.17945e-05
1.55924e-05
3.1348e-06
3.11927e-06
1.56955e-05
2.1883e-05
3.46639e-05
5.62597e-05
8.20198e-05
0.000107688
0.000129852
0.000145972
0.000154295
0.000154153
0.000145462
0.000129113
0.000106829
8.11785e-05
5.55626e-05
3.42576e-05
2.17816e-05
1.56652e-05
3.13394e-06
3.11399e-06
1.58026e-05
2.19582e-05
3.45288e-05
5.58909e-05
8.14239e-05
0.00010684
0.000128768
0.000144681
0.000152826
0.000152594
0.000143883
0.000127603
0.00010548
8.00849e-05
5.48321e-05
3.39883e-05
2.18557e-05
1.57453e-05
3.13381e-06
3.10872e-06
1.59053e-05
2.20248e-05
3.44329e-05
5.55563e-05
8.08525e-05
0.000106047
0.000127774
0.000143523
0.000151536
0.00015129
0.00014264
0.000126486
0.00010455
7.93853e-05
5.43615e-05
3.37621e-05
2.18751e-05
1.58166e-05
3.13452e-06
3.10259e-06
1.60329e-05
2.21335e-05
3.43523e-05
5.52937e-05
8.04048e-05
0.000105344
0.000126828
0.000142338
0.000150119
0.000149741
0.000141024
0.000124909
0.000103117
7.82046e-05
5.35378e-05
3.34557e-05
2.19555e-05
1.58902e-05
3.13619e-06
3.09477e-06
1.61599e-05
2.22294e-05
3.43302e-05
5.5077e-05
7.99848e-05
0.000104736
0.000126009
0.000141334
0.000148938
0.000148515
0.000139822
0.000123787
0.000102156
7.7453e-05
5.30649e-05
3.32136e-05
2.19611e-05
1.59563e-05
3.1392e-06
3.08604e-06
1.63194e-05
2.23578e-05
3.43529e-05
5.50007e-05
7.97798e-05
0.000104245
0.00012528
0.000140308
0.000147593
0.000146971
0.000138142
0.0001221
0.000100583
7.61348e-05
5.20738e-05
3.28256e-05
2.20705e-05
1.60208e-05
3.14369e-06
3.07373e-06
1.64794e-05
2.24612e-05
3.44227e-05
5.49819e-05
7.9639e-05
0.000103977
0.000124729
0.000139528
0.000146564
0.000145834
0.000136955
0.000120909
9.95414e-05
7.53027e-05
5.15676e-05
3.26e-05
2.20866e-05
1.60718e-05
3.15022e-06
3.06254e-06
1.6677e-05
2.26515e-05
3.45855e-05
5.50959e-05
7.97234e-05
0.000103822
0.00012439
0.00013879
0.000145375
0.000126117
0.000118688
0.000119035
9.77445e-05
7.37135e-05
5.03522e-05
3.20953e-05
2.21944e-05
1.61137e-05
3.1592e-06
3.04227e-06
1.69029e-05
2.2818e-05
3.48331e-05
5.5459e-05
7.9958e-05
0.000104036
0.00011677
9.76209e-05
0.000105209
0.000143444
0.00013411
0.000102492
8.07679e-05
6.69764e-05
4.90338e-05
3.18505e-05
2.22332e-05
1.61431e-05
3.17172e-06
3.02626e-06
1.71893e-05
2.31074e-05
3.52879e-05
5.59926e-05
8.07711e-05
9.78037e-05
0.000104428
0.000110784
9.62561e-05
7.90344e-05
7.36419e-05
7.56431e-05
7.19864e-05
5.86631e-05
4.28977e-05
2.98548e-05
2.23624e-05
1.61496e-05
3.1882e-06
2.99267e-06
1.74712e-05
2.33406e-05
3.58585e-05
5.70634e-05
8.16337e-05
7.53079e-05
6.9797e-05
6.70307e-05
6.76383e-05
6.87e-05
6.73006e-05
6.2557e-05
5.56926e-05
4.72711e-05
3.725e-05
2.78522e-05
2.20301e-05
1.61351e-05
3.21064e-06
2.96707e-06
1.78972e-05
2.37767e-05
3.68382e-05
5.83908e-05
5.75158e-05
5.448e-05
5.31799e-05
5.27793e-05
5.25643e-05
5.21847e-05
5.10281e-05
4.87051e-05
4.4902e-05
3.92522e-05
3.20734e-05
2.54747e-05
2.15312e-05
1.60745e-05
3.23929e-06
2.91022e-06
1.82402e-05
2.42226e-05
3.80823e-05
4.43787e-05
4.11425e-05
4.01051e-05
4.00725e-05
4.037e-05
4.06576e-05
4.06671e-05
4.00931e-05
3.86733e-05
3.60765e-05
3.22242e-05
2.76595e-05
2.34992e-05
2.09692e-05
1.59615e-05
3.27703e-06
2.86431e-06
1.87761e-05
2.50243e-05
3.39619e-05
3.1181e-05
2.99102e-05
2.99202e-05
3.04528e-05
3.1156e-05
3.16832e-05
3.19525e-05
3.17198e-05
3.08601e-05
2.91649e-05
2.6657e-05
2.36314e-05
2.12916e-05
2.03915e-05
1.57455e-05
3.32444e-06
2.76554e-06
1.87459e-05
2.48394e-05
2.37002e-05
2.21637e-05
2.20229e-05
2.26376e-05
2.34326e-05
2.4153e-05
2.47631e-05
2.51671e-05
2.51785e-05
2.47183e-05
2.36163e-05
2.20511e-05
2.05537e-05
1.97739e-05
1.98404e-05
1.54236e-05
3.38572e-06
2.68028e-06
1.81577e-05
1.83112e-05
1.62948e-05
1.58718e-05
1.63003e-05
1.71625e-05
1.80913e-05
1.89658e-05
1.96907e-05
2.01746e-05
2.0328e-05
2.00765e-05
1.95019e-05
1.87041e-05
1.8012e-05
1.81609e-05
1.91792e-05
1.50126e-05
3.46173e-06
2.49602e-06
1.47583e-05
1.21386e-05
1.12506e-05
1.15942e-05
1.2345e-05
1.33306e-05
1.42295e-05
1.50314e-05
1.56985e-05
1.6229e-05
1.65246e-05
1.65848e-05
1.62905e-05
1.59916e-05
1.62123e-05
1.73783e-05
1.86438e-05
1.44051e-05
3.55922e-06
2.30018e-06
9.67032e-06
7.82722e-06
7.82658e-06
8.47469e-06
9.34552e-06
1.03247e-05
1.12304e-05
1.21059e-05
1.28346e-05
1.34161e-05
1.37986e-05
1.39119e-05
1.40442e-05
1.44249e-05
1.51905e-05
1.66662e-05
1.79259e-05
1.35402e-05
3.67575e-06
1.92356e-06
4.77822e-06
4.86869e-06
5.53184e-06
6.39017e-06
7.37081e-06
8.32589e-06
9.25542e-06
1.00187e-05
1.07474e-05
1.13799e-05
1.1857e-05
1.23268e-05
1.27977e-05
1.34746e-05
1.49026e-05
1.76494e-05
1.68966e-05
1.24924e-05
3.8174e-06
1.69526e-06
2.37837e-06
3.10516e-06
4.24254e-06
5.3085e-06
6.29882e-06
7.25759e-06
8.02489e-06
8.77373e-06
9.46762e-06
1.00891e-05
1.06261e-05
1.11519e-05
1.20254e-05
1.37024e-05
1.62137e-05
1.75147e-05
1.57768e-05
1.14382e-05
3.92917e-06
1.71803e-06
2.46509e-06
3.19848e-06
4.35714e-06
5.44179e-06
6.44832e-06
7.40279e-06
8.1929e-06
8.95169e-06
9.64812e-06
1.02737e-05
1.08402e-05
1.13812e-05
1.22401e-05
1.39631e-05
1.64296e-05
1.75862e-05
1.57535e-05
1.142e-05
3.9283e-06
1.94402e-06
4.95046e-06
5.00758e-06
5.65663e-06
6.52832e-06
7.52906e-06
8.5058e-06
9.44362e-06
1.02215e-05
1.09581e-05
1.15828e-05
1.20461e-05
1.25141e-05
1.29798e-05
1.36533e-05
1.50685e-05
1.77594e-05
1.68977e-05
1.2505e-05
3.81098e-06
2.31562e-06
1.00028e-05
8.06573e-06
8.02683e-06
8.66558e-06
9.53177e-06
1.05155e-05
1.14324e-05
1.23076e-05
1.30393e-05
1.36179e-05
1.39817e-05
1.40873e-05
1.4209e-05
1.45782e-05
1.53445e-05
1.67876e-05
1.79737e-05
1.35409e-05
3.66793e-06
2.50513e-06
1.50719e-05
1.2515e-05
1.15412e-05
1.18515e-05
1.25875e-05
1.35657e-05
1.44579e-05
1.52487e-05
1.59256e-05
1.64463e-05
1.67177e-05
1.67479e-05
1.64107e-05
1.61221e-05
1.63344e-05
1.7508e-05
1.87278e-05
1.4413e-05
3.55211e-06
2.68537e-06
1.83185e-05
1.87722e-05
1.67171e-05
1.62205e-05
1.6614e-05
1.74563e-05
1.84188e-05
1.92687e-05
1.99652e-05
2.04295e-05
2.05518e-05
2.02592e-05
1.96881e-05
1.88302e-05
1.81391e-05
1.82712e-05
1.92569e-05
1.50476e-05
3.45523e-06
2.76915e-06
1.8802e-05
2.52405e-05
2.42839e-05
2.26417e-05
2.24365e-05
2.30024e-05
2.37499e-05
2.44801e-05
2.50894e-05
2.54745e-05
2.54873e-05
2.49946e-05
2.37866e-05
2.21697e-05
2.06408e-05
1.98807e-05
1.9929e-05
1.54518e-05
3.38022e-06
2.86637e-06
1.87857e-05
2.50325e-05
3.46736e-05
3.18492e-05
3.04586e-05
3.04024e-05
3.09371e-05
3.15887e-05
3.20865e-05
3.23137e-05
3.19898e-05
3.10534e-05
2.9358e-05
2.67749e-05
2.37101e-05
2.13612e-05
2.04524e-05
1.57653e-05
3.31971e-06
2.91133e-06
1.82392e-05
2.42475e-05
3.79684e-05
4.52999e-05
4.19205e-05
4.07837e-05
4.0629e-05
4.08613e-05
4.11405e-05
4.11429e-05
4.05406e-05
3.90304e-05
3.628e-05
3.2323e-05
2.76937e-05
2.35428e-05
2.10352e-05
1.59812e-05
3.27308e-06
2.96736e-06
1.78882e-05
2.38036e-05
3.6745e-05
5.82026e-05
5.84653e-05
5.4893e-05
5.33806e-05
5.32274e-05
5.31748e-05
5.27945e-05
5.16862e-05
4.93206e-05
4.52532e-05
3.93392e-05
3.20557e-05
2.5475e-05
2.15569e-05
1.60857e-05
3.23586e-06
2.99266e-06
1.74629e-05
2.33655e-05
3.57915e-05
5.69058e-05
8.14955e-05
7.67026e-05
7.53773e-05
7.3239e-05
6.93287e-05
6.59596e-05
6.37183e-05
6.115e-05
5.61974e-05
4.77618e-05
3.7281e-05
2.78221e-05
2.20677e-05
1.61485e-05
3.20782e-06
3.02586e-06
1.71783e-05
2.31312e-05
3.5232e-05
5.58598e-05
8.06187e-05
0.000104315
9.14052e-05
8.18043e-05
8.75495e-05
0.000103345
9.94323e-05
8.0717e-05
6.74515e-05
5.63448e-05
4.25926e-05
2.98264e-05
2.238e-05
1.61555e-05
3.18574e-06
3.04189e-06
1.68937e-05
2.28374e-05
3.47885e-05
5.53521e-05
7.98352e-05
0.00010392
0.000124224
0.000138321
0.000133347
9.34057e-05
8.76619e-05
9.91774e-05
9.42954e-05
7.14289e-05
4.90744e-05
3.18786e-05
2.2296e-05
1.61521e-05
3.16974e-06
3.06198e-06
1.66666e-05
2.2667e-05
3.45433e-05
5.50124e-05
7.96205e-05
0.000103735
0.000124326
0.000137019
0.000141574
0.000144302
0.000135126
0.000118976
9.76656e-05
7.36227e-05
5.0282e-05
3.20635e-05
2.22028e-05
1.6116e-05
3.15741e-06
3.07332e-06
1.64711e-05
2.2476e-05
3.4392e-05
5.49118e-05
7.95576e-05
0.000103901
0.000124666
0.000139488
0.000146541
0.000145811
0.000136925
0.000120861
9.94808e-05
7.52322e-05
5.1516e-05
3.26054e-05
2.21355e-05
1.60787e-05
3.14887e-06
3.08555e-06
1.63139e-05
2.23724e-05
3.43266e-05
5.49375e-05
7.97065e-05
0.000104174
0.000125238
0.000140281
0.000147575
0.000146953
0.000138114
0.000122056
0.000100522
7.60721e-05
5.20193e-05
3.27864e-05
2.20593e-05
1.60209e-05
3.14241e-06
3.09446e-06
1.61524e-05
2.22361e-05
3.43068e-05
5.5018e-05
7.99182e-05
0.00010469
0.000125967
0.000141307
0.000148921
0.0001485
0.000139799
0.000123752
0.00010211
7.73987e-05
5.30316e-05
3.32384e-05
2.20059e-05
1.59616e-05
3.13825e-06
3.10225e-06
1.60304e-05
2.21458e-05
3.4338e-05
5.52605e-05
8.03638e-05
0.000105298
0.000126799
0.00014232
0.000150107
0.000149727
0.000141004
0.000124878
0.000103073
7.81555e-05
5.34856e-05
3.34074e-05
2.19453e-05
1.58905e-05
3.13533e-06
3.10829e-06
1.58996e-05
2.20262e-05
3.44192e-05
5.55163e-05
8.0806e-05
0.000106013
0.000127746
0.000143505
0.000151526
0.000151282
0.000142625
0.000126462
0.000104516
7.935e-05
5.4345e-05
3.37804e-05
2.19002e-05
1.58204e-05
3.13387e-06
3.11388e-06
1.58018e-05
2.197e-05
3.45194e-05
5.58681e-05
8.13957e-05
0.000106809
0.000128747
0.000144668
0.000152816
0.000152583
0.000143867
0.000127579
0.000105446
8.00452e-05
5.47898e-05
3.39539e-05
2.18468e-05
1.5744e-05
3.13322e-06
3.11891e-06
1.56924e-05
2.18823e-05
3.46516e-05
5.62283e-05
8.19843e-05
0.000107662
0.000129833
0.00014596
0.000154289
0.000154148
0.000145452
0.000129096
0.000106805
8.11532e-05
5.55463e-05
3.42778e-05
2.1811e-05
1.56688e-05
3.13352e-06
3.12351e-06
1.56082e-05
2.18439e-05
3.47993e-05
5.6652e-05
8.2671e-05
0.000108578
0.000130952
0.000147231
0.000155662
0.000155518
0.000146743
0.000130238
0.000107739
8.18393e-05
5.59871e-05
3.44477e-05
2.17684e-05
1.55915e-05
3.1344e-06
3.12778e-06
1.55143e-05
2.17824e-05
3.49635e-05
5.70786e-05
8.33567e-05
0.000109529
0.000132135
0.000148605
0.000157185
0.000157103
0.000148318
0.000131722
0.000109053
8.29005e-05
5.66998e-05
3.47527e-05
2.17357e-05
1.55107e-05
3.13593e-06
3.13182e-06
1.54379e-05
2.17587e-05
3.51467e-05
5.75557e-05
8.41168e-05
0.000110534
0.000133344
0.000149964
0.000158632
0.000158542
0.000149667
0.000132906
0.000110012
8.35995e-05
5.71428e-05
3.49377e-05
2.17181e-05
1.54311e-05
3.13789e-06
3.13566e-06
1.5347e-05
2.17171e-05
3.53437e-05
5.80408e-05
8.48802e-05
0.000111564
0.000134607
0.000151409
0.000160205
0.000160158
0.000151251
0.000134381
0.000111305
8.46323e-05
5.78276e-05
3.52102e-05
2.16818e-05
1.53486e-05
3.14032e-06
3.13964e-06
1.52693e-05
2.17069e-05
3.55575e-05
5.85621e-05
8.56974e-05
0.000112638
0.000135892
0.000152846
0.000161724
0.000161667
0.000152663
0.000135621
0.000112313
8.53773e-05
5.83145e-05
3.54437e-05
2.16859e-05
1.52659e-05
3.14316e-06
3.14361e-06
1.51791e-05
2.16815e-05
3.57803e-05
5.9091e-05
8.65196e-05
0.000113733
0.000137222
0.000154355
0.000163349
0.000163322
0.000154271
0.000137103
0.000113595
8.63835e-05
5.89633e-05
3.56867e-05
2.1654e-05
1.51808e-05
3.14629e-06
3.14786e-06
1.51003e-05
2.16822e-05
3.60234e-05
5.96539e-05
8.73877e-05
0.000114869
0.000138577
0.000155866
0.00016494
0.000164903
0.000155753
0.000138408
0.000114665
8.71894e-05
5.95088e-05
3.59672e-05
2.16761e-05
1.50993e-05
3.14992e-06
3.15217e-06
1.50078e-05
2.16745e-05
3.62788e-05
6.02281e-05
8.82649e-05
0.000116025
0.000139972
0.000157439
0.000166621
0.000166606
0.000157396
0.00013991
0.000115955
8.81922e-05
6.01529e-05
3.62135e-05
2.16485e-05
1.50074e-05
3.1537e-06
3.15677e-06
1.49259e-05
2.16886e-05
3.65495e-05
6.08244e-05
8.91739e-05
0.000117213
0.000141389
0.000159019
0.000168284
0.00016826
0.000158949
0.000141281
0.000117083
8.9047e-05
6.07344e-05
3.65193e-05
2.1694e-05
1.49276e-05
3.15797e-06
3.16155e-06
1.48342e-05
2.16941e-05
3.68307e-05
6.14367e-05
9.01004e-05
0.000118427
0.000142846
0.000160657
0.000170025
0.000170018
0.000160637
0.000142818
0.000118397
9.00686e-05
6.13989e-05
3.67906e-05
2.16683e-05
1.48325e-05
3.16244e-06
3.16664e-06
1.47489e-05
2.17201e-05
3.71319e-05
6.2072e-05
9.10559e-05
0.000119671
0.000144328
0.000162309
0.000171762
0.000171746
0.000162263
0.000144256
0.000119583
9.09695e-05
6.20121e-05
3.71164e-05
2.17316e-05
1.47501e-05
3.1673e-06
3.17193e-06
1.46565e-05
2.17424e-05
3.74411e-05
6.27188e-05
9.20268e-05
0.000120939
0.000145847
0.000164013
0.00017357
0.000173567
0.000164005
0.000145838
0.000120931
9.20177e-05
6.27014e-05
3.74129e-05
2.17213e-05
1.4657e-05
3.17248e-06
3.17758e-06
1.45707e-05
2.17788e-05
3.77676e-05
6.33886e-05
9.30269e-05
0.000122238
0.000147395
0.000165737
0.000175383
0.000175372
0.000165707
0.000147347
0.00012218
9.29689e-05
6.33496e-05
3.77599e-05
2.1786e-05
1.45694e-05
3.17794e-06
3.18348e-06
1.44765e-05
2.18151e-05
3.81073e-05
6.40753e-05
9.40477e-05
0.000123566
0.000148981
0.000167512
0.00017726
0.000177259
0.00016751
0.00014898
0.000123567
9.40475e-05
6.40685e-05
3.80925e-05
2.1806e-05
1.44787e-05
3.18381e-06
3.18973e-06
1.43888e-05
2.18665e-05
3.84621e-05
6.47782e-05
9.50909e-05
0.000124921
0.000150595
0.000169311
0.000179152
0.000179146
0.000169291
0.000150564
0.000124882
9.50525e-05
6.47513e-05
3.84525e-05
2.18648e-05
1.4387e-05
3.18993e-06
3.19629e-06
1.42959e-05
2.19149e-05
3.88272e-05
6.55005e-05
9.61604e-05
0.00012631
0.000152251
0.000171159
0.000181104
0.000181105
0.00017116
0.000152253
0.000126314
9.61646e-05
6.55011e-05
3.88243e-05
2.19149e-05
1.42978e-05
3.19648e-06
3.20319e-06
1.42061e-05
2.19769e-05
3.921e-05
6.62406e-05
9.72529e-05
0.000127727
0.000153938
0.000173037
0.000183079
0.000183074
0.000173024
0.000153917
0.000127701
9.72268e-05
6.62211e-05
3.92003e-05
2.19723e-05
1.42046e-05
3.20331e-06
3.21045e-06
1.41141e-05
2.20416e-05
3.96042e-05
6.69988e-05
9.83717e-05
0.000129179
0.000155666
0.000174963
0.00018511
0.000185111
0.000174965
0.00015567
0.000129184
9.83771e-05
6.70016e-05
3.96048e-05
2.20431e-05
1.41155e-05
3.21055e-06
3.21803e-06
1.4024e-05
2.2111e-05
4.00105e-05
6.77747e-05
9.95164e-05
0.000130663
0.00015743
0.000176924
0.00018717
0.000187167
0.000176915
0.000157416
0.000130646
9.94995e-05
6.77626e-05
4.00049e-05
2.21083e-05
1.40233e-05
3.21812e-06
3.22603e-06
1.39329e-05
2.21897e-05
4.04362e-05
6.85737e-05
0.000100691
0.000132184
0.000159237
0.000178933
0.000189285
0.000189286
0.000178935
0.00015924
0.000132188
0.000100695
6.85745e-05
4.04341e-05
2.2189e-05
1.3933e-05
3.22606e-06
3.23433e-06
1.38426e-05
2.22693e-05
4.08711e-05
6.93855e-05
0.00010189
0.000133738
0.000161081
0.000180979
0.000191434
0.000191432
0.000180974
0.000161073
0.000133727
0.00010188
6.93797e-05
4.08691e-05
2.22696e-05
1.38433e-05
3.2344e-06
3.24306e-06
1.37539e-05
2.2355e-05
4.13223e-05
7.0224e-05
0.000103125
0.000135335
0.000162973
0.000183077
0.000193637
0.000193638
0.000183078
0.000162975
0.000135338
0.000103127
7.02243e-05
4.13215e-05
2.23532e-05
1.37529e-05
3.24308e-06
3.25212e-06
1.36645e-05
2.24452e-05
4.17804e-05
7.10763e-05
0.000104385
0.000136965
0.000164903
0.000185214
0.000195879
0.000195878
0.000185211
0.000164898
0.000136958
0.000104379
7.10722e-05
4.17784e-05
2.2446e-05
1.36658e-05
3.25216e-06
3.26159e-06
1.35787e-05
2.25347e-05
4.22572e-05
7.1957e-05
0.000105684
0.000138643
0.000166884
0.000187404
0.000198175
0.000198175
0.000187405
0.000166887
0.000138646
0.000105687
7.19586e-05
4.22578e-05
2.25333e-05
1.35774e-05
3.2616e-06
3.27141e-06
1.34918e-05
2.26302e-05
4.2745e-05
7.28568e-05
0.000107013
0.000140358
0.000168908
0.000189638
0.000200513
0.000200512
0.000189635
0.000168904
0.000140353
0.000107008
7.28529e-05
4.27431e-05
2.26309e-05
1.34929e-05
3.27143e-06
3.28161e-06
1.34086e-05
2.27228e-05
4.32463e-05
7.37839e-05
0.000108382
0.000142122
0.000170984
0.000191924
0.000202905
0.000202905
0.000191925
0.000170986
0.000142125
0.000108385
7.37862e-05
4.32471e-05
2.27216e-05
1.34079e-05
3.28162e-06
3.29219e-06
1.33265e-05
2.28167e-05
4.37593e-05
7.4735e-05
0.000109786
0.000143931
0.000173108
0.000194259
0.000205344
0.000205343
0.000194258
0.000173106
0.000143928
0.000109783
7.47321e-05
4.37583e-05
2.28176e-05
1.3327e-05
3.2922e-06
3.30312e-06
1.32475e-05
2.29088e-05
4.42869e-05
7.57156e-05
0.000111235
0.000145791
0.000175286
0.000196648
0.000207836
0.000207836
0.000196648
0.000175288
0.000145793
0.000111237
7.57172e-05
4.4287e-05
2.29078e-05
1.32474e-05
3.30313e-06
3.31443e-06
1.31712e-05
2.29962e-05
4.48243e-05
7.67236e-05
0.000112725
0.000147702
0.000177517
0.000199088
0.000210378
0.000210378
0.000199087
0.000177516
0.0001477
0.000112723
7.67222e-05
4.48241e-05
2.29969e-05
1.31713e-05
3.31444e-06
3.32611e-06
1.30976e-05
2.30808e-05
4.53783e-05
7.77661e-05
0.000114264
0.000149668
0.000179804
0.000201583
0.000212974
0.000212974
0.000201583
0.000179805
0.000149669
0.000114265
7.77668e-05
4.53783e-05
2.30803e-05
1.30975e-05
3.32611e-06
3.33815e-06
1.30275e-05
2.31604e-05
4.59439e-05
7.88414e-05
0.000115851
0.000151689
0.000182148
0.000204133
0.000215623
0.000215623
0.000204133
0.000182147
0.000151689
0.00011585
7.88408e-05
4.59438e-05
2.31607e-05
1.30277e-05
3.33816e-06
3.35059e-06
1.29611e-05
2.32363e-05
4.65265e-05
7.9956e-05
0.000117492
0.00015377
0.000184551
0.000206739
0.000218326
0.000218326
0.000206739
0.000184552
0.000153771
0.000117493
7.99564e-05
4.65266e-05
2.32361e-05
1.2961e-05
3.35059e-06
3.36342e-06
1.28984e-05
2.33106e-05
4.71258e-05
8.11117e-05
0.000119189
0.000155913
0.000187015
0.000209403
0.000221083
0.000221083
0.000209403
0.000187015
0.000155913
0.000119189
8.11116e-05
4.71259e-05
2.33108e-05
1.28986e-05
3.36343e-06
3.37669e-06
1.28393e-05
2.33869e-05
4.77469e-05
8.23136e-05
0.000120946
0.00015812
0.000189542
0.000212124
0.000223894
0.000223894
0.000212124
0.000189542
0.00015812
0.000120946
8.23135e-05
4.77467e-05
2.33866e-05
1.28392e-05
3.37669e-06
3.39041e-06
1.27798e-05
2.34711e-05
4.83921e-05
8.35643e-05
0.000122765
0.000160393
0.000192132
0.000214905
0.000226761
0.000226761
0.000214905
0.000192132
0.000160394
0.000122765
8.35647e-05
4.83925e-05
2.34714e-05
1.278e-05
3.39041e-06
3.40458e-06
1.25392e-05
2.35712e-05
4.90688e-05
8.487e-05
0.000124651
0.000162737
0.000194789
0.000217745
0.000229683
0.000229683
0.000217745
0.000194789
0.000162737
0.000124651
8.48697e-05
4.90686e-05
2.35711e-05
1.25391e-05
3.40458e-06
3.41853e-06
1.23281e-05
2.36921e-05
4.97806e-05
8.62327e-05
0.000126606
0.000165152
0.000197512
0.000220645
0.00023266
0.00023266
0.000220645
0.000197513
0.000165153
0.000126607
8.6233e-05
4.97808e-05
2.3692e-05
1.23283e-05
3.41853e-06
3.43269e-06
1.21212e-05
2.38408e-05
5.05344e-05
8.76576e-05
0.000128636
0.000167643
0.000200306
0.000223606
0.000235692
0.000235692
0.000223606
0.000200306
0.000167643
0.000128636
8.76578e-05
5.05347e-05
2.38411e-05
1.21209e-05
3.43269e-06
3.44651e-06
1.19437e-05
2.40102e-05
5.13319e-05
8.91483e-05
0.000130743
0.000170212
0.00020317
0.000226628
0.000238778
0.000238778
0.000226628
0.00020317
0.000170213
0.000130743
8.91483e-05
5.13318e-05
2.40101e-05
1.19441e-05
3.44651e-06
3.46026e-06
1.17731e-05
2.42113e-05
5.2179e-05
9.07092e-05
0.000132931
0.000172863
0.000206106
0.000229711
0.000241918
0.000241918
0.000229711
0.000206106
0.000172863
0.000132931
9.07096e-05
5.21795e-05
2.42116e-05
1.17728e-05
3.46026e-06
3.4735e-06
1.16319e-05
2.44474e-05
5.30762e-05
9.23442e-05
0.000135205
0.000175598
0.000209117
0.000232855
0.00024511
0.00024511
0.000232855
0.000209117
0.000175598
0.000135205
9.23441e-05
5.30761e-05
2.44474e-05
1.16322e-05
3.47349e-06
3.48635e-06
1.14976e-05
2.47113e-05
5.403e-05
9.40571e-05
0.000137569
0.000178421
0.000212203
0.00023606
0.000248353
0.000248353
0.00023606
0.000212203
0.000178422
0.000137569
9.40574e-05
5.40303e-05
2.47114e-05
1.14975e-05
3.48635e-06
3.49845e-06
1.1388e-05
2.50133e-05
5.50418e-05
9.58525e-05
0.000140028
0.000181336
0.000215366
0.000239325
0.000251646
0.000251646
0.000239325
0.000215366
0.000181336
0.000140028
9.58528e-05
5.5042e-05
2.50134e-05
1.1388e-05
3.49845e-06
3.5098e-06
1.12915e-05
2.53462e-05
5.61171e-05
9.77373e-05
0.000142588
0.000184346
0.000218608
0.000242649
0.000254986
0.000254986
0.000242649
0.000218608
0.000184346
0.000142588
9.77373e-05
5.61171e-05
2.53462e-05
1.12916e-05
3.5098e-06
3.52011e-06
1.12176e-05
2.57193e-05
5.72588e-05
9.9715e-05
0.000145254
0.000187455
0.000221928
0.00024603
0.000258369
0.000258369
0.000246031
0.000221928
0.000187455
0.000145255
9.97153e-05
5.72591e-05
2.57194e-05
1.12175e-05
3.5201e-06
3.52925e-06
1.11557e-05
2.61273e-05
5.84731e-05
0.000101794
0.000148033
0.000190667
0.000225329
0.000249468
0.000261794
0.000261794
0.000249468
0.000225329
0.000190667
0.000148033
0.000101794
5.84731e-05
2.61274e-05
1.11559e-05
3.52924e-06
3.53695e-06
1.11171e-05
2.65797e-05
5.97637e-05
0.000103982
0.000150931
0.000193986
0.00022881
0.00025296
0.000265256
0.000265256
0.00025296
0.00022881
0.000193986
0.000150931
0.000103982
5.97639e-05
2.65797e-05
1.11171e-05
3.53694e-06
3.54301e-06
1.10906e-05
2.70717e-05
6.11377e-05
0.000106286
0.000153956
0.000197416
0.000232373
0.000256502
0.00026875
0.00026875
0.000256502
0.000232373
0.000197416
0.000153956
0.000106286
6.11378e-05
2.70718e-05
1.10906e-05
3.54301e-06
3.54716e-06
1.10876e-05
2.76134e-05
6.26008e-05
0.000108714
0.000157113
0.000200961
0.000236017
0.000260092
0.000272271
0.000272271
0.000260092
0.000236017
0.000200961
0.000157113
0.000108714
6.26008e-05
2.76135e-05
1.10877e-05
3.54716e-06
3.54914e-06
1.10977e-05
2.82015e-05
6.41615e-05
0.000111278
0.000160413
0.000204625
0.000239742
0.000263725
0.000275812
0.000275812
0.000263725
0.000239742
0.000204625
0.000160413
0.000111278
6.41616e-05
2.82016e-05
1.10977e-05
3.54914e-06
3.54863e-06
1.11321e-05
2.88463e-05
6.58272e-05
0.000113985
0.000163862
0.000208413
0.000243546
0.000267396
0.000279367
0.000279367
0.000267396
0.000243546
0.000208413
0.000163862
0.000113984
6.58271e-05
2.88464e-05
1.11322e-05
3.54863e-06
3.54511e-06
1.11812e-05
2.95463e-05
6.76085e-05
0.000116849
0.000167471
0.000212328
0.000247429
0.000271099
0.000282926
0.000282926
0.000271099
0.000247429
0.000212328
0.000167471
0.000116849
6.76086e-05
2.95463e-05
1.11812e-05
3.5451e-06
3.53792e-06
1.12563e-05
3.0313e-05
6.95151e-05
0.000119881
0.000171249
0.000216375
0.000251388
0.000274828
0.000286482
0.000286482
0.000274828
0.000251388
0.000216375
0.000171249
0.000119881
6.9515e-05
3.0313e-05
1.12564e-05
3.53792e-06
3.52845e-06
1.13485e-05
3.11464e-05
7.15602e-05
0.000123097
0.000175208
0.000220558
0.000255421
0.000278574
0.000290022
0.000290022
0.000278574
0.000255421
0.000220558
0.000175207
0.000123097
7.15602e-05
3.11464e-05
1.13485e-05
3.52845e-06
3.51511e-06
1.14696e-05
3.20598e-05
7.37563e-05
0.00012651
0.000179356
0.00022488
0.000259524
0.000282329
0.000293536
0.000293536
0.000282329
0.000259524
0.00022488
0.000179355
0.00012651
7.37563e-05
3.20598e-05
1.14696e-05
3.51511e-06
3.49649e-06
1.16128e-05
3.30555e-05
7.61199e-05
0.000130139
0.000183707
0.000229344
0.000263691
0.000286081
0.00029701
0.00029701
0.000286081
0.000263691
0.000229344
0.000183707
0.000130139
7.61199e-05
3.30555e-05
1.16128e-05
3.49648e-06
3.47402e-06
1.1787e-05
3.41488e-05
7.8668e-05
0.000134001
0.000188273
0.000233954
0.000267917
0.00028982
0.00030043
0.00030043
0.00028982
0.000267917
0.000233954
0.000188273
0.000134001
7.8668e-05
3.41488e-05
1.1787e-05
3.47401e-06
3.44566e-06
1.19915e-05
3.5346e-05
8.14218e-05
0.000138119
0.000193068
0.000238711
0.000272195
0.000293532
0.00030378
0.00030378
0.000293532
0.000272195
0.000238711
0.000193068
0.000138119
8.14217e-05
3.5346e-05
1.19915e-05
3.44566e-06
3.41241e-06
1.22288e-05
3.66646e-05
8.44036e-05
0.000142514
0.000198104
0.000243616
0.000276515
0.000297202
0.000307044
0.000307044
0.000297202
0.000276515
0.000243616
0.000198104
0.000142514
8.44035e-05
3.66646e-05
1.22288e-05
3.4124e-06
3.37259e-06
1.25073e-05
3.81178e-05
8.76416e-05
0.000147215
0.000203397
0.000248669
0.000280867
0.000300814
0.000310202
0.000310202
0.000300814
0.000280867
0.000248669
0.000203397
0.000147215
8.76415e-05
3.81178e-05
1.25073e-05
3.37258e-06
3.3269e-06
1.2828e-05
3.97248e-05
9.11644e-05
0.000152247
0.000208958
0.000253868
0.000285237
0.00030435
0.000313237
0.000313237
0.00030435
0.000285237
0.000253868
0.000208958
0.000152247
9.11644e-05
3.97248e-05
1.2828e-05
3.3269e-06
3.27398e-06
1.32006e-05
4.15087e-05
9.50114e-05
0.000157646
0.000214806
0.000259209
0.000289609
0.000307792
0.000316129
0.000316129
0.000307791
0.000289609
0.000259209
0.000214806
0.000157645
9.50114e-05
4.15087e-05
1.32006e-05
3.27398e-06
3.21437e-06
1.3629e-05
4.34947e-05
9.92213e-05
0.000163443
0.000220951
0.000264684
0.000293966
0.000311117
0.000318858
0.000318858
0.000311116
0.000293966
0.000264684
0.000220951
0.000163443
9.92213e-05
4.34947e-05
1.3629e-05
3.21437e-06
3.14699e-06
1.41264e-05
4.57183e-05
0.000103848
0.000169683
0.000227409
0.000270284
0.000298287
0.000314304
0.000321405
0.000321405
0.000314304
0.000298287
0.000270283
0.000227409
0.000169683
0.000103848
4.57183e-05
1.41264e-05
3.14699e-06
3.07233e-06
1.47003e-05
4.82153e-05
0.000108946
0.000176405
0.000234187
0.000275991
0.000302544
0.000317329
0.000323751
0.000323751
0.000317329
0.000302544
0.000275991
0.000234187
0.000176405
0.000108946
4.82153e-05
1.47004e-05
3.07233e-06
2.9896e-06
1.53692e-05
5.10398e-05
0.000114588
0.00018366
0.000241296
0.000281785
0.000306709
0.00032017
0.000325879
0.000325879
0.00032017
0.000306709
0.000281785
0.000241296
0.00018366
0.000114588
5.10398e-05
1.53692e-05
2.9896e-06
2.89938e-06
1.61474e-05
5.42476e-05
0.000120853
0.000191496
0.000248734
0.000287635
0.000310748
0.000322803
0.000327776
0.000327776
0.000322803
0.000310748
0.000287635
0.000248734
0.000191496
0.000120853
5.42476e-05
1.61474e-05
2.89938e-06
2.80122e-06
1.70615e-05
5.79243e-05
0.000127848
0.000199975
0.0002565
0.000293505
0.000314624
0.000325205
0.000329432
0.000329432
0.000325205
0.000314624
0.000293505
0.0002565
0.000199975
0.000127848
5.79243e-05
1.70615e-05
2.80122e-06
2.6958e-06
1.81415e-05
6.21631e-05
0.000135687
0.00020915
0.000264573
0.000299342
0.000318292
0.000327354
0.000330843
0.000330843
0.000327354
0.000318292
0.000299342
0.000264573
0.00020915
0.000135686
6.21631e-05
1.81415e-05
2.6958e-06
2.58305e-06
1.94335e-05
6.71029e-05
0.000144523
0.000219081
0.000272923
0.000305083
0.000321705
0.000329233
0.000331992
0.000331992
0.000329233
0.000321705
0.000305083
0.000272922
0.000219081
0.000144523
6.71029e-05
1.94335e-05
2.58305e-06
2.46392e-06
2.09833e-05
7.2905e-05
0.000154522
0.000229814
0.000281486
0.000310645
0.000324815
0.000330837
0.000332879
0.000332879
0.000330837
0.000324815
0.000310645
0.000281486
0.000229814
0.000154522
7.2905e-05
2.09833e-05
2.46392e-06
2.33871e-06
2.28831e-05
7.98166e-05
0.000165913
0.000241395
0.000290179
0.000315928
0.000327567
0.000332164
0.000333602
0.000333602
0.000332164
0.000327567
0.000315928
0.000290179
0.000241395
0.000165913
7.98165e-05
2.28831e-05
2.33871e-06
2.20853e-06
2.52339e-05
8.81442e-05
0.000178944
0.000253825
0.000298866
0.000320816
0.000329912
0.000333144
0.000334153
0.000334153
0.000333144
0.000329912
0.000320816
0.000298866
0.000253825
0.000178944
8.81441e-05
2.52339e-05
2.20853e-06
2.07393e-06
2.82181e-05
9.83566e-05
0.00019394
0.000267069
0.000307359
0.000325177
0.000331845
0.000333904
0.000334513
0.000334513
0.000333904
0.000331845
0.000325177
0.000307359
0.000267069
0.00019394
9.83565e-05
2.8218e-05
2.07394e-06
1.93633e-06
3.20669e-05
0.000111063
0.000211232
0.000280972
0.000315386
0.000328853
0.0003332
0.000334472
0.00033478
0.00033478
0.000334472
0.0003332
0.000328853
0.000315386
0.000280972
0.000211232
0.000111063
3.20668e-05
1.93633e-06
1.79644e-06
3.71603e-05
0.000127214
0.000231224
0.000295243
0.000322611
0.000331765
0.000334129
0.0003348
0.00033494
0.00033494
0.0003348
0.000334129
0.000331765
0.000322611
0.000295242
0.000231224
0.000127214
3.71603e-05
1.79644e-06
1.65543e-06
4.39365e-05
0.000148158
0.00025426
0.000309299
0.000328588
0.000333554
0.000334803
0.000335047
0.00033508
0.00033508
0.000335047
0.000334803
0.000333554
0.000328588
0.000309299
0.00025426
0.000148158
4.39365e-05
1.65543e-06
1.51338e-06
5.28968e-05
0.000176461
0.000280581
0.000322148
0.000332504
0.000334604
0.0003351
0.000335168
0.000335172
0.000335172
0.000335168
0.0003351
0.000334604
0.000332504
0.000322148
0.000280581
0.000176461
5.28967e-05
1.51338e-06
1.36972e-06
6.81674e-05
0.000219585
0.000309504
0.000330909
0.000334527
0.000335273
0.000335315
0.000335296
0.000335287
0.000335287
0.000335296
0.000335315
0.000335273
0.000334527
0.000330909
0.000309504
0.000219585
6.81674e-05
1.36972e-06
1.23421e-06
0.000116558
0.000294183
0.000330906
0.00033481
0.000335356
0.000335357
0.000335342
0.000335343
0.000335345
0.000335345
0.000335343
0.000335342
0.000335357
0.000335356
0.00033481
0.000330906
0.000294183
0.000116558
1.23421e-06
)
;

boundaryField
{
    outlet
    {
        type            calculated;
        value           nonuniform List<scalar> 
20
(
6.84485e-06
7.26926e-05
0.000110967
0.000131471
0.000131024
0.000117342
0.000101262
8.82559e-05
7.27273e-05
6.0489e-05
6.45078e-05
8.4244e-05
9.50727e-05
0.000109768
0.000126297
0.00013878
0.000135361
0.00011279
7.28479e-05
6.81606e-06
)
;
    }
    inlet1
    {
        type            calculated;
        value           nonuniform List<scalar> 
20
(
1.16508e-06
0.000210372
0.000211618
0.000274869
0.00033541
0.00033541
0.00033541
0.00033541
0.00033541
0.00033541
0.00033541
0.00033541
0.00033541
0.00033541
0.00033541
0.00033541
0.00027487
0.000211619
0.000210373
1.16508e-06
)
;
    }
    inlet2
    {
        type            calculated;
        value           nonuniform List<scalar> 
20
(
1.16508e-06
0.000210372
0.000211618
0.000274869
0.00033541
0.00033541
0.00033541
0.00033541
0.00033541
0.00033541
0.00033541
0.00033541
0.00033541
0.00033541
0.00033541
0.00033541
0.00027487
0.000211618
0.000210372
1.16508e-06
)
;
    }
    frontAndBack
    {
        type            empty;
    }
    defaultFaces
    {
        type            nutkWallFunction;
        Cmu             0.09;
        kappa           0.41;
        E               9.8;
        value           nonuniform List<scalar> 
620
(
2.16854e-06
2.17014e-06
2.17029e-06
2.17006e-06
2.16927e-06
2.1689e-06
2.16791e-06
2.16746e-06
2.16643e-06
2.16594e-06
2.16494e-06
2.16446e-06
2.1635e-06
2.16303e-06
2.16217e-06
2.1617e-06
2.16099e-06
2.16057e-06
2.16003e-06
2.15969e-06
2.15934e-06
2.15911e-06
2.15893e-06
2.15882e-06
2.15879e-06
2.1588e-06
2.15888e-06
2.15897e-06
2.15913e-06
2.1593e-06
2.15952e-06
2.15973e-06
2.15997e-06
2.16018e-06
2.16038e-06
2.16051e-06
2.16056e-06
2.16052e-06
2.16034e-06
2.15996e-06
2.15936e-06
2.15846e-06
2.15726e-06
2.15566e-06
2.15369e-06
2.15124e-06
2.14833e-06
2.14487e-06
2.14084e-06
2.13616e-06
2.13078e-06
2.12488e-06
2.11846e-06
2.11162e-06
2.10424e-06
2.09631e-06
2.08788e-06
2.07883e-06
2.06919e-06
2.05897e-06
2.04819e-06
2.03687e-06
2.02507e-06
2.0126e-06
1.99946e-06
1.98582e-06
1.97148e-06
1.95616e-06
1.94006e-06
1.9232e-06
1.9051e-06
1.88616e-06
1.86611e-06
1.84486e-06
1.82261e-06
1.79918e-06
1.7747e-06
1.74926e-06
1.72287e-06
1.69566e-06
1.66756e-06
1.63831e-06
1.60701e-06
1.57185e-06
1.53512e-06
1.49534e-06
1.45122e-06
1.40166e-06
1.34344e-06
1.27262e-06
1.18222e-06
1.05993e-06
8.88186e-07
6.48156e-07
3.2007e-07
1.1055e-07
1.85809e-07
5.73673e-07
8.98673e-07
9.97634e-07
2.14167e-06
2.14272e-06
2.14243e-06
2.14169e-06
2.14046e-06
2.13963e-06
2.13808e-06
2.13721e-06
2.13558e-06
2.13466e-06
2.13304e-06
2.13205e-06
2.1305e-06
2.12943e-06
2.12795e-06
2.12682e-06
2.12541e-06
2.12423e-06
2.12288e-06
2.12166e-06
2.12037e-06
2.11912e-06
2.11787e-06
2.11663e-06
2.11543e-06
2.11423e-06
2.11311e-06
2.11196e-06
2.11089e-06
2.10978e-06
2.10874e-06
2.10764e-06
2.10661e-06
2.10551e-06
2.10446e-06
2.10334e-06
2.10225e-06
2.1011e-06
2.09996e-06
2.09874e-06
2.09752e-06
2.09622e-06
2.09489e-06
2.09347e-06
2.09199e-06
2.09041e-06
2.08874e-06
2.08691e-06
2.08492e-06
2.08272e-06
2.08031e-06
2.07765e-06
2.07473e-06
2.07154e-06
2.06806e-06
2.0643e-06
2.06023e-06
2.05579e-06
2.05093e-06
2.04548e-06
2.0394e-06
2.03242e-06
2.02437e-06
2.01497e-06
2.0052e-06
1.99434e-06
1.98307e-06
1.97088e-06
1.95797e-06
1.94422e-06
1.92935e-06
1.91371e-06
1.89694e-06
1.87839e-06
1.85877e-06
1.83721e-06
1.81384e-06
1.7885e-06
1.7607e-06
1.73064e-06
1.69772e-06
1.66209e-06
1.6233e-06
1.58132e-06
1.53575e-06
1.48614e-06
1.43115e-06
1.36855e-06
1.29266e-06
1.19776e-06
1.07591e-06
9.14212e-07
7.08176e-07
4.75822e-07
2.3072e-07
1.07982e-07
1.62211e-07
5.45277e-07
8.88475e-07
9.94502e-07
2.97303e-07
1.9607e-07
7.62139e-08
0
0
0
0
0
0
0
0
0
0
0
0
0
0
8.11179e-08
2.03571e-07
3.04967e-07
3.79119e-07
4.39262e-07
4.96139e-07
5.49864e-07
6.00502e-07
6.48307e-07
6.93202e-07
7.3525e-07
7.74289e-07
8.10425e-07
8.4357e-07
8.73873e-07
9.01263e-07
9.25954e-07
9.4792e-07
9.67427e-07
9.84446e-07
9.99284e-07
1.01191e-06
1.02266e-06
1.03147e-06
1.03872e-06
1.04429e-06
1.04862e-06
1.05149e-06
1.05342e-06
1.05407e-06
1.05381e-06
1.05301e-06
1.05136e-06
1.04901e-06
1.0461e-06
1.04271e-06
1.03889e-06
1.03472e-06
1.03024e-06
1.02552e-06
1.02059e-06
1.01551e-06
1.0103e-06
1.00504e-06
9.99689e-07
9.94364e-07
9.88998e-07
9.83722e-07
9.78425e-07
9.73277e-07
9.68273e-07
9.63405e-07
9.58667e-07
9.54055e-07
9.49565e-07
9.45197e-07
9.40947e-07
9.36819e-07
9.32812e-07
9.28923e-07
9.25159e-07
9.2151e-07
9.17989e-07
9.14581e-07
9.11295e-07
9.0813e-07
9.05068e-07
9.02144e-07
8.99302e-07
8.96605e-07
8.93987e-07
8.91504e-07
8.89106e-07
8.86838e-07
8.84645e-07
8.82609e-07
8.80616e-07
8.78816e-07
8.77049e-07
8.75499e-07
8.73992e-07
8.72751e-07
8.71585e-07
8.70761e-07
8.70047e-07
8.69812e-07
8.69978e-07
8.70517e-07
8.71833e-07
8.73546e-07
8.77168e-07
8.80568e-07
8.87644e-07
8.93525e-07
9.05694e-07
9.1506e-07
9.3444e-07
9.48362e-07
9.78679e-07
9.95502e-07
1.03135e-06
1.03343e-06
1.04119e-06
3.79119e-07
4.39262e-07
4.96139e-07
5.49864e-07
6.00502e-07
6.48307e-07
6.93202e-07
7.3525e-07
7.74289e-07
8.10425e-07
8.43569e-07
8.73873e-07
9.01263e-07
9.25953e-07
9.47919e-07
9.67426e-07
9.84445e-07
9.99283e-07
1.0119e-06
1.02266e-06
1.03147e-06
1.03872e-06
1.04429e-06
1.04862e-06
1.05149e-06
1.05342e-06
1.05407e-06
1.05381e-06
1.05301e-06
1.05136e-06
1.04901e-06
1.0461e-06
1.0427e-06
1.03889e-06
1.03471e-06
1.03024e-06
1.02552e-06
1.02058e-06
1.01551e-06
1.0103e-06
1.00504e-06
9.99689e-07
9.94364e-07
9.88998e-07
9.83722e-07
9.78425e-07
9.73278e-07
9.68273e-07
9.63405e-07
9.58668e-07
9.54055e-07
9.49566e-07
9.45195e-07
9.40948e-07
9.36816e-07
9.3281e-07
9.28918e-07
9.25154e-07
9.21502e-07
9.17979e-07
9.14564e-07
9.11278e-07
9.08094e-07
9.0504e-07
9.02079e-07
8.99247e-07
8.96499e-07
8.93876e-07
8.91331e-07
8.88896e-07
8.86543e-07
8.84276e-07
8.8209e-07
8.79975e-07
8.77912e-07
8.75926e-07
8.73942e-07
8.72023e-07
8.70069e-07
8.68118e-07
8.66095e-07
8.63981e-07
8.61719e-07
8.59222e-07
8.56434e-07
8.53194e-07
8.49385e-07
8.44762e-07
8.39132e-07
8.31999e-07
8.23082e-07
8.11503e-07
7.96736e-07
7.77359e-07
7.52243e-07
7.18904e-07
6.75181e-07
6.15929e-07
5.35942e-07
4.2002e-07
1.04308e-06
1.0339e-06
1.03103e-06
9.9422e-07
9.77024e-07
9.46957e-07
9.33068e-07
9.13791e-07
9.04478e-07
8.92444e-07
8.86633e-07
8.79703e-07
8.76378e-07
8.72898e-07
8.71255e-07
8.70058e-07
8.69581e-07
8.6945e-07
8.69808e-07
8.70499e-07
8.71429e-07
8.72561e-07
8.73898e-07
8.75366e-07
8.76994e-07
8.78718e-07
8.80587e-07
8.82542e-07
8.84624e-07
8.86797e-07
8.89091e-07
8.91473e-07
8.93981e-07
8.96582e-07
8.993e-07
9.02126e-07
9.05064e-07
9.08121e-07
9.11287e-07
9.1458e-07
9.17979e-07
9.21511e-07
9.25152e-07
9.28922e-07
9.32808e-07
9.36817e-07
9.40946e-07
9.45194e-07
9.49564e-07
9.54054e-07
9.58665e-07
9.63404e-07
9.68271e-07
9.73277e-07
9.78423e-07
9.83722e-07
9.88997e-07
9.94364e-07
9.99688e-07
1.00504e-06
1.0103e-06
1.01551e-06
1.02059e-06
1.02552e-06
1.03024e-06
1.03471e-06
1.03889e-06
1.04271e-06
1.0461e-06
1.04901e-06
1.05136e-06
1.05301e-06
1.05381e-06
1.05407e-06
1.05342e-06
1.05149e-06
1.04862e-06
1.04429e-06
1.03872e-06
1.03147e-06
1.02266e-06
1.0119e-06
9.99284e-07
9.84445e-07
9.67426e-07
9.4792e-07
9.25954e-07
9.01263e-07
8.73872e-07
8.4357e-07
8.10426e-07
7.74289e-07
7.35249e-07
6.93201e-07
6.48309e-07
6.00503e-07
5.49862e-07
4.96138e-07
4.39263e-07
3.79118e-07
4.26108e-07
5.39389e-07
6.17653e-07
6.75921e-07
7.18938e-07
7.51889e-07
7.76751e-07
7.96016e-07
8.10708e-07
8.22303e-07
8.31229e-07
8.38434e-07
8.44093e-07
8.48819e-07
8.52656e-07
8.55991e-07
8.58822e-07
8.61389e-07
8.63686e-07
8.65861e-07
8.67907e-07
8.69911e-07
8.71872e-07
8.73838e-07
8.75827e-07
8.77832e-07
8.79921e-07
8.82028e-07
8.84243e-07
8.86506e-07
8.88865e-07
8.91316e-07
8.93846e-07
8.96496e-07
8.99222e-07
9.02078e-07
9.05023e-07
9.08092e-07
9.11268e-07
9.1456e-07
9.17973e-07
9.21498e-07
9.2515e-07
9.28915e-07
9.32807e-07
9.36814e-07
9.40945e-07
9.45194e-07
9.49564e-07
9.54053e-07
9.58666e-07
9.63404e-07
9.68272e-07
9.73277e-07
9.78424e-07
9.83722e-07
9.88998e-07
9.94364e-07
9.99688e-07
1.00504e-06
1.0103e-06
1.01551e-06
1.02058e-06
1.02552e-06
1.03024e-06
1.03471e-06
1.03889e-06
1.0427e-06
1.0461e-06
1.04901e-06
1.05136e-06
1.05301e-06
1.05381e-06
1.05407e-06
1.05342e-06
1.05149e-06
1.04862e-06
1.04429e-06
1.03872e-06
1.03147e-06
1.02266e-06
1.0119e-06
9.99283e-07
9.84445e-07
9.67426e-07
9.4792e-07
9.25954e-07
9.01262e-07
8.73872e-07
8.4357e-07
8.10426e-07
7.74289e-07
7.35249e-07
6.93201e-07
6.48309e-07
6.00503e-07
5.49862e-07
4.96138e-07
4.39263e-07
3.79118e-07
)
;
    }
}


// ************************************************************************* //
