/*--------------------------------*- C++ -*----------------------------------*\
| =========                 |                                                 |
| \\      /  F ield         | OpenFOAM: The Open Source CFD Toolbox           |
|  \\    /   O peration     | Version:  2.1.0                                 |
|   \\  /    A nd           | Web:      www.OpenFOAM.org                      |
|    \\/     M anipulation  |                                                 |
\*---------------------------------------------------------------------------*/
FoamFile
{
    version     2.0;
    format      ascii;
    class       volScalarField;
    location    "0.09";
    object      C1;
}
// * * * * * * * * * * * * * * * * * * * * * * * * * * * * * * * * * * * * * //

dimensions      [0 0 0 0 0 0 0];

internalField   nonuniform List<scalar> 
6400
(
2.90242e-43
5.98971e-43
1.23817e-42
2.54197e-42
5.18335e-42
1.0499e-41
2.11253e-41
4.22275e-41
8.3855e-41
1.65428e-40
3.24221e-40
6.31287e-40
1.22114e-39
2.34673e-39
4.48035e-39
8.49787e-39
1.60122e-38
2.99726e-38
5.57352e-38
1.02959e-37
1.88945e-37
3.44477e-37
6.23971e-37
1.123e-36
2.00837e-36
3.56939e-36
6.30477e-36
1.10689e-35
1.93167e-35
3.35101e-35
5.77888e-35
9.90697e-35
1.68837e-34
2.86038e-34
4.81749e-34
8.06628e-34
1.34279e-33
2.22262e-33
3.6584e-33
5.9888e-33
9.75145e-33
1.57956e-32
2.5456e-32
4.08203e-32
6.51373e-32
1.03438e-31
1.63475e-31
2.57132e-31
4.02536e-31
6.27184e-31
9.7256e-31
1.50088e-30
2.30492e-30
3.52215e-30
5.35511e-30
8.10022e-30
1.21883e-29
1.82408e-29
2.71484e-29
4.01785e-29
5.91201e-29
8.64791e-29
1.25735e-28
1.81672e-28
2.60818e-28
3.71994e-28
5.26992e-28
7.41425e-28
1.03576e-27
1.43643e-27
1.9771e-27
2.70016e-27
3.65809e-27
4.91448e-27
6.54481e-27
8.63617e-27
1.12855e-26
1.45956e-26
1.86675e-26
2.35872e-26
2.94069e-26
3.61169e-26
4.36091e-26
5.16293e-26
5.97268e-26
6.72053e-26
7.31068e-26
7.62747e-26
7.55247e-26
6.99798e-26
5.9544e-26
4.53684e-26
3.01118e-26
1.72231e-26
8.90445e-27
5.23735e-27
2.74305e-27
1.15467e-27
3.55356e-28
7.05971e-29
1.81957e-42
3.7731e-42
7.81486e-42
1.60687e-41
3.2813e-41
6.65623e-41
1.34148e-40
2.68619e-40
5.34437e-40
1.05649e-39
2.07512e-39
4.0498e-39
7.85307e-39
1.51308e-38
2.89666e-38
5.50987e-38
1.04132e-37
1.95529e-37
3.64769e-37
6.76078e-37
1.24494e-36
2.27764e-36
4.1402e-36
7.47787e-36
1.3421e-35
2.39372e-35
4.24301e-35
7.47517e-35
1.30902e-34
2.27864e-34
3.94299e-34
6.7828e-34
1.15992e-33
1.97192e-33
3.33271e-33
5.59968e-33
9.35419e-33
1.55366e-32
2.56596e-32
4.21437e-32
6.88418e-32
1.11856e-31
1.808e-31
2.90745e-31
4.65199e-31
7.40638e-31
1.17337e-30
1.84989e-30
2.90233e-30
4.53144e-30
7.04059e-30
1.08854e-29
1.67461e-29
2.56323e-29
3.90328e-29
5.91294e-29
8.90961e-29
1.33517e-28
1.98967e-28
2.94807e-28
4.34259e-28
6.3585e-28
9.25317e-28
1.33808e-27
1.92243e-27
2.74369e-27
3.8891e-27
5.47422e-27
7.65048e-27
1.06137e-26
1.4613e-26
1.99616e-26
2.70468e-26
3.63383e-26
4.83927e-26
6.38516e-26
8.34271e-26
1.0787e-25
1.37909e-25
1.74153e-25
2.16939e-25
2.66123e-25
3.20796e-25
3.78936e-25
4.37049e-25
4.89849e-25
5.30237e-25
5.4988e-25
5.40652e-25
4.9723e-25
4.2045e-25
3.20158e-25
2.15102e-25
1.26926e-25
6.87328e-26
4.13831e-26
2.18787e-26
9.55435e-27
3.27273e-27
8.59043e-28
8.44851e-42
1.77137e-41
3.70516e-41
7.69311e-41
1.58646e-40
3.25021e-40
6.61622e-40
1.33829e-39
2.68988e-39
5.37225e-39
1.06612e-38
2.10221e-38
4.11863e-38
8.01736e-38
1.5506e-37
2.97951e-37
5.68785e-37
1.07868e-36
2.03222e-36
3.80332e-36
7.07078e-36
1.30582e-35
2.3956e-35
4.36591e-35
7.9046e-35
1.42185e-34
2.5411e-34
4.51249e-34
7.96288e-34
1.39642e-33
2.43375e-33
4.21575e-33
7.25815e-33
1.24206e-32
2.1127e-32
3.57211e-32
6.00383e-32
1.00316e-31
1.66644e-31
2.75244e-31
4.52065e-31
7.38382e-31
1.1995e-30
1.93821e-30
3.11542e-30
4.98168e-30
7.92508e-30
1.25435e-29
1.97527e-29
3.09484e-29
4.82443e-29
7.48234e-29
1.15448e-28
1.77201e-28
2.70548e-28
4.10857e-28
6.20524e-28
9.31961e-28
1.39173e-27
2.06621e-27
3.04929e-27
4.4727e-27
6.51966e-27
9.44276e-27
1.35869e-26
1.94186e-26
2.75625e-26
3.88463e-26
5.43556e-26
7.54968e-26
1.04064e-25
1.42314e-25
1.93042e-25
2.59648e-25
3.46176e-25
4.57302e-25
5.98241e-25
7.74518e-25
9.91552e-25
1.25394e-24
1.56437e-24
1.92208e-24
2.32083e-24
2.74633e-24
3.1738e-24
3.56579e-24
3.87212e-24
4.03383e-24
3.99329e-24
3.71204e-24
3.19323e-24
2.50034e-24
1.7565e-24
1.109e-24
6.65481e-25
4.18364e-25
2.32705e-25
1.10437e-25
4.35399e-26
1.47254e-26
3.15912e-41
6.71482e-41
1.42368e-40
2.99626e-40
6.2627e-40
1.30038e-39
2.68259e-39
5.49834e-39
1.1197e-38
2.26544e-38
4.55379e-38
9.09382e-38
1.80409e-37
3.55545e-37
6.96052e-37
1.35357e-36
2.6145e-36
5.01592e-36
9.55764e-36
1.80874e-35
3.39956e-35
6.34579e-35
1.17644e-34
2.1661e-34
3.96119e-34
7.19496e-34
1.29811e-33
2.32649e-33
4.1422e-33
7.32714e-33
1.28778e-32
2.24894e-32
3.90274e-32
6.73031e-32
1.15345e-31
1.96461e-31
3.32582e-31
5.59618e-31
9.36019e-31
1.55637e-30
2.57287e-30
4.22895e-30
6.91191e-30
1.12344e-29
1.81601e-29
2.91967e-29
4.66893e-29
7.42656e-29
1.17505e-28
1.8494e-28
2.89541e-28
4.50907e-28
6.98461e-28
1.0761e-27
1.64888e-27
2.51264e-27
3.80745e-27
5.73671e-27
8.59348e-27
1.27968e-26
1.89414e-26
2.78637e-26
4.07315e-26
5.91596e-26
8.53618e-26
1.22343e-25
1.74143e-25
2.46135e-25
3.45399e-25
4.81152e-25
6.65235e-25
9.12646e-25
1.24211e-24
1.67661e-24
2.24379e-24
2.97608e-24
3.91035e-24
5.08672e-24
6.54617e-24
8.32628e-24
1.04544e-23
1.29375e-23
1.57489e-23
1.88105e-23
2.19737e-23
2.50034e-23
2.7571e-23
2.92707e-23
2.9675e-23
2.8442e-23
2.54644e-23
2.10202e-23
1.5829e-23
1.0918e-23
7.24984e-24
4.84132e-24
2.90353e-24
1.52408e-24
6.9184e-25
2.86768e-25
1.01448e-40
2.18446e-40
4.69403e-40
1.0014e-39
2.12174e-39
4.46558e-39
9.33671e-39
1.9393e-38
4.0015e-38
8.20183e-38
1.66991e-37
3.37717e-37
6.78377e-37
1.35343e-36
2.6818e-36
5.27744e-36
1.03135e-35
2.00148e-35
3.85697e-35
7.38043e-35
1.40233e-34
2.64578e-34
4.95673e-34
9.22107e-34
1.70342e-33
3.12485e-33
5.69283e-33
1.03001e-32
1.85097e-32
3.30394e-32
5.85829e-32
1.03192e-31
1.80585e-31
3.13984e-31
5.42439e-31
9.31188e-31
1.58853e-30
2.69312e-30
4.53786e-30
7.60002e-30
1.26527e-29
2.09406e-29
3.44564e-29
5.63712e-29
9.17024e-29
1.48343e-28
2.38637e-28
3.81777e-28
6.0743e-28
9.61186e-28
1.51268e-27
2.36765e-27
3.68557e-27
5.7055e-27
8.78348e-27
1.34463e-26
2.04677e-26
3.09771e-26
4.66103e-26
6.9719e-26
1.03659e-25
1.53178e-25
2.24946e-25
3.28246e-25
4.75896e-25
6.85422e-25
9.80567e-25
1.39319e-24
1.96561e-24
2.75348e-24
3.82914e-24
5.28545e-24
7.24001e-24
9.83951e-24
1.32638e-23
1.77292e-23
2.34891e-23
3.08308e-23
4.00659e-23
5.15092e-23
6.54436e-23
8.20624e-23
1.01385e-22
1.23142e-22
1.46634e-22
1.7058e-22
1.93012e-22
2.11252e-22
2.22129e-22
2.22528e-22
2.10321e-22
1.85578e-22
1.5156e-22
1.14796e-22
8.35772e-23
6.00401e-23
3.92722e-23
2.29325e-23
1.18898e-23
5.77275e-24
2.83638e-40
6.17852e-40
1.344e-39
2.90332e-39
6.2294e-39
1.32765e-38
2.81072e-38
5.91065e-38
1.23458e-37
2.56121e-37
5.27714e-37
1.07984e-36
2.19437e-36
4.42828e-36
8.87399e-36
1.7658e-35
3.48882e-35
6.84404e-35
1.33299e-34
2.57758e-34
4.94839e-34
9.43152e-34
1.78472e-33
3.35303e-33
6.2545e-33
1.15837e-32
2.13022e-32
3.88997e-32
7.05406e-32
1.27038e-31
2.27226e-31
4.03687e-31
7.12399e-31
1.24889e-30
2.17508e-30
3.76368e-30
6.4709e-30
1.10552e-29
1.87692e-29
3.16698e-29
5.31124e-29
8.85385e-29
1.46719e-28
2.41709e-28
3.95892e-28
6.44713e-28
1.04396e-27
1.68092e-27
2.69135e-27
4.28516e-27
6.78492e-27
1.06834e-26
1.67288e-26
2.60499e-26
4.03386e-26
6.21151e-26
9.51083e-26
1.44799e-25
2.19186e-25
3.29866e-25
4.93521e-25
7.33981e-25
1.08502e-24
1.59415e-24
2.32766e-24
3.37725e-24
4.86871e-24
6.9731e-24
9.92093e-24
1.40198e-23
1.96762e-23
2.74214e-23
3.79417e-23
5.21128e-23
7.10354e-23
9.60709e-23
1.28874e-22
1.71407e-22
2.2593e-22
2.94938e-22
3.81028e-22
4.86623e-22
6.13538e-22
7.62303e-22
9.312e-22
1.11508e-21
1.3042e-21
1.4831e-21
1.63059e-21
1.72162e-21
1.7318e-21
1.64535e-21
1.46513e-21
1.22049e-21
9.70261e-22
7.55186e-22
5.42285e-22
3.5302e-22
2.07306e-22
1.14188e-22
6.87802e-40
1.51363e-39
3.32862e-39
7.27144e-39
1.57789e-38
3.40106e-38
7.28142e-38
1.5483e-37
3.26964e-37
6.85684e-37
1.42793e-36
2.95276e-36
6.06282e-36
1.23604e-35
2.50197e-35
5.0282e-35
1.00324e-34
1.9872e-34
3.90759e-34
7.62777e-34
1.4781e-33
2.84335e-33
5.42977e-33
1.02935e-32
1.93727e-32
3.61969e-32
6.71469e-32
1.23674e-31
2.26179e-31
4.10754e-31
7.40786e-31
1.32684e-30
2.36043e-30
4.17101e-30
7.32157e-30
1.27677e-29
2.2121e-29
3.80814e-29
6.51437e-29
1.10744e-28
1.87109e-28
3.14218e-28
5.24519e-28
8.70401e-28
1.43594e-27
2.35527e-27
3.84111e-27
6.22888e-27
1.00443e-26
1.61065e-26
2.56844e-26
4.07319e-26
6.424e-26
1.0076e-25
1.57175e-25
2.43832e-25
3.76185e-25
5.77179e-25
8.80655e-25
1.3362e-24
2.01601e-24
3.02446e-24
4.5114e-24
6.69054e-24
9.86432e-24
1.44577e-23
2.1063e-23
3.04996e-23
4.38921e-23
6.27705e-23
8.91974e-23
1.2593e-22
1.76616e-22
2.46033e-22
3.40358e-22
4.67461e-22
6.3724e-22
8.61931e-22
1.15639e-21
1.53821e-21
2.02755e-21
2.64644e-21
3.4172e-21
4.3596e-21
5.48551e-21
6.79074e-21
8.24731e-21
9.79094e-21
1.13108e-20
1.26478e-20
1.36033e-20
1.39727e-20
1.36072e-20
1.2496e-20
1.08721e-20
9.20854e-21
7.29487e-21
5.30532e-21
3.51e-21
2.15297e-21
1.43244e-39
3.18081e-39
7.06172e-39
1.55783e-38
3.41417e-38
7.43258e-38
1.60707e-37
3.45086e-37
7.35821e-37
1.55786e-36
3.27467e-36
6.83383e-36
1.4158e-35
2.91183e-35
5.94497e-35
1.20488e-34
2.42405e-34
4.84103e-34
9.5968e-34
1.88845e-33
3.68875e-33
7.1524e-33
1.37668e-32
2.63045e-32
4.98953e-32
9.39584e-32
1.75662e-31
3.26068e-31
6.0097e-31
1.09987e-30
1.99893e-30
3.60795e-30
6.46783e-30
1.15166e-29
2.03703e-29
3.57939e-29
6.24881e-29
1.08393e-28
1.86833e-28
3.20035e-28
5.4484e-28
9.2195e-28
1.55078e-27
2.59316e-27
4.31106e-27
7.12598e-27
1.17123e-26
1.91428e-26
3.11144e-26
5.02961e-26
8.08619e-26
1.29303e-25
2.05656e-25
3.25359e-25
5.12011e-25
8.01494e-25
1.24805e-24
1.93319e-24
2.97873e-24
4.56559e-24
6.96093e-24
1.05568e-23
1.59253e-23
2.38953e-23
3.5661e-23
5.2931e-23
7.81338e-23
1.14696e-22
1.6742e-22
2.42983e-22
3.50605e-22
5.02916e-22
7.17093e-22
1.01629e-21
1.43148e-21
2.00363e-21
2.78518e-21
3.84373e-21
5.26486e-21
7.15498e-21
9.64403e-21
1.28872e-20
1.70656e-20
2.23842e-20
2.9062e-20
3.72616e-20
4.70868e-20
5.84908e-20
7.11614e-20
8.44587e-20
9.73214e-20
1.0827e-19
1.15545e-19
1.17482e-19
1.13208e-19
1.04481e-19
9.17441e-20
7.48522e-20
5.57831e-20
3.78568e-20
2.52648e-39
5.65372e-39
1.26531e-38
2.81456e-38
6.22064e-38
1.36574e-37
2.97799e-37
6.4481e-37
1.38624e-36
2.95865e-36
6.26845e-36
1.3183e-35
2.75191e-35
5.70185e-35
1.17261e-34
2.39358e-34
4.84957e-34
9.75267e-34
1.94676e-33
3.85727e-33
7.58637e-33
1.48111e-32
2.87047e-32
5.52267e-32
1.05485e-31
2.00031e-31
3.7661e-31
7.04037e-31
1.30688e-30
2.40901e-30
4.40998e-30
8.01789e-30
1.44792e-29
2.59729e-29
4.62837e-29
8.19414e-29
1.4414e-28
2.51948e-28
4.37644e-28
7.5554e-28
1.29646e-27
2.21141e-27
3.74997e-27
6.32229e-27
1.05986e-26
1.76679e-26
2.92901e-26
4.8294e-26
7.92014e-26
1.29202e-25
2.09669e-25
3.38492e-25
5.43671e-25
8.68797e-25
1.38138e-24
2.18543e-24
3.44032e-24
5.38905e-24
8.4001e-24
1.30293e-23
2.01106e-23
3.08885e-23
4.72105e-23
7.18042e-23
1.08674e-22
1.6367e-22
2.45288e-22
3.658e-22
5.42819e-22
8.01325e-22
1.1767e-21
1.71865e-21
2.49645e-21
3.60591e-21
5.17846e-21
7.39269e-21
1.04906e-20
1.47948e-20
2.0731e-20
2.88545e-20
3.98796e-20
5.47095e-20
7.44654e-20
1.00507e-19
1.34442e-19
1.78161e-19
2.33756e-19
3.03454e-19
3.88338e-19
4.8856e-19
6.02181e-19
7.2429e-19
8.46042e-19
9.53959e-19
1.03004e-18
1.05621e-18
1.03288e-18
9.53295e-19
8.06075e-19
6.08811e-19
3.70834e-39
8.34722e-39
1.87948e-38
4.20689e-38
9.35708e-38
2.0675e-37
4.53711e-37
9.88688e-37
2.13906e-36
4.59432e-36
9.7953e-36
2.07294e-35
4.35424e-35
9.07802e-35
1.87855e-34
3.85845e-34
7.86624e-34
1.59182e-33
3.19747e-33
6.37548e-33
1.26191e-32
2.47956e-32
4.83687e-32
9.36745e-32
1.80121e-31
3.43888e-31
6.5193e-31
1.22728e-30
2.2944e-30
4.26004e-30
7.85606e-30
1.43905e-29
2.61858e-29
4.73378e-29
8.5024e-29
1.51742e-28
2.69115e-28
4.74331e-28
8.30954e-28
1.44699e-27
2.50492e-27
4.31122e-27
7.37782e-27
1.25551e-26
2.12478e-26
3.57646e-26
5.98791e-26
9.97279e-26
1.65239e-25
2.72394e-25
4.46788e-25
7.29215e-25
1.18436e-24
1.91432e-24
3.07941e-24
4.93018e-24
7.85628e-24
1.24608e-23
1.96725e-23
3.09149e-23
4.83591e-23
7.52999e-23
1.16712e-22
1.80071e-22
2.76546e-22
4.2275e-22
6.43245e-22
9.74161e-22
1.46836e-21
2.20293e-21
3.28936e-21
4.88819e-21
7.22909e-21
1.06388e-20
1.55789e-20
2.26977e-20
3.28991e-20
4.7434e-20
6.80195e-20
9.6993e-20
1.37506e-19
1.93765e-19
2.71316e-19
3.7738e-19
5.21214e-19
7.1448e-19
9.7157e-19
1.3098e-18
1.75049e-18
2.31813e-18
3.03382e-18
3.913e-18
4.9601e-18
6.15882e-18
7.45644e-18
8.74268e-18
9.82127e-18
1.04194e-17
1.01923e-17
8.7594e-18
4.43425e-39
1.00062e-38
2.2591e-38
5.07123e-38
1.13145e-37
2.50828e-37
5.52378e-37
1.2082e-36
2.62432e-36
5.66005e-36
1.21202e-35
2.57669e-35
5.43823e-35
1.13943e-34
2.37003e-34
4.8939e-34
1.00323e-33
2.04173e-33
4.12532e-33
8.27539e-33
1.64819e-32
3.25935e-32
6.39999e-32
1.24788e-31
2.4162e-31
4.64603e-31
8.87249e-31
1.68286e-30
3.17045e-30
5.93324e-30
1.10305e-29
2.03733e-29
3.73875e-29
6.81754e-29
1.23539e-28
2.2248e-28
3.98226e-28
7.08536e-28
1.25322e-27
2.20379e-27
3.85327e-27
6.6996e-27
1.15843e-26
1.99221e-26
3.40789e-26
5.79908e-26
9.81739e-26
1.65361e-25
2.77144e-25
4.62217e-25
7.67165e-25
1.26725e-24
2.08351e-24
3.40967e-24
5.55441e-24
9.00726e-24
1.4541e-23
2.33703e-23
3.73949e-23
5.95737e-23
9.44931e-23
1.49231e-22
2.34659e-22
3.67401e-22
5.7276e-22
8.89068e-22
1.37413e-21
2.1147e-21
3.24037e-21
4.94383e-21
7.51011e-21
1.13589e-20
1.71048e-20
2.56436e-20
3.82738e-20
5.68679e-20
8.41109e-20
1.2383e-19
1.8145e-19
2.64605e-19
3.83977e-19
5.54393e-19
7.96285e-19
1.13757e-18
1.61604e-18
2.2824e-18
3.20389e-18
4.46872e-18
6.19122e-18
8.51769e-18
1.16396e-17
1.5799e-17
2.12364e-17
2.82198e-17
3.69908e-17
4.76572e-17
5.99453e-17
7.26258e-17
8.22712e-17
8.14468e-17
4.26236e-39
9.60454e-39
2.16566e-38
4.85638e-38
1.0827e-37
2.39924e-37
5.28356e-37
1.1561e-36
2.51318e-36
5.42699e-36
1.16403e-35
2.47972e-35
5.24636e-35
1.10234e-34
2.30022e-34
4.7667e-34
9.80987e-34
2.00498e-33
4.06974e-33
8.20425e-33
1.64262e-32
3.26648e-32
6.45176e-32
1.26577e-31
2.46677e-31
4.77558e-31
9.18477e-31
1.75503e-30
3.33196e-30
6.28561e-30
1.17831e-29
2.19516e-29
4.06447e-29
7.4801e-29
1.3684e-28
2.48862e-28
4.49968e-28
8.08944e-28
1.44613e-27
2.57094e-27
4.54574e-27
7.99444e-27
1.39856e-26
2.434e-26
4.21448e-26
7.26089e-26
1.24478e-25
2.12367e-25
3.60584e-25
6.09372e-25
1.02505e-24
1.71643e-24
2.86119e-24
4.74828e-24
7.84543e-24
1.29065e-23
2.11413e-23
3.4483e-23
5.6007e-23
9.05854e-23
1.45903e-22
2.34031e-22
3.73846e-22
5.94743e-22
9.42302e-22
1.48689e-21
2.33668e-21
3.65721e-21
5.70076e-21
8.8501e-21
1.36834e-20
2.10698e-20
3.23108e-20
4.93452e-20
7.50483e-20
1.13664e-19
1.71427e-19
2.57446e-19
3.84966e-19
5.73138e-19
8.49496e-19
1.2534e-18
1.84075e-18
2.69042e-18
3.91294e-18
5.66201e-18
8.14967e-18
1.16661e-17
1.66048e-17
2.3495e-17
3.3043e-17
4.61872e-17
6.4194e-17
8.84631e-17
1.20653e-16
1.62359e-16
2.14263e-16
2.73826e-16
3.29526e-16
3.50092e-16
3.32293e-39
7.45585e-39
1.67411e-38
3.73868e-38
8.30248e-38
1.8331e-37
4.02345e-37
8.7781e-37
1.90349e-36
4.10211e-36
8.78494e-36
1.86948e-35
3.95301e-35
8.30513e-35
1.73365e-34
3.59555e-34
7.40883e-34
1.51674e-33
3.08498e-33
6.23411e-33
1.25166e-32
2.49686e-32
4.94899e-32
9.74699e-32
1.90756e-31
3.70989e-31
7.17051e-31
1.37745e-30
2.63007e-30
4.99184e-30
9.41874e-30
1.76685e-29
3.29548e-29
6.11209e-29
1.12732e-28
2.06793e-28
3.77302e-28
6.84772e-28
1.23636e-27
2.22087e-27
3.96935e-27
7.05938e-27
1.24941e-26
2.20071e-26
3.85814e-26
6.7326e-26
1.16952e-25
2.02245e-25
3.48198e-25
5.96866e-25
1.01872e-24
1.73133e-24
2.93006e-24
4.93817e-24
8.28829e-24
1.38545e-23
2.30655e-23
3.82464e-23
6.31668e-23
1.03913e-22
1.70271e-22
2.77914e-22
4.51844e-22
7.31778e-22
1.18056e-21
1.89721e-21
3.03716e-21
4.84332e-21
7.69383e-21
1.21749e-20
1.91916e-20
3.01353e-20
4.71359e-20
7.34403e-20
1.13976e-19
1.7619e-19
2.71282e-19
4.16022e-19
6.35398e-19
9.66459e-19
1.46386e-18
2.20778e-18
3.31518e-18
4.95569e-18
7.3737e-18
1.09191e-17
1.60889e-17
2.35845e-17
3.4387e-17
4.98585e-17
7.18737e-17
1.02996e-16
1.4673e-16
2.07667e-16
2.91356e-16
4.04168e-16
5.51491e-16
7.32221e-16
9.23359e-16
1.04457e-15
2.12631e-39
4.73893e-39
1.05677e-38
2.34379e-38
5.16969e-38
1.13393e-37
2.4732e-37
5.36356e-37
1.15649e-36
2.47915e-36
5.2834e-36
1.11932e-35
2.35728e-35
4.93476e-35
1.02684e-34
2.12377e-34
4.36585e-34
8.9202e-34
1.81144e-33
3.65606e-33
7.3342e-33
1.46235e-32
2.89819e-32
5.70945e-32
1.1181e-31
2.17674e-31
4.21316e-31
8.10809e-31
1.55159e-30
2.95273e-30
5.58855e-30
1.05208e-29
1.9702e-29
3.67057e-29
6.80389e-29
1.25495e-28
2.30348e-28
4.20796e-28
7.65123e-28
1.38486e-27
2.49535e-27
4.47663e-27
7.99657e-27
1.42241e-26
2.51972e-26
4.44546e-26
7.81181e-26
1.36737e-25
2.38424e-25
4.14156e-25
7.16727e-25
1.23577e-24
2.12294e-24
3.63386e-24
6.19787e-24
1.05335e-23
1.78389e-23
3.0105e-23
5.06275e-23
8.48431e-23
1.41688e-22
2.35794e-22
3.91038e-22
6.46232e-22
1.06424e-21
1.74648e-21
2.85603e-21
4.65401e-21
7.55703e-21
1.22272e-20
1.97128e-20
3.16669e-20
5.06868e-20
8.08361e-20
1.28448e-19
2.03353e-19
3.20743e-19
5.04001e-19
7.88953e-19
1.23024e-18
1.9108e-18
2.9559e-18
4.55374e-18
6.98546e-18
1.06686e-17
1.62194e-17
2.45411e-17
3.69479e-17
5.53373e-17
8.24261e-17
1.22071e-16
1.79696e-16
2.62869e-16
3.82216e-16
5.51524e-16
7.88168e-16
1.11085e-15
1.53045e-15
2.02058e-15
2.43578e-15
1.13205e-39
2.50033e-39
5.5235e-39
1.21347e-38
2.65138e-38
5.76186e-38
1.24536e-37
2.6771e-37
5.72334e-37
1.21684e-36
2.57278e-36
5.40928e-36
1.13091e-35
2.35101e-35
4.85968e-35
9.98788e-35
2.041e-34
4.14676e-34
8.37666e-34
1.68241e-33
3.35972e-33
6.67111e-33
1.31715e-32
2.58605e-32
5.04925e-32
9.80477e-32
1.89366e-31
3.63796e-31
6.95262e-31
1.32196e-30
2.50099e-30
4.70842e-30
8.82179e-30
1.64514e-29
3.05392e-29
5.64377e-29
1.03845e-28
1.90261e-28
3.47146e-28
6.30838e-28
1.14186e-27
2.05895e-27
3.69881e-27
6.6207e-27
1.18091e-26
2.09912e-26
3.71885e-26
6.56699e-26
1.15596e-25
2.0285e-25
3.54883e-25
6.1902e-25
1.0766e-24
1.86705e-24
3.22866e-24
5.56757e-24
9.57407e-24
1.6418e-23
2.80763e-23
4.78803e-23
8.14278e-23
1.38096e-22
2.3355e-22
3.93876e-22
6.6239e-22
1.11079e-21
1.8574e-21
3.09687e-21
5.14841e-21
8.53381e-21
1.41033e-20
2.32378e-20
3.81729e-20
6.25154e-20
1.02065e-19
1.66117e-19
2.69511e-19
4.35862e-19
7.026e-19
1.12883e-18
1.8075e-18
2.88416e-18
4.58572e-18
7.26419e-18
1.14628e-17
1.80151e-17
2.81926e-17
4.39216e-17
6.80992e-17
1.05047e-16
1.61153e-16
2.45769e-16
3.72448e-16
5.60762e-16
8.38757e-16
1.24434e-15
1.8249e-15
2.62687e-15
3.65168e-15
4.71048e-15
5.07744e-40
1.10904e-39
2.42179e-39
5.2584e-39
1.13556e-38
2.43929e-38
5.21239e-38
1.10799e-37
2.34291e-37
4.92819e-37
1.03115e-36
2.14607e-36
4.44269e-36
9.14781e-36
1.87348e-35
3.81621e-35
7.73144e-35
1.55786e-34
3.12206e-34
6.22302e-34
1.23374e-33
2.43288e-33
4.77217e-33
9.31181e-33
1.80759e-32
3.49099e-32
6.70836e-32
1.28276e-31
2.44107e-31
4.62349e-31
8.71693e-31
1.6361e-30
3.05741e-30
5.68915e-30
1.05423e-29
1.94566e-29
3.57677e-29
6.55019e-29
1.19511e-28
2.17274e-28
3.93645e-28
7.1081e-28
1.27941e-27
2.29574e-27
4.10724e-27
7.32722e-27
1.30358e-26
2.3131e-26
4.09401e-26
7.22841e-26
1.27325e-25
2.23766e-25
3.92386e-25
6.8659e-25
1.19885e-24
2.08899e-24
3.63268e-24
6.30449e-24
1.09198e-23
1.88767e-23
3.2568e-23
5.608e-23
9.63777e-23
1.65308e-22
2.82982e-22
4.83464e-22
8.24339e-22
1.40274e-21
2.38215e-21
4.0372e-21
6.8282e-21
1.15251e-20
1.94127e-20
3.2631e-20
5.47353e-20
9.16211e-20
1.53042e-19
2.55102e-19
4.24326e-19
7.04319e-19
1.16659e-18
1.92815e-18
3.17997e-18
5.23289e-18
8.59134e-18
1.40712e-17
2.29868e-17
3.74465e-17
6.08144e-17
9.84251e-17
1.58677e-16
2.54675e-16
4.0665e-16
6.45413e-16
1.01837e-15
1.59634e-15
2.47877e-15
3.78906e-15
5.62162e-15
7.82537e-15
1.93211e-40
4.16651e-40
8.9792e-40
1.92387e-39
4.09978e-39
8.69131e-39
1.83314e-38
3.8469e-38
8.03231e-38
1.66872e-37
3.44934e-37
7.09402e-37
1.45161e-36
2.9553e-36
5.98616e-36
1.20638e-35
2.41883e-35
4.82518e-35
9.57653e-35
1.89103e-34
3.7153e-34
7.26292e-34
1.41277e-33
2.73463e-33
5.26773e-33
1.00991e-32
1.92716e-32
3.66078e-32
6.92314e-32
1.30363e-31
2.44446e-31
4.56493e-31
8.4909e-31
1.57322e-30
2.9039e-30
5.34047e-30
9.78651e-30
1.78721e-29
3.25296e-29
5.90188e-29
1.06751e-28
1.92522e-28
3.46241e-28
6.21052e-28
1.11119e-27
1.98341e-27
3.53231e-27
6.27738e-27
1.11332e-26
1.97072e-26
3.48207e-26
6.14183e-26
1.08152e-25
1.90144e-25
3.33781e-25
5.85056e-25
1.02404e-24
1.78991e-24
3.12439e-24
5.44663e-24
9.4827e-24
1.64887e-23
2.86355e-23
4.96696e-23
8.60511e-23
1.48905e-22
2.57367e-22
4.44321e-22
7.66202e-22
1.31978e-21
2.27083e-21
3.903e-21
6.70114e-21
1.14935e-20
1.96937e-20
3.3713e-20
5.76627e-20
9.85511e-20
1.68323e-19
2.87345e-19
4.9036e-19
8.36686e-19
1.42772e-18
2.43706e-18
4.16241e-18
7.11546e-18
1.21776e-17
2.08702e-17
3.58244e-17
6.15986e-17
1.06096e-16
1.83007e-16
3.1593e-16
5.45076e-16
9.37472e-16
1.60708e-15
2.73583e-15
4.59089e-15
7.47763e-15
1.14294e-14
6.15359e-41
1.30954e-40
2.7851e-40
5.88871e-40
1.23837e-39
2.59086e-39
5.39337e-39
1.11721e-38
2.30292e-38
4.72393e-38
9.643e-38
1.95888e-37
3.96e-37
7.96673e-37
1.59503e-36
3.17805e-36
6.30175e-36
1.24358e-35
2.44233e-35
4.77375e-35
9.28658e-35
1.79809e-34
3.46536e-34
6.64813e-34
1.2697e-33
2.41432e-33
4.57116e-33
8.61878e-33
1.61847e-32
3.02731e-32
5.64089e-32
1.04719e-31
1.93698e-31
3.57016e-31
6.55769e-31
1.20048e-30
2.1905e-30
3.98442e-30
7.22564e-30
1.30658e-29
2.3562e-29
4.23808e-29
7.60455e-29
1.36142e-28
2.43216e-28
4.3364e-28
7.7173e-28
1.37105e-27
2.43188e-27
4.30706e-27
7.6175e-27
1.34547e-26
2.37356e-26
4.18233e-26
7.36131e-26
1.2943e-25
2.27345e-25
3.98954e-25
6.99459e-25
1.22523e-24
2.14437e-24
3.74995e-24
6.55245e-24
1.14406e-23
1.99604e-23
3.48e-23
6.06291e-23
1.05557e-22
1.83654e-22
3.19327e-22
5.54896e-22
9.63692e-22
1.67275e-21
2.90211e-21
5.03289e-21
8.72525e-21
1.51234e-20
2.62119e-20
4.54357e-20
7.87858e-20
1.36703e-19
2.37432e-19
4.12979e-19
7.19753e-19
1.25779e-18
2.20592e-18
3.88704e-18
6.89187e-18
1.23199e-17
2.22632e-17
4.0811e-17
7.61917e-17
1.45378e-16
2.83787e-16
5.65059e-16
1.13256e-15
2.27313e-15
4.49777e-15
8.55187e-15
1.49216e-14
1.52428e-41
3.21273e-41
6.77338e-41
1.41961e-40
2.95881e-40
6.13418e-40
1.26517e-39
2.59617e-39
5.3007e-39
1.07688e-38
2.17698e-38
4.37937e-38
8.7672e-38
1.74671e-37
3.46343e-37
6.83492e-37
1.3425e-36
2.62457e-36
5.10718e-36
9.89239e-36
1.9074e-35
3.66127e-35
6.99697e-35
1.33143e-34
2.52294e-34
4.76127e-34
8.94993e-34
1.67591e-33
3.12658e-33
5.81199e-33
1.07661e-32
1.9875e-32
3.65679e-32
6.7061e-32
1.22588e-31
2.23396e-31
4.05874e-31
7.35278e-31
1.32836e-30
2.3936e-30
4.30261e-30
7.71661e-30
1.38106e-29
2.46692e-29
4.39869e-29
7.83029e-29
1.3918e-28
2.47044e-28
4.37944e-28
7.75455e-28
1.37161e-27
2.42368e-27
4.27879e-27
7.54734e-27
1.3302e-26
2.3427e-26
4.12296e-26
7.25124e-26
1.27448e-25
2.23864e-25
3.9298e-25
6.89457e-25
1.20894e-24
2.1187e-24
3.71118e-24
6.49728e-24
1.13692e-23
1.98844e-23
3.47602e-23
6.07354e-23
1.06073e-22
1.85176e-22
3.23132e-22
5.63651e-22
9.82884e-22
1.71352e-21
2.98683e-21
5.20624e-21
9.07599e-21
1.58275e-20
2.76182e-20
4.8238e-20
8.43665e-20
1.47826e-19
2.59649e-19
4.57498e-19
8.09276e-19
1.43853e-18
2.57295e-18
4.64134e-18
8.48565e-18
1.58967e-17
3.11563e-17
6.58479e-17
1.5609e-16
4.07707e-16
1.13014e-15
3.13914e-15
8.0811e-15
1.76253e-14
2.65637e-42
5.58284e-42
1.17684e-41
2.46693e-41
5.14282e-41
1.06635e-40
2.19932e-40
4.51229e-40
9.20968e-40
1.87005e-39
3.77781e-39
7.59328e-39
1.51858e-38
3.02191e-38
5.98381e-38
1.17908e-37
2.31203e-37
4.51175e-37
8.76223e-37
1.69366e-36
3.25846e-36
6.24037e-36
1.18978e-35
2.25859e-35
4.26949e-35
8.03788e-35
1.50728e-34
2.81571e-34
5.24058e-34
9.71885e-34
1.79611e-33
3.30798e-33
6.07203e-33
1.11091e-32
2.02596e-32
3.68334e-32
6.67671e-32
1.20687e-31
2.17573e-31
3.91273e-31
7.02049e-31
1.25704e-30
2.24648e-30
4.00778e-30
7.1387e-30
1.26973e-29
2.25545e-29
4.0017e-29
7.09234e-29
1.25578e-28
2.22156e-28
3.92692e-28
6.93624e-28
1.22432e-27
2.15967e-27
3.8073e-27
6.7081e-27
1.18126e-26
2.07902e-26
3.65711e-26
6.42971e-26
1.12987e-25
1.98449e-25
3.48384e-25
6.11301e-25
1.07208e-24
1.87919e-24
3.29215e-24
5.7643e-24
1.00871e-23
1.76418e-23
3.08371e-23
5.38702e-23
9.4053e-23
1.64125e-22
2.86271e-22
4.99119e-22
8.6995e-22
1.51601e-21
2.64179e-21
4.60459e-21
8.0298e-21
1.40148e-20
2.44914e-20
4.28731e-20
7.52178e-20
1.3231e-19
2.33412e-19
4.13043e-19
7.33488e-19
1.31037e-18
2.38387e-18
4.56368e-18
9.55294e-18
2.30403e-17
6.50665e-17
2.36114e-16
1.19582e-15
5.86177e-15
1.88828e-14
9.1941e-30
1.10831e-29
1.49261e-29
1.89723e-29
2.28893e-29
2.64292e-29
2.93615e-29
3.14863e-29
3.26534e-29
3.2777e-29
3.18462e-29
2.99283e-29
2.71661e-29
2.3772e-29
2.0015e-29
1.62031e-29
1.26673e-29
9.7657e-30
7.94565e-30
7.84657e-30
2.38489e-28
2.67845e-28
3.2429e-28
3.83119e-28
4.3809e-28
4.85104e-28
5.20999e-28
5.43375e-28
5.50665e-28
5.42208e-28
5.18344e-28
4.80417e-28
4.30722e-28
3.72461e-28
3.09584e-28
2.46578e-28
1.88222e-28
1.39539e-28
1.06291e-28
9.63824e-29
6.02755e-27
6.34196e-27
7.00377e-27
7.6827e-27
8.29331e-27
8.77571e-27
9.08751e-27
9.20058e-27
9.09961e-27
8.78135e-27
8.25522e-27
7.5428e-27
6.67727e-27
5.70362e-27
4.67711e-27
3.66113e-27
2.72398e-27
1.93684e-27
1.37516e-27
1.13567e-27
1.44035e-25
1.42536e-25
1.46335e-25
1.50273e-25
1.5339e-25
1.54976e-25
1.54506e-25
1.51635e-25
1.46189e-25
1.38142e-25
1.27623e-25
1.14901e-25
1.0039e-25
8.46615e-26
6.84376e-26
5.25802e-26
3.80503e-26
2.58588e-26
1.701e-26
1.26517e-26
3.2302e-24
3.02231e-24
2.91451e-24
2.8237e-24
2.73665e-24
2.644e-24
2.53828e-24
2.41392e-24
2.26751e-24
2.09732e-24
1.90369e-24
1.68852e-24
1.45577e-24
1.2117e-24
9.64972e-25
7.2682e-25
5.10474e-25
3.30342e-25
2.0006e-25
1.32415e-25
6.76697e-23
6.01899e-23
5.48983e-23
5.04527e-23
4.65983e-23
4.31428e-23
3.9923e-23
3.68054e-23
3.36907e-23
3.05058e-23
2.72081e-23
2.37783e-23
2.02319e-23
1.66202e-23
1.30357e-23
9.61615e-24
6.54002e-24
4.01339e-24
2.22235e-24
1.29429e-24
1.3188e-21
1.12121e-21
9.7218e-22
8.50712e-22
7.50719e-22
6.67165e-22
5.95698e-22
5.32688e-22
4.7536e-22
4.21533e-22
3.69587e-22
3.18404e-22
2.67487e-22
2.16949e-22
1.67583e-22
1.20968e-22
7.94729e-23
4.60293e-23
2.31304e-23
1.17497e-23
2.38148e-20
1.9458e-20
1.6102e-20
1.34491e-20
1.13561e-20
9.69454e-21
8.35593e-21
7.25047e-21
6.30978e-21
5.48218e-21
4.72794e-21
4.01824e-21
3.33555e-21
2.67282e-21
2.03362e-21
1.43527e-21
9.08508e-22
4.93993e-22
2.2361e-22
9.8538e-23
3.96717e-19
3.1327e-19
2.4816e-19
1.98118e-19
1.6013e-19
1.31276e-19
1.09188e-19
9.19216e-20
7.80148e-20
6.64192e-20
5.63651e-20
4.72908e-20
3.88248e-20
3.07645e-20
2.30646e-20
1.59067e-20
9.67546e-21
4.91235e-21
1.99119e-21
7.59139e-22
6.06263e-18
4.65579e-18
3.53946e-18
2.70258e-18
2.0901e-18
1.64324e-18
1.31688e-18
1.07399e-18
8.88008e-19
7.40477e-19
6.18463e-19
5.12618e-19
4.16646e-19
3.26855e-19
2.41628e-19
1.62805e-19
9.49467e-20
4.48387e-20
1.6223e-20
5.33581e-21
6.17127e-17
4.66641e-17
3.43468e-17
2.52051e-17
1.86834e-17
1.4111e-17
1.09074e-17
8.63172e-18
6.97072e-18
5.71742e-18
4.7291e-18
3.90821e-18
3.18592e-18
2.51935e-18
1.88469e-18
1.28594e-18
7.54989e-19
3.5097e-19
1.18989e-19
3.38487e-20
2.85755e-16
2.17516e-16
1.59535e-16
1.15904e-16
8.47999e-17
6.32338e-17
4.83631e-17
3.80041e-17
3.0609e-17
2.51413e-17
2.09081e-17
1.74393e-17
1.4405e-17
1.15888e-17
8.86717e-18
6.23066e-18
3.80997e-18
1.86418e-18
6.55834e-19
1.83491e-19
9.25715e-16
7.1667e-16
5.29427e-16
3.8479e-16
2.80495e-16
2.08092e-16
1.58512e-16
1.24406e-16
1.00464e-16
8.30424e-17
6.97383e-17
5.89382e-17
4.95061e-17
4.06609e-17
3.19286e-17
2.32021e-17
1.48508e-17
7.74043e-18
2.93143e-18
8.44703e-19
2.36437e-15
1.87829e-15
1.40893e-15
1.03146e-15
7.53542e-16
5.59102e-16
4.2611e-16
3.35241e-16
2.72137e-16
2.26881e-16
1.92805e-16
1.65414e-16
1.41527e-16
1.18844e-16
9.58793e-17
7.20928e-17
4.82623e-17
2.67549e-17
1.10037e-17
3.36869e-18
5.04462e-15
4.15078e-15
3.18703e-15
2.36522e-15
1.74084e-15
1.29739e-15
9.92688e-16
7.85029e-16
6.4197e-16
5.40688e-16
4.65571e-16
4.059e-16
3.53968e-16
3.04001e-16
2.51964e-16
1.95845e-16
1.36789e-16
8.02699e-17
3.56938e-17
1.17945e-17
9.29559e-15
8.00219e-15
6.34164e-15
4.80212e-15
3.58007e-15
2.69183e-15
2.07491e-15
1.65356e-15
1.36469e-15
1.16245e-15
1.01489e-15
8.99498e-16
7.99651e-16
7.02327e-16
5.9756e-16
4.79344e-16
3.48266e-16
2.15158e-16
1.02579e-16
3.67093e-17
1.51199e-14
1.37661e-14
1.13564e-14
8.83313e-15
6.70848e-15
5.11325e-15
3.98526e-15
3.20885e-15
2.67706e-15
2.30827e-15
2.04389e-15
1.84139e-15
1.66815e-15
1.49727e-15
1.30631e-15
1.07941e-15
8.13207e-16
5.26199e-16
2.66724e-16
1.02802e-16
2.20688e-14
2.14903e-14
1.86131e-14
1.49749e-14
1.16579e-14
9.05361e-15
7.16159e-15
5.8402e-15
4.932e-15
4.3071e-15
3.86783e-15
3.54052e-15
3.26601e-15
2.99252e-15
2.67338e-15
2.27085e-15
1.76852e-15
1.1929e-15
6.38031e-16
2.62295e-16
2.93367e-14
3.08814e-14
2.832e-14
2.37512e-14
1.90784e-14
1.517e-14
1.2218e-14
1.01104e-14
8.65041e-15
7.65248e-15
6.96691e-15
6.4749e-15
6.07574e-15
5.67555e-15
5.18304e-15
4.51608e-15
3.62489e-15
2.53752e-15
1.4225e-15
6.17629e-16
3.61326e-14
4.14388e-14
4.06506e-14
3.58219e-14
2.98469e-14
2.43792e-14
2.00317e-14
1.68376e-14
1.46e-14
1.30802e-14
1.20648e-14
1.13733e-14
1.08429e-14
1.03115e-14
9.60943e-15
8.56988e-15
7.06938e-15
5.11512e-15
2.98686e-15
1.35871e-15
1.75141e-210
1.30964e-210
9.02265e-211
6.45166e-211
5.14343e-211
4.5827e-211
4.37081e-211
4.26798e-211
4.14717e-211
3.95078e-211
3.66324e-211
3.29603e-211
2.87724e-211
2.4473e-211
2.0569e-211
1.76783e-211
1.65617e-211
1.80418e-211
2.24081e-211
2.77644e-211
1.48426e-208
1.09744e-208
7.50937e-209
5.35904e-209
4.2812e-209
3.82879e-209
3.66478e-209
3.58861e-209
3.49433e-209
3.33391e-209
3.09448e-209
2.78597e-209
2.43243e-209
2.06843e-209
1.73723e-209
1.49153e-209
1.39671e-209
1.52535e-209
1.90848e-209
2.39308e-209
1.23457e-206
9.02213e-207
6.13042e-207
4.36715e-207
3.49709e-207
3.13997e-207
3.01652e-207
2.96226e-207
2.89055e-207
2.76208e-207
2.56643e-207
2.312e-207
2.01901e-207
1.71644e-207
1.44052e-207
1.23539e-207
1.15615e-207
1.26562e-207
1.59544e-207
2.02535e-207
1.02247e-204
7.38616e-205
4.98437e-205
3.54515e-205
2.84608e-205
2.56586e-205
2.47413e-205
2.43659e-205
2.38263e-205
2.28022e-205
2.12092e-205
1.91185e-205
1.66989e-205
1.41925e-205
1.19019e-205
1.01951e-205
9.53455e-206
1.04604e-205
1.32841e-205
1.70702e-205
8.43092e-203
6.02243e-203
4.03639e-203
2.86679e-203
2.30777e-203
2.08922e-203
2.02209e-203
1.99715e-203
1.95707e-203
1.87581e-203
1.74659e-203
1.57538e-203
1.37624e-203
1.16933e-203
9.79832e-204
8.38299e-204
7.83374e-204
8.61251e-204
1.10179e-203
1.43263e-203
6.92153e-201
4.88978e-201
3.2556e-201
2.30936e-201
1.8644e-201
1.69503e-201
1.64678e-201
1.63118e-201
1.60185e-201
1.53768e-201
1.43324e-201
1.29352e-201
1.13019e-201
9.59972e-202
8.03747e-202
6.86799e-202
6.41253e-202
7.06387e-202
9.10133e-202
1.1973e-201
5.65733e-199
3.95329e-199
2.61514e-199
1.85316e-199
1.5007e-199
1.3703e-199
1.33636e-199
1.32755e-199
1.30644e-199
1.25602e-199
1.17192e-199
1.05831e-199
9.24807e-200
7.85269e-200
6.56935e-200
5.6064e-200
5.22964e-200
5.7711e-200
7.4875e-200
9.96379e-200
4.6034e-197
3.18244e-197
2.09205e-197
1.48133e-197
1.20352e-197
1.10381e-197
1.0806e-197
1.07658e-197
1.06172e-197
1.02229e-197
9.54822e-198
8.62759e-198
7.54033e-198
6.40051e-198
5.35006e-198
4.55992e-198
4.249e-198
4.69638e-198
6.13446e-198
8.25606e-198
3.7289e-195
2.5508e-195
1.66667e-195
1.17951e-195
9.61636e-196
8.85956e-196
8.70662e-196
8.69945e-196
8.59751e-196
8.29071e-196
7.75149e-196
7.00817e-196
6.12582e-196
5.19808e-196
4.34133e-196
3.69524e-196
3.43925e-196
3.80667e-196
5.00503e-196
6.81124e-196
3.00673e-193
2.03559e-193
1.32225e-193
9.35522e-194
7.65534e-194
7.08543e-194
6.99003e-194
7.0045e-194
6.93703e-194
6.69955e-194
6.27018e-194
5.67218e-194
4.95868e-194
4.20628e-194
3.51001e-194
2.98355e-194
2.77328e-194
3.07318e-194
4.06641e-194
5.59452e-194
2.41323e-191
1.61727e-191
1.04461e-191
7.391e-192
6.07169e-192
5.64612e-192
5.59173e-192
5.61951e-192
5.57708e-192
5.3942e-192
5.0536e-192
4.57425e-192
3.99937e-192
3.39136e-192
2.82755e-192
2.40005e-192
2.22777e-192
2.47106e-192
3.28982e-192
4.57467e-192
1.92782e-189
1.27921e-189
8.21787e-190
5.81627e-190
4.79779e-190
4.48289e-190
4.45702e-190
4.4921e-190
4.46751e-190
4.32744e-190
4.05827e-190
3.67543e-190
3.21391e-190
2.72435e-190
2.26944e-190
1.92353e-190
1.78272e-190
1.97889e-190
2.65017e-190
3.72386e-190
1.53278e-187
1.00727e-187
6.43757e-188
4.55904e-188
3.77707e-188
3.54637e-188
3.53971e-188
3.57787e-188
3.56569e-188
3.459e-188
3.2471e-188
2.94245e-188
2.57328e-188
2.18052e-188
1.8148e-188
1.53589e-188
1.42111e-188
1.5783e-188
2.1257e-188
3.01748e-188
1.21288e-185
7.89558e-186
5.02149e-186
3.55946e-186
2.9624e-186
2.79526e-186
2.80097e-186
2.83933e-186
2.83554e-186
2.75474e-186
2.58855e-186
2.34701e-186
2.05279e-186
1.73883e-186
1.44588e-186
1.22179e-186
1.12849e-186
1.25366e-186
1.69762e-186
2.43385e-186
9.55124e-184
6.16083e-184
3.90015e-184
2.76802e-184
2.31474e-184
2.19514e-184
2.20831e-184
2.245e-184
2.24665e-184
2.18582e-184
2.05599e-184
1.86519e-184
1.63155e-184
1.38148e-184
1.14767e-184
9.68272e-185
8.92649e-185
9.91706e-185
1.34981e-184
1.95398e-184
7.48494e-182
4.78516e-182
3.01619e-182
2.14402e-182
1.80187e-182
1.71751e-182
1.73465e-182
1.76855e-182
1.77351e-182
1.72801e-182
1.62697e-182
1.4768e-182
1.29194e-182
1.09349e-182
9.07562e-183
7.64464e-183
7.03351e-183
7.81245e-183
1.06853e-182
1.56137e-182
5.83692e-180
3.69948e-180
2.32252e-180
1.65407e-180
1.39735e-180
1.33882e-180
1.35756e-180
1.38808e-180
1.39484e-180
1.36102e-180
1.2827e-180
1.16495e-180
1.01922e-180
8.62304e-181
7.14993e-181
6.01266e-181
5.52033e-181
6.12895e-181
8.42102e-181
1.24176e-180
4.52929e-178
2.84682e-178
1.78065e-178
1.271e-178
1.07954e-178
1.03975e-178
1.05849e-178
1.08541e-178
1.09295e-178
1.06799e-178
1.00751e-178
9.15525e-179
8.01057e-179
6.77437e-179
5.61155e-179
4.71104e-179
4.31572e-179
4.7882e-179
6.60689e-179
9.8286e-179
3.49714e-176
2.18042e-176
1.35927e-176
9.72746e-177
8.30847e-177
8.04455e-177
8.22228e-177
8.45569e-177
8.53194e-177
8.34918e-177
7.88403e-177
7.16804e-177
6.27222e-177
5.3019e-177
4.38742e-177
3.67705e-177
3.36069e-177
3.7251e-177
5.16025e-177
7.74212e-177
2.68669e-174
1.66216e-174
1.0331e-174
7.41502e-175
6.37005e-175
6.20066e-175
6.36296e-175
6.56249e-175
6.63531e-175
6.50253e-175
6.14618e-175
5.59096e-175
4.89249e-175
4.13367e-175
3.41719e-175
2.85894e-175
2.60667e-175
2.88588e-175
4.01213e-175
6.06915e-175
2.05368e-172
1.26109e-172
7.81779e-173
5.62967e-173
4.86519e-173
4.76129e-173
4.90544e-173
5.07388e-173
5.14075e-173
5.04511e-173
4.77319e-173
4.34426e-173
3.80168e-173
3.21047e-173
2.65125e-173
2.21424e-173
2.01382e-173
2.22632e-173
3.10529e-173
4.73461e-173
1.56189e-170
9.52271e-171
5.89023e-171
4.25709e-171
3.70157e-171
3.6421e-171
3.76734e-171
3.90795e-171
3.9676e-171
3.89934e-171
3.69269e-171
3.36258e-171
2.94268e-171
2.48381e-171
2.04901e-171
1.70824e-171
1.54963e-171
1.71028e-171
2.39247e-171
3.67553e-171
1.18184e-168
7.15663e-169
4.41867e-169
3.2063e-169
2.8054e-169
2.77528e-169
2.88214e-169
2.99833e-169
3.05032e-169
3.00211e-169
2.84569e-169
2.59261e-169
2.26889e-169
1.9141e-169
1.57736e-169
1.3127e-169
1.18769e-169
1.30833e-169
1.83487e-169
2.83942e-169
8.89734e-167
5.35297e-167
3.30042e-167
2.40524e-167
2.11799e-167
2.10658e-167
2.19635e-167
2.29144e-167
2.33592e-167
2.30223e-167
2.18432e-167
1.99106e-167
1.74248e-167
1.46924e-167
1.20948e-167
1.00478e-167
9.06663e-168
9.96651e-168
1.40082e-167
2.18279e-167
6.66428e-165
3.98497e-165
2.45457e-165
1.79714e-165
1.5928e-165
1.59276e-165
1.66715e-165
1.74427e-165
1.78171e-165
1.75845e-165
1.66993e-165
1.52296e-165
1.33285e-165
1.12326e-165
9.23707e-166
7.66036e-166
6.89373e-166
7.56047e-166
1.06459e-165
1.6698e-165
4.96639e-163
2.95263e-163
1.8177e-163
1.33746e-163
1.19318e-163
1.19952e-163
1.26039e-163
1.32241e-163
1.35348e-163
1.33764e-163
1.27147e-163
1.16017e-163
1.01537e-163
8.55258e-164
7.02613e-164
5.81691e-164
5.22068e-164
5.71141e-164
8.05406e-164
1.27115e-163
3.6824e-161
2.17753e-161
1.34037e-161
9.91416e-162
8.90315e-162
8.99758e-162
9.49017e-162
9.98474e-162
1.02392e-161
1.01328e-161
9.64039e-162
8.80114e-162
7.70309e-162
6.48523e-162
5.32245e-162
4.39928e-162
3.9379e-162
4.29672e-162
6.06588e-162
9.62973e-162
2.71664e-159
1.59846e-159
9.84232e-160
7.32015e-160
6.61715e-160
6.72194e-160
7.11631e-160
7.5073e-160
7.71301e-160
7.64273e-160
7.2779e-160
6.64807e-160
5.81926e-160
4.89709e-160
4.01531e-160
3.31364e-160
2.95845e-160
3.21916e-160
4.54813e-160
7.25981e-160
1.99413e-157
1.16797e-157
7.19688e-158
5.38359e-158
4.89863e-158
5.00147e-158
5.31396e-158
5.62038e-158
5.78465e-158
5.73895e-158
5.46996e-158
4.99965e-158
4.37715e-158
3.68224e-158
3.01668e-158
2.48581e-158
2.21373e-158
2.40193e-158
3.395e-158
5.44677e-158
1.45642e-155
8.49487e-156
5.24039e-156
3.94362e-156
3.61194e-156
3.70611e-156
3.95131e-156
4.18935e-156
4.31891e-156
4.28975e-156
4.09237e-156
3.74302e-156
3.27796e-156
2.75694e-156
2.257e-156
1.85721e-156
1.64982e-156
1.78479e-156
2.52297e-156
4.06678e-156
1.05834e-153
6.15e-154
3.7998e-154
2.87713e-154
2.65242e-154
2.73484e-154
2.92552e-154
3.10884e-154
3.2098e-154
3.19154e-154
3.04743e-154
2.78937e-154
2.44387e-154
2.05526e-154
1.68151e-154
1.38185e-154
1.22455e-154
1.32075e-154
1.8666e-154
3.02168e-154
7.6516e-152
4.43191e-152
2.7437e-152
2.09044e-152
1.93972e-152
2.00955e-152
2.15664e-152
2.29667e-152
2.37442e-152
2.36311e-152
2.25844e-152
2.069e-152
1.81379e-152
1.52545e-152
1.24737e-152
1.02381e-152
9.05128e-153
9.73296e-153
1.37486e-152
2.23419e-152
5.50389e-150
3.17905e-150
1.97261e-150
1.51252e-150
1.41256e-150
1.47022e-150
1.58278e-150
1.68889e-150
1.74807e-150
1.74118e-150
1.66556e-150
1.52734e-150
1.33995e-150
1.12715e-150
9.21242e-151
7.55287e-151
6.66211e-151
7.14215e-151
1.00814e-150
1.64384e-150
3.93875e-148
2.2697e-148
1.41199e-148
1.08974e-148
1.02427e-148
1.07091e-148
1.15632e-148
1.23605e-148
1.28066e-148
1.2766e-148
1.22224e-148
1.12196e-148
9.85182e-149
8.29015e-149
6.77357e-149
5.54777e-149
4.88265e-149
5.21835e-149
7.35886e-149
1.20353e-148
2.80407e-146
1.61269e-146
1.00618e-146
7.81738e-147
7.39487e-147
7.76563e-147
8.4082e-147
9.0023e-147
9.33569e-147
9.31299e-147
8.92433e-147
8.20073e-147
7.20807e-147
6.06881e-147
4.95788e-147
4.05697e-147
3.56291e-147
3.79595e-147
5.34669e-147
8.76744e-147
1.98571e-144
1.14022e-144
7.13715e-145
5.58309e-145
5.31495e-145
5.60529e-145
6.08488e-145
6.52399e-145
6.77125e-145
6.7599e-145
6.48353e-145
5.96399e-145
5.24758e-145
4.42134e-145
3.61201e-145
2.95333e-145
2.58832e-145
2.74883e-145
3.86621e-145
6.35432e-145
1.39857e-142
8.02098e-143
5.03883e-143
3.96929e-143
3.80252e-143
4.02678e-143
4.38192e-143
4.70416e-143
4.88638e-143
4.88202e-143
4.68654e-143
4.31537e-143
3.80106e-143
3.20517e-143
2.61888e-143
2.13992e-143
1.87173e-143
1.98138e-143
2.78196e-143
4.58134e-143
9.79587e-141
5.61303e-141
3.54025e-141
2.8088e-141
2.70764e-141
2.87873e-141
3.13973e-141
3.37471e-141
3.50822e-141
3.50789e-141
3.37036e-141
3.10656e-141
2.7392e-141
2.31177e-141
1.88947e-141
1.54314e-141
1.34718e-141
1.42136e-141
1.9917e-141
3.28541e-141
6.82233e-139
3.90707e-139
2.47496e-139
1.9781e-139
1.91872e-139
2.0478e-139
2.23824e-139
2.4085e-139
2.50578e-139
2.50755e-139
2.41133e-139
2.22481e-139
1.96374e-139
1.65884e-139
1.35639e-139
1.10734e-139
9.64971e-140
1.01463e-139
1.41855e-139
2.34313e-139
4.7239e-137
2.70479e-137
1.72144e-137
1.38629e-137
1.35298e-137
1.44939e-137
1.58739e-137
1.70997e-137
1.78042e-137
1.78311e-137
1.71616e-137
1.58496e-137
1.40044e-137
1.18416e-137
9.68749e-138
7.90654e-138
6.87802e-138
7.2066e-138
1.00499e-137
1.66173e-137
3.25167e-135
1.86209e-135
1.19114e-135
9.66705e-136
9.49269e-136
1.02062e-135
1.11996e-135
1.20764e-135
1.25833e-135
1.26124e-135
1.21494e-135
1.12314e-135
9.93438e-136
8.40869e-136
6.88311e-136
5.6166e-136
4.87779e-136
5.09246e-136
7.08167e-136
1.17179e-135
2.22493e-133
1.27471e-133
8.19871e-134
6.70695e-134
6.62632e-134
7.14981e-134
7.86033e-134
8.48369e-134
8.84604e-134
8.87349e-134
8.55499e-134
7.91624e-134
7.00945e-134
5.93928e-134
4.86489e-134
3.96924e-134
3.44144e-134
3.57982e-134
4.96283e-134
8.21548e-134
1.51325e-131
8.67655e-132
5.61322e-132
4.62919e-132
4.6016e-132
4.98251e-132
5.48755e-132
5.92808e-132
6.18548e-132
6.20942e-132
5.9915e-132
5.54947e-132
4.91905e-132
4.1726e-132
3.42015e-132
2.79026e-132
2.41536e-132
2.50324e-132
3.45878e-132
5.72662e-132
1.02299e-129
5.87206e-130
3.82241e-130
3.17841e-130
3.17885e-130
3.45391e-130
3.81073e-130
4.12025e-130
4.30191e-130
4.32169e-130
4.1734e-130
3.86921e-130
3.43338e-130
2.91564e-130
2.39159e-130
1.95106e-130
1.68625e-130
1.74111e-130
2.39722e-130
3.9686e-130
6.87381e-128
3.95131e-128
2.58885e-128
2.17079e-128
2.18444e-128
2.38161e-128
2.63222e-128
2.84847e-128
2.97592e-128
2.99161e-128
2.89123e-128
2.68305e-128
2.38346e-128
2.02635e-128
1.66339e-128
1.35697e-128
1.17097e-128
1.20454e-128
1.65229e-128
2.73432e-128
4.59088e-126
2.64365e-126
1.74385e-126
1.47472e-126
1.49314e-126
1.63351e-126
1.80851e-126
1.95876e-126
2.0477e-126
2.05978e-126
1.9922e-126
1.85045e-126
1.64567e-126
1.4007e-126
1.1507e-126
9.3872e-127
8.08779e-127
8.28846e-127
1.13256e-126
1.87304e-126
3.0478e-124
1.75869e-124
1.16827e-124
9.96492e-125
1.01518e-124
1.11444e-124
1.23599e-124
1.33983e-124
1.40156e-124
1.41065e-124
1.36539e-124
1.26936e-124
1.13014e-124
9.63018e-125
7.91769e-125
6.45888e-125
5.55605e-125
5.67261e-125
7.72062e-125
1.27572e-124
2.01138e-122
1.16337e-122
7.78439e-123
6.69752e-123
6.8653e-123
7.56269e-123
8.40218e-123
9.11653e-123
9.54263e-123
9.60976e-123
9.30811e-123
8.66096e-123
7.71975e-123
6.58567e-123
5.41883e-123
4.42013e-123
3.79625e-123
3.8615e-123
5.23448e-123
8.63982e-123
1.31963e-120
7.65262e-121
5.15902e-121
4.47764e-121
4.61821e-121
5.10491e-121
5.68139e-121
6.17016e-121
6.46298e-121
6.51216e-121
6.31203e-121
5.87837e-121
5.24543e-121
4.47974e-121
3.6888e-121
3.00867e-121
2.57991e-121
2.61459e-121
3.52979e-121
5.81871e-121
8.60793e-119
5.00604e-119
3.40086e-119
2.97782e-119
3.09032e-119
3.4277e-119
3.82127e-119
4.15386e-119
4.3539e-119
4.38982e-119
4.25823e-119
3.96916e-119
3.54552e-119
3.03114e-119
2.49769e-119
2.03695e-119
1.74393e-119
1.76093e-119
2.36757e-119
3.89727e-119
5.58291e-117
3.25676e-117
2.22998e-117
1.97004e-117
2.05709e-117
2.28939e-117
2.55655e-117
2.7817e-117
2.91772e-117
2.94376e-117
2.85782e-117
2.66621e-117
2.38409e-117
2.04013e-117
1.68215e-117
1.37171e-117
1.17258e-117
1.17975e-117
1.57965e-117
2.59619e-117
3.60048e-115
2.10716e-115
1.45451e-115
1.29653e-115
1.36214e-115
1.52105e-115
1.70144e-115
1.85307e-115
1.94517e-115
1.96396e-115
1.90803e-115
1.78174e-115
1.59474e-115
1.36581e-115
1.12687e-115
9.18844e-116
7.84277e-116
7.8625e-116
1.04843e-115
1.72023e-115
2.30892e-113
1.35593e-113
9.43721e-114
8.4887e-114
8.97276e-114
1.00527e-113
1.12644e-113
1.2281e-113
1.29009e-113
1.30351e-113
1.26736e-113
1.18449e-113
1.06107e-113
9.09515e-114
7.50917e-114
6.12268e-114
5.21829e-114
5.21287e-114
6.92249e-114
1.13379e-113
1.47236e-111
8.6779e-112
6.09112e-112
5.5292e-112
5.88008e-112
6.60936e-112
7.41873e-112
8.09674e-112
8.51203e-112
8.60701e-112
8.37499e-112
7.8332e-112
7.02252e-112
6.0249e-112
4.97787e-112
4.05868e-112
3.45413e-112
3.43831e-112
4.54698e-112
7.43346e-112
9.33628e-110
5.52364e-110
3.91093e-110
3.58308e-110
3.83356e-110
4.32291e-110
4.8605e-110
5.31024e-110
5.58722e-110
5.65415e-110
5.50582e-110
5.15321e-110
4.62356e-110
3.97029e-110
3.28262e-110
2.67652e-110
2.27462e-110
2.25616e-110
2.97111e-110
4.84799e-110
5.88685e-108
3.49673e-108
2.49801e-108
2.31005e-108
2.48645e-108
2.81278e-108
3.16788e-108
3.46464e-108
3.64852e-108
3.69512e-108
3.60073e-108
3.37267e-108
3.02843e-108
2.60274e-108
2.15339e-108
1.75589e-108
1.49015e-108
1.47281e-108
1.93128e-108
3.14508e-108
3.69085e-106
2.20149e-106
1.58723e-106
1.4817e-106
1.6044e-106
1.82074e-106
2.0541e-106
2.2488e-106
2.37018e-106
2.40215e-106
2.34258e-106
2.19592e-106
1.97336e-106
1.69741e-106
1.40529e-106
1.14595e-106
9.71204e-107
9.56484e-107
1.24883e-106
2.02951e-106
2.30084e-104
1.37843e-104
1.00327e-104
9.45522e-105
1.02991e-104
1.17247e-104
1.32504e-104
1.45212e-104
1.53169e-104
1.55351e-104
1.5161e-104
1.42227e-104
1.27918e-104
1.10121e-104
9.12321e-105
7.44022e-105
6.29722e-105
6.17965e-105
8.03318e-105
1.30268e-104
1.4261e-102
8.58338e-103
6.30855e-103
6.00286e-103
6.57715e-103
7.51058e-103
8.50248e-103
9.32797e-103
9.84686e-103
9.9947e-103
9.76116e-103
9.16382e-103
8.24868e-103
7.10679e-103
5.89189e-103
4.80558e-103
4.06202e-103
3.97189e-103
5.14025e-103
8.3169e-103
8.78831e-101
5.3154e-101
3.94619e-101
3.79159e-101
4.17852e-101
4.78577e-101
5.42668e-101
5.96015e-101
6.29754e-101
6.39674e-101
6.25185e-101
5.87355e-101
5.29112e-101
4.56231e-101
3.7851e-101
3.08769e-101
2.60663e-101
2.53962e-101
3.27176e-101
5.28136e-101
5.38438e-99
3.27346e-99
2.45562e-99
2.38265e-99
2.64089e-99
3.03338e-99
3.44512e-99
3.78799e-99
4.00597e-99
4.07266e-99
3.98312e-99
3.74482e-99
3.37617e-99
2.9134e-99
2.41887e-99
1.97356e-99
1.66402e-99
1.61538e-99
2.07141e-99
3.33561e-99
3.27965e-97
2.00474e-97
1.52008e-97
1.48958e-97
1.66039e-97
1.91248e-97
2.17542e-97
2.39468e-97
2.53467e-97
2.57896e-97
2.52419e-97
2.37499e-97
2.14283e-97
1.85063e-97
1.53769e-97
1.25487e-97
1.05675e-97
1.02212e-97
1.30443e-97
2.09523e-97
1.98592e-95
1.22088e-95
9.36033e-96
9.26444e-96
1.03847e-95
1.19942e-95
1.36637e-95
1.50572e-95
1.59518e-95
1.62431e-95
1.591e-95
1.49816e-95
1.35281e-95
1.16933e-95
9.7237e-96
7.93696e-96
6.67581e-96
6.43328e-96
8.17015e-96
1.30886e-95
1.1954e-93
7.39335e-94
5.73358e-94
5.73222e-94
6.46077e-94
7.48197e-94
8.53647e-94
9.41685e-94
9.98472e-94
1.01751e-93
9.97395e-94
9.39993e-94
8.49484e-94
7.34917e-94
6.11605e-94
4.99322e-94
4.19491e-94
4.02763e-94
5.08946e-94
8.13083e-94
7.1524e-92
4.45188e-92
3.49354e-92
3.52831e-92
3.99836e-92
4.64219e-92
5.30422e-92
5.85736e-92
6.21583e-92
6.33924e-92
6.21929e-92
5.86578e-92
5.30518e-92
4.59402e-92
3.826e-92
3.12434e-92
2.62191e-92
2.5081e-92
3.15309e-92
5.02275e-92
4.25356e-90
2.66542e-90
2.11739e-90
2.16042e-90
2.46137e-90
2.86477e-90
3.27794e-90
3.6233e-90
3.84854e-90
3.92818e-90
3.85677e-90
3.63997e-90
3.29502e-90
2.856e-90
2.38034e-90
1.94441e-90
1.63002e-90
1.55352e-90
1.94275e-90
3.08532e-90
2.5141e-88
1.58668e-88
1.27651e-88
1.31592e-88
1.50714e-88
1.75838e-88
2.01471e-88
2.22911e-88
2.36977e-88
2.42072e-88
2.37832e-88
2.24624e-88
2.03523e-88
1.76561e-88
1.47278e-88
1.20356e-88
1.00795e-88
9.57094e-89
1.19041e-88
1.88451e-88
1.47676e-86
9.39066e-87
7.65464e-87
7.97312e-87
9.17907e-87
1.07342e-86
1.23151e-86
1.36386e-86
1.45107e-86
1.48343e-86
1.45847e-86
1.37854e-86
1.25006e-86
1.08537e-86
9.06184e-87
7.40912e-87
6.19926e-87
5.8646e-87
7.25374e-87
1.14449e-86
8.61979e-85
5.52542e-85
4.56555e-85
4.80534e-85
5.56034e-85
6.51688e-85
7.48592e-85
8.29863e-85
8.83591e-85
9.03922e-85
8.89392e-85
8.41305e-85
7.63453e-85
6.63442e-85
5.54462e-85
4.53601e-85
3.79202e-85
3.57397e-85
4.3953e-85
6.91067e-85
4.99923e-83
3.23199e-83
2.70838e-83
2.88067e-83
3.35001e-83
3.93482e-83
4.52515e-83
5.02115e-83
5.35064e-83
5.47706e-83
5.39283e-83
5.10468e-83
4.63613e-83
4.0327e-83
3.37373e-83
2.76173e-83
2.30684e-83
2.1661e-83
2.64827e-83
4.14857e-83
2.88063e-81
1.87928e-81
1.59793e-81
1.71755e-81
2.00727e-81
2.36274e-81
2.72028e-81
3.02083e-81
3.22179e-81
3.29989e-81
3.25127e-81
3.0797e-81
2.7993e-81
2.43741e-81
2.0413e-81
1.67211e-81
1.3956e-81
1.30558e-81
1.58659e-81
2.47585e-81
1.64897e-79
1.08622e-79
9.37625e-80
1.01849e-79
1.19603e-79
1.41079e-79
1.62617e-79
1.80711e-79
1.92863e-79
1.97691e-79
1.94897e-79
1.84741e-79
1.68061e-79
1.46479e-79
1.22808e-79
1.00666e-79
8.396e-80
7.82549e-80
9.45121e-80
1.46884e-79
9.37671e-78
6.24071e-78
5.4717e-78
6.00653e-78
7.08673e-78
8.3757e-78
9.66546e-78
1.07489e-77
1.14782e-77
1.17747e-77
1.16158e-77
1.10178e-77
1.00319e-77
8.75237e-78
7.34613e-78
6.02596e-78
5.02276e-78
4.66445e-78
5.59785e-78
8.66231e-78
5.2961e-76
3.56393e-76
3.17567e-76
3.52306e-76
4.17567e-76
4.94407e-76
5.71101e-76
6.35638e-76
6.7917e-76
6.97171e-76
6.88262e-76
6.53317e-76
5.95315e-76
5.19925e-76
4.3691e-76
3.58674e-76
2.98799e-76
2.76485e-76
3.29658e-76
5.07793e-76
2.97087e-74
2.02292e-74
1.83293e-74
2.05502e-74
2.44656e-74
2.90168e-74
3.3547e-74
3.73658e-74
3.99527e-74
4.10386e-74
4.05406e-74
3.85114e-74
3.51183e-74
3.07048e-74
2.58349e-74
2.12282e-74
1.76762e-74
1.62978e-74
1.93021e-74
2.95877e-74
1.65492e-72
1.1412e-72
1.05205e-72
1.19199e-72
1.42526e-72
1.69314e-72
1.9591e-72
2.18356e-72
2.33643e-72
2.40146e-72
2.37381e-72
2.25658e-72
2.05945e-72
1.80274e-72
1.51881e-72
1.24923e-72
1.0398e-72
9.55314e-73
1.12363e-72
1.71348e-72
9.15351e-71
6.39823e-71
6.00465e-71
6.87493e-71
8.25498e-71
9.82167e-71
1.13734e-70
1.26846e-70
1.3582e-70
1.39689e-70
1.38175e-70
1.31434e-70
1.20057e-70
1.05223e-70
8.87687e-71
7.30888e-71
6.08176e-71
5.56805e-71
6.50281e-71
9.86173e-71
5.02661e-69
3.56509e-69
3.40796e-69
3.94263e-69
4.75348e-69
5.66421e-69
6.56367e-69
7.32424e-69
7.84771e-69
8.07707e-69
7.99424e-69
7.60931e-69
6.95745e-69
6.10545e-69
5.15768e-69
4.25118e-69
3.53668e-69
3.22687e-69
3.74123e-69
5.6402e-69
2.74031e-67
1.97419e-67
1.92331e-67
2.24807e-67
2.72118e-67
3.24726e-67
3.76541e-67
4.20386e-67
4.5068e-67
4.64172e-67
4.59685e-67
4.37894e-67
4.00792e-67
3.52142e-67
2.97885e-67
2.45808e-67
2.04474e-67
1.85939e-67
2.1397e-67
3.20529e-67
1.48294e-65
1.08648e-65
1.07934e-65
1.27446e-65
1.54859e-65
1.85046e-65
2.14699e-65
2.39835e-65
2.57252e-65
2.65102e-65
2.62726e-65
2.50466e-65
2.29461e-65
2.01859e-65
1.71008e-65
1.41286e-65
1.17529e-65
1.06528e-65
1.21647e-65
1.80982e-65
7.96538e-64
5.94267e-64
6.02315e-64
7.18364e-64
8.76094e-64
1.04817e-63
1.21671e-63
1.35972e-63
1.45937e-63
1.50485e-63
1.49235e-63
1.42373e-63
1.30553e-63
1.14997e-63
9.75749e-64
8.07252e-64
6.71602e-64
6.06802e-64
6.87453e-64
1.01521e-63
4.24626e-62
3.23058e-62
3.34244e-62
4.02595e-62
4.92731e-62
5.90152e-62
6.85286e-62
7.66081e-62
8.22657e-62
8.48883e-62
8.42452e-62
8.04276e-62
7.38189e-62
6.51072e-62
5.53327e-62
4.58458e-62
3.81511e-62
3.43629e-62
3.86137e-62
5.65685e-62
2.24632e-60
1.74556e-60
1.84449e-60
2.24328e-60
2.75485e-60
3.3028e-60
3.83587e-60
4.28919e-60
4.60825e-60
4.75829e-60
4.72603e-60
4.5151e-60
4.14793e-60
3.663e-60
3.11845e-60
2.58786e-60
2.1542e-60
1.93443e-60
2.15553e-60
3.13053e-60
1.17912e-58
9.37479e-59
1.01219e-58
1.24271e-58
1.53107e-58
1.83735e-58
2.13401e-58
2.38633e-58
2.565e-58
2.65046e-58
2.63432e-58
2.51874e-58
2.31601e-58
2.04797e-58
1.74656e-58
1.4517e-58
1.20893e-58
1.0824e-58
1.19572e-58
1.72029e-58
6.14069e-57
5.00488e-57
5.52372e-57
6.84422e-57
8.45844e-57
1.01594e-56
1.17998e-56
1.31951e-56
1.41866e-56
1.46685e-56
1.45889e-56
1.39609e-56
1.28491e-56
1.1378e-56
9.72017e-57
8.09225e-57
6.74216e-57
6.01921e-57
6.59038e-57
9.38486e-57
3.1727e-55
2.6563e-55
2.99774e-55
3.74749e-55
4.64497e-55
5.58364e-55
6.48465e-55
7.25118e-55
7.79733e-55
8.06549e-55
8.02709e-55
7.68728e-55
7.08276e-55
6.28077e-55
5.37496e-55
4.48206e-55
3.73622e-55
3.32621e-55
3.60845e-55
5.08138e-55
1.62624e-53
1.40178e-53
1.618e-53
2.04001e-53
2.53561e-53
3.05035e-53
3.54196e-53
3.9597e-53
4.25844e-53
4.40626e-53
4.3879e-53
4.20515e-53
3.87874e-53
3.44439e-53
2.95275e-53
2.46618e-53
2.05693e-53
1.82611e-53
1.96229e-53
2.72974e-53
8.27004e-52
7.35692e-52
8.68619e-52
1.10414e-51
1.37596e-51
1.65644e-51
1.92299e-51
2.14886e-51
2.31061e-51
2.39148e-51
2.38273e-51
2.28535e-51
2.11008e-51
1.8763e-51
1.61118e-51
1.34782e-51
1.12478e-51
9.95785e-52
1.05953e-51
1.45436e-51
4.17308e-50
3.84097e-50
4.63871e-50
5.94225e-50
7.42297e-50
8.94142e-50
1.03773e-49
1.15906e-49
1.2458e-49
1.28939e-49
1.28525e-49
1.23362e-49
1.14011e-49
1.01513e-49
8.73127e-50
7.31521e-50
6.10773e-50
5.39167e-50
5.67801e-50
7.68087e-50
2.08999e-48
1.99558e-48
2.46464e-48
3.18021e-48
3.98135e-48
4.79795e-48
5.56625e-48
6.21351e-48
6.67537e-48
6.90706e-48
6.88595e-48
6.61308e-48
6.11746e-48
5.45387e-48
4.69824e-48
3.94184e-48
3.29233e-48
2.89737e-48
3.01838e-48
4.0184e-48
1.03935e-46
1.03224e-46
1.30314e-46
1.69278e-46
2.12329e-46
2.55946e-46
2.96765e-46
3.31036e-46
3.5544e-46
3.67641e-46
3.66474e-46
3.52068e-46
3.2593e-46
2.90906e-46
2.50949e-46
2.10803e-46
1.76088e-46
1.54434e-46
1.59047e-46
2.08078e-46
5.13592e-45
5.31919e-45
6.8589e-45
8.96332e-45
1.12612e-44
1.35746e-44
1.57274e-44
1.75275e-44
1.88054e-44
1.94412e-44
1.93746e-44
1.86138e-44
1.72402e-44
1.54015e-44
1.33009e-44
1.11831e-44
9.33868e-45
8.15818e-45
8.29894e-45
1.06525e-44
2.52446e-43
2.73275e-43
3.59531e-43
4.72293e-43
5.9409e-43
7.15903e-43
8.2857e-43
9.2231e-43
9.88559e-43
1.02122e-42
1.01725e-42
9.77144e-43
9.05208e-43
8.0911e-43
6.99258e-43
5.8816e-43
4.90716e-43
4.26681e-43
4.28267e-43
5.38421e-43
1.23622e-41
1.40115e-41
1.87805e-41
2.47763e-41
3.11855e-41
3.75504e-41
4.33976e-41
4.82332e-41
5.16281e-41
5.3276e-41
5.30274e-41
5.09142e-41
4.71604e-41
4.21596e-41
3.64419e-41
3.06441e-41
2.55229e-41
2.2065e-41
2.18219e-41
2.68209e-41
6.04506e-40
7.17941e-40
9.78409e-40
1.29481e-39
1.62951e-39
1.95932e-39
2.25996e-39
2.50671e-39
2.67829e-39
2.75957e-39
2.7434e-39
2.63183e-39
2.43645e-39
2.17726e-39
1.88105e-39
1.58006e-39
1.3123e-39
1.12634e-39
1.09562e-39
1.31387e-39
2.96184e-38
3.68273e-38
5.08896e-38
6.74579e-38
8.47923e-38
1.01721e-37
1.17012e-37
1.29441e-37
1.37965e-37
1.41853e-37
1.40776e-37
1.34863e-37
1.2471e-37
1.11325e-37
9.60552e-38
8.05153e-38
6.65914e-38
5.66337e-38
5.40576e-38
6.31186e-38
1.46126e-36
1.89538e-36
2.64611e-36
3.50632e-36
4.39548e-36
5.25466e-36
6.02219e-36
6.63817e-36
7.05245e-36
7.23056e-36
7.1581e-36
6.84314e-36
6.31617e-36
5.6277e-36
4.84476e-36
4.04736e-36
3.32761e-36
2.79719e-36
2.61222e-36
2.96329e-36
7.31357e-35
9.81314e-35
1.3774e-34
1.81939e-34
2.26995e-34
2.69977e-34
3.07851e-34
3.37745e-34
3.57301e-34
3.6495e-34
3.60106e-34
3.43258e-34
3.15959e-34
2.8072e-34
2.40839e-34
2.00221e-34
1.63285e-34
1.35236e-34
1.23095e-34
1.35364e-34
3.75714e-33
5.12459e-33
7.18366e-33
9.42235e-33
1.16675e-32
1.37763e-32
1.56032e-32
1.7014e-32
1.79016e-32
1.81975e-32
1.78801e-32
1.69784e-32
1.55707e-32
1.378e-32
1.17664e-32
9.71686e-33
7.83946e-33
6.37194e-33
5.62581e-33
5.98372e-33
2.02138e-31
2.70216e-31
3.74814e-31
4.85771e-31
5.94971e-31
6.95661e-31
7.81123e-31
8.45315e-31
8.83546e-31
8.92968e-31
8.72909e-31
8.25e-31
7.53119e-31
6.63187e-31
5.62796e-31
4.60733e-31
3.66587e-31
2.91016e-31
2.47675e-31
2.5424e-31
4.24895e-14
5.35751e-14
5.66591e-14
5.26897e-14
4.56633e-14
3.83945e-14
3.22373e-14
2.75573e-14
2.42358e-14
2.19982e-14
2.05583e-14
1.96531e-14
1.90286e-14
1.84122e-14
1.74967e-14
1.59563e-14
1.35133e-14
1.00972e-14
6.14014e-15
2.93283e-15
6.1563e-14
8.66787e-14
9.99836e-14
9.90379e-14
8.99473e-14
7.82919e-14
6.74403e-14
5.87902e-14
5.25468e-14
4.84039e-14
4.59121e-14
4.45997e-14
4.39647e-14
4.34106e-14
4.21978e-14
3.94692e-14
3.43998e-14
2.65706e-14
1.67711e-14
8.29569e-15
9.51473e-14
1.4437e-13
1.76818e-13
1.83501e-13
1.72919e-13
1.54871e-13
1.36338e-13
1.20874e-13
1.09546e-13
1.02169e-13
9.80983e-14
9.65377e-14
9.65541e-14
9.69202e-14
9.5968e-14
9.1615e-14
8.16852e-14
6.47393e-14
4.20247e-14
2.13214e-14
1.56089e-13
2.48614e-13
3.16762e-13
3.39642e-13
3.28978e-13
3.01278e-13
2.69914e-13
2.42642e-13
2.22435e-13
2.0957e-13
2.03192e-13
2.0201e-13
2.04359e-13
2.0783e-13
2.08846e-13
2.02645e-13
1.8396e-13
1.48791e-13
9.87578e-14
5.11228e-14
2.67728e-13
4.40239e-13
5.75548e-13
6.30988e-13
6.23432e-13
5.8063e-13
5.27337e-13
4.79324e-13
4.43475e-13
4.21228e-13
4.11547e-13
4.12373e-13
4.20818e-13
4.32309e-13
4.39473e-13
4.31926e-13
3.97688e-13
3.26898e-13
2.20922e-13
1.16297e-13
4.73693e-13
7.95465e-13
1.0575e-12
1.17677e-12
1.1792e-12
1.11208e-12
1.02066e-12
9.35829e-13
8.72199e-13
8.33771e-13
8.19442e-13
8.25957e-13
8.48377e-13
8.78225e-13
9.00753e-13
8.94148e-13
8.32431e-13
6.93106e-13
4.75418e-13
2.53943e-13
8.55645e-13
1.45632e-12
1.95691e-12
2.19931e-12
2.22598e-12
2.11885e-12
1.96037e-12
1.80975e-12
1.69652e-12
1.62998e-12
1.60922e-12
1.62914e-12
1.68133e-12
1.75035e-12
1.80736e-12
1.80785e-12
1.69758e-12
1.42796e-12
9.91671e-13
5.36682e-13
1.56594e-12
2.68617e-12
3.63339e-12
4.11028e-12
4.18956e-12
4.01556e-12
3.73837e-12
3.46993e-12
3.26802e-12
3.15237e-12
3.12291e-12
3.17159e-12
3.28432e-12
3.43315e-12
3.56265e-12
3.58419e-12
3.38781e-12
2.8729e-12
2.01612e-12
1.10437e-12
2.88729e-12
4.97032e-12
6.74769e-12
7.6657e-12
7.85241e-12
7.56551e-12
7.0777e-12
6.59849e-12
6.23824e-12
6.03668e-12
5.99578e-12
6.10287e-12
6.33454e-12
6.64067e-12
6.91595e-12
6.98721e-12
6.63736e-12
5.6649e-12
4.01132e-12
2.22244e-12
5.34065e-12
9.19587e-12
1.25037e-11
1.42419e-11
1.46396e-11
1.41607e-11
1.32995e-11
1.24446e-11
1.18028e-11
1.14513e-11
1.13962e-11
1.16176e-11
1.20772e-11
1.2685e-11
1.32432e-11
1.34196e-11
1.2795e-11
1.09769e-11
7.8341e-12
4.38806e-12
9.87862e-12
1.69707e-11
2.30749e-11
2.63207e-11
2.71217e-11
2.63154e-11
2.47941e-11
2.32727e-11
2.21336e-11
2.15217e-11
2.14514e-11
2.18916e-11
2.27781e-11
2.39493e-11
2.50407e-11
2.54254e-11
2.43085e-11
2.0943e-11
1.50522e-11
8.52122e-12
1.82286e-11
3.11831e-11
4.23488e-11
4.83344e-11
4.98918e-11
4.85267e-11
4.58435e-11
4.31468e-11
4.11368e-11
4.00763e-11
3.99953e-11
4.08438e-11
4.251e-11
4.47119e-11
4.67869e-11
4.7567e-11
4.55702e-11
3.94016e-11
2.85013e-11
1.63046e-11
3.34943e-11
5.69718e-11
7.72106e-11
8.81229e-11
9.1074e-11
8.87561e-11
8.40407e-11
7.92897e-11
7.57677e-11
7.39347e-11
7.38569e-11
7.5441e-11
7.85104e-11
8.25704e-11
8.64284e-11
8.79374e-11
8.43749e-11
7.31782e-11
5.32517e-11
3.07813e-11
6.11996e-11
1.03388e-10
1.39731e-10
1.59409e-10
1.64887e-10
1.60952e-10
1.52711e-10
1.444e-10
1.38272e-10
1.35119e-10
1.3506e-10
1.37946e-10
1.43498e-10
1.5086e-10
1.57904e-10
1.6073e-10
1.54398e-10
1.34273e-10
9.82675e-11
5.73928e-11
1.11076e-10
1.86212e-10
2.50847e-10
2.85954e-10
2.95951e-10
2.89283e-10
2.74981e-10
2.60557e-10
2.49975e-10
2.44585e-10
2.44567e-10
2.49697e-10
2.59576e-10
2.72736e-10
2.85388e-10
2.90544e-10
2.79355e-10
2.43543e-10
1.79216e-10
1.0576e-10
2.00093e-10
3.32659e-10
4.46487e-10
5.08457e-10
5.26427e-10
5.1519e-10
4.90582e-10
4.65757e-10
4.47599e-10
4.38367e-10
4.38434e-10
4.47438e-10
4.64766e-10
4.87947e-10
5.10341e-10
5.1954e-10
4.99904e-10
4.36819e-10
3.23172e-10
1.92703e-10
3.57528e-10
5.89165e-10
7.87622e-10
8.95854e-10
9.27738e-10
9.08976e-10
8.67007e-10
8.24537e-10
7.93538e-10
7.77851e-10
7.78052e-10
7.93652e-10
8.23695e-10
8.63999e-10
9.03065e-10
9.19138e-10
8.84933e-10
7.7495e-10
5.76374e-10
3.47286e-10
6.33336e-10
1.03407e-09
1.37654e-09
1.56356e-09
1.61944e-09
1.58842e-09
1.51753e-09
1.44545e-09
1.39274e-09
1.36622e-09
1.36681e-09
1.39344e-09
1.44487e-09
1.51417e-09
1.58136e-09
1.60888e-09
1.54979e-09
1.36005e-09
1.01689e-09
6.19158e-10
1.1118e-09
1.79803e-09
2.38287e-09
2.70254e-09
2.79924e-09
2.74847e-09
2.63001e-09
2.50882e-09
2.41992e-09
2.3753e-09
2.37631e-09
2.42143e-09
2.50856e-09
2.6261e-09
2.74027e-09
2.78662e-09
2.68538e-09
2.36148e-09
1.77496e-09
1.09215e-09
1.93349e-09
3.09645e-09
4.08462e-09
4.62508e-09
4.79042e-09
4.7081e-09
4.51204e-09
4.31009e-09
4.16174e-09
4.08748e-09
4.08919e-09
4.16423e-09
4.31031e-09
4.50754e-09
4.69881e-09
4.77562e-09
4.60378e-09
4.05674e-09
3.06532e-09
1.90613e-09
3.3302e-09
5.28028e-09
6.93205e-09
7.83584e-09
8.11518e-09
7.98268e-09
7.6604e-09
7.3277e-09
7.0834e-09
6.96059e-09
6.96375e-09
7.08797e-09
7.32946e-09
7.65634e-09
7.97255e-09
8.09766e-09
7.80888e-09
6.89503e-09
5.23769e-09
3.29172e-09
5.67962e-09
8.91447e-09
1.16454e-08
1.314e-08
1.36062e-08
1.33943e-08
1.28686e-08
1.23268e-08
1.19305e-08
1.17303e-08
1.1733e-08
1.19382e-08
1.23339e-08
1.28681e-08
1.3384e-08
1.35849e-08
1.31045e-08
1.15946e-08
8.85485e-09
5.62466e-09
9.58971e-09
1.4897e-08
1.9362e-08
2.18057e-08
2.2574e-08
2.22382e-08
2.13906e-08
2.05194e-08
1.98804e-08
1.95571e-08
1.95608e-08
1.98935e-08
2.05347e-08
2.1398e-08
2.22294e-08
2.25475e-08
2.17568e-08
1.92896e-08
1.48112e-08
9.50966e-09
1.60267e-08
2.46364e-08
3.18537e-08
3.5803e-08
3.70542e-08
3.65293e-08
3.51827e-08
3.37974e-08
3.27725e-08
3.22522e-08
3.22619e-08
3.27961e-08
3.38215e-08
3.52003e-08
3.65243e-08
3.70218e-08
3.57346e-08
3.17479e-08
2.45099e-08
1.59076e-08
2.65063e-08
4.03137e-08
5.18446e-08
5.81526e-08
6.01666e-08
5.93607e-08
5.72516e-08
5.50684e-08
5.34426e-08
5.26178e-08
5.26335e-08
5.34819e-08
5.51047e-08
5.72808e-08
5.93617e-08
6.01286e-08
5.80569e-08
5.16884e-08
4.0124e-08
2.63254e-08
4.33746e-08
6.52597e-08
8.34665e-08
9.34248e-08
9.66313e-08
9.54158e-08
9.21515e-08
8.87507e-08
8.62065e-08
8.4913e-08
8.49331e-08
8.62642e-08
8.88006e-08
9.2197e-08
9.54273e-08
9.65879e-08
9.32915e-08
8.32368e-08
6.4974e-08
4.30966e-08
7.02147e-08
1.04494e-07
1.32901e-07
1.48439e-07
1.53489e-07
1.51684e-07
1.46693e-07
1.41465e-07
1.3754e-07
1.35536e-07
1.35542e-07
1.37595e-07
1.41521e-07
1.46761e-07
1.51718e-07
1.53446e-07
1.48259e-07
1.3257e-07
1.04067e-07
6.97865e-08
1.12423e-07
1.65473e-07
2.09264e-07
2.3322e-07
2.41086e-07
2.38451e-07
2.30928e-07
2.22994e-07
2.17013e-07
2.13929e-07
2.13901e-07
2.17021e-07
2.23022e-07
2.31008e-07
2.38531e-07
2.41066e-07
2.32998e-07
2.08806e-07
1.64848e-07
1.11771e-07
1.78013e-07
2.59116e-07
3.25802e-07
3.62296e-07
3.74408e-07
3.7063e-07
3.59458e-07
3.47581e-07
3.38544e-07
3.33816e-07
3.33798e-07
3.38489e-07
3.47526e-07
3.59525e-07
3.70791e-07
3.74466e-07
3.62069e-07
3.25213e-07
2.58234e-07
1.77041e-07
2.78709e-07
4.01176e-07
5.01478e-07
5.56399e-07
5.74836e-07
5.69545e-07
5.53194e-07
5.35596e-07
5.22088e-07
5.15034e-07
5.15022e-07
5.21961e-07
5.35404e-07
5.53211e-07
5.69829e-07
5.75069e-07
5.56265e-07
5.00805e-07
3.99994e-07
2.77306e-07
4.31415e-07
6.14039e-07
7.63025e-07
8.44663e-07
8.72412e-07
8.65179e-07
8.4156e-07
8.1583e-07
7.95984e-07
7.85606e-07
7.85509e-07
7.95667e-07
8.15386e-07
8.415e-07
8.65662e-07
8.73001e-07
8.44835e-07
7.62416e-07
6.12565e-07
4.29473e-07
6.60122e-07
9.29017e-07
1.14753e-06
1.26737e-06
1.30865e-06
1.29899e-06
1.26531e-06
1.22834e-06
1.19973e-06
1.18455e-06
1.1842e-06
1.19892e-06
1.2274e-06
1.26511e-06
1.29983e-06
1.30996e-06
1.26828e-06
1.14732e-06
9.27378e-07
6.57594e-07
9.98346e-07
1.38921e-06
1.70559e-06
1.87929e-06
1.93996e-06
1.92743e-06
1.88016e-06
1.82784e-06
1.78718e-06
1.76535e-06
1.76466e-06
1.78558e-06
1.82612e-06
1.8797e-06
1.92887e-06
1.94261e-06
1.88169e-06
1.70641e-06
1.38774e-06
9.95336e-07
1.49216e-06
2.05299e-06
2.50514e-06
2.75367e-06
2.84174e-06
2.82603e-06
2.76071e-06
2.68776e-06
2.63068e-06
2.60005e-06
2.59914e-06
2.62837e-06
2.68513e-06
2.76006e-06
2.82853e-06
2.84665e-06
2.75868e-06
2.50797e-06
2.05231e-06
1.48901e-06
2.20392e-06
2.998e-06
3.63571e-06
3.98674e-06
4.11299e-06
4.09405e-06
4.00522e-06
3.90495e-06
3.82617e-06
3.7841e-06
3.78302e-06
3.82353e-06
3.90177e-06
4.00482e-06
4.09852e-06
4.12147e-06
3.9959e-06
3.64198e-06
2.9991e-06
2.20122e-06
3.2165e-06
4.32581e-06
5.21332e-06
5.70265e-06
5.88134e-06
5.8595e-06
5.7408e-06
5.60524e-06
5.49827e-06
5.44133e-06
5.44042e-06
5.49566e-06
5.60219e-06
5.74168e-06
5.86741e-06
5.89502e-06
5.71779e-06
5.2248e-06
4.33004e-06
3.21515e-06
4.63813e-06
6.16682e-06
7.38538e-06
8.05848e-06
8.30805e-06
8.28451e-06
8.12867e-06
7.94831e-06
7.80566e-06
7.72992e-06
7.72945e-06
7.80382e-06
7.94651e-06
8.13214e-06
8.29758e-06
8.32887e-06
8.08171e-06
7.40413e-06
6.17585e-06
4.63933e-06
6.60745e-06
8.68511e-06
1.03354e-05
1.12488e-05
1.15927e-05
1.157e-05
1.13686e-05
1.11327e-05
1.09465e-05
1.08481e-05
1.08482e-05
1.09468e-05
1.11339e-05
1.13763e-05
1.15899e-05
1.16228e-05
1.12825e-05
1.03637e-05
8.7009e-06
6.61269e-06
9.29846e-06
1.20827e-05
1.42865e-05
1.55091e-05
1.59769e-05
1.59594e-05
1.57035e-05
1.5401e-05
1.51636e-05
1.50383e-05
1.50386e-05
1.51662e-05
1.54074e-05
1.57178e-05
1.59878e-05
1.60184e-05
1.55557e-05
1.43272e-05
1.21075e-05
9.30937e-06
1.29249e-05
1.6603e-05
1.95042e-05
2.11176e-05
2.17456e-05
2.1741e-05
2.14233e-05
2.10433e-05
2.07455e-05
2.05882e-05
2.05888e-05
2.07508e-05
2.10566e-05
2.14468e-05
2.17799e-05
2.18007e-05
2.118e-05
1.956e-05
1.66394e-05
1.29429e-05
1.77432e-05
2.25318e-05
2.62959e-05
2.83952e-05
2.92272e-05
2.92479e-05
2.88639e-05
2.83955e-05
2.80259e-05
2.78314e-05
2.7834e-05
2.80357e-05
2.84168e-05
2.88987e-05
2.92997e-05
2.92986e-05
2.84761e-05
2.63699e-05
2.25825e-05
1.77698e-05
2.40541e-05
3.01965e-05
3.5009e-05
3.77017e-05
3.87896e-05
3.88529e-05
3.84017e-05
3.78343e-05
3.73818e-05
3.71446e-05
3.71499e-05
3.73998e-05
3.78672e-05
3.84499e-05
3.89205e-05
3.88803e-05
3.78044e-05
3.51044e-05
3.0264e-05
2.40907e-05
3.22005e-05
3.99617e-05
4.60236e-05
4.94275e-05
5.08308e-05
5.09594e-05
5.04424e-05
4.97678e-05
4.92282e-05
4.89415e-05
4.89488e-05
4.92561e-05
4.98199e-05
5.05093e-05
5.10471e-05
5.09451e-05
4.95563e-05
4.61438e-05
4.00487e-05
3.22486e-05
4.25623e-05
5.22201e-05
5.97411e-05
6.39812e-05
6.57645e-05
6.5986e-05
6.54101e-05
6.4627e-05
6.39963e-05
6.36596e-05
6.36732e-05
6.40401e-05
6.47051e-05
6.55053e-05
6.61011e-05
6.59075e-05
6.41398e-05
5.98895e-05
5.2329e-05
4.26232e-05
5.55459e-05
6.73785e-05
7.65674e-05
8.17703e-05
8.40024e-05
8.43507e-05
8.3731e-05
8.28457e-05
8.21205e-05
8.17377e-05
8.17635e-05
8.21908e-05
8.29567e-05
8.38638e-05
8.45008e-05
8.41782e-05
8.19616e-05
7.67468e-05
6.75114e-05
5.56207e-05
7.1568e-05
8.58386e-05
9.68913e-05
0.000103179
0.00010593
0.000106447
0.000105809
0.000104834
0.000104016
0.00010359
0.000103627
0.000104118
0.000104982
0.000105985
0.000106638
0.000106143
0.000103406
9.71047e-05
8.59978e-05
7.16588e-05
9.10369e-05
0.000107974
0.000121059
0.000128539
0.00013188
0.000132613
0.000131994
0.000130948
0.000130046
0.000129577
0.000129621
0.000130172
0.000131126
0.000132208
0.000132848
0.000132134
0.000128806
0.00012131
0.000108163
9.11473e-05
0.000114328
0.000134103
0.000149348
0.000158107
0.000162099
0.0001631
0.000162538
0.000161448
0.000160484
0.000159968
0.000160013
0.000160615
0.000161641
0.000162777
0.000163373
0.000162397
0.000158418
0.000149641
0.000134326
0.000114463
0.000141755
0.000164463
0.000181936
0.000192028
0.000196721
0.000198036
0.000197573
0.000196468
0.000195458
0.000194906
0.000194948
0.000195582
0.000196663
0.000197824
0.000198338
0.000197059
0.000192383
0.000182272
0.000164724
0.000141923
0.000173546
0.000199177
0.000218875
0.000230314
0.000235736
0.000237402
0.000237068
0.000235981
0.000234944
0.000234361
0.000234402
0.000235064
0.000236174
0.000237324
0.000237721
0.000236105
0.000230706
0.00021925
0.000199476
0.000173751
0.000209806
0.000238232
0.000260063
0.00027281
0.000278962
0.000280996
0.00028082
0.000279781
0.000278734
0.000278133
0.000278174
0.000278853
0.00027997
0.000281079
0.000281324
0.000279348
0.000273227
0.000260466
0.000238562
0.000210046
0.00025049
0.000281446
0.000305223
0.000319183
0.00032603
0.000328435
0.00032844
0.000327466
0.000326431
0.000325831
0.000325873
0.000326548
0.000327656
0.000328697
0.000328763
0.000326418
0.000319605
0.000305637
0.000281797
0.000250756
0.000295372
0.000328459
0.000353889
0.000368904
0.000376382
0.000379147
0.000379343
0.000378462
0.000377461
0.000376864
0.000376904
0.000377572
0.000378646
0.000379592
0.000379463
0.000376756
0.000369315
0.000354297
0.000328812
0.000295651
0.00034403
0.000378721
0.000405415
0.000421264
0.000429273
0.000432373
0.000432775
0.000432014
0.000431068
0.000430487
0.000430523
0.000431171
0.000432183
0.000433006
0.000432666
0.000429621
0.000421647
0.000405798
0.00037906
0.000344304
0.000395832
0.000431518
0.000458995
0.0004754
0.000483805
0.000487199
0.00048782
0.000487209
0.000486351
0.000485814
0.000485845
0.000486443
0.000487359
0.000488027
0.000487463
0.000484118
0.000475744
0.000459339
0.000431828
0.000396076
0.000449963
0.000485977
0.0005137
0.000530342
0.000538982
0.00054261
0.000543448
0.000543017
0.000542287
0.000541815
0.000541841
0.000542365
0.000543146
0.000543629
0.000542839
0.000539253
0.000530639
0.000513995
0.000486241
0.000450151
0.000505478
0.000541104
0.000568524
0.000585065
0.000593758
0.00059754
0.000598579
0.000598342
0.000597761
0.000597364
0.000597386
0.000597826
0.000598452
0.000598732
0.000597734
0.000593985
0.00058531
0.000568762
0.000541306
0.000505592
0.000561357
0.000595857
0.000622438
0.000638539
0.000647097
0.000650941
0.000652141
0.000652086
0.000651651
0.000651333
0.000651351
0.000651706
0.000652177
0.000652267
0.0006511
0.000647281
0.000638733
0.000622618
0.000595993
0.000561382
0.000616529
0.000649222
0.000674448
0.00068979
0.000698027
0.000701828
0.000703132
0.00070323
0.000702928
0.000702682
0.000702697
0.000702972
0.000703304
0.000703233
0.000701954
0.000698169
0.000689933
0.000674569
0.000649284
0.000616469
0.000669912
0.000700244
0.000723646
0.000737942
0.000745684
0.00074934
0.000750687
0.0007509
0.000750709
0.000750528
0.00075054
0.000750745
0.000750958
0.000750766
0.000749436
0.000745788
0.000738039
0.000723713
0.000700237
0.000669791
0.000720496
0.000748035
0.000769256
0.000782265
0.000789367
0.000792786
0.000794117
0.000794409
0.000794307
0.00079418
0.000794189
0.000794335
0.000794454
0.000794177
0.000792856
0.000789439
0.000782324
0.000769278
0.000747982
0.000720339
0.00076741
0.00079186
0.000810662
0.000822214
0.000828569
0.00083168
0.000832945
0.000833279
0.000833246
0.000833162
0.00083317
0.000833268
0.000833313
0.000832989
0.000831729
0.000828616
0.000822245
0.000810654
0.000791781
0.00076724
0.000809975
0.000831181
0.000847448
0.000857458
0.000862998
0.00086575
0.000866909
0.000867258
0.000867273
0.000867223
0.000867228
0.000867289
0.000867283
0.000866941
0.000865783
0.000863027
0.000857468
0.000847422
0.000831093
0.000809807
0.000847729
0.000865682
0.000879413
0.00088787
0.000892576
0.000894942
0.00089597
0.000896307
0.000896353
0.000896328
0.000896332
0.000896364
0.000896325
0.000895991
0.000894965
0.000892592
0.00088787
0.00087938
0.000865596
0.000847575
0.000880444
0.000895267
0.000906565
0.000913529
0.00091742
0.000919398
0.000920278
0.000920587
0.000920648
0.00092064
0.000920643
0.000920656
0.0009206
0.000920293
0.000919412
0.000917428
0.000913522
0.000906532
0.00089519
0.000880312
0.000908118
0.000920042
0.000929098
0.00093468
0.000937812
0.000939418
0.000940147
0.000940417
0.000940483
0.000940485
0.000940487
0.000940489
0.000940426
0.000940157
0.000939427
0.000937815
0.000934672
0.000929069
0.000919978
0.000908009
0.000930952
0.00094029
0.000947354
0.000951708
0.000954158
0.000955425
0.00095601
0.000956236
0.000956298
0.000956306
0.000956308
0.000956303
0.000956242
0.000956017
0.000955431
0.00095416
0.0009517
0.00094733
0.000940238
0.000930866
0.000949313
0.000956426
0.000961785
0.000965086
0.000966949
0.000967919
0.000968373
0.000968555
0.00096861
0.00096862
0.000968621
0.000968613
0.000968559
0.000968378
0.000967923
0.00096695
0.00096508
0.000961766
0.000956387
0.000949247
0.000963689
0.000968955
0.000972905
0.000975337
0.000976713
0.000977433
0.000977775
0.000977915
0.00097796
0.00097797
0.000977971
0.000977962
0.000977918
0.000977778
0.000977436
0.000976713
0.000975332
0.000972891
0.000968926
0.000963642
0.000974642
0.000978426
0.000981253
0.000982993
0.000983978
0.000984497
0.000984746
0.00098485
0.000984885
0.000984894
0.000984895
0.000984887
0.000984852
0.000984748
0.000984499
0.000983978
0.000982989
0.000981244
0.000978407
0.000974608
0.000982753
0.000985392
0.000987354
0.00098856
0.000989245
0.000989608
0.000989783
0.000989857
0.000989884
0.000989891
0.000989891
0.000989885
0.000989859
0.000989784
0.000989609
0.000989245
0.000988558
0.000987348
0.000985378
0.00098273
0.000988587
0.00099037
0.000991691
0.000992502
0.000992963
0.000993208
0.000993327
0.000993379
0.000993398
0.000993403
0.000993403
0.000993398
0.00099338
0.000993328
0.000993208
0.000992963
0.0009925
0.000991686
0.000990362
0.000988572
0.00099266
0.000993827
0.000994687
0.000995215
0.000995515
0.000995675
0.000995754
0.000995789
0.000995801
0.000995805
0.000995805
0.000995802
0.000995789
0.000995755
0.000995676
0.000995515
0.000995214
0.000994684
0.000993821
0.00099265
0.000995416
0.000996155
0.000996697
0.000997029
0.000997219
0.00099732
0.00099737
0.000997392
0.000997401
0.000997404
0.000997404
0.000997401
0.000997393
0.000997371
0.000997321
0.000997219
0.000997029
0.000996695
0.000996151
0.00099541
0.000997223
0.000997675
0.000998005
0.000998208
0.000998323
0.000998385
0.000998416
0.00099843
0.000998435
0.000998437
0.000998437
0.000998435
0.00099843
0.000998416
0.000998386
0.000998323
0.000998208
0.000998004
0.000997673
0.00099722
0.00099837
0.000998637
0.000998831
0.00099895
0.000999018
0.000999055
0.000999073
0.000999081
0.000999085
0.000999086
0.000999086
0.000999085
0.000999081
0.000999073
0.000999055
0.000999018
0.00099895
0.000998831
0.000998636
0.000998368
0.000999074
0.000999226
0.000999336
0.000999404
0.000999442
0.000999463
0.000999474
0.000999478
0.00099948
0.000999481
0.000999481
0.00099948
0.000999478
0.000999474
0.000999463
0.000999442
0.000999404
0.000999336
0.000999225
0.000999073
0.000999491
0.000999574
0.000999635
0.000999672
0.000999693
0.000999704
0.00099971
0.000999713
0.000999714
0.000999714
0.000999714
0.000999714
0.000999713
0.00099971
0.000999704
0.000999693
0.000999672
0.000999635
0.000999574
0.000999491
0.00099973
0.000999774
0.000999806
0.000999825
0.000999836
0.000999842
0.000999845
0.000999847
0.000999847
0.000999848
0.000999848
0.000999847
0.000999847
0.000999845
0.000999842
0.000999836
0.000999825
0.000999806
0.000999774
0.00099973
0.000999862
0.000999884
0.0009999
0.00099991
0.000999916
0.000999919
0.00099992
0.000999921
0.000999921
0.000999921
0.000999921
0.000999921
0.000999921
0.00099992
0.000999919
0.000999916
0.00099991
0.0009999
0.000999884
0.000999862
0.000999932
0.000999943
0.00099995
0.000999955
0.000999958
0.000999959
0.00099996
0.000999961
0.000999961
0.000999961
0.000999961
0.000999961
0.000999961
0.00099996
0.000999959
0.000999958
0.000999955
0.00099995
0.000999943
0.000999932
0.000999968
0.000999973
0.000999976
0.000999978
0.00099998
0.00099998
0.000999981
0.000999981
0.000999981
0.000999981
0.000999981
0.000999981
0.000999981
0.000999981
0.00099998
0.00099998
0.000999979
0.000999976
0.000999973
0.000999968
0.000999985
0.000999987
0.000999989
0.00099999
0.000999991
0.000999991
0.000999991
0.000999991
0.000999991
0.000999991
0.000999991
0.000999991
0.000999991
0.000999991
0.000999991
0.000999991
0.00099999
0.000999989
0.000999987
0.000999985
0.000999993
0.000999994
0.000999995
0.000999996
0.000999996
0.000999996
0.000999996
0.000999996
0.000999996
0.000999996
0.000999996
0.000999996
0.000999996
0.000999996
0.000999996
0.000999996
0.000999996
0.000999995
0.000999994
0.000999993
0.000999997
0.000999998
0.000999998
0.000999998
0.000999998
0.000999998
0.000999998
0.000999998
0.000999998
0.000999998
0.000999998
0.000999998
0.000999998
0.000999998
0.000999998
0.000999998
0.000999998
0.000999998
0.000999998
0.000999997
0.000999999
0.000999999
0.000999999
0.000999999
0.000999999
0.000999999
0.000999999
0.000999999
0.000999999
0.000999999
0.000999999
0.000999999
0.000999999
0.000999999
0.000999999
0.000999999
0.000999999
0.000999999
0.000999999
0.000999999
0.001
0.001
0.001
0.001
0.001
0.001
0.001
0.001
0.001
0.001
0.001
0.001
0.001
0.001
0.001
0.001
0.001
0.001
0.001
0.001
0.001
0.001
0.001
0.001
0.001
0.001
0.001
0.001
0.001
0.001
0.001
0.001
0.001
0.001
0.001
0.001
0.001
0.001
0.001
0.001
0.001
0.001
0.001
0.001
0.001
0.001
0.001
0.001
0.001
0.001
0.001
0.001
0.001
0.001
0.001
0.001
0.001
0.001
0.001
0.001
0.001
0.001
0.001
0.001
0.001
0.001
0.001
0.001
0.001
0.001
0.001
0.001
0.001
0.001
0.001
0.001
0.001
0.001
0.001
0.001
0.001
0.001
0.001
0.001
0.001
0.001
0.001
0.001
0.001
0.001
0.001
0.001
0.001
0.001
0.001
0.001
0.001
0.001
0.001
0.001
0.001
0.001
0.001
0.001
0.001
0.001
0.001
0.001
0.001
0.001
0.001
0.001
0.001
0.001
0.001
0.001
0.001
0.001
0.001
0.001
0.001
0.001
0.001
0.001
0.001
0.001
0.001
0.001
0.001
0.001
0.001
0.001
0.001
0.001
0.001
0.001
0.001
0.001
0.001
0.001
0.001
0.001
0.001
0.001
0.001
0.001
0.001
0.001
0.001
0.001
0.001
0.001
0.001
0.001
0.001
0.001
0.001
0.001
0.001
0.001
0.001
0.001
0.001
0.001
0.001
0.001
0.001
0.001
0.001
0.001
0.001
0.001
0.001
0.001
0.001
0.001
0.001
0.001
0.001
0.001
0.001
0.001
0.001
0.001
0.001
0.001
0.001
0.001
0.001
0.001
0.001
0.001
0.001
0.001
0.001
0.001
0.001
0.001
0.001
0.001
0.001
0.001
0.001
0.001
0.001
0.001
0.001
0.001
0.001
0.001
0.001
0.001
0.001
0.001
0.001
0.001
0.001
0.001
0.001
0.001
0.001
0.001
0.001
0.001
0.001
0.001
0.001
0.001
0.001
0.001
0.001
0.001
0.001
0.001
0.001
0.001
0.001
0.001
0.001
0.001
0.001
0.001
0.001
0.001
0.001
0.001
0.001
0.001
0.001
0.001
0.001
0.001
0.001
0.001
0.001
0.001
0.001
0.001
0.001
0.001
0.001
0.001
0.001
0.001
0.001
0.001
0.001
0.001
0.001
0.001
0.001
0.001
0.001
0.001
0.001
0.001
0.001
0.001
0.001
0.001
)
;

boundaryField
{
    outlet
    {
        type            zeroGradient;
    }
    inlet1
    {
        type            fixedValue;
        value           uniform 0;
    }
    inlet2
    {
        type            fixedValue;
        value           uniform 0.001;
    }
    frontAndBack
    {
        type            empty;
    }
    defaultFaces
    {
        type            zeroGradient;
    }
}


// ************************************************************************* //
