/*--------------------------------*- C++ -*----------------------------------*\
| =========                 |                                                 |
| \\      /  F ield         | OpenFOAM: The Open Source CFD Toolbox           |
|  \\    /   O peration     | Version:  2.1.0                                 |
|   \\  /    A nd           | Web:      www.OpenFOAM.org                      |
|    \\/     M anipulation  |                                                 |
\*---------------------------------------------------------------------------*/
FoamFile
{
    version     2.0;
    format      ascii;
    class       volScalarField;
    location    "0.09";
    object      C2;
}
// * * * * * * * * * * * * * * * * * * * * * * * * * * * * * * * * * * * * * //

dimensions      [0 0 0 0 0 0 0];

internalField   nonuniform List<scalar> 
6400
(
4.68895e-31
8.31688e-31
1.55605e-30
2.90792e-30
5.40826e-30
1.00084e-29
1.84292e-29
3.37667e-29
6.15629e-29
1.11686e-28
2.01621e-28
3.62187e-28
6.4743e-28
1.15165e-27
2.03856e-27
3.59092e-27
6.29463e-27
1.09806e-26
1.90626e-26
3.29343e-26
5.66287e-26
9.69085e-26
1.65059e-25
2.79823e-25
4.72185e-25
7.93129e-25
1.32616e-24
2.20741e-24
3.65783e-24
6.03441e-24
9.91132e-24
1.6208e-23
2.63903e-23
4.27851e-23
6.90704e-23
1.11035e-22
1.77752e-22
2.83384e-22
4.49947e-22
7.11525e-22
1.12067e-21
1.7581e-21
2.74725e-21
4.27613e-21
6.63e-21
1.02398e-20
1.57539e-20
2.41438e-20
3.68588e-20
5.60522e-20
8.49086e-20
1.28117e-19
1.92552e-19
2.88241e-19
4.29748e-19
6.38117e-19
9.43602e-19
1.38948e-18
2.03732e-18
2.97422e-18
4.32273e-18
6.25417e-18
9.0066e-18
1.29086e-17
1.84106e-17
2.61254e-17
3.68805e-17
5.17838e-17
7.23056e-17
1.00378e-16
1.38515e-16
1.89946e-16
2.58775e-16
3.50134e-16
4.70346e-16
6.27058e-16
8.29317e-16
1.08755e-15
1.41339e-15
1.81928e-15
2.3177e-15
2.9201e-15
3.63512e-15
4.46641e-15
5.40967e-15
6.44918e-15
7.55412e-15
8.6751e-15
9.74188e-15
1.06636e-14
1.13334e-14
1.16395e-14
1.14876e-14
1.08334e-14
9.7133e-15
8.24987e-15
6.48481e-15
4.57133e-15
2.74094e-15
1.24771e-15
6.16266e-31
1.10146e-30
2.06398e-30
3.86061e-30
7.18663e-30
1.33124e-29
2.45391e-29
4.50128e-29
8.21665e-29
1.49258e-28
2.69816e-28
4.85386e-28
8.68961e-28
1.54814e-27
2.74484e-27
4.84313e-27
8.50431e-27
1.48614e-26
2.58461e-26
4.47352e-26
7.70607e-26
1.32116e-25
2.25437e-25
3.82878e-25
6.47249e-25
1.08912e-24
1.82426e-24
3.04175e-24
5.04896e-24
8.34327e-24
1.3726e-23
2.24821e-23
3.66634e-23
5.95309e-23
9.62459e-23
1.54942e-22
2.48379e-22
3.96498e-22
6.30324e-22
9.9793e-22
1.5735e-21
2.47106e-21
3.86509e-21
6.02159e-21
9.34434e-21
1.44438e-20
2.22389e-20
3.41075e-20
5.21065e-20
7.92938e-20
1.20195e-19
1.81479e-19
2.72927e-19
4.08823e-19
6.09927e-19
9.0626e-19
1.34103e-18
1.97609e-18
2.89956e-18
4.23621e-18
6.16181e-18
8.92243e-18
1.28605e-17
1.84492e-17
2.63385e-17
3.74139e-17
5.28735e-17
7.43245e-17
1.03904e-16
1.44428e-16
1.99566e-16
2.74048e-16
3.73896e-16
5.0667e-16
6.81712e-16
9.10356e-16
1.20607e-15
1.58445e-15
2.063e-15
2.66054e-15
3.39619e-15
4.28767e-15
5.34884e-15
6.58624e-15
7.99471e-15
9.55198e-15
1.12128e-14
1.29034e-14
1.45174e-14
1.59161e-14
1.69359e-14
1.74065e-14
1.71856e-14
1.62087e-14
1.45293e-14
1.23481e-14
9.72197e-15
6.91809e-15
4.30541e-15
2.25238e-15
8.43664e-31
1.51791e-30
2.85598e-30
5.36273e-30
1.00226e-29
1.86422e-29
3.45092e-29
6.35768e-29
1.1657e-28
2.12713e-28
3.86295e-28
6.98162e-28
1.25575e-27
2.24778e-27
4.0041e-27
7.0983e-27
1.25227e-26
2.19853e-26
3.84111e-26
6.67841e-26
1.15553e-25
1.98971e-25
3.40958e-25
5.81468e-25
9.86899e-25
1.66708e-24
2.80278e-24
4.69017e-24
7.81214e-24
1.29524e-23
2.13769e-23
3.51211e-23
5.74431e-23
9.35337e-23
1.51626e-22
2.44722e-22
3.93262e-22
6.29241e-22
1.00253e-21
1.59052e-21
2.51285e-21
3.9536e-21
6.19492e-21
9.66747e-21
1.50258e-20
2.32605e-20
3.5865e-20
5.50806e-20
8.42571e-20
1.2838e-19
1.94838e-19
2.94529e-19
4.4346e-19
6.65033e-19
9.93303e-19
1.47759e-18
2.18899e-18
3.22942e-18
4.74427e-18
6.93986e-18
1.01072e-17
1.46547e-17
2.11516e-17
3.03866e-17
4.34449e-17
6.18095e-17
8.74915e-17
1.23197e-16
1.72535e-16
2.40277e-16
3.32665e-16
4.57776e-16
6.25939e-16
8.50183e-16
1.1467e-15
1.53525e-15
2.03948e-15
2.68703e-15
3.50921e-15
4.54017e-15
5.81522e-15
7.36809e-15
9.22666e-15
1.14071e-14
1.39058e-14
1.66901e-14
1.96867e-14
2.27714e-14
2.57603e-14
2.84089e-14
3.04237e-14
3.14944e-14
3.13531e-14
2.98603e-14
2.70953e-14
2.33106e-14
1.86704e-14
1.36932e-14
9.05248e-15
5.41154e-15
1.12988e-30
2.04645e-30
3.87296e-30
7.31478e-30
1.37521e-29
2.57329e-29
4.79248e-29
8.88328e-29
1.63878e-28
3.00876e-28
5.4975e-28
9.99633e-28
1.80886e-27
3.2572e-27
5.83647e-27
1.04067e-26
1.84639e-26
3.25967e-26
5.72612e-26
1.00087e-25
1.74072e-25
3.0124e-25
5.18721e-25
8.88786e-25
1.51535e-24
2.57093e-24
4.34056e-24
7.29275e-24
1.2194e-23
2.0292e-23
3.36083e-23
5.54027e-23
9.09062e-23
1.48475e-22
2.41394e-22
3.90692e-22
6.29499e-22
1.00978e-21
1.61269e-21
2.5644e-21
4.06027e-21
6.40142e-21
1.00501e-20
1.57127e-20
2.44646e-20
3.79355e-20
5.85851e-20
9.01098e-20
1.38041e-19
2.10622e-19
3.2008e-19
4.8448e-19
7.30381e-19
1.09667e-18
1.64e-18
2.44254e-18
3.62288e-18
5.35133e-18
7.87122e-18
1.15284e-17
1.68115e-17
2.44077e-17
3.52765e-17
5.07506e-17
7.26678e-17
1.03546e-16
1.4681e-16
2.0708e-16
2.90541e-16
4.05399e-16
5.62434e-16
7.7566e-16
1.06309e-15
1.44757e-15
1.95771e-15
2.62867e-15
3.50295e-15
4.63072e-15
6.06968e-15
7.88391e-15
1.01414e-14
1.29098e-14
1.62491e-14
2.02021e-14
2.47802e-14
2.99463e-14
3.55938e-14
4.15251e-14
4.74328e-14
5.28917e-14
5.73711e-14
6.02818e-14
6.10706e-14
5.93682e-14
5.51657e-14
4.86944e-14
4.02974e-14
3.09206e-14
2.18753e-14
1.45798e-14
1.46164e-30
2.66486e-30
5.07522e-30
9.64645e-30
1.82523e-29
3.43744e-29
6.44325e-29
1.20201e-28
2.23163e-28
4.12318e-28
7.58087e-28
1.38696e-27
2.52494e-27
4.57366e-27
8.24307e-27
1.47813e-26
2.63708e-26
4.6807e-26
8.2655e-26
1.45209e-25
2.53794e-25
4.41303e-25
7.63415e-25
1.31389e-24
2.24978e-24
3.83277e-24
6.49668e-24
1.0957e-23
1.83877e-23
3.07057e-23
5.10253e-23
8.43813e-23
1.38874e-22
2.27474e-22
3.70849e-22
6.01782e-22
9.72028e-22
1.56292e-21
2.50172e-21
3.9866e-21
6.32487e-21
9.99098e-21
1.57142e-20
2.46106e-20
3.83813e-20
5.96073e-20
9.21883e-20
1.41992e-19
2.17807e-19
3.32744e-19
5.06275e-19
7.67188e-19
1.15787e-18
1.74041e-18
2.60542e-18
3.88442e-18
5.76749e-18
8.52794e-18
1.25568e-17
1.84106e-17
2.68773e-17
3.90662e-17
5.65301e-17
8.14297e-17
1.16752e-16
1.66602e-16
2.36576e-16
3.34252e-16
4.69814e-16
6.56827e-16
9.13205e-16
1.26237e-15
1.73461e-15
2.36867e-15
3.21342e-15
4.32963e-15
5.79162e-15
7.68844e-15
1.01245e-14
1.32184e-14
1.71003e-14
2.19059e-14
2.77661e-14
3.47913e-14
4.30489e-14
5.25335e-14
6.31292e-14
7.45672e-14
8.63831e-14
9.78865e-14
1.08157e-13
1.16095e-13
1.20545e-13
1.20528e-13
1.15569e-13
1.0567e-13
9.12102e-14
7.3748e-14
5.58195e-14
4.06107e-14
1.81973e-30
3.33801e-30
6.3952e-30
1.22284e-29
2.32776e-29
4.41036e-29
8.31662e-29
1.56073e-28
2.91464e-28
5.41623e-28
1.00147e-27
1.84242e-27
3.37229e-27
6.1409e-27
1.11248e-26
2.0049e-26
3.59433e-26
6.41003e-26
1.13713e-25
2.00662e-25
3.52227e-25
6.15012e-25
1.0682e-24
1.84557e-24
3.17198e-24
5.42325e-24
9.22427e-24
1.56085e-23
2.62765e-23
4.40116e-23
7.33467e-23
1.21627e-22
2.00694e-22
3.29547e-22
5.38521e-22
8.75815e-22
1.41765e-21
2.28401e-21
3.66285e-21
5.84736e-21
9.2927e-21
1.47024e-20
2.31591e-20
3.63214e-20
5.67194e-20
8.81957e-20
1.36561e-19
2.10565e-19
3.23325e-19
4.9442e-19
7.52951e-19
1.14198e-18
1.72495e-18
2.5949e-18
3.88769e-18
5.80075e-18
8.6197e-18
1.27557e-17
1.87979e-17
2.75862e-17
4.03115e-17
5.86542e-17
8.49716e-17
1.22553e-16
1.75958e-16
2.51475e-16
3.57711e-16
5.06373e-16
7.13268e-16
9.99576e-16
1.39344e-15
1.93194e-15
2.66345e-15
3.65042e-15
4.97256e-15
6.73028e-15
9.04827e-15
1.20787e-14
1.6004e-14
2.10373e-14
2.7421e-14
3.54203e-14
4.53105e-14
5.73561e-14
7.1777e-14
8.87007e-14
1.081e-13
1.29714e-13
1.52957e-13
1.76835e-13
1.99886e-13
2.20182e-13
2.35449e-13
2.43346e-13
2.42008e-13
2.30516e-13
2.08594e-13
1.78221e-13
1.43881e-13
1.12369e-13
2.1746e-30
4.00995e-30
7.72214e-30
1.48423e-29
2.84005e-29
5.40894e-29
1.02521e-28
1.9337e-28
3.62914e-28
6.7768e-28
1.259e-27
2.3269e-27
4.27823e-27
7.8246e-27
1.4235e-26
2.57594e-26
4.63645e-26
8.30034e-26
1.47795e-25
2.61742e-25
4.61037e-25
8.07696e-25
1.40739e-24
2.43914e-24
4.20463e-24
7.20937e-24
1.22958e-23
2.08604e-23
3.52055e-23
5.91075e-23
9.87274e-23
1.64066e-22
2.71273e-22
4.46299e-22
7.30635e-22
1.1903e-21
1.9298e-21
3.11387e-21
5.00083e-21
7.99398e-21
1.272e-20
2.01485e-20
3.17725e-20
4.9881e-20
7.79685e-20
1.21345e-19
1.88047e-19
2.90182e-19
4.45912e-19
6.82367e-19
1.03989e-18
1.57825e-18
2.38553e-18
3.59107e-18
5.3839e-18
8.0391e-18
1.19551e-17
1.77064e-17
2.61177e-17
3.83668e-17
5.61283e-17
8.17709e-17
1.18628e-16
1.71366e-16
2.46483e-16
3.52974e-16
5.03219e-16
7.14151e-16
1.00878e-15
1.41817e-15
1.98393e-15
2.76138e-15
3.82346e-15
5.26548e-15
7.2107e-15
9.81685e-15
1.32832e-14
1.78582e-14
2.38463e-14
3.16145e-14
4.15944e-14
5.42806e-14
7.02197e-14
8.99873e-14
1.14146e-13
1.43177e-13
1.77389e-13
2.16782e-13
2.60882e-13
3.0855e-13
3.57797e-13
4.05633e-13
4.48048e-13
4.80199e-13
4.97008e-13
4.94795e-13
4.7068e-13
4.25347e-13
3.65037e-13
3.02403e-13
2.48859e-30
4.60802e-30
8.91002e-30
1.71959e-29
3.30402e-29
6.3185e-29
1.20248e-28
2.27714e-28
4.29044e-28
8.0422e-28
1.4996e-27
2.78148e-27
5.13159e-27
9.41638e-27
1.71853e-26
3.11931e-26
5.63092e-26
1.01091e-25
1.80489e-25
3.20477e-25
5.65907e-25
9.93806e-25
1.73568e-24
3.01479e-24
5.20802e-24
8.94802e-24
1.5291e-23
2.59903e-23
4.39415e-23
7.38998e-23
1.23634e-22
2.0577e-22
3.4072e-22
5.61317e-22
9.2011e-22
1.50078e-21
2.43594e-21
3.93471e-21
6.32533e-21
1.01206e-20
1.61178e-20
2.55512e-20
4.03224e-20
6.3349e-20
9.90867e-20
1.54311e-19
2.39282e-19
3.69466e-19
5.68083e-19
8.69843e-19
1.32641e-18
2.01439e-18
3.04682e-18
4.58988e-18
6.88684e-18
1.02922e-17
1.53205e-17
2.27154e-17
3.35466e-17
4.93468e-17
7.23012e-17
1.05512e-16
1.53364e-16
2.22019e-16
3.20105e-16
4.59629e-16
6.57223e-16
9.35796e-16
1.32672e-15
1.87272e-15
2.63157e-15
3.68091e-15
5.12435e-15
7.09908e-15
9.78524e-15
1.34173e-14
1.82971e-14
2.48086e-14
3.34349e-14
4.4774e-14
5.95536e-14
7.86416e-14
1.03047e-13
1.33908e-13
1.72456e-13
2.19929e-13
2.77463e-13
3.459e-13
4.2551e-13
5.15659e-13
6.14386e-13
7.17955e-13
8.20444e-13
9.13494e-13
9.86429e-13
1.0282e-12
1.02976e-12
9.84716e-13
8.96259e-13
7.81908e-13
2.72217e-30
5.0551e-30
9.80228e-30
1.89724e-29
3.65597e-29
7.01183e-29
1.33825e-28
2.54134e-28
4.80126e-28
9.0234e-28
1.68682e-27
3.13632e-27
5.79963e-27
1.06657e-26
1.95062e-26
3.54766e-26
6.41638e-26
1.15402e-25
2.06398e-25
3.67087e-25
6.4924e-25
1.14188e-24
1.99717e-24
3.4738e-24
6.00893e-24
1.03373e-23
1.76865e-23
3.00971e-23
5.09413e-23
8.57627e-23
1.43625e-22
2.39271e-22
3.9655e-22
6.53854e-22
1.07266e-21
1.75095e-21
2.84404e-21
4.59705e-21
7.39489e-21
1.18392e-20
1.8866e-20
2.99248e-20
4.72508e-20
7.42747e-20
1.1624e-19
1.81125e-19
2.81021e-19
4.34173e-19
6.67999e-19
1.02353e-18
1.56192e-18
2.37397e-18
3.59391e-18
5.41942e-18
8.14045e-18
1.21806e-17
1.81562e-17
2.69606e-17
3.98832e-17
5.87776e-17
8.62979e-17
1.26228e-16
1.83941e-16
2.67032e-16
3.86193e-16
5.56407e-16
7.98575e-16
1.14171e-15
1.62592e-15
2.30629e-15
3.25816e-15
4.5839e-15
6.4219e-15
8.95791e-15
1.24396e-14
1.71945e-14
2.36532e-14
3.23756e-14
4.40824e-14
5.96913e-14
8.03549e-14
1.07499e-13
1.42852e-13
1.88464e-13
2.46694e-13
3.20175e-13
4.11697e-13
5.24028e-13
6.59462e-13
8.19413e-13
1.00365e-12
1.20939e-12
1.43025e-12
1.65501e-12
1.86645e-12
2.04072e-12
2.15359e-12
2.18051e-12
2.10358e-12
1.92751e-12
2.8429e-30
5.28708e-30
1.02671e-29
1.99017e-29
3.8408e-29
7.37731e-29
1.41007e-28
2.68156e-28
5.0732e-28
9.54718e-28
1.78701e-27
3.32666e-27
6.15875e-27
1.13387e-26
2.07588e-26
3.77927e-26
6.84181e-26
1.23165e-25
2.20474e-25
3.92447e-25
6.9464e-25
1.22265e-24
2.13999e-24
3.7248e-24
6.44744e-24
1.10988e-23
1.90014e-23
3.23541e-23
5.47935e-23
9.23004e-23
1.54659e-22
2.57791e-22
4.27468e-22
7.05196e-22
1.15748e-21
1.89034e-21
3.07199e-21
4.96799e-21
7.99566e-21
1.28077e-20
2.04202e-20
3.24081e-20
5.12016e-20
8.05346e-20
1.26119e-19
1.96657e-19
3.05351e-19
4.72149e-19
7.27075e-19
1.11513e-18
1.70352e-18
2.5922e-18
3.92929e-18
5.93343e-18
8.92618e-18
1.33787e-17
1.99786e-17
2.97262e-17
4.40707e-17
6.51042e-17
9.58358e-17
1.40577e-16
2.05484e-16
2.99309e-16
4.34453e-16
6.28416e-16
9.05793e-16
1.30101e-15
1.86205e-15
2.65554e-15
3.77351e-15
5.34257e-15
7.53595e-15
1.05895e-14
1.48227e-14
2.06653e-14
2.86924e-14
3.96673e-14
5.4596e-14
7.47919e-14
1.01953e-13
1.38249e-13
1.86414e-13
2.4984e-13
3.32648e-13
4.39731e-13
5.76705e-13
7.49739e-13
9.65357e-13
1.22986e-12
1.54825e-12
1.92288e-12
2.3515e-12
2.82489e-12
3.32379e-12
3.81546e-12
4.24977e-12
4.56067e-12
4.67122e-12
4.50468e-12
2.8334e-30
5.2688e-30
1.02306e-29
1.98291e-29
3.82642e-29
7.34907e-29
1.40457e-28
2.67094e-28
5.05283e-28
9.50849e-28
1.77973e-27
3.31306e-27
6.13359e-27
1.12925e-26
2.06748e-26
3.76412e-26
6.8147e-26
1.22684e-25
2.19628e-25
3.90971e-25
6.92089e-25
1.21828e-24
2.13258e-24
3.71236e-24
6.42678e-24
1.10649e-23
1.89465e-23
3.22667e-23
5.46567e-23
9.2091e-23
1.54347e-22
2.57341e-22
4.26852e-22
7.04414e-22
1.15662e-21
1.88969e-21
3.07227e-21
4.97083e-21
8.00441e-21
1.2829e-20
2.04669e-20
3.25043e-20
5.13916e-20
8.08983e-20
1.26799e-19
1.97905e-19
3.07605e-19
4.76166e-19
7.34147e-19
1.12745e-18
1.72479e-18
2.62858e-18
3.99103e-18
6.03744e-18
9.10017e-18
1.36678e-17
2.04562e-17
3.05103e-17
4.53508e-17
6.71829e-17
9.91936e-17
1.45974e-16
2.14114e-16
3.13046e-16
4.56217e-16
6.62742e-16
9.59692e-16
1.38528e-15
1.99326e-15
2.85896e-15
4.08759e-15
5.82551e-15
8.27553e-15
1.17175e-14
1.65361e-14
2.32573e-14
3.25972e-14
4.55251e-14
6.33456e-14
8.78025e-14
1.2121e-13
1.66615e-13
2.27983e-13
3.10424e-13
4.20428e-13
5.66102e-13
7.57358e-13
1.00601e-12
1.3257e-12
1.73141e-12
2.23891e-12
2.86344e-12
3.61602e-12
4.50012e-12
5.50625e-12
6.6042e-12
7.73181e-12
8.77747e-12
9.54834e-12
9.72749e-12
2.69543e-30
5.00401e-30
9.70083e-30
1.87717e-29
3.61648e-29
6.93468e-29
1.32329e-28
2.51254e-28
4.74627e-28
8.91923e-28
1.66725e-27
3.09986e-27
5.73225e-27
1.05422e-26
1.92818e-26
3.5072e-26
6.34404e-26
1.14119e-25
2.04142e-25
3.63156e-25
6.42448e-25
1.13025e-24
1.97747e-24
3.44075e-24
5.9541e-24
1.02474e-23
1.75413e-23
2.98662e-23
5.05806e-23
8.52117e-23
1.42806e-22
2.38097e-22
3.94954e-22
6.51855e-22
1.07052e-21
1.7495e-21
2.84532e-21
4.60556e-21
7.41992e-21
1.18991e-20
1.89961e-20
3.01913e-20
4.77749e-20
7.52757e-20
1.18109e-19
1.84551e-19
2.87205e-19
4.45186e-19
6.87385e-19
1.0573e-18
1.62022e-18
2.47372e-18
3.76326e-18
5.7048e-18
8.61805e-18
1.29747e-17
1.94685e-17
2.91163e-17
4.34047e-17
6.44991e-17
9.55455e-17
1.411e-16
2.07741e-16
3.0494e-16
4.46293e-16
6.51261e-16
9.47618e-16
1.37489e-15
1.98916e-15
2.86979e-15
4.12871e-15
5.92338e-15
8.47455e-15
1.20908e-14
1.72022e-14
2.44057e-14
3.45274e-14
4.87057e-14
6.85034e-14
9.6055e-14
1.34262e-13
1.87043e-13
2.59659e-13
3.59111e-13
4.94632e-13
6.78259e-13
9.25465e-13
1.2558e-12
1.69345e-12
2.2675e-12
3.01176e-12
3.96372e-12
5.16328e-12
6.64496e-12
8.43091e-12
1.05162e-11
1.28433e-11
1.52532e-11
1.73859e-11
1.85137e-11
2.44928e-30
4.53346e-30
8.76302e-30
1.69071e-29
3.24761e-29
6.20901e-29
1.18138e-28
2.23673e-28
4.21363e-28
7.89732e-28
1.47248e-27
2.73111e-27
5.03876e-27
9.24666e-27
1.68775e-26
3.06392e-26
5.53206e-26
9.93409e-26
1.77417e-25
3.1513e-25
5.56684e-25
9.78042e-25
1.709e-24
2.97011e-24
5.13402e-24
8.82701e-24
1.50958e-23
2.56805e-23
4.34586e-23
7.3164e-23
1.22544e-22
2.04216e-22
3.3862e-22
5.58717e-22
9.17397e-22
1.49914e-21
2.43822e-21
3.94719e-21
6.36089e-21
1.02046e-20
1.6299e-20
2.59207e-20
4.10475e-20
6.47319e-20
1.01667e-19
1.59038e-19
2.47812e-19
3.8466e-19
5.9484e-19
9.16484e-19
1.40697e-18
2.15235e-18
3.28125e-18
4.98535e-18
7.54939e-18
1.13951e-17
1.71452e-17
2.57165e-17
3.84553e-17
5.73321e-17
8.52245e-17
1.26322e-16
1.8671e-16
2.75203e-16
4.04535e-16
5.93062e-16
8.67172e-16
1.26472e-15
1.83985e-15
2.66989e-15
3.86495e-15
5.5815e-15
8.0414e-15
1.15585e-14
1.65756e-14
2.37163e-14
3.38567e-14
4.8224e-14
6.85331e-14
9.71736e-14
1.37464e-13
1.93997e-13
2.73101e-13
3.83453e-13
5.36885e-13
7.49407e-13
1.0425e-12
1.44464e-12
1.9931e-12
2.73572e-12
3.73252e-12
5.05658e-12
6.79364e-12
9.03854e-12
1.18822e-11
1.53906e-11
1.95595e-11
2.42189e-11
2.88273e-11
3.20647e-11
2.12908e-30
3.92426e-30
7.55443e-30
1.45152e-29
2.77662e-29
5.28667e-29
1.00179e-28
1.88914e-28
3.54495e-28
6.61885e-28
1.22957e-27
2.27249e-27
4.17836e-27
7.64271e-27
1.39063e-26
2.51698e-26
4.53154e-26
8.11517e-26
1.44554e-25
2.56118e-25
4.51363e-25
7.91213e-25
1.37958e-24
2.39273e-24
4.12804e-24
7.08458e-24
1.20954e-23
2.05437e-23
3.47147e-23
5.83644e-23
9.76359e-23
1.62526e-22
2.69228e-22
4.43841e-22
7.28245e-22
1.18933e-21
1.93346e-21
3.12901e-21
5.04145e-21
8.0875e-21
1.29187e-20
2.05497e-20
3.25546e-20
5.13659e-20
8.07289e-20
1.2639e-19
1.97135e-19
3.06348e-19
4.74356e-19
7.31924e-19
1.12547e-18
1.72481e-18
2.63465e-18
4.01153e-18
6.08882e-18
9.2135e-18
1.39e-17
2.09089e-17
3.1362e-17
4.69095e-17
6.9973e-17
1.04097e-16
1.5446e-16
2.28605e-16
3.37502e-16
4.97064e-16
7.30335e-16
1.07061e-15
1.56591e-15
2.28536e-15
3.3283e-15
4.83722e-15
7.01623e-15
1.01572e-14
1.4677e-14
2.11699e-14
3.04822e-14
4.38175e-14
6.2885e-14
9.01087e-14
1.28922e-13
1.84177e-13
2.62726e-13
3.74215e-13
5.3219e-13
7.55613e-13
1.0709e-12
1.51463e-12
2.13706e-12
3.00646e-12
4.21421e-12
5.88009e-12
8.15666e-12
1.12324e-11
1.53228e-11
2.06436e-11
2.73434e-11
3.53471e-11
4.39958e-11
5.12557e-11
1.77419e-30
3.25298e-30
6.23004e-30
1.19087e-29
2.2662e-29
4.29257e-29
8.09262e-29
1.5184e-28
2.83519e-28
5.26809e-28
9.74042e-28
1.79199e-27
3.28023e-27
5.97409e-27
1.08248e-26
1.95135e-26
3.49951e-26
6.24346e-26
1.10811e-25
1.95651e-25
3.43651e-25
6.00475e-25
1.0438e-24
1.80509e-24
3.1056e-24
5.31585e-24
9.05309e-24
1.53405e-23
2.58654e-23
4.33973e-23
7.24597e-23
1.20406e-22
1.99134e-22
3.27807e-22
5.37154e-22
8.76232e-22
1.42302e-21
2.30096e-21
3.70466e-21
5.93968e-21
9.48398e-21
1.50823e-20
2.38908e-20
3.76981e-20
5.9261e-20
9.28151e-20
1.44846e-19
2.2525e-19
3.49089e-19
5.39205e-19
8.30143e-19
1.274e-18
1.94912e-18
2.97298e-18
4.52131e-18
6.85625e-18
1.03679e-17
1.56352e-17
2.35158e-17
3.52766e-17
5.27856e-17
7.87907e-17
1.17326e-16
1.74301e-16
2.58359e-16
3.82117e-16
5.63957e-16
8.30624e-16
1.22097e-15
1.79133e-15
2.62334e-15
3.8351e-15
5.59731e-15
8.15646e-15
1.18682e-14
1.72454e-14
2.50271e-14
3.62781e-14
5.25321e-14
7.59983e-14
1.09859e-13
1.58698e-13
2.29121e-13
3.30653e-13
4.77021e-13
6.88021e-13
9.92176e-13
1.43056e-12
2.06217e-12
2.97145e-12
4.2784e-12
6.15164e-12
8.82394e-12
1.26078e-11
1.79098e-11
2.52118e-11
3.49932e-11
4.75019e-11
6.21761e-11
7.62874e-11
1.42073e-30
2.58911e-30
4.92924e-30
9.36605e-30
1.77167e-29
3.33575e-29
6.25132e-29
1.16601e-28
2.16456e-28
3.99904e-28
7.35261e-28
1.34528e-27
2.44937e-27
4.43763e-27
8.00001e-27
1.43503e-26
2.56125e-26
4.54836e-26
8.03647e-26
1.41281e-25
2.47119e-25
4.30071e-25
7.44717e-25
1.28312e-24
2.19979e-24
3.75273e-24
6.37062e-24
1.07623e-23
1.80942e-23
3.02769e-23
5.04248e-23
8.35924e-23
1.37945e-22
2.26618e-22
3.70646e-22
6.03578e-22
9.78695e-22
1.58028e-21
2.54116e-21
4.06978e-21
6.4922e-21
1.03164e-20
1.63314e-20
2.57579e-20
4.04789e-20
6.33896e-20
9.89272e-20
1.53872e-19
2.38554e-19
3.68666e-19
5.67985e-19
8.72436e-19
1.33616e-18
2.04054e-18
3.1076e-18
4.7199e-18
7.1499e-18
1.08033e-17
1.62832e-17
2.44835e-17
3.67274e-17
5.49696e-17
8.20916e-17
1.22335e-16
1.81932e-16
2.70027e-16
4.00015e-16
5.91497e-16
8.73111e-16
1.28666e-15
1.89313e-15
2.78137e-15
4.08077e-15
5.97972e-15
8.75234e-15
1.27976e-14
1.8696e-14
2.72931e-14
3.98209e-14
5.80765e-14
8.46845e-14
1.23485e-13
1.80108e-13
2.62827e-13
3.83833e-13
5.61153e-13
8.21529e-13
1.20479e-12
1.7705e-12
2.60802e-12
3.8518e-12
5.70409e-12
8.4675e-12
1.25881e-11
1.87085e-11
2.77125e-11
4.06828e-11
5.86261e-11
8.1588e-11
1.06414e-10
1.09616e-30
1.98456e-30
3.75463e-30
7.08929e-30
1.33248e-29
2.49282e-29
4.64183e-29
8.60302e-29
1.58697e-28
2.91363e-28
5.32396e-28
9.68194e-28
1.7523e-27
3.15617e-27
5.65734e-27
1.00915e-26
1.79137e-26
3.16441e-26
5.56261e-26
9.73064e-26
1.69388e-25
2.93433e-25
5.05856e-25
8.67849e-25
1.48175e-24
2.51789e-24
4.25838e-24
7.16839e-24
1.20113e-23
2.00343e-23
3.32661e-23
5.49916e-23
9.05079e-23
1.4832e-22
2.42027e-22
3.93286e-22
6.3645e-22
1.0258e-21
1.64679e-21
2.63346e-21
4.1953e-21
6.65862e-21
1.053e-20
1.65933e-20
2.60576e-20
4.07826e-20
6.36194e-20
9.89276e-20
1.53354e-19
2.37005e-19
3.65211e-19
5.61161e-19
8.59852e-19
1.31397e-18
2.00266e-18
3.04452e-18
4.61695e-18
6.98469e-18
1.05421e-17
1.58754e-17
2.38547e-17
3.57687e-17
5.35236e-17
7.99343e-17
1.19152e-16
1.77288e-16
2.63334e-16
3.90499e-16
5.7817e-16
8.54781e-16
1.26201e-15
1.86091e-15
2.74088e-15
4.03286e-15
5.92855e-15
8.70886e-15
1.27856e-14
1.8763e-14
2.75292e-14
4.03915e-14
5.92785e-14
8.70443e-14
1.27925e-13
1.88237e-13
2.7744e-13
4.09789e-13
6.06913e-13
9.01894e-13
1.34582e-12
2.0185e-12
3.04618e-12
4.63128e-12
7.10201e-12
1.09924e-11
1.71596e-11
2.69596e-11
4.23873e-11
6.59205e-11
9.93219e-11
1.39842e-10
8.17782e-31
1.47081e-30
2.76658e-30
5.19362e-30
9.70461e-30
1.80478e-29
3.34052e-29
6.15392e-29
1.12834e-28
2.05907e-28
3.73981e-28
6.76035e-28
1.21627e-27
2.17785e-27
3.88116e-27
6.88384e-27
1.21516e-26
2.13486e-26
3.73286e-26
6.49612e-26
1.12515e-25
1.93964e-25
3.32809e-25
5.68387e-25
9.66238e-25
1.63506e-24
2.7543e-24
4.61893e-24
7.71161e-24
1.28188e-23
2.12165e-23
3.49664e-23
5.73852e-23
9.37883e-23
1.52659e-22
2.47487e-22
3.99635e-22
6.42819e-22
1.03005e-21
1.64442e-21
2.61565e-21
4.14571e-21
6.548e-21
1.03073e-20
1.61713e-20
2.52899e-20
3.94263e-20
6.12771e-20
9.49556e-20
1.46719e-19
2.26064e-19
3.47368e-19
5.32345e-19
8.13718e-19
1.24069e-18
1.88708e-18
2.86346e-18
4.33503e-18
6.54824e-18
9.87005e-18
1.48459e-17
2.22851e-17
3.33871e-17
4.99262e-17
7.45242e-17
1.1105e-16
1.65208e-16
2.45397e-16
3.63974e-16
5.39112e-16
7.97517e-16
1.17842e-15
1.73944e-15
2.56524e-15
3.78018e-15
5.56716e-15
8.19534e-15
1.20614e-14
1.77508e-14
2.61301e-14
3.84846e-14
5.67286e-14
8.37239e-14
1.23772e-13
1.83381e-13
2.72465e-13
4.06281e-13
6.08559e-13
9.16747e-13
1.391e-12
2.13013e-12
3.30106e-12
5.19412e-12
8.32756e-12
1.36466e-11
2.28409e-11
3.8922e-11
6.66524e-11
1.11571e-10
1.73817e-10
5.97296e-31
1.06724e-30
1.99939e-30
3.7391e-30
6.95943e-30
1.28903e-29
2.37599e-29
4.35841e-29
7.95641e-29
1.4455e-28
2.61358e-28
4.70298e-28
8.42244e-28
1.50118e-27
2.66295e-27
4.70147e-27
8.26135e-27
1.44484e-26
2.51508e-26
4.35768e-26
7.51521e-26
1.2901e-25
2.20455e-25
3.75013e-25
6.35071e-25
1.07071e-24
1.79726e-24
3.0038e-24
4.99886e-24
8.28396e-24
1.36709e-23
2.24683e-23
3.67776e-23
5.996e-23
9.73715e-23
1.57514e-22
2.53839e-22
4.07544e-22
6.51933e-22
1.03915e-21
1.65057e-21
2.61282e-21
4.12227e-21
6.48266e-21
1.01624e-20
1.58817e-20
2.47453e-20
3.84429e-20
5.95526e-20
9.19982e-20
1.41737e-19
2.17793e-19
3.33804e-19
5.10335e-19
7.78329e-19
1.18425e-18
1.79774e-18
2.72296e-18
4.11539e-18
6.20677e-18
9.34186e-18
1.40327e-17
2.10388e-17
3.14849e-17
4.70342e-17
7.01436e-17
1.04438e-16
1.5526e-16
2.30477e-16
3.41668e-16
5.05861e-16
7.48091e-16
1.10516e-15
1.63114e-15
2.4056e-15
3.54554e-15
5.22332e-15
7.69313e-15
1.13305e-14
1.66915e-14
2.46021e-14
3.62939e-14
5.36109e-14
7.93308e-14
1.17666e-13
1.75059e-13
2.61466e-13
3.92484e-13
5.9296e-13
9.03377e-13
1.39168e-12
2.17646e-12
3.47445e-12
5.69994e-12
9.68426e-12
1.71282e-11
3.15983e-11
6.0247e-11
1.14842e-10
2.04682e-10
4.54575e-31
8.0609e-31
1.50788e-30
2.8175e-30
5.2396e-30
9.69585e-30
1.78539e-29
3.27148e-29
5.96528e-29
1.08242e-28
1.95455e-28
3.51229e-28
6.28103e-28
1.11783e-27
1.97986e-27
3.48988e-27
6.12231e-27
1.06895e-26
1.85758e-26
3.21295e-26
5.53143e-26
9.47915e-26
1.61703e-25
2.74603e-25
4.64253e-25
7.81427e-25
1.30958e-24
2.1853e-24
3.63118e-24
6.00858e-24
9.9016e-24
1.62508e-23
2.65649e-23
4.32544e-23
7.01571e-23
1.13361e-22
1.82488e-22
2.927e-22
4.67802e-22
7.45052e-22
1.18259e-21
1.87085e-21
2.95012e-21
4.63734e-21
7.26711e-21
1.13541e-20
1.76877e-20
2.7476e-20
4.25626e-20
6.57549e-20
1.01317e-19
1.5571e-19
2.38706e-19
3.65045e-19
5.5692e-19
8.47675e-19
1.28731e-18
1.95063e-18
2.94941e-18
4.45028e-18
6.70126e-18
1.00709e-17
1.51061e-17
2.26168e-17
3.38015e-17
5.04308e-17
7.5117e-17
1.11711e-16
1.65885e-16
2.45982e-16
3.64273e-16
5.3879e-16
7.96028e-16
1.17491e-15
1.73265e-15
2.55333e-15
3.76073e-15
5.53717e-15
8.15179e-15
1.20027e-14
1.76806e-14
2.6065e-14
3.84719e-14
5.68811e-14
8.42926e-14
1.25293e-13
1.86973e-13
2.80459e-13
4.23558e-13
6.45547e-13
9.96352e-13
1.56508e-12
2.51846e-12
4.18336e-12
7.23674e-12
1.31524e-11
2.53391e-11
5.18826e-11
1.10381e-10
2.26771e-10
3.99453e-16
3.36803e-16
3.68532e-16
4.18559e-16
4.67894e-16
5.1057e-16
5.44468e-16
5.68999e-16
5.84401e-16
5.91482e-16
5.91504e-16
5.86144e-16
5.77499e-16
5.6813e-16
5.61139e-16
5.60194e-16
5.69389e-16
5.9253e-16
6.30608e-16
6.73502e-16
1.14464e-15
1.04967e-15
1.1256e-15
1.23606e-15
1.34043e-15
1.42562e-15
1.48767e-15
1.52622e-15
1.54277e-15
1.53989e-15
1.52098e-15
1.49018e-15
1.45237e-15
1.4134e-15
1.38025e-15
1.36115e-15
1.36525e-15
1.40091e-15
1.46996e-15
1.55056e-15
3.45401e-15
3.28991e-15
3.42913e-15
3.62763e-15
3.80708e-15
3.94065e-15
4.02071e-15
4.04782e-15
4.02656e-15
3.96363e-15
3.86715e-15
3.74647e-15
3.61228e-15
3.47716e-15
3.35623e-15
3.26751e-15
3.23136e-15
3.26707e-15
3.38057e-15
3.52921e-15
1.05866e-14
1.01399e-14
1.02621e-14
1.04821e-14
1.0656e-14
1.07353e-14
1.07073e-14
1.05754e-14
1.03505e-14
1.00475e-14
9.68329e-15
9.27681e-15
8.84918e-15
8.42547e-15
8.03642e-15
7.71979e-15
7.51985e-15
7.48052e-15
7.62076e-15
7.86468e-15
3.18174e-14
3.027e-14
2.98119e-14
2.95326e-14
2.91722e-14
2.86532e-14
2.79607e-14
2.71053e-14
2.61092e-14
2.49991e-14
2.38048e-14
2.25578e-14
2.12937e-14
2.00568e-14
1.89043e-14
1.79112e-14
1.71701e-14
1.6779e-14
1.67954e-14
1.71029e-14
9.21872e-14
8.68186e-14
8.35064e-14
8.05839e-14
7.76202e-14
7.45125e-14
7.12538e-14
6.78678e-14
6.43877e-14
6.08463e-14
5.72775e-14
5.37146e-14
5.02003e-14
4.67964e-14
4.35966e-14
4.07382e-14
3.84062e-14
3.68164e-14
3.61348e-14
3.62369e-14
2.55485e-13
2.38234e-13
2.24633e-13
2.12002e-13
1.99784e-13
1.87917e-13
1.76427e-13
1.65337e-13
1.54659e-13
1.44377e-13
1.34464e-13
1.24887e-13
1.1564e-13
1.06761e-13
9.83656e-14
9.06735e-14
8.40374e-14
7.89288e-14
7.58116e-14
7.47447e-14
6.74719e-13
6.24044e-13
5.78846e-13
5.36085e-13
4.95665e-13
4.57871e-13
4.22821e-13
3.90444e-13
3.60547e-13
3.32845e-13
3.06995e-13
2.82661e-13
2.59569e-13
2.37559e-13
2.16653e-13
1.97127e-13
1.79618e-13
1.65149e-13
1.54989e-13
1.50069e-13
1.69509e-12
1.55871e-12
1.42655e-12
1.30001e-12
1.18211e-12
1.07452e-12
9.7762e-13
8.90852e-13
8.13121e-13
7.43126e-13
6.79483e-13
6.20846e-13
5.6604e-13
5.14153e-13
4.64684e-13
4.17763e-13
3.74446e-13
3.36958e-13
3.08691e-13
2.93416e-13
4.04859e-12
3.71078e-12
3.35888e-12
3.01833e-12
2.70432e-12
2.42284e-12
2.17484e-12
1.95797e-12
1.76832e-12
1.60154e-12
1.45322e-12
1.31913e-12
1.19552e-12
1.07925e-12
9.68078e-13
8.61278e-13
7.60349e-13
6.70119e-13
5.99312e-13
5.59224e-13
8.99375e-12
8.23942e-12
7.39311e-12
6.56398e-12
5.80445e-12
5.13381e-12
4.5535e-12
4.056e-12
3.62981e-12
3.26274e-12
2.94276e-12
2.65873e-12
2.40055e-12
2.15978e-12
1.92973e-12
1.70689e-12
1.49237e-12
1.29528e-12
1.13523e-12
1.04021e-12
1.76117e-11
1.61863e-11
1.44713e-11
1.27651e-11
1.12039e-11
9.83645e-12
8.66542e-12
7.6732e-12
6.83385e-12
6.11995e-12
5.50521e-12
4.96562e-12
4.47966e-12
4.0291e-12
3.59939e-12
3.18163e-12
2.77588e-12
2.39659e-12
2.07978e-12
1.88593e-12
3.15449e-11
2.91665e-11
2.60613e-11
2.29158e-11
2.00324e-11
1.7516e-11
1.53747e-11
1.35743e-11
1.20647e-11
1.07916e-11
9.7044e-12
8.75746e-12
7.91031e-12
7.12831e-12
6.38348e-12
5.65755e-12
4.94746e-12
4.27439e-12
3.69773e-12
3.33096e-12
5.24896e-11
4.89463e-11
4.38129e-11
3.85006e-11
3.36125e-11
2.93537e-11
2.57433e-11
2.27213e-11
2.01994e-11
1.80841e-11
1.62874e-11
1.47306e-11
1.33443e-11
1.20682e-11
1.08532e-11
9.66544e-12
8.49501e-12
7.37114e-12
6.38691e-12
5.73634e-12
8.19288e-11
7.72251e-11
6.93898e-11
6.1077e-11
5.33875e-11
4.66873e-11
4.10144e-11
3.62737e-11
3.23247e-11
2.90201e-11
2.62206e-11
2.38014e-11
2.16521e-11
1.96759e-11
1.77928e-11
1.59443e-11
1.41075e-11
1.23206e-11
1.07245e-11
9.63305e-12
1.20866e-10
1.15377e-10
1.04247e-10
9.2111e-11
8.0816e-11
7.09553e-11
6.25954e-11
5.5599e-11
4.97629e-11
4.48745e-11
4.07326e-11
3.71543e-11
3.3976e-11
3.10524e-11
2.82592e-11
2.55021e-11
2.27366e-11
2.00085e-11
1.75248e-11
1.57778e-11
1.69712e-10
1.64231e-10
1.49411e-10
1.32817e-10
1.17279e-10
1.03661e-10
9.20602e-11
8.23001e-11
7.41163e-11
6.72307e-11
6.13773e-11
5.6309e-11
5.17997e-11
4.76428e-11
4.36555e-11
3.9692e-11
3.56734e-11
3.16487e-11
2.79127e-11
2.52187e-11
2.28497e-10
2.23963e-10
2.05327e-10
1.84077e-10
1.64078e-10
1.46413e-10
1.31213e-10
1.18289e-10
1.07346e-10
9.80624e-11
9.01199e-11
8.32099e-11
7.70392e-11
7.13296e-11
6.58247e-11
6.03076e-11
5.46454e-11
4.88802e-11
4.34141e-11
3.93726e-11
2.97556e-10
2.94055e-10
2.7185e-10
2.46597e-10
2.22639e-10
2.01121e-10
1.82253e-10
1.65927e-10
1.51898e-10
1.39854e-10
1.29455e-10
1.20344e-10
1.12162e-10
1.04553e-10
9.71705e-11
8.9704e-11
8.19394e-11
7.3889e-11
6.60727e-11
6.0118e-11
3.78585e-10
3.73126e-10
3.48864e-10
3.21613e-10
2.95041e-10
2.70348e-10
2.48027e-10
2.2823e-10
2.10883e-10
1.95766e-10
1.82562e-10
1.70893e-10
1.60342e-10
1.50465e-10
1.40812e-10
1.30954e-10
1.20559e-10
1.09571e-10
9.86059e-11
8.98954e-11
2.52335e-100
2.49645e-100
2.45282e-100
2.40213e-100
2.3511e-100
2.30446e-100
2.26518e-100
2.23485e-100
2.21421e-100
2.20347e-100
2.20266e-100
2.21178e-100
2.23075e-100
2.25934e-100
2.29682e-100
2.34158e-100
2.39068e-100
2.43941e-100
2.48107e-100
2.507e-100
2.54259e-99
2.51157e-99
2.46446e-99
2.41106e-99
2.35815e-99
2.31037e-99
2.27055e-99
2.24014e-99
2.2197e-99
2.20936e-99
2.20909e-99
2.21886e-99
2.23865e-99
2.26831e-99
2.30725e-99
2.35399e-99
2.4057e-99
2.45776e-99
2.50337e-99
2.53365e-99
2.22582e-98
2.19447e-98
2.1498e-98
2.10067e-98
2.0529e-98
2.01035e-98
1.97531e-98
1.94886e-98
1.93137e-98
1.92283e-98
1.92315e-98
1.9323e-98
1.95031e-98
1.97714e-98
2.01239e-98
2.05493e-98
2.10245e-98
2.15106e-98
2.1949e-98
2.22589e-98
1.93189e-97
1.90093e-97
1.85913e-97
1.81443e-97
1.77174e-97
1.73424e-97
1.70372e-97
1.68097e-97
1.66617e-97
1.65922e-97
1.65999e-97
1.66845e-97
1.68466e-97
1.70867e-97
1.74025e-97
1.77855e-97
1.82174e-97
1.86659e-97
1.90813e-97
1.93904e-97
1.67024e-96
1.64039e-96
1.60159e-96
1.56114e-96
1.5232e-96
1.49033e-96
1.46391e-96
1.44447e-96
1.43205e-96
1.42647e-96
1.42757e-96
1.43531e-96
1.44979e-96
1.47113e-96
1.49923e-96
1.5335e-96
1.57251e-96
1.61363e-96
1.65263e-96
1.68271e-96
1.4387e-95
1.41032e-95
1.37466e-95
1.33827e-95
1.30471e-95
1.27605e-95
1.25332e-95
1.23682e-95
1.22648e-95
1.22206e-95
1.22338e-95
1.2304e-95
1.24325e-95
1.26209e-95
1.28694e-95
1.31743e-95
1.35247e-95
1.38993e-95
1.42615e-95
1.45497e-95
1.23463e-94
1.20801e-94
1.1755e-94
1.14298e-94
1.11346e-94
1.0886e-94
1.06914e-94
1.05524e-94
1.0467e-94
1.04326e-94
1.04471e-94
1.05103e-94
1.06235e-94
1.07888e-94
1.10073e-94
1.12771e-94
1.159e-94
1.19287e-94
1.22621e-94
1.25345e-94
1.05553e-93
1.03083e-93
1.00143e-93
9.72549e-94
9.46724e-94
9.25281e-94
9.08734e-94
8.9709e-94
8.90104e-94
8.87474e-94
8.88997e-94
8.94642e-94
9.0455e-94
9.1896e-94
9.38062e-94
9.6179e-94
9.89565e-94
1.01998e-93
1.05042e-93
1.07586e-93
8.98974e-93
8.76307e-93
8.49916e-93
8.2443e-93
8.0197e-93
7.83576e-93
7.69587e-93
7.59908e-93
7.54246e-93
7.52285e-93
7.53822e-93
7.58826e-93
7.67444e-93
7.79933e-93
7.96535e-93
8.17285e-93
8.41787e-93
8.68926e-93
8.96487e-93
9.19992e-93
7.62705e-92
7.42097e-92
7.18579e-92
6.9623e-92
6.7681e-92
6.61126e-92
6.49373e-92
6.41388e-92
6.36847e-92
6.35432e-92
6.36941e-92
6.41346e-92
6.48795e-92
6.59555e-92
6.73898e-92
6.91937e-92
7.13421e-92
7.37473e-92
7.62241e-92
7.83748e-92
6.44584e-91
6.26016e-91
6.05206e-91
5.85729e-91
5.69039e-91
5.55745e-91
5.45937e-91
5.39401e-91
5.35802e-91
5.34826e-91
5.36276e-91
5.40127e-91
5.46526e-91
5.5574e-91
5.68059e-91
5.83649e-91
6.0237e-91
6.2355e-91
6.45646e-91
6.65145e-91
5.42625e-90
5.26037e-90
5.07749e-90
4.9088e-90
4.76622e-90
4.65425e-90
4.57296e-90
4.51992e-90
4.49177e-90
4.48547e-90
4.49917e-90
4.53263e-90
4.58726e-90
4.66569e-90
4.77085e-90
4.90478e-90
5.06694e-90
5.25225e-90
5.44799e-90
5.62324e-90
4.54988e-89
4.4029e-89
4.24325e-89
4.09806e-89
3.97699e-89
3.88328e-89
3.81639e-89
3.77374e-89
3.75206e-89
3.74846e-89
3.76122e-89
3.7901e-89
3.83646e-89
3.9028e-89
3.99204e-89
4.1064e-89
4.24602e-89
4.40714e-89
4.57935e-89
4.73558e-89
3.79983e-88
3.6706e-88
3.53216e-88
3.40796e-88
3.30578e-88
3.22786e-88
3.17324e-88
3.13929e-88
3.1229e-88
3.12137e-88
3.13309e-88
3.15788e-88
3.19697e-88
3.25274e-88
3.328e-88
3.42507e-88
3.54455e-88
3.68378e-88
3.83427e-88
3.97246e-88
3.16066e-87
3.04787e-87
2.9286e-87
2.823e-87
2.7373e-87
2.67295e-87
2.6287e-87
2.60199e-87
2.58988e-87
2.58989e-87
2.60054e-87
2.62168e-87
2.65444e-87
2.70103e-87
2.76411e-87
2.846e-87
2.94764e-87
3.0672e-87
3.19786e-87
3.31918e-87
2.61832e-86
2.5206e-86
2.4185e-86
2.32926e-86
2.25784e-86
2.20505e-86
2.16952e-86
2.14877e-86
2.14008e-86
2.1412e-86
2.15079e-86
2.1687e-86
2.19598e-86
2.23465e-86
2.28718e-86
2.35585e-86
2.44179e-86
2.54385e-86
2.65656e-86
2.76231e-86
2.16014e-85
2.07608e-85
1.98923e-85
1.91428e-85
1.85513e-85
1.81215e-85
1.78387e-85
1.76798e-85
1.762e-85
1.76388e-85
1.77243e-85
1.78752e-85
1.81009e-85
1.84198e-85
1.88546e-85
1.94268e-85
2.01491e-85
2.10151e-85
2.19812e-85
2.28964e-85
1.77477e-84
1.70295e-84
1.62953e-84
1.56698e-84
1.51831e-84
1.48356e-84
1.46129e-84
1.44932e-84
1.44544e-84
1.44782e-84
1.45538e-84
1.46801e-84
1.48657e-84
1.51269e-84
1.54844e-84
1.59584e-84
1.65618e-84
1.72921e-84
1.8115e-84
1.89017e-84
1.45207e-83
1.39112e-83
1.32944e-83
1.27755e-83
1.23776e-83
1.2099e-83
1.19253e-83
1.18371e-83
1.18144e-83
1.18409e-83
1.19073e-83
1.20125e-83
1.2164e-83
1.23765e-83
1.26685e-83
1.30586e-83
1.35598e-83
1.4172e-83
1.48686e-83
1.55403e-83
1.18305e-82
1.13166e-82
1.08018e-82
1.03739e-82
1.00508e-82
9.82906e-83
9.69532e-83
9.63194e-83
9.62122e-83
9.64891e-83
9.70672e-83
9.79378e-83
9.9167e-83
1.00884e-82
1.03254e-82
1.06445e-82
1.10581e-82
1.15683e-82
1.21545e-82
1.27243e-82
9.59798e-82
9.16748e-82
8.74027e-82
8.38972e-82
8.12907e-82
7.95408e-82
7.85241e-82
7.80836e-82
7.80639e-82
7.83403e-82
7.88406e-82
7.95569e-82
8.05472e-82
8.19243e-82
8.38346e-82
8.64285e-82
8.98226e-82
9.40488e-82
9.89512e-82
1.03755e-81
7.75359e-81
7.39522e-81
7.04292e-81
6.75744e-81
6.5486e-81
6.4117e-81
6.33553e-81
6.3063e-81
6.31046e-81
6.33719e-81
6.3802e-81
6.43881e-81
6.51805e-81
6.62774e-81
6.78068e-81
6.99022e-81
7.26707e-81
7.61511e-81
8.02266e-81
8.4251e-81
6.23683e-80
5.94035e-80
5.65157e-80
5.42052e-80
5.25431e-80
5.14815e-80
5.09205e-80
5.07396e-80
5.0822e-80
5.1074e-80
5.14414e-80
5.19184e-80
5.25481e-80
5.34156e-80
5.4632e-80
5.63142e-80
5.85592e-80
6.14089e-80
6.47769e-80
6.81278e-80
4.99525e-79
4.75145e-79
4.51616e-79
4.33029e-79
4.19889e-79
4.11732e-79
4.07678e-79
4.06689e-79
4.0776e-79
4.10088e-79
4.13209e-79
4.1707e-79
4.22042e-79
4.28854e-79
4.38465e-79
4.51889e-79
4.69989e-79
4.93189e-79
5.2086e-79
5.48596e-79
3.98363e-78
3.78434e-78
3.59376e-78
3.44512e-78
3.34193e-78
3.27983e-78
3.2512e-78
3.24715e-78
3.25912e-78
3.28027e-78
3.30662e-78
3.33772e-78
3.37673e-78
3.42985e-78
3.50531e-78
3.61182e-78
3.75694e-78
3.94476e-78
4.17081e-78
4.39904e-78
3.16322e-77
3.00126e-77
2.84779e-77
2.7296e-77
2.64907e-77
2.60223e-77
2.58255e-77
2.58251e-77
2.59487e-77
2.6138e-77
2.63593e-77
2.66086e-77
2.69126e-77
2.73242e-77
2.79131e-77
2.87536e-77
2.9911e-77
3.14233e-77
3.32596e-77
3.5127e-77
2.50097e-76
2.37011e-76
2.24721e-76
2.15377e-76
2.0913e-76
2.05629e-76
2.04322e-76
2.04578e-76
2.05787e-76
2.07458e-76
2.09306e-76
2.11298e-76
2.13655e-76
2.16825e-76
2.21395e-76
2.27994e-76
2.37179e-76
2.49293e-76
2.64128e-76
2.79322e-76
1.9689e-75
1.86375e-75
1.76588e-75
1.69241e-75
1.64424e-75
1.61829e-75
1.60997e-75
1.61405e-75
1.62542e-75
1.63997e-75
1.65533e-75
1.67119e-75
1.6894e-75
1.7137e-75
1.74903e-75
1.80061e-75
1.87315e-75
1.96969e-75
2.08891e-75
2.21185e-75
1.54339e-74
1.45937e-74
1.38186e-74
1.3244e-74
1.28745e-74
1.26837e-74
1.26337e-74
1.26817e-74
1.27853e-74
1.29105e-74
1.30375e-74
1.31635e-74
1.33039e-74
1.34897e-74
1.37619e-74
1.41637e-74
1.4734e-74
1.54996e-74
1.64525e-74
1.7442e-74
1.20463e-73
1.13787e-73
1.07682e-73
1.03213e-73
1.00393e-73
9.90007e-74
9.87253e-74
9.92212e-74
1.00142e-73
1.01205e-73
1.02248e-73
1.03249e-73
1.04331e-73
1.05751e-73
1.07845e-73
1.10964e-73
1.15429e-73
1.2147e-73
1.29048e-73
1.36969e-73
9.36159e-73
8.83402e-73
8.35583e-73
8.00995e-73
7.79594e-73
7.69508e-73
7.6823e-73
7.72991e-73
7.80973e-73
7.89893e-73
7.98423e-73
8.06371e-73
8.14736e-73
8.25584e-73
8.41665e-73
8.65805e-73
9.00618e-73
9.48055e-73
1.008e-72
1.07107e-72
7.24338e-72
6.82891e-72
6.45634e-72
6.18993e-72
6.02824e-72
5.95583e-72
5.95249e-72
5.99602e-72
6.06377e-72
6.13749e-72
6.20685e-72
6.27024e-72
6.3352e-72
6.41819e-72
6.5414e-72
6.72758e-72
6.99797e-72
7.36887e-72
7.84064e-72
8.34003e-72
5.57982e-71
5.25604e-71
4.9672e-71
4.76297e-71
4.64137e-71
4.5898e-71
4.59215e-71
4.63056e-71
4.68691e-71
4.747e-71
4.80309e-71
4.85383e-71
4.90466e-71
4.96828e-71
5.06246e-71
5.20563e-71
5.41487e-71
5.7036e-71
6.0731e-71
6.46637e-71
4.27923e-70
4.0277e-70
3.80489e-70
3.64908e-70
3.55805e-70
3.5216e-70
3.52697e-70
3.55986e-70
3.60593e-70
3.65438e-70
3.69947e-70
3.74011e-70
3.78013e-70
3.8291e-70
3.90108e-70
4.0109e-70
4.17219e-70
4.39596e-70
4.684e-70
4.99202e-70
3.26696e-69
3.07264e-69
2.90164e-69
2.78334e-69
2.71554e-69
2.68999e-69
2.69659e-69
2.72406e-69
2.7612e-69
2.79988e-69
2.83591e-69
2.86843e-69
2.90007e-69
2.93794e-69
2.993e-69
3.07701e-69
3.20085e-69
3.37351e-69
3.59696e-69
3.83693e-69
2.48263e-68
2.33335e-68
2.20281e-68
2.11344e-68
2.06318e-68
2.04541e-68
2.05218e-68
2.07465e-68
2.10425e-68
2.1349e-68
2.16353e-68
2.18944e-68
2.2145e-68
2.2439e-68
2.28602e-68
2.35012e-68
2.44486e-68
2.57748e-68
2.74995e-68
2.93589e-68
1.87766e-67
1.76366e-67
1.66455e-67
1.59739e-67
1.5603e-67
1.54803e-67
1.55438e-67
1.57249e-67
1.59586e-67
1.61999e-67
1.64261e-67
1.66316e-67
1.68296e-67
1.7058e-67
1.73801e-67
1.78682e-67
1.85903e-67
1.96042e-67
2.09284e-67
2.23612e-67
1.41322e-66
1.32666e-66
1.25186e-66
1.20166e-66
1.17442e-66
1.16601e-66
1.17165e-66
1.18607e-66
1.2044e-66
1.22329e-66
1.24106e-66
1.25727e-66
1.27284e-66
1.29056e-66
1.31517e-66
1.35225e-66
1.40706e-66
1.4842e-66
1.58533e-66
1.69512e-66
1.05837e-65
9.93053e-66
9.36925e-66
8.99616e-66
8.79717e-66
8.74006e-66
8.78827e-66
8.90207e-66
9.0448e-66
9.19185e-66
9.3306e-66
9.45769e-66
9.57963e-66
9.71672e-66
9.90457e-66
1.01854e-65
1.05997e-65
1.11836e-65
1.19516e-65
1.27877e-65
7.88573e-65
7.39605e-65
6.97759e-65
6.702e-65
6.55746e-65
6.51909e-65
6.55923e-65
6.64809e-65
6.75853e-65
6.87229e-65
6.98003e-65
7.07913e-65
7.17417e-65
7.27999e-65
7.42302e-65
7.6351e-65
7.94691e-65
8.38637e-65
8.96603e-65
9.59893e-65
5.84502e-64
5.48025e-64
5.17034e-64
4.96811e-64
4.86376e-64
4.83832e-64
4.87103e-64
4.93978e-64
5.02462e-64
5.11213e-64
5.19532e-64
5.27215e-64
5.34588e-64
5.42732e-64
5.53593e-64
5.69549e-64
5.92907e-64
6.25799e-64
6.69281e-64
7.16891e-64
4.30959e-63
4.03962e-63
3.81167e-63
3.66426e-63
3.5894e-63
3.57282e-63
3.59905e-63
3.6518e-63
3.71652e-63
3.78344e-63
3.8473e-63
3.90652e-63
3.96343e-63
4.02587e-63
4.10809e-63
4.22768e-63
4.4018e-63
4.64659e-63
4.97074e-63
5.32668e-63
3.16056e-62
2.96207e-62
2.79555e-62
2.68882e-62
2.6355e-62
2.62492e-62
2.64569e-62
2.68586e-62
2.73491e-62
2.78576e-62
2.83447e-62
2.87986e-62
2.92356e-62
2.97125e-62
3.03324e-62
3.12249e-62
3.25167e-62
3.43284e-62
3.67298e-62
3.93743e-62
2.30545e-61
2.16047e-61
2.03966e-61
1.96291e-61
1.9252e-61
1.91864e-61
1.93493e-61
1.96532e-61
2.00224e-61
2.04062e-61
2.07755e-61
2.11214e-61
2.14552e-61
2.18178e-61
2.22834e-61
2.29466e-61
2.39005e-61
2.52336e-61
2.70017e-61
2.89542e-61
1.67262e-60
1.56744e-60
1.48038e-60
1.42557e-60
1.3991e-60
1.39521e-60
1.40787e-60
1.43072e-60
1.45834e-60
1.48712e-60
1.51494e-60
1.54115e-60
1.56652e-60
1.59395e-60
1.62876e-60
1.67784e-60
1.74792e-60
1.84547e-60
1.97485e-60
2.11811e-60
1.20695e-59
1.13114e-59
1.06882e-59
1.02994e-59
1.01152e-59
1.00937e-59
1.01914e-59
1.03623e-59
1.05679e-59
1.07823e-59
1.09905e-59
1.11878e-59
1.13796e-59
1.15861e-59
1.18451e-59
1.22065e-59
1.27187e-59
1.34287e-59
1.43698e-59
1.54145e-59
8.66251e-59
8.11953e-59
7.67623e-59
7.40229e-59
7.27516e-59
7.26479e-59
7.33981e-59
7.46704e-59
7.61928e-59
7.77815e-59
7.93306e-59
8.08064e-59
8.22463e-59
8.37926e-59
8.57102e-59
8.83576e-59
9.2082e-59
9.72214e-59
1.04028e-58
1.11601e-58
6.18402e-58
5.79754e-58
5.48416e-58
5.29234e-58
5.20544e-58
5.20191e-58
5.25928e-58
5.35372e-58
5.46589e-58
5.5829e-58
5.69746e-58
5.80715e-58
5.91464e-58
6.02976e-58
6.17097e-58
6.36381e-58
6.63315e-58
7.00325e-58
7.49285e-58
8.03863e-58
4.39131e-57
4.11787e-57
3.89765e-57
3.76419e-57
3.70536e-57
3.70579e-57
3.74936e-57
3.81916e-57
3.90154e-57
3.98733e-57
4.07151e-57
4.15262e-57
4.23241e-57
4.31757e-57
4.42094e-57
4.56057e-57
4.75432e-57
5.01951e-57
5.36984e-57
5.76104e-57
3.10198e-56
2.90962e-56
2.75575e-56
2.66349e-56
2.62406e-56
2.62654e-56
2.6594e-56
2.71073e-56
2.77093e-56
2.83363e-56
2.89535e-56
2.95499e-56
3.0138e-56
3.07639e-56
3.15155e-56
3.25207e-56
3.39073e-56
3.57983e-56
3.82927e-56
4.10819e-56
2.17985e-55
2.04527e-55
1.93837e-55
1.87498e-55
1.84882e-55
1.85215e-55
1.87678e-55
1.91436e-55
1.9582e-55
2.00383e-55
2.04891e-55
2.09255e-55
2.13564e-55
2.1813e-55
2.23557e-55
2.30754e-55
2.40628e-55
2.54051e-55
2.71728e-55
2.91514e-55
1.52396e-54
1.43031e-54
1.35642e-54
1.31313e-54
1.29596e-54
1.29946e-54
1.31783e-54
1.34524e-54
1.37706e-54
1.41016e-54
1.44287e-54
1.47465e-54
1.50603e-54
1.53907e-54
1.57802e-54
1.6293e-54
1.69929e-54
1.79414e-54
1.91883e-54
2.05851e-54
1.05996e-53
9.9513e-54
9.44334e-54
9.14941e-54
9.03803e-54
9.07094e-54
9.20746e-54
9.40675e-54
9.63657e-54
9.8754e-54
1.01117e-53
1.03416e-53
1.05684e-53
1.0806e-53
1.10844e-53
1.14481e-53
1.19419e-53
1.26091e-53
1.34848e-53
1.4466e-53
7.33462e-53
6.88821e-53
6.54084e-53
6.34255e-53
6.27125e-53
6.30025e-53
6.4011e-53
6.54538e-53
6.71061e-53
6.88215e-53
7.05203e-53
7.21722e-53
7.37989e-53
7.55004e-53
7.7482e-53
8.00492e-53
8.35178e-53
8.81893e-53
9.43119e-53
1.01173e-52
5.0494e-52
4.74361e-52
4.50733e-52
4.37442e-52
4.32947e-52
4.35387e-52
4.42788e-52
4.53186e-52
4.65024e-52
4.77303e-52
4.89445e-52
5.01234e-52
5.12838e-52
5.24953e-52
5.38982e-52
5.57022e-52
5.81275e-52
6.13842e-52
6.56453e-52
7.04204e-52
3.45834e-51
3.24998e-51
3.09014e-51
3.00165e-51
2.9738e-51
2.99369e-51
3.04766e-51
3.12229e-51
3.20678e-51
3.29422e-51
3.38051e-51
3.46429e-51
3.54665e-51
3.63239e-51
3.73113e-51
3.85728e-51
4.02607e-51
4.25206e-51
4.54727e-51
4.87807e-51
2.35642e-50
2.21519e-50
2.10765e-50
2.04914e-50
2.03227e-50
2.04813e-50
2.08731e-50
2.14058e-50
2.20057e-50
2.26244e-50
2.32352e-50
2.38279e-50
2.44096e-50
2.50134e-50
2.57044e-50
2.65819e-50
2.7751e-50
2.9312e-50
3.13478e-50
3.36284e-50
1.59728e-49
1.50206e-49
1.43013e-49
1.39172e-49
1.38178e-49
1.3942e-49
1.4225e-49
1.46032e-49
1.50268e-49
1.54626e-49
1.58924e-49
1.63096e-49
1.67184e-49
1.71414e-49
1.76225e-49
1.82299e-49
1.90358e-49
2.0109e-49
2.15064e-49
2.30712e-49
1.07706e-48
1.01322e-48
9.65373e-49
9.40346e-49
9.34695e-49
9.44263e-49
9.64592e-49
9.91328e-49
1.02108e-48
1.05166e-48
1.08176e-48
1.11093e-48
1.13951e-48
1.16896e-48
1.2023e-48
1.24415e-48
1.29944e-48
1.37287e-48
1.46835e-48
1.57519e-48
7.22471e-48
6.79901e-48
6.48264e-48
6.32082e-48
6.29025e-48
6.36273e-48
6.50776e-48
6.69589e-48
6.90438e-48
7.11774e-48
7.32764e-48
7.53056e-48
7.72897e-48
7.93294e-48
8.16278e-48
8.44969e-48
8.82716e-48
9.32725e-48
9.97645e-48
1.07025e-47
4.8207e-47
4.53843e-47
4.33048e-47
4.22669e-47
4.21137e-47
4.26544e-47
4.36831e-47
4.49999e-47
4.64531e-47
4.79378e-47
4.93934e-47
5.07976e-47
5.21686e-47
5.35731e-47
5.5149e-47
5.71062e-47
5.96707e-47
6.30599e-47
6.74531e-47
7.2363e-47
3.19962e-46
3.01349e-46
2.87762e-46
2.81162e-46
2.80496e-46
2.84479e-46
2.91728e-46
3.00906e-46
3.10978e-46
3.21246e-46
3.31298e-46
3.40976e-46
3.50398e-46
3.60021e-46
3.70772e-46
3.84056e-46
4.01393e-46
4.24248e-46
4.53831e-46
4.86869e-46
2.11236e-45
1.99031e-45
1.90208e-45
1.86049e-45
1.85851e-45
1.88756e-45
1.93833e-45
2.00192e-45
2.0714e-45
2.14202e-45
2.21103e-45
2.27742e-45
2.3419e-45
2.40749e-45
2.48046e-45
2.57017e-45
2.68677e-45
2.84011e-45
3.03833e-45
3.25954e-45
1.38709e-44
1.30751e-44
1.25057e-44
1.22462e-44
1.22497e-44
1.24594e-44
1.28132e-44
1.32514e-44
1.37277e-44
1.4211e-44
1.46824e-44
1.51359e-44
1.55748e-44
1.60195e-44
1.65122e-44
1.71144e-44
1.78944e-44
1.89183e-44
2.02399e-44
2.17136e-44
9.05904e-44
8.54317e-44
8.17818e-44
8.01797e-44
8.03158e-44
8.18138e-44
8.42631e-44
8.72674e-44
9.05162e-44
9.38057e-44
9.70149e-44
1.00093e-43
1.03062e-43
1.06064e-43
1.09371e-43
1.13391e-43
1.18583e-43
1.25386e-43
1.34154e-43
1.43921e-43
5.88414e-43
5.55169e-43
5.31927e-43
5.22156e-43
5.23814e-43
5.3442e-43
5.51272e-43
5.71749e-43
5.93812e-43
6.16092e-43
6.37791e-43
6.58542e-43
6.78551e-43
6.98713e-43
7.20782e-43
7.47489e-43
7.81884e-43
8.26853e-43
8.84729e-43
9.49144e-43
3.80087e-42
3.58791e-42
3.44094e-42
3.38215e-42
3.39813e-42
3.47264e-42
3.58794e-42
3.72672e-42
3.87572e-42
4.02575e-42
4.17144e-42
4.31063e-42
4.44477e-42
4.57936e-42
4.72598e-42
4.90262e-42
5.12938e-42
5.42519e-42
5.80528e-42
6.22791e-42
2.44149e-41
2.30591e-41
2.21366e-41
2.17883e-41
2.19268e-41
2.24461e-41
2.32304e-41
2.4166e-41
2.51657e-41
2.61706e-41
2.71442e-41
2.80729e-41
2.89659e-41
2.98586e-41
3.08278e-41
3.19911e-41
3.34792e-41
3.54153e-41
3.78989e-41
4.06577e-41
1.55944e-40
1.47368e-40
1.41622e-40
1.39598e-40
1.40723e-40
1.44313e-40
1.49617e-40
1.55894e-40
1.62563e-40
1.69252e-40
1.75725e-40
1.8189e-40
1.87795e-40
1.93681e-40
2.00057e-40
2.0768e-40
2.17398e-40
2.30007e-40
2.46152e-40
2.64069e-40
9.90366e-40
9.36462e-40
9.00968e-40
8.89469e-40
8.98258e-40
9.2289e-40
9.58534e-40
1.00042e-39
1.04472e-39
1.08897e-39
1.1317e-39
1.17233e-39
1.21119e-39
1.24985e-39
1.29157e-39
1.34128e-39
1.4044e-39
1.4861e-39
1.59052e-39
1.70628e-39
6.25315e-39
5.91659e-39
5.6992e-39
5.63578e-39
5.70243e-39
5.87044e-39
6.10856e-39
6.38632e-39
6.67908e-39
6.97006e-39
7.25059e-39
7.51676e-39
7.77094e-39
8.02344e-39
8.29508e-39
8.61749e-39
9.02546e-39
9.55203e-39
1.02239e-38
1.0968e-38
3.92508e-38
3.71638e-38
3.58443e-38
3.55077e-38
3.60008e-38
3.71399e-38
3.87231e-38
4.05531e-38
4.24755e-38
4.43808e-38
4.62116e-38
4.79457e-38
4.95991e-38
5.12379e-38
5.2996e-38
5.50758e-38
5.76987e-38
6.10757e-38
6.53768e-38
7.0135e-38
2.44917e-37
2.32067e-37
2.24135e-37
2.22444e-37
2.26016e-37
2.33683e-37
2.44156e-37
2.56153e-37
2.68693e-37
2.811e-37
2.92983e-37
3.04214e-37
3.14918e-37
3.25497e-37
3.36811e-37
3.50148e-37
3.66922e-37
3.88469e-37
4.15864e-37
4.46136e-37
1.51908e-36
1.44053e-36
1.39336e-36
1.3856e-36
1.41102e-36
1.46222e-36
1.53105e-36
1.60932e-36
1.69066e-36
1.77092e-36
1.84768e-36
1.92008e-36
1.98893e-36
2.05683e-36
2.12928e-36
2.21437e-36
2.32108e-36
2.45786e-36
2.63146e-36
2.82304e-36
9.36464e-36
8.8881e-36
8.61081e-36
8.58113e-36
8.75944e-36
9.09895e-36
9.54835e-36
1.0056e-35
1.05811e-35
1.10975e-35
1.15901e-35
1.20541e-35
1.24942e-35
1.29277e-35
1.33894e-35
1.39298e-35
1.46053e-35
1.54691e-35
1.65634e-35
1.77696e-35
5.73727e-35
5.45045e-35
5.28954e-35
5.28336e-35
5.4068e-35
5.6305e-35
5.9223e-35
6.24961e-35
6.58682e-35
6.91707e-35
7.23127e-35
7.52673e-35
7.80652e-35
8.08175e-35
8.37438e-35
8.71593e-35
9.14144e-35
9.68412e-35
1.03704e-34
1.11258e-34
3.49285e-34
3.32165e-34
3.22963e-34
3.23378e-34
3.31826e-34
3.46469e-34
3.65309e-34
3.86299e-34
4.07825e-34
4.28822e-34
4.48758e-34
4.67451e-34
4.8512e-34
5.02503e-34
5.20951e-34
5.42418e-34
5.69079e-34
6.02999e-34
6.45815e-34
6.92878e-34
2.11289e-33
2.01159e-33
1.95984e-33
1.96756e-33
2.02478e-33
2.12005e-33
2.24095e-33
2.37469e-33
2.51132e-33
2.64415e-33
2.7698e-33
2.88734e-33
2.99838e-33
3.10753e-33
3.22311e-33
3.35725e-33
3.5234e-33
3.73433e-33
4.00008e-33
4.29174e-33
1.26987e-32
1.21047e-32
1.18195e-32
1.18998e-32
1.22836e-32
1.28998e-32
1.36711e-32
1.45183e-32
1.53797e-32
1.62146e-32
1.70016e-32
1.7737e-32
1.84312e-32
1.91123e-32
1.98319e-32
2.06652e-32
2.16951e-32
2.30001e-32
2.46411e-32
2.64389e-32
7.58212e-32
7.23725e-32
7.08373e-32
7.15377e-32
7.4087e-32
7.80457e-32
8.29387e-32
8.82776e-32
9.36748e-32
9.88843e-32
1.03785e-31
1.08357e-31
1.12667e-31
1.16892e-31
1.21349e-31
1.26498e-31
1.32849e-31
1.40881e-31
1.50961e-31
1.61984e-31
4.49711e-31
4.29895e-31
4.21888e-31
4.27473e-31
4.44247e-31
4.69511e-31
5.00354e-31
5.3378e-31
5.67419e-31
5.9974e-31
6.30028e-31
6.58241e-31
6.84826e-31
7.10882e-31
7.38334e-31
7.69991e-31
8.0896e-31
8.58142e-31
9.19744e-31
9.8695e-31
2.64938e-30
2.53682e-30
2.49681e-30
2.53898e-30
2.64841e-30
2.80851e-30
3.00166e-30
3.20959e-30
3.41784e-30
3.61716e-30
3.80325e-30
3.97612e-30
4.13891e-30
4.29853e-30
4.46664e-30
4.6603e-30
4.89822e-30
5.19783e-30
5.57228e-30
5.9798e-30
1.55014e-29
1.48702e-29
1.46827e-29
1.49893e-29
1.56973e-29
1.6705e-29
1.79062e-29
1.91914e-29
2.04725e-29
2.16935e-29
2.28301e-29
2.38815e-29
2.48708e-29
2.58412e-29
2.68649e-29
2.80435e-29
2.94883e-29
3.13039e-29
3.35678e-29
3.60249e-29
9.0065e-29
8.65769e-29
8.57901e-29
8.79567e-29
9.25024e-29
9.88055e-29
1.06225e-28
1.1411e-28
1.21941e-28
1.29376e-28
1.36264e-28
1.42614e-28
1.4858e-28
1.54437e-28
1.60632e-28
1.67761e-28
1.76486e-28
1.87429e-28
2.01042e-28
2.15772e-28
5.19567e-28
5.00616e-28
4.98039e-28
5.13014e-28
5.41986e-28
5.81165e-28
6.26709e-28
6.74759e-28
7.22242e-28
7.67166e-28
8.08593e-28
8.46693e-28
8.8238e-28
9.175e-28
9.54713e-28
9.97563e-28
1.04994e-27
1.11553e-27
1.19693e-27
1.28472e-27
2.97559e-27
2.87471e-27
2.87265e-27
2.97427e-27
3.15761e-27
3.39962e-27
3.67735e-27
3.96822e-27
4.25397e-27
4.52305e-27
4.77023e-27
4.99672e-27
5.20869e-27
5.41766e-27
5.63958e-27
5.89544e-27
6.20798e-27
6.59881e-27
7.08279e-27
7.60269e-27
1.69161e-26
1.63926e-26
1.64629e-26
1.71418e-26
1.82941e-26
1.97798e-26
2.14616e-26
2.32084e-26
2.49154e-26
2.65141e-26
2.7976e-26
2.93099e-26
3.05584e-26
3.1791e-26
3.31038e-26
3.46204e-26
3.64733e-26
3.87885e-26
4.16488e-26
4.47082e-26
9.54526e-26
9.28245e-26
9.37478e-26
9.82221e-26
1.05416e-25
1.1448e-25
1.24595e-25
1.34999e-25
1.45101e-25
1.54518e-25
1.63087e-25
1.70879e-25
1.78159e-25
1.85355e-25
1.93051e-25
2.01969e-25
2.12879e-25
2.26509e-25
2.43309e-25
2.61188e-25
5.34575e-25
5.21974e-25
5.3052e-25
5.59645e-25
6.04246e-25
6.59202e-25
7.19638e-25
7.81127e-25
8.40317e-25
8.95177e-25
9.44899e-25
9.89935e-25
1.03192e-24
1.0735e-24
1.11819e-24
1.17019e-24
1.23396e-24
1.31364e-24
1.41165e-24
1.51537e-24
2.97142e-24
2.91509e-24
2.9841e-24
3.17152e-24
3.44611e-24
3.77709e-24
4.13564e-24
4.49623e-24
4.83993e-24
5.15579e-24
5.44049e-24
5.69739e-24
5.93652e-24
6.17396e-24
6.43068e-24
6.73105e-24
7.10064e-24
7.563e-24
8.13056e-24
8.72727e-24
1.63945e-23
1.6172e-23
1.66887e-23
1.78819e-23
1.95601e-23
2.15394e-23
2.36503e-23
2.5747e-23
2.77239e-23
2.95224e-23
3.11293e-23
3.2572e-23
3.39129e-23
3.52486e-23
3.67035e-23
3.84189e-23
4.05406e-23
4.32005e-23
4.64599e-23
4.98615e-23
8.98093e-23
8.91561e-23
9.28393e-23
1.00354e-22
1.10535e-22
1.22281e-22
1.34604e-22
1.46681e-22
1.57931e-22
1.68048e-22
1.76989e-22
1.84944e-22
1.92317e-22
1.99691e-22
2.07798e-22
2.17457e-22
2.29496e-22
2.44645e-22
2.63185e-22
2.82373e-22
4.88702e-22
4.88747e-22
5.14081e-22
5.6092e-22
6.22183e-22
6.91317e-22
7.62592e-22
8.31409e-22
8.94643e-22
9.50746e-22
9.99654e-22
1.04265e-21
1.08225e-21
1.122e-21
1.16623e-21
1.21964e-21
1.28697e-21
1.37221e-21
1.47648e-21
1.5834e-21
2.64389e-21
2.66678e-21
2.83624e-21
3.12513e-21
3.49057e-21
3.89366e-21
4.30155e-21
4.68889e-21
5.03918e-21
5.3449e-21
5.60685e-21
5.83348e-21
6.0402e-21
6.24822e-21
6.48291e-21
6.77163e-21
7.14132e-21
7.61398e-21
8.19243e-21
8.77971e-21
1.42417e-20
1.45048e-20
1.56116e-20
1.73739e-20
1.95325e-20
2.18577e-20
2.4163e-20
2.63113e-20
2.82177e-20
2.98478e-20
3.12135e-20
3.2369e-20
3.34071e-20
3.44529e-20
3.56542e-20
3.71699e-20
3.91544e-20
4.17278e-20
4.48849e-20
4.80561e-20
7.65774e-20
7.88208e-20
8.58843e-20
9.65075e-20
1.09115e-19
1.22357e-19
1.3519e-19
1.46891e-19
1.57037e-19
1.65488e-19
1.72354e-19
1.77976e-19
1.82903e-19
1.87863e-19
1.93711e-19
2.01366e-19
2.11717e-19
2.25415e-19
2.4231e-19
2.59095e-19
4.1282e-19
4.2937e-19
4.73324e-19
5.36452e-19
6.0908e-19
6.83303e-19
7.53393e-19
8.15638e-19
8.68074e-19
9.10247e-19
9.4303e-19
9.68511e-19
9.89887e-19
1.01131e-18
1.03768e-18
1.0743e-18
1.12626e-18
1.19714e-18
1.28545e-18
1.37227e-18
2.24917e-18
2.35587e-18
2.62045e-18
2.98895e-18
3.40007e-18
3.80749e-18
4.18061e-18
4.50144e-18
4.76168e-18
4.96091e-18
5.10544e-18
5.20775e-18
5.28597e-18
5.36335e-18
5.46743e-18
5.62845e-18
5.87572e-18
6.22925e-18
6.67815e-18
7.11625e-18
1.25813e-17
1.30978e-17
1.4612e-17
1.67144e-17
1.89871e-17
2.11594e-17
2.30759e-17
2.4657e-17
2.58745e-17
2.67386e-17
2.72922e-17
2.76073e-17
2.77837e-17
2.79474e-17
2.82493e-17
2.88581e-17
2.99419e-17
3.16191e-17
3.3829e-17
3.59902e-17
7.4705e-17
7.41387e-17
8.21473e-17
9.38139e-17
1.05963e-16
1.17063e-16
1.26405e-16
1.33695e-16
1.38886e-16
1.42107e-16
1.43628e-16
1.4385e-16
1.43296e-16
1.42624e-16
1.42621e-16
1.44196e-16
1.48301e-16
1.55682e-16
1.66165e-16
1.76744e-16
4.85367e-10
4.72341e-10
4.51531e-10
4.26741e-10
4.00332e-10
3.73994e-10
3.48897e-10
3.25739e-10
3.04831e-10
2.86186e-10
2.69604e-10
2.54734e-10
2.41119e-10
2.28225e-10
2.15475e-10
2.02288e-10
1.88191e-10
1.73065e-10
1.57745e-10
1.45421e-10
6.87603e-10
6.86593e-10
6.75942e-10
6.56684e-10
6.31422e-10
6.02842e-10
5.73238e-10
5.44289e-10
5.17038e-10
4.91979e-10
4.6917e-10
4.48332e-10
4.28932e-10
4.10241e-10
3.91388e-10
3.71437e-10
3.49532e-10
3.25289e-10
2.99825e-10
2.78437e-10
1.00104e-09
1.01665e-09
1.02056e-09
1.01063e-09
9.89372e-10
9.60302e-10
9.26932e-10
8.92142e-10
8.5796e-10
8.25572e-10
7.95435e-10
7.67405e-10
7.40851e-10
7.14755e-10
6.87794e-10
6.58453e-10
6.2524e-10
5.87256e-10
5.45875e-10
5.09661e-10
1.48953e-09
1.52858e-09
1.55356e-09
1.55822e-09
1.54474e-09
1.5175e-09
1.48143e-09
1.44095e-09
1.39937e-09
1.35883e-09
1.32034e-09
1.28394e-09
1.24884e-09
1.21357e-09
1.17607e-09
1.13391e-09
1.08457e-09
1.02624e-09
9.60444e-10
9.00637e-10
2.25072e-09
2.325e-09
2.38178e-09
2.40911e-09
2.40894e-09
2.38677e-09
2.34944e-09
2.30347e-09
2.25396e-09
2.20436e-09
2.15643e-09
2.11042e-09
2.06525e-09
2.0187e-09
1.96756e-09
1.90792e-09
1.83558e-09
1.74723e-09
1.64434e-09
1.54752e-09
3.43438e-09
3.56309e-09
3.66891e-09
3.7316e-09
3.7532e-09
3.74098e-09
3.70456e-09
3.65347e-09
3.59543e-09
3.53571e-09
3.47711e-09
3.42012e-09
3.36315e-09
3.30276e-09
3.2339e-09
3.15025e-09
3.045e-09
2.9124e-09
2.75337e-09
2.5991e-09
5.26922e-09
5.48229e-09
5.66408e-09
5.78181e-09
5.83832e-09
5.84361e-09
5.8115e-09
5.75604e-09
5.68878e-09
5.61771e-09
5.54708e-09
5.4776e-09
5.40682e-09
5.32938e-09
5.23728e-09
5.12044e-09
4.96781e-09
4.76984e-09
4.52621e-09
4.28354e-09
8.10203e-09
8.44501e-09
8.74386e-09
8.94679e-09
9.05835e-09
9.09284e-09
9.07043e-09
9.01204e-09
8.93496e-09
8.85114e-09
8.76694e-09
8.6833e-09
8.59635e-09
8.49778e-09
8.37492e-09
8.21172e-09
7.99053e-09
7.6958e-09
7.32503e-09
6.94742e-09
1.24543e-08
1.29956e-08
1.34734e-08
1.3807e-08
1.4004e-08
1.40855e-08
1.40813e-08
1.40226e-08
1.39354e-08
1.38374e-08
1.37379e-08
1.36383e-08
1.35325e-08
1.34076e-08
1.32435e-08
1.30149e-08
1.26938e-08
1.22557e-08
1.16945e-08
1.11125e-08
1.91037e-08
1.99451e-08
2.06938e-08
2.12257e-08
2.15533e-08
2.17086e-08
2.17358e-08
2.16816e-08
2.15845e-08
2.1471e-08
2.13549e-08
2.12377e-08
2.11101e-08
2.0952e-08
2.07316e-08
2.04092e-08
1.99419e-08
1.92914e-08
1.84464e-08
1.75575e-08
2.92009e-08
3.04916e-08
3.16464e-08
3.24762e-08
3.30009e-08
3.32697e-08
3.33483e-08
3.33064e-08
3.32012e-08
3.3072e-08
3.29385e-08
3.28029e-08
3.26505e-08
3.24488e-08
3.21495e-08
3.16917e-08
3.10099e-08
3.00462e-08
2.87806e-08
2.74342e-08
4.44333e-08
4.63905e-08
4.81478e-08
4.942e-08
5.02391e-08
5.06798e-08
5.08393e-08
5.08223e-08
5.07134e-08
5.05706e-08
5.04214e-08
5.02677e-08
5.00848e-08
4.98236e-08
4.94122e-08
4.87582e-08
4.77629e-08
4.63396e-08
4.44551e-08
4.24326e-08
6.72541e-08
7.01909e-08
7.28341e-08
7.47572e-08
7.60109e-08
7.67077e-08
7.6992e-08
7.70198e-08
7.69159e-08
7.67635e-08
7.66029e-08
7.64308e-08
7.62085e-08
7.5865e-08
7.5294e-08
7.43568e-08
7.2906e-08
7.08126e-08
6.80237e-08
6.50102e-08
1.01199e-07
1.05562e-07
1.09496e-07
1.12368e-07
1.14257e-07
1.1533e-07
1.15803e-07
1.15906e-07
1.15823e-07
1.15669e-07
1.15501e-07
1.15309e-07
1.15034e-07
1.14575e-07
1.13778e-07
1.12435e-07
1.10326e-07
1.07263e-07
1.03162e-07
9.87085e-08
1.51315e-07
1.57739e-07
1.63536e-07
1.67778e-07
1.70585e-07
1.72205e-07
1.72957e-07
1.73183e-07
1.73147e-07
1.7301e-07
1.72835e-07
1.72613e-07
1.72266e-07
1.71647e-07
1.7053e-07
1.68609e-07
1.65559e-07
1.61102e-07
1.55114e-07
1.48584e-07
2.24749e-07
2.34119e-07
2.42582e-07
2.48786e-07
2.52907e-07
2.55313e-07
2.56474e-07
2.56894e-07
2.56943e-07
2.56834e-07
2.56659e-07
2.56398e-07
2.5595e-07
2.55106e-07
2.5354e-07
2.50801e-07
2.46411e-07
2.39968e-07
2.31287e-07
2.21792e-07
3.31515e-07
3.45064e-07
3.57309e-07
3.66296e-07
3.72285e-07
3.75813e-07
3.77561e-07
3.78261e-07
3.7844e-07
3.78383e-07
3.78212e-07
3.77908e-07
3.7732e-07
3.76162e-07
3.73969e-07
3.70077e-07
3.63794e-07
3.54542e-07
3.42051e-07
3.28354e-07
4.8552e-07
5.04944e-07
5.22505e-07
5.35405e-07
5.44026e-07
5.4914e-07
5.51724e-07
5.5282e-07
5.53176e-07
5.53202e-07
5.53055e-07
5.52687e-07
5.5191e-07
5.50325e-07
5.47254e-07
5.41746e-07
5.32808e-07
5.19617e-07
5.0178e-07
4.82185e-07
7.05888e-07
7.33495e-07
7.58461e-07
7.76812e-07
7.89101e-07
7.96437e-07
8.00211e-07
8.01877e-07
8.0248e-07
8.02604e-07
8.0247e-07
8.02028e-07
8.00998e-07
7.9882e-07
7.9454e-07
7.86784e-07
7.74151e-07
7.55482e-07
7.3021e-07
7.02409e-07
1.01867e-06
1.05757e-06
1.09276e-06
1.11863e-06
1.13598e-06
1.14639e-06
1.15183e-06
1.15428e-06
1.15523e-06
1.1555e-06
1.15539e-06
1.15481e-06
1.15344e-06
1.15046e-06
1.14451e-06
1.13365e-06
1.11592e-06
1.08969e-06
1.05417e-06
1.01505e-06
1.45899e-06
1.51335e-06
1.56251e-06
1.59866e-06
1.62292e-06
1.63752e-06
1.64521e-06
1.64875e-06
1.65019e-06
1.65068e-06
1.65064e-06
1.64988e-06
1.64801e-06
1.64392e-06
1.63567e-06
1.62055e-06
1.59585e-06
1.5593e-06
1.50979e-06
1.4552e-06
2.07376e-06
2.14906e-06
2.21715e-06
2.26722e-06
2.30082e-06
2.32104e-06
2.3317e-06
2.33672e-06
2.33895e-06
2.33976e-06
2.33973e-06
2.33879e-06
2.33625e-06
2.3306e-06
2.3192e-06
2.2983e-06
2.26416e-06
2.21365e-06
2.14519e-06
2.06966e-06
2.92492e-06
3.02833e-06
3.12181e-06
3.19053e-06
3.23663e-06
3.26434e-06
3.27898e-06
3.28602e-06
3.28924e-06
3.29051e-06
3.29049e-06
3.28925e-06
3.2858e-06
3.27805e-06
3.26243e-06
3.23379e-06
3.18698e-06
3.11773e-06
3.02387e-06
2.92024e-06
4.09338e-06
4.23415e-06
4.36136e-06
4.45484e-06
4.51752e-06
4.55521e-06
4.5752e-06
4.58489e-06
4.58925e-06
4.591e-06
4.59112e-06
4.58947e-06
4.58475e-06
4.57421e-06
4.55298e-06
4.51408e-06
4.45044e-06
4.35629e-06
4.22867e-06
4.08772e-06
5.6837e-06
5.87364e-06
6.0452e-06
6.17122e-06
6.25573e-06
6.30662e-06
6.3337e-06
6.34679e-06
6.35263e-06
6.35495e-06
6.35519e-06
6.35299e-06
6.34659e-06
6.33233e-06
6.30367e-06
6.25124e-06
6.16544e-06
6.03853e-06
5.8665e-06
5.67642e-06
7.82951e-06
8.0835e-06
8.31284e-06
8.48124e-06
8.59419e-06
8.66232e-06
8.69865e-06
8.71621e-06
8.72394e-06
8.72698e-06
8.72732e-06
8.72438e-06
8.71573e-06
8.69658e-06
8.65814e-06
8.58797e-06
8.47329e-06
8.30369e-06
8.0738e-06
7.8197e-06
1.06996e-05
1.10362e-05
1.13401e-05
1.15632e-05
1.17129e-05
1.18032e-05
1.18515e-05
1.18749e-05
1.18851e-05
1.18892e-05
1.18892e-05
1.18852e-05
1.18737e-05
1.18483e-05
1.17972e-05
1.17041e-05
1.15521e-05
1.13274e-05
1.10229e-05
1.06861e-05
1.45046e-05
1.49468e-05
1.53459e-05
1.56389e-05
1.58355e-05
1.59544e-05
1.6018e-05
1.60489e-05
1.60625e-05
1.60676e-05
1.60668e-05
1.60612e-05
1.60462e-05
1.60128e-05
1.59458e-05
1.58234e-05
1.56237e-05
1.53287e-05
1.49287e-05
1.44864e-05
1.95043e-05
2.008e-05
2.05994e-05
2.09808e-05
2.12369e-05
2.13919e-05
2.14753e-05
2.1516e-05
2.15334e-05
2.1539e-05
2.15383e-05
2.15309e-05
2.1511e-05
2.14675e-05
2.13802e-05
2.12209e-05
2.0961e-05
2.0577e-05
2.00564e-05
1.94805e-05
2.60152e-05
2.67578e-05
2.74278e-05
2.79199e-05
2.82506e-05
2.84512e-05
2.85597e-05
2.86121e-05
2.8634e-05
2.86415e-05
2.86408e-05
2.86307e-05
2.86049e-05
2.85486e-05
2.84359e-05
2.82303e-05
2.78951e-05
2.73999e-05
2.67284e-05
2.59854e-05
3.44174e-05
3.53667e-05
3.62229e-05
3.68523e-05
3.72759e-05
3.75337e-05
3.76736e-05
3.77405e-05
3.77683e-05
3.77784e-05
3.7777e-05
3.77636e-05
3.77306e-05
3.76589e-05
3.75145e-05
3.72516e-05
3.68233e-05
3.61906e-05
3.53325e-05
3.43824e-05
4.51616e-05
4.63638e-05
4.74484e-05
4.82463e-05
4.87843e-05
4.91126e-05
4.92918e-05
4.93783e-05
4.94146e-05
4.9426e-05
4.94229e-05
4.94059e-05
4.93638e-05
4.92729e-05
4.90902e-05
4.87577e-05
4.82158e-05
4.74149e-05
4.63281e-05
4.51246e-05
5.87744e-05
6.02831e-05
6.16443e-05
6.2647e-05
6.33245e-05
6.37397e-05
6.39679e-05
6.40795e-05
6.41268e-05
6.41398e-05
6.41347e-05
6.41127e-05
6.40592e-05
6.39443e-05
6.37153e-05
6.32989e-05
6.26199e-05
6.16155e-05
6.02519e-05
5.87414e-05
7.58627e-05
7.77385e-05
7.94315e-05
8.06803e-05
8.15264e-05
8.20474e-05
8.23359e-05
8.24789e-05
8.25396e-05
8.25572e-05
8.25516e-05
8.25225e-05
8.24538e-05
8.23091e-05
8.20237e-05
8.15069e-05
8.06635e-05
7.94153e-05
7.77203e-05
7.58424e-05
9.71152e-05
9.94257e-05
0.000101512
0.000103053
0.000104101
0.000104749
0.000105111
0.000105293
0.000105372
0.000105398
0.000105391
0.000105355
0.000105267
0.000105086
0.000104732
0.000104095
0.000103055
0.000101518
9.94303e-05
9.71176e-05
0.000123301
0.00012612
0.000128667
0.000130552
0.000131837
0.000132638
0.000133089
0.00013332
0.000133422
0.000133457
0.000133452
0.000133406
0.000133297
0.000133071
0.000132636
0.000131853
0.000130582
0.000128704
0.000126157
0.000123336
0.000155262
0.000158669
0.00016175
0.000164034
0.000165597
0.000166577
0.000167136
0.000167425
0.000167557
0.000167605
0.000167602
0.000167545
0.00016741
0.000167131
0.000166596
0.000165642
0.000164099
0.000161826
0.000158748
0.00015534
0.000193904
0.000197982
0.000201673
0.000204415
0.000206298
0.000207487
0.000208172
0.000208533
0.000208704
0.000208772
0.000208772
0.000208703
0.000208532
0.000208187
0.000207533
0.000206378
0.000204521
0.000201795
0.00019811
0.000194032
0.000240174
0.000245009
0.000249389
0.000252651
0.0002549
0.000256329
0.00025716
0.00025761
0.000257837
0.000257932
0.000257934
0.000257845
0.000257629
0.000257201
0.000256405
0.000255016
0.000252801
0.000249561
0.00024519
0.000240358
0.000295042
0.000300717
0.000305866
0.000309711
0.000312375
0.000314079
0.000315084
0.000315643
0.00031594
0.000316068
0.000316069
0.000315955
0.000315683
0.000315153
0.000314188
0.000312529
0.000309906
0.000306089
0.000300954
0.000295284
0.000359469
0.000366066
0.000372061
0.000376553
0.000379681
0.000381702
0.00038291
0.000383602
0.000383977
0.000384143
0.000384149
0.000384
0.000383658
0.000383008
0.000381844
0.000379873
0.000376791
0.000372335
0.000366359
0.000359769
0.000434377
0.000441969
0.000448882
0.000454083
0.000457729
0.000460108
0.000461555
0.000462396
0.000462857
0.000463068
0.000463082
0.000462897
0.000462473
0.000461679
0.000460282
0.000457957
0.000454366
0.000449208
0.000442319
0.000434737
0.00052061
0.000529259
0.000537154
0.00054312
0.000547332
0.000550113
0.000551832
0.000552845
0.000553411
0.00055367
0.000553685
0.000553467
0.000552952
0.000551986
0.000550322
0.000547603
0.000543451
0.000537533
0.000529667
0.000521028
0.000618887
0.00062864
0.000637567
0.000644348
0.000649171
0.000652394
0.000654419
0.000655634
0.000656328
0.000656647
0.000656669
0.000656406
0.000655779
0.000654618
0.00065265
0.000649493
0.000644733
0.000638003
0.000629106
0.000619363
0.000729761
0.000740647
0.000750642
0.000758276
0.000763749
0.000767452
0.000769818
0.000771269
0.000772114
0.000772516
0.000772556
0.000772233
0.000771469
0.000770081
0.000767771
0.000764131
0.000758719
0.000751136
0.000741171
0.000730294
0.000853576
0.000865602
0.000876683
0.000885198
0.000891356
0.000895576
0.000898322
0.00090004
0.000901052
0.000901552
0.000901615
0.000901228
0.00090031
0.000898662
0.000895967
0.000891801
0.000885701
0.000877238
0.000866187
0.000854169
0.000990429
0.00100358
0.00101574
0.00102515
0.00103202
0.0010368
0.00103996
0.00104198
0.00104318
0.00104378
0.00104385
0.00104339
0.0010423
0.00104037
0.00103726
0.00103253
0.00102572
0.00101637
0.00100423
0.000991093
0.00114015
0.00115437
0.00116759
0.00117789
0.00118549
0.00119084
0.00119446
0.0011968
0.00119822
0.00119892
0.00119899
0.00119844
0.00119715
0.0011949
0.00119136
0.00118607
0.00117854
0.00116829
0.00115511
0.00114089
0.00130225
0.00131748
0.0013317
0.00134286
0.00135118
0.00135714
0.00136123
0.00136391
0.00136554
0.00136635
0.00136642
0.00136575
0.00136424
0.00136168
0.00135769
0.00135182
0.00134358
0.00133249
0.0013183
0.00130309
0.00147598
0.00149209
0.00150723
0.00151921
0.00152822
0.00153476
0.00153931
0.00154234
0.00154419
0.0015451
0.00154516
0.00154439
0.00154266
0.00153976
0.00153533
0.00152891
0.00151999
0.00150809
0.001493
0.0014769
0.00166021
0.00167708
0.00169302
0.00170573
0.00171539
0.00172246
0.00172746
0.00173082
0.00173288
0.00173389
0.00173395
0.00173307
0.00173113
0.00172791
0.00172305
0.0017161
0.00170655
0.00169393
0.00167804
0.00166119
0.00185354
0.001871
0.0018876
0.00190094
0.00191116
0.00191872
0.00192411
0.00192776
0.00193003
0.00193114
0.0019312
0.00193021
0.00192807
0.00192455
0.0019193
0.00191187
0.00190177
0.00188852
0.00187199
0.00185456
0.00205425
0.0020721
0.0020892
0.00210304
0.00211373
0.00212171
0.00212744
0.00213135
0.00213379
0.00213499
0.00213505
0.00213397
0.00213165
0.00212787
0.00212227
0.00211442
0.00210384
0.0020901
0.00207308
0.00205526
0.00226036
0.00227839
0.00229579
0.00231
0.00232106
0.00232939
0.00233541
0.00233955
0.00234214
0.0023434
0.00234346
0.00234231
0.00233983
0.00233581
0.00232991
0.0023217
0.00231075
0.00229664
0.00227932
0.00226133
0.00246968
0.00248768
0.00250519
0.0025196
0.00253093
0.00253952
0.00254579
0.00255013
0.00255286
0.00255419
0.00255424
0.00255301
0.00255039
0.00254616
0.00253999
0.00253151
0.00252029
0.00250596
0.00248853
0.00247057
0.00267992
0.00269769
0.0027151
0.00272956
0.00274101
0.00274979
0.00275625
0.00276076
0.00276361
0.00276501
0.00276506
0.00276375
0.00276099
0.00275657
0.0027502
0.00274152
0.00273016
0.00271578
0.00269844
0.0026807
0.00288877
0.00290613
0.00292324
0.00293757
0.002949
0.00295784
0.00296441
0.00296905
0.002972
0.00297345
0.00297349
0.00297211
0.00296924
0.00296469
0.00295819
0.00294943
0.00293807
0.00292381
0.00290675
0.00288942
0.003094
0.00311073
0.00312735
0.00314135
0.00315262
0.00316139
0.00316798
0.00317265
0.00317565
0.00317713
0.00317716
0.00317575
0.00317282
0.0031682
0.00316168
0.00315297
0.00314176
0.0031278
0.00311122
0.0030945
0.00329343
0.00330934
0.00332527
0.00333878
0.00334972
0.0033583
0.00336478
0.00336941
0.00337239
0.00337386
0.00337389
0.00337247
0.00336954
0.00336496
0.00335853
0.00335
0.0033391
0.00332562
0.00330971
0.00329379
0.00348502
0.00349997
0.00351503
0.00352789
0.00353835
0.0035466
0.00355286
0.00355736
0.00356027
0.0035617
0.00356172
0.00356033
0.00355746
0.003553
0.00354677
0.00353856
0.00352812
0.00351528
0.00350023
0.00348527
0.00366696
0.00368084
0.00369488
0.00370694
0.0037168
0.00372461
0.00373057
0.00373486
0.00373764
0.00373901
0.00373902
0.00373768
0.00373493
0.00373067
0.00372473
0.00371694
0.0037071
0.00369505
0.003681
0.00366712
0.00383773
0.00385044
0.00386337
0.00387451
0.00388366
0.00389094
0.00389651
0.00390054
0.00390315
0.00390444
0.00390445
0.00390318
0.00390059
0.00389658
0.00389102
0.00388376
0.00387461
0.00386347
0.00385054
0.00383782
0.00399612
0.00400762
0.00401935
0.0040295
0.00403787
0.00404455
0.00404967
0.00405339
0.0040558
0.00405699
0.004057
0.00405582
0.00405342
0.00404972
0.0040446
0.00403793
0.00402957
0.00401941
0.00400767
0.00399616
0.00414129
0.00415155
0.00416206
0.00417117
0.00417871
0.00418474
0.00418938
0.00419275
0.00419494
0.00419602
0.00419602
0.00419495
0.00419277
0.0041894
0.00418477
0.00417874
0.00417121
0.00416209
0.00415158
0.00414131
0.00427276
0.00428179
0.00429106
0.00429912
0.0043058
0.00431116
0.0043153
0.0043183
0.00432026
0.00432123
0.00432123
0.00432027
0.00431831
0.00431531
0.00431118
0.00430582
0.00429913
0.00429107
0.00428179
0.00427275
0.00439036
0.0043982
0.00440626
0.00441329
0.00441912
0.00442381
0.00442744
0.00443007
0.0044318
0.00443264
0.00443265
0.0044318
0.00443008
0.00442744
0.00442382
0.00441913
0.00441329
0.00440626
0.00439819
0.00439035
0.00449428
0.00450099
0.00450789
0.00451393
0.00451894
0.00452298
0.00452611
0.00452838
0.00452987
0.00453061
0.00453061
0.00452987
0.00452839
0.00452611
0.00452298
0.00451894
0.00451392
0.00450789
0.00450098
0.00449426
0.00458496
0.00459062
0.00459645
0.00460155
0.00460579
0.00460922
0.00461187
0.00461381
0.00461507
0.00461569
0.00461569
0.00461507
0.00461381
0.00461187
0.00460921
0.00460579
0.00460154
0.00459644
0.00459061
0.00458494
0.00466309
0.0046678
0.00467265
0.00467689
0.00468043
0.00468329
0.0046855
0.00468712
0.00468818
0.0046887
0.0046887
0.00468818
0.00468712
0.0046855
0.00468328
0.00468043
0.00467689
0.00467264
0.00466779
0.00466308
0.00472957
0.00473343
0.0047374
0.00474087
0.00474378
0.00474612
0.00474794
0.00474927
0.00475014
0.00475057
0.00475057
0.00475014
0.00474927
0.00474794
0.00474612
0.00474377
0.00474087
0.00473739
0.00473342
0.00472956
0.0047854
0.00478851
0.00479171
0.00479452
0.00479686
0.00479876
0.00480023
0.00480131
0.00480201
0.00480236
0.00480236
0.00480201
0.00480131
0.00480023
0.00479875
0.00479686
0.00479451
0.00479171
0.0047885
0.00478539
0.00483168
0.00483415
0.00483669
0.00483892
0.00484078
0.00484229
0.00484346
0.00484432
0.00484488
0.00484516
0.00484516
0.00484488
0.00484432
0.00484346
0.00484229
0.00484078
0.00483892
0.00483669
0.00483415
0.00483167
0.00486954
0.00487148
0.00487346
0.0048752
0.00487666
0.00487784
0.00487875
0.00487943
0.00487987
0.00488008
0.00488008
0.00487987
0.00487943
0.00487875
0.00487784
0.00487666
0.0048752
0.00487346
0.00487147
0.00486953
0.0049001
0.0049016
0.00490312
0.00490446
0.00490558
0.00490649
0.0049072
0.00490771
0.00490805
0.00490822
0.00490822
0.00490805
0.00490771
0.00490719
0.00490649
0.00490558
0.00490446
0.00490312
0.00490159
0.0049001
0.00492445
0.00492558
0.00492673
0.00492775
0.00492859
0.00492928
0.00492982
0.00493021
0.00493047
0.00493059
0.00493059
0.00493047
0.00493021
0.00492982
0.00492928
0.00492859
0.00492775
0.00492673
0.00492558
0.00492444
0.00494357
0.00494442
0.00494528
0.00494603
0.00494666
0.00494717
0.00494757
0.00494787
0.00494806
0.00494815
0.00494815
0.00494806
0.00494787
0.00494757
0.00494717
0.00494666
0.00494603
0.00494528
0.00494442
0.00494357
0.00495839
0.00495902
0.00495965
0.0049602
0.00496066
0.00496103
0.00496133
0.00496154
0.00496168
0.00496175
0.00496175
0.00496168
0.00496154
0.00496133
0.00496103
0.00496066
0.0049602
0.00495964
0.00495901
0.00495839
0.00496972
0.00497017
0.00497062
0.00497102
0.00497135
0.00497162
0.00497183
0.00497199
0.00497209
0.00497214
0.00497214
0.00497209
0.00497199
0.00497183
0.00497162
0.00497135
0.00497102
0.00497062
0.00497017
0.00496972
0.00497826
0.00497858
0.0049789
0.00497918
0.00497941
0.0049796
0.00497975
0.00497986
0.00497993
0.00497997
0.00497997
0.00497993
0.00497986
0.00497975
0.0049796
0.00497941
0.00497918
0.0049789
0.00497858
0.00497826
0.0049846
0.00498482
0.00498504
0.00498524
0.0049854
0.00498553
0.00498564
0.00498571
0.00498576
0.00498579
0.00498579
0.00498576
0.00498571
0.00498564
0.00498553
0.0049854
0.00498524
0.00498504
0.00498482
0.0049846
0.00498924
0.00498939
0.00498954
0.00498968
0.00498979
0.00498988
0.00498995
0.00499
0.00499004
0.00499005
0.00499005
0.00499004
0.00499
0.00498995
0.00498988
0.00498979
0.00498968
0.00498954
0.00498939
0.00498924
0.00499259
0.00499269
0.00499279
0.00499288
0.00499296
0.00499302
0.00499307
0.0049931
0.00499312
0.00499314
0.00499314
0.00499312
0.0049931
0.00499307
0.00499302
0.00499296
0.00499288
0.00499279
0.00499269
0.00499259
0.00499497
0.00499504
0.00499511
0.00499516
0.00499521
0.00499525
0.00499528
0.00499531
0.00499532
0.00499533
0.00499533
0.00499532
0.00499531
0.00499528
0.00499525
0.00499521
0.00499516
0.00499511
0.00499504
0.00499497
0.00499664
0.00499668
0.00499672
0.00499676
0.00499679
0.00499682
0.00499684
0.00499685
0.00499686
0.00499687
0.00499687
0.00499686
0.00499685
0.00499684
0.00499682
0.00499679
0.00499676
0.00499672
0.00499668
0.00499664
0.00499779
0.00499781
0.00499784
0.00499787
0.00499789
0.0049979
0.00499791
0.00499792
0.00499793
0.00499793
0.00499793
0.00499793
0.00499792
0.00499791
0.0049979
0.00499789
0.00499787
0.00499784
0.00499781
0.00499779
0.00499857
0.00499858
0.0049986
0.00499861
0.00499863
0.00499864
0.00499865
0.00499865
0.00499865
0.00499866
0.00499866
0.00499865
0.00499865
0.00499865
0.00499864
0.00499863
0.00499861
0.0049986
0.00499858
0.00499857
0.00499909
0.0049991
0.00499911
0.00499912
0.00499912
0.00499913
0.00499913
0.00499914
0.00499914
0.00499914
0.00499914
0.00499914
0.00499914
0.00499913
0.00499913
0.00499912
0.00499912
0.00499911
0.0049991
0.00499909
0.00499943
0.00499943
0.00499944
0.00499945
0.00499945
0.00499945
0.00499946
0.00499946
0.00499946
0.00499946
0.00499946
0.00499946
0.00499946
0.00499946
0.00499945
0.00499945
0.00499945
0.00499944
0.00499943
0.00499943
0.00499965
0.00499965
0.00499966
0.00499966
0.00499966
0.00499966
0.00499966
0.00499967
0.00499967
0.00499967
0.00499967
0.00499967
0.00499967
0.00499966
0.00499966
0.00499966
0.00499966
0.00499966
0.00499965
0.00499965
0.00499979
0.00499979
0.00499979
0.00499979
0.00499979
0.0049998
0.0049998
0.0049998
0.0049998
0.0049998
0.0049998
0.0049998
0.0049998
0.0049998
0.0049998
0.0049998
0.00499979
0.00499979
0.00499979
0.00499979
0.00499987
0.00499988
0.00499988
0.00499988
0.00499988
0.00499988
0.00499988
0.00499988
0.00499988
0.00499988
0.00499988
0.00499988
0.00499988
0.00499988
0.00499988
0.00499988
0.00499988
0.00499988
0.00499988
0.00499987
0.00499993
0.00499993
0.00499993
0.00499993
0.00499993
0.00499993
0.00499993
0.00499993
0.00499993
0.00499993
0.00499993
0.00499993
0.00499993
0.00499993
0.00499993
0.00499993
0.00499993
0.00499993
0.00499993
0.00499993
0.00499996
0.00499996
0.00499996
0.00499996
0.00499996
0.00499996
0.00499996
0.00499996
0.00499996
0.00499996
0.00499996
0.00499996
0.00499996
0.00499996
0.00499996
0.00499996
0.00499996
0.00499996
0.00499996
0.00499996
0.00499998
0.00499998
0.00499998
0.00499998
0.00499998
0.00499998
0.00499998
0.00499998
0.00499998
0.00499998
0.00499998
0.00499998
0.00499998
0.00499998
0.00499998
0.00499998
0.00499998
0.00499998
0.00499998
0.00499998
0.00499999
0.00499999
0.00499999
0.00499999
0.00499999
0.00499999
0.00499999
0.00499999
0.00499999
0.00499999
0.00499999
0.00499999
0.00499999
0.00499999
0.00499999
0.00499999
0.00499999
0.00499999
0.00499999
0.00499999
0.00499999
0.00499999
0.00499999
0.00499999
0.00499999
0.00499999
0.00499999
0.00499999
0.00499999
0.00499999
0.00499999
0.00499999
0.00499999
0.00499999
0.00499999
0.00499999
0.00499999
0.00499999
0.00499999
0.00499999
0.005
0.005
0.005
0.005
0.005
0.005
0.005
0.005
0.005
0.005
0.005
0.005
0.005
0.005
0.005
0.005
0.005
0.005
0.005
0.005
0.005
0.005
0.005
0.005
0.005
0.005
0.005
0.005
0.005
0.005
0.005
0.005
0.005
0.005
0.005
0.005
0.005
0.005
0.005
0.005
0.005
0.005
0.005
0.005
0.005
0.005
0.005
0.005
0.005
0.005
0.005
0.005
0.005
0.005
0.005
0.005
0.005
0.005
0.005
0.005
0.005
0.005
0.005
0.005
0.005
0.005
0.005
0.005
0.005
0.005
0.005
0.005
0.005
0.005
0.005
0.005
0.005
0.005
0.005
0.005
)
;

boundaryField
{
    outlet
    {
        type            zeroGradient;
    }
    inlet1
    {
        type            fixedValue;
        value           uniform 0;
    }
    inlet2
    {
        type            fixedValue;
        value           uniform 0.005;
    }
    frontAndBack
    {
        type            empty;
    }
    defaultFaces
    {
        type            zeroGradient;
    }
}


// ************************************************************************* //
