/*--------------------------------*- C++ -*----------------------------------*\
| =========                 |                                                 |
| \\      /  F ield         | OpenFOAM: The Open Source CFD Toolbox           |
|  \\    /   O peration     | Version:  2.1.0                                 |
|   \\  /    A nd           | Web:      www.OpenFOAM.org                      |
|    \\/     M anipulation  |                                                 |
\*---------------------------------------------------------------------------*/
FoamFile
{
    version     2.0;
    format      ascii;
    class       volScalarField;
    location    "0.21";
    object      k;
}
// * * * * * * * * * * * * * * * * * * * * * * * * * * * * * * * * * * * * * //

dimensions      [0 2 -2 0 0 0 0];

internalField   nonuniform List<scalar> 
6400
(
0.0298154
0.0298359
0.0298245
0.0298042
0.029772
0.0297478
0.0297076
0.0296809
0.0296374
0.0296079
0.0295631
0.02953
0.0294846
0.0294477
0.0294019
0.0293614
0.029315
0.0292714
0.0292243
0.0291782
0.0291304
0.0290824
0.0290339
0.0289842
0.0289346
0.0288833
0.0288325
0.0287795
0.028727
0.0286723
0.0286179
0.0285613
0.0285048
0.028446
0.0283871
0.0283258
0.0282637
0.0281989
0.0281325
0.0280626
0.0279896
0.0279121
0.0278303
0.0277428
0.0276494
0.0275488
0.0274407
0.027324
0.027198
0.0270619
0.0269137
0.02675
0.0265711
0.0263883
0.0261935
0.0259922
0.0257803
0.0255599
0.02533
0.025092
0.024844
0.0245873
0.0243196
0.0240419
0.0237528
0.023452
0.0231362
0.0228073
0.0224609
0.0221007
0.0217211
0.0213267
0.0209132
0.0204846
0.0200388
0.01958
0.0191081
0.0186273
0.018139
0.0176461
0.0171473
0.0166379
0.0161078
0.0155543
0.0149844
0.0143889
0.0137528
0.0130543
0.0122675
0.0113508
0.0102549
0.00889702
0.00718332
0.00509585
0.0028338
0.00178866
0.00224763
0.00478251
0.00805705
0.00927388
0.0479887
0.0482368
0.0483521
0.0485629
0.0486941
0.0489041
0.0490502
0.0492553
0.0494152
0.0496155
0.0497869
0.0499835
0.0501639
0.0503581
0.050545
0.0507379
0.0509295
0.0511223
0.0513176
0.0515117
0.0517113
0.0519094
0.0521145
0.0523181
0.0525298
0.0527403
0.052959
0.0531768
0.0534028
0.0536285
0.053862
0.054096
0.0543374
0.0545803
0.0548305
0.0550832
0.0553429
0.0556062
0.0558763
0.0561498
0.0564271
0.0567062
0.0569869
0.0572669
0.0575456
0.0578201
0.0580894
0.0583502
0.0586015
0.0588434
0.0590799
0.0592939
0.0594902
0.0596858
0.0598708
0.0600468
0.0602108
0.0603585
0.0604884
0.0606088
0.0607091
0.0607978
0.0608651
0.0609144
0.0609383
0.0609462
0.0609226
0.0608646
0.0607663
0.0606272
0.0604348
0.0601903
0.05988
0.0595042
0.0590511
0.0585203
0.0579025
0.0571978
0.0564003
0.0555118
0.0545311
0.0534527
0.0522595
0.0509504
0.0494618
0.0477887
0.0458846
0.0437094
0.0412215
0.0383765
0.0351652
0.0315925
0.0277169
0.0237533
0.0197952
0.0160671
0.0132121
0.011243
0.00998872
0.00865043
0.0537289
0.0541028
0.0542757
0.0545883
0.0548066
0.0551075
0.0553525
0.0556458
0.055909
0.0561984
0.0564746
0.0567626
0.0570481
0.0573361
0.057628
0.0579166
0.0582124
0.0585016
0.0587993
0.0590891
0.0593879
0.0596799
0.0599831
0.0602792
0.0605854
0.0608857
0.0611961
0.0615017
0.0618162
0.062127
0.0624452
0.0627607
0.0630822
0.0634012
0.0637239
0.0640445
0.0643672
0.064687
0.0650071
0.0653238
0.0656404
0.0659521
0.0662602
0.0665599
0.0668514
0.0671292
0.0673909
0.0676313
0.0678418
0.0680122
0.0681882
0.0683305
0.0684696
0.068581
0.0686806
0.0687552
0.0688145
0.0688477
0.0688624
0.0688612
0.0688104
0.0687382
0.0686228
0.0684744
0.0682822
0.0680487
0.0677669
0.0674377
0.0670511
0.0666074
0.0660941
0.0655107
0.064843
0.0640892
0.0632354
0.0622788
0.0612079
0.0600206
0.058709
0.0572737
0.0557109
0.0540241
0.0522144
0.0502903
0.048265
0.0461375
0.0439065
0.0415628
0.0390847
0.0364438
0.0336015
0.0305216
0.0271816
0.0235882
0.0198242
0.0160991
0.0130055
0.0104819
0.0085737
0.00690996
0.0582142
0.0586289
0.0588205
0.0591806
0.0594382
0.059782
0.0600736
0.0604062
0.0607175
0.061044
0.0613671
0.0616907
0.0620206
0.0623429
0.0626762
0.0629971
0.06333
0.0636482
0.0639765
0.0642875
0.0646042
0.0649007
0.0652133
0.065511
0.0658208
0.0661172
0.0664204
0.0667113
0.0670061
0.067289
0.0675729
0.0678447
0.0681148
0.0683737
0.0686268
0.0688665
0.0690992
0.0693162
0.0695233
0.0697128
0.0698887
0.0700449
0.070184
0.0703008
0.0703965
0.0704667
0.0705051
0.0705209
0.070522
0.0704739
0.0704133
0.0703056
0.0701749
0.069997
0.0697864
0.0695253
0.0692216
0.0688609
0.068447
0.0679746
0.06744
0.0668414
0.0661731
0.0654345
0.0646204
0.0637308
0.0627626
0.0617162
0.0605902
0.0593862
0.0581037
0.0567462
0.0553139
0.0538111
0.0522389
0.0506021
0.0489029
0.0471457
0.0453331
0.0434699
0.0415591
0.0396075
0.0376178
0.035597
0.0335461
0.0314722
0.0293806
0.0272921
0.0252066
0.0231218
0.0210407
0.0189715
0.0169146
0.0148736
0.0128602
0.0109555
0.00914863
0.0076349
0.00673059
0.00635839
0.059886
0.0602556
0.0604232
0.060752
0.0609768
0.061287
0.0615392
0.0618311
0.0620954
0.0623718
0.0626391
0.0629019
0.063166
0.0634158
0.0636716
0.0639096
0.0641525
0.0643755
0.0646033
0.0648094
0.0650197
0.0652078
0.0654
0.0655681
0.0657371
0.0658819
0.0660245
0.0661425
0.0662547
0.0663417
0.0664193
0.0664698
0.0664988
0.0665092
0.0665037
0.0664577
0.0663952
0.0662942
0.0661688
0.0660041
0.0658089
0.0655723
0.0653001
0.0649838
0.0646276
0.0642251
0.0637792
0.0632864
0.0627473
0.062158
0.0615236
0.0608364
0.0601033
0.0593164
0.0584827
0.0575956
0.0566642
0.055682
0.0546558
0.0535812
0.0524635
0.0513006
0.0500968
0.048852
0.0475694
0.0462502
0.0448971
0.0435121
0.0420973
0.040655
0.0391865
0.0376953
0.0361833
0.0346554
0.0331137
0.0315652
0.0300156
0.02847
0.0269348
0.0254212
0.0239368
0.0224919
0.0210875
0.0197325
0.018436
0.0172113
0.0160545
0.0149511
0.0138951
0.012896
0.0119487
0.011052
0.0101815
0.00933866
0.00852249
0.007764
0.00705296
0.00657519
0.0063702
0.00647824
0.0572344
0.0573927
0.0574673
0.0576238
0.0577313
0.0578704
0.0579839
0.0580987
0.058204
0.0582924
0.058381
0.0584418
0.0585071
0.0585396
0.0585675
0.0585767
0.0585782
0.0585475
0.0585133
0.0584437
0.0583705
0.0582597
0.0581432
0.057988
0.0578236
0.0576197
0.0574024
0.0571452
0.0568708
0.0565559
0.0562254
0.0558546
0.0554633
0.0550329
0.0545772
0.0540815
0.0535593
0.0529966
0.0524059
0.0517756
0.0511163
0.0504185
0.0496916
0.0489279
0.0481359
0.0473093
0.0464559
0.0455706
0.0446601
0.0437208
0.0427585
0.0417704
0.0407621
0.0397312
0.038683
0.0376158
0.0365344
0.0354367
0.0343296
0.0332105
0.0320855
0.0309537
0.0298201
0.0286852
0.0275531
0.0264256
0.0253072
0.0242001
0.023108
0.0220329
0.0209785
0.0199485
0.0189493
0.017986
0.0170612
0.0161766
0.0153372
0.0145527
0.013816
0.0131348
0.0124982
0.0118993
0.0113491
0.01083
0.0103613
0.00991438
0.00950707
0.00911818
0.00876548
0.00843094
0.00811847
0.00781267
0.00751272
0.00721169
0.00690929
0.00661997
0.00644464
0.00638023
0.00652447
0.00673388
0.0489833
0.0487758
0.0486908
0.0485382
0.0484444
0.0482797
0.0481611
0.0479721
0.047821
0.047602
0.0474146
0.0471622
0.0469361
0.0466484
0.0463819
0.0460589
0.0457503
0.0453899
0.0450398
0.0446417
0.0442504
0.0438145
0.0433828
0.04291
0.0424395
0.0419297
0.0414149
0.0408631
0.0403046
0.0397115
0.0391106
0.0384773
0.0378354
0.0371635
0.0364826
0.0357745
0.0350577
0.0343164
0.0335672
0.0327967
0.0320204
0.0312273
0.0304302
0.0296198
0.0288075
0.0279855
0.027164
0.0263364
0.0255117
0.0246844
0.0238625
0.0230415
0.0222283
0.0214189
0.02062
0.0198281
0.0190473
0.018286
0.0175399
0.0168169
0.0161113
0.0154313
0.0147718
0.0141388
0.013528
0.0129436
0.0123845
0.0118524
0.0113473
0.0108691
0.0104194
0.00999733
0.00960565
0.00924123
0.00890731
0.00859918
0.00832266
0.00807122
0.00784735
0.00764528
0.00746582
0.00730197
0.00716081
0.00703114
0.00692138
0.00681839
0.00673115
0.00664915
0.00657951
0.00651533
0.00646037
0.00641497
0.00638651
0.0063734
0.00637149
0.00644222
0.00651717
0.00672052
0.00699206
0.00711004
0.036199
0.0356985
0.0354881
0.0350866
0.0348428
0.0344381
0.0341563
0.0337387
0.0334185
0.032983
0.0326258
0.0321697
0.0317774
0.0312993
0.0308736
0.0303731
0.0299154
0.0293925
0.0289049
0.0283606
0.0278454
0.0272803
0.0267396
0.0261545
0.02559
0.0249897
0.0244198
0.0238197
0.0232496
0.022654
0.022084
0.021493
0.0209292
0.0203483
0.0197959
0.0192299
0.0186934
0.0181467
0.0176302
0.0171065
0.0166125
0.016113
0.0156433
0.0151705
0.0147275
0.0142835
0.0138691
0.0134554
0.013071
0.0126887
0.012335
0.0119848
0.0116615
0.0113443
0.0110521
0.0107674
0.0105062
0.0102549
0.010025
0.00980553
0.00960533
0.00941574
0.00924364
0.00908177
0.00893769
0.00880406
0.00868631
0.00857803
0.00848449
0.00839967
0.00832828
0.008265
0.00821372
0.0081697
0.00813613
0.00810882
0.00809076
0.00807728
0.00807109
0.00806895
0.00806899
0.0080711
0.00807348
0.00807493
0.00807482
0.00807058
0.00806169
0.00804565
0.00802153
0.00798828
0.00794769
0.00790451
0.00787258
0.00785915
0.00785793
0.00794045
0.00811601
0.00836148
0.00858576
0.00866375
0.0223331
0.0216986
0.0214352
0.0209316
0.0206475
0.0201553
0.0198516
0.0193672
0.0190476
0.0185703
0.0182391
0.0177699
0.0174314
0.0169718
0.0166301
0.0161821
0.0158413
0.0154071
0.0150707
0.0146519
0.0143229
0.013922
0.0136037
0.0132232
0.012919
0.0125626
0.0122801
0.0119518
0.011692
0.0113922
0.0111553
0.0108845
0.0106714
0.0104296
0.0102405
0.0100272
0.009862
0.00967658
0.00953494
0.0093764
0.00925789
0.00912533
0.00902955
0.0089222
0.00884867
0.00876575
0.00871399
0.00865473
0.00862424
0.00859155
0.00857703
0.00857069
0.00857009
0.00858665
0.00860825
0.00864358
0.00868593
0.00874015
0.00880291
0.00887616
0.00895879
0.00905109
0.0091533
0.00926476
0.00938628
0.00951679
0.00965773
0.00980788
0.00996899
0.0101396
0.0103218
0.0105138
0.010718
0.0109326
0.0111602
0.011399
0.0116511
0.0119145
0.0121906
0.0124771
0.0127748
0.0130818
0.013399
0.0137233
0.0140546
0.0143853
0.0147129
0.0150306
0.0153324
0.0156106
0.015859
0.0160719
0.0162468
0.0163861
0.0164988
0.0166151
0.0168061
0.0172286
0.0177076
0.0181037
0.0130691
0.0125146
0.0122932
0.0118727
0.0116623
0.0112644
0.0110656
0.0106927
0.0105065
0.0101604
0.00998778
0.00966977
0.00951143
0.00922242
0.00907875
0.00881922
0.00869046
0.0084605
0.00834669
0.00814615
0.00804721
0.00787574
0.00779147
0.00764846
0.00757853
0.00746318
0.00740714
0.00731812
0.00727527
0.0072113
0.00718101
0.00714051
0.00712194
0.00710432
0.00709766
0.00709558
0.00710404
0.00711784
0.00714193
0.00716956
0.00720857
0.0072498
0.0073031
0.00735785
0.0074251
0.00749338
0.00757442
0.00765634
0.00775117
0.00784695
0.00795547
0.00806566
0.00818799
0.0083132
0.00844971
0.00859018
0.00874163
0.00889812
0.00906553
0.00923891
0.00942342
0.00961484
0.00981777
0.0100287
0.0102517
0.0104842
0.0107295
0.0109859
0.0112564
0.0115394
0.0118381
0.0121513
0.0124818
0.0128292
0.0131963
0.0135828
0.0139917
0.0144232
0.0148803
0.0153636
0.0158762
0.0164193
0.016996
0.0176081
0.0182591
0.0189545
0.0196989
0.0204986
0.0213622
0.0222959
0.0233117
0.0244182
0.0256313
0.0269633
0.028433
0.0300507
0.0318063
0.0335863
0.0349342
0.0354935
0.0146451
0.0140625
0.0138278
0.0133812
0.013152
0.0127257
0.0125026
0.0120979
0.0118824
0.0115006
0.0112947
0.0109371
0.0107431
0.0104107
0.0102303
0.00992377
0.00975855
0.00947826
0.00932926
0.00907541
0.00894333
0.00871588
0.00860106
0.00840081
0.00830124
0.00812915
0.00804393
0.00789976
0.00782863
0.00771175
0.00765438
0.00756403
0.00752003
0.00745522
0.00742404
0.00738353
0.00736466
0.00734848
0.00734251
0.0073412
0.00735311
0.00736841
0.00739668
0.00742697
0.00747092
0.00751599
0.00757508
0.00763477
0.00770866
0.00778298
0.00787145
0.00796045
0.00806344
0.00816731
0.00828492
0.00840396
0.00853636
0.00867068
0.00881774
0.0089679
0.00913038
0.00929707
0.00947571
0.00965982
0.00985555
0.0100582
0.0102723
0.0104947
0.0107287
0.0109723
0.011228
0.0114944
0.0117738
0.0120653
0.0123709
0.0126901
0.0130247
0.0133749
0.0137426
0.0141283
0.0145339
0.0149607
0.0154109
0.0158866
0.0163908
0.0169268
0.0174982
0.0181082
0.0187604
0.0194641
0.0202282
0.0210612
0.0219763
0.0229875
0.024118
0.0253973
0.026862
0.0285096
0.0300342
0.0307489
0.0257578
0.0251324
0.0248714
0.0243753
0.0240904
0.0236036
0.0232936
0.0228112
0.0224773
0.0219938
0.0216364
0.0211513
0.0207761
0.0202903
0.0199024
0.019418
0.0190222
0.0185417
0.0181424
0.0176685
0.0172699
0.0168054
0.0164114
0.0159593
0.0155737
0.0151367
0.0147619
0.0143418
0.0139808
0.0135806
0.0132364
0.012859
0.0125357
0.012188
0.011891
0.0115732
0.011303
0.0110154
0.0107722
0.0105148
0.0102988
0.0100713
0.00988251
0.00968429
0.00952218
0.00935233
0.00921628
0.00907388
0.00896294
0.00884684
0.00876004
0.0086691
0.0086054
0.00853862
0.00849696
0.00845349
0.00843205
0.00841519
0.00840947
0.00840887
0.00842413
0.00844366
0.00847437
0.00851086
0.00855574
0.00860696
0.00866477
0.00872857
0.00879661
0.00886944
0.00894534
0.00902465
0.00910597
0.00918924
0.00927336
0.00935798
0.00944221
0.0095259
0.00960845
0.00969008
0.00977027
0.00984952
0.00992739
0.0100049
0.010082
0.0101606
0.0102413
0.0103273
0.0104206
0.0105214
0.0106294
0.010758
0.0109024
0.0110759
0.0112855
0.0115606
0.0119343
0.0124457
0.0130389
0.0133901
0.0397048
0.0392874
0.0391123
0.038781
0.0385773
0.0382409
0.0380021
0.0376496
0.0373739
0.0370001
0.0366877
0.0362895
0.0359405
0.0355162
0.0351311
0.0346794
0.0342591
0.0337792
0.0333243
0.0328161
0.0323275
0.031791
0.0312694
0.030705
0.0301516
0.0295598
0.028977
0.0283601
0.0277499
0.0271089
0.026473
0.0258093
0.0251535
0.024486
0.0238307
0.0231651
0.0225148
0.0218526
0.0212092
0.0205571
0.0199266
0.0192905
0.0186786
0.0180639
0.0174754
0.0168844
0.0163205
0.015757
0.0152216
0.0146889
0.0141852
0.0136865
0.0132176
0.0127557
0.0123243
0.0119019
0.0115105
0.0111292
0.0107778
0.010441
0.0101314
0.00983544
0.00956399
0.00930526
0.00906847
0.00884304
0.00863707
0.00844141
0.00826647
0.00810159
0.00795469
0.00781593
0.00769186
0.00757389
0.0074682
0.00736729
0.00727655
0.00718902
0.00710901
0.00703245
0.00696329
0.00689906
0.00684134
0.00678802
0.00673881
0.00669543
0.00665737
0.00662898
0.0066082
0.0065985
0.00659552
0.00659975
0.00661466
0.00664385
0.0066997
0.00680275
0.00698479
0.00729079
0.00760435
0.00772831
0.0518116
0.0517081
0.0516672
0.0516002
0.0515585
0.0514771
0.0514164
0.0513084
0.0512198
0.0510834
0.0509659
0.0507982
0.0506472
0.0504456
0.0502575
0.0500197
0.0497918
0.0495155
0.0492456
0.0489297
0.0486156
0.048259
0.0478986
0.0474998
0.0470935
0.0466509
0.0461986
0.0457118
0.0452139
0.0446828
0.04414
0.0435658
0.0429784
0.0423557
0.0417176
0.0410466
0.0403589
0.0396404
0.0389048
0.03814
0.0373586
0.0365501
0.0357258
0.034877
0.0340139
0.0331322
0.0322389
0.0313301
0.0304127
0.0294832
0.0285486
0.0276059
0.0266619
0.0257145
0.0247705
0.0238285
0.0228954
0.0219698
0.0210578
0.0201832
0.019332
0.0185179
0.0177285
0.0169752
0.0162541
0.0155683
0.0149193
0.0143038
0.0137244
0.0131758
0.0126661
0.0121845
0.0117407
0.0113176
0.0109268
0.010554
0.0102132
0.00988865
0.00958571
0.00929095
0.00901301
0.00874712
0.0085012
0.00826661
0.00803517
0.00780652
0.00757649
0.00736325
0.0071554
0.00696039
0.00675648
0.00656753
0.00639301
0.00623308
0.00609453
0.00601662
0.00598735
0.00605716
0.00633604
0.00651483
0.0588553
0.0590745
0.059175
0.0593807
0.059521
0.0597106
0.0598635
0.0600321
0.0601839
0.0603308
0.0604729
0.0605974
0.0607235
0.0608244
0.0609295
0.061005
0.0610848
0.0611323
0.0611781
0.0611987
0.0612072
0.061202
0.0611717
0.0611235
0.0610561
0.0609636
0.0608534
0.0607137
0.0605551
0.0603635
0.0601509
0.0599026
0.0596302
0.0593197
0.0589826
0.0586052
0.0581988
0.0577553
0.0572802
0.056765
0.0562158
0.0556258
0.055
0.0543328
0.053629
0.0528841
0.0521029
0.0512812
0.0504243
0.0495288
0.0486001
0.0476354
0.0466405
0.0456129
0.0445586
0.043476
0.0423713
0.0412436
0.0400993
0.0389322
0.0377525
0.0365584
0.0353617
0.03416
0.0329614
0.0317665
0.0305821
0.0294098
0.0282542
0.0271161
0.026001
0.0249126
0.023858
0.0228345
0.0218396
0.0208691
0.0199328
0.019035
0.0181729
0.0173315
0.0165055
0.0156903
0.0149026
0.0141455
0.0134051
0.0126763
0.0119318
0.0112028
0.0104957
0.00984447
0.00919946
0.00854218
0.00789125
0.00732099
0.00679362
0.0063136
0.00597584
0.00583667
0.0058257
0.00601831
0.0605616
0.0609514
0.0611273
0.0614702
0.0617048
0.0620302
0.0622947
0.0626043
0.0628839
0.063181
0.063467
0.0637539
0.0640405
0.0643182
0.0646012
0.0648698
0.0651457
0.0654043
0.0656703
0.0659182
0.0661709
0.0664066
0.0666427
0.0668635
0.0670826
0.067287
0.0674889
0.0676742
0.067855
0.0680178
0.0681733
0.0683092
0.0684347
0.068538
0.0686288
0.068696
0.068744
0.0687664
0.0687733
0.0687517
0.0686999
0.0686188
0.0685058
0.0683574
0.0681736
0.0679491
0.0676852
0.0673755
0.0670219
0.0666182
0.0661664
0.0656608
0.0651041
0.0644923
0.0638265
0.0631029
0.0623265
0.0614913
0.060604
0.0596591
0.0586642
0.0576165
0.0565239
0.0553835
0.0542019
0.0529781
0.0517179
0.0504218
0.0490945
0.0477364
0.046351
0.04494
0.0435076
0.0420541
0.0405795
0.0390821
0.0375652
0.0360287
0.03447
0.0328817
0.0312726
0.0296526
0.028031
0.026379
0.0246689
0.0229392
0.0212618
0.0196338
0.0179577
0.0162314
0.0145886
0.0130963
0.0116208
0.0101285
0.00878118
0.00772071
0.00673942
0.00606392
0.00577803
0.00578054
0.0582963
0.0587116
0.0589024
0.0592573
0.0595106
0.0598493
0.0601353
0.0604636
0.0607692
0.0610922
0.0614103
0.0617316
0.0620579
0.0623796
0.0627114
0.0630345
0.0633696
0.063694
0.0640304
0.0643553
0.0646905
0.0650135
0.0653436
0.0656599
0.0659776
0.0662825
0.0665967
0.0669016
0.0672123
0.0675155
0.0678227
0.0681236
0.0684278
0.0687276
0.0690252
0.0693162
0.0696041
0.0698845
0.0701604
0.0704263
0.0706853
0.0709335
0.0711723
0.071398
0.0716116
0.0718093
0.0719919
0.0721551
0.0722998
0.0724215
0.0725214
0.0725943
0.0726334
0.0726486
0.0726477
0.0725942
0.0725192
0.0723947
0.0722349
0.0720226
0.0717633
0.0714451
0.0710678
0.0706234
0.0701156
0.0695354
0.068883
0.0681511
0.0673403
0.0664449
0.0654659
0.0643991
0.0632478
0.0620088
0.0606859
0.0592759
0.0577829
0.0562053
0.054545
0.0527986
0.0509636
0.0490368
0.0470209
0.0449124
0.0426956
0.0403493
0.0378722
0.0352824
0.0325844
0.0297591
0.0267953
0.0237661
0.0207252
0.0177189
0.0147965
0.0121157
0.00976851
0.00779755
0.00639711
0.00573708
0.0534293
0.0537878
0.0539534
0.0542509
0.0544588
0.0547449
0.0549782
0.0552572
0.0555083
0.0557841
0.0560483
0.0563239
0.0565981
0.0568754
0.0571573
0.0574372
0.057725
0.058008
0.0583
0.0585858
0.0588806
0.0591688
0.0594654
0.0597558
0.0600542
0.0603493
0.0606539
0.0609561
0.0612671
0.0615767
0.061894
0.0622105
0.0625328
0.0628535
0.0631812
0.0635087
0.0638419
0.0641756
0.0645139
0.0648528
0.0651953
0.0655383
0.0658836
0.0662285
0.066574
0.0669191
0.0672653
0.0676094
0.0679519
0.0682887
0.068618
0.0689349
0.0692353
0.0695131
0.0697563
0.0699938
0.0702135
0.0704188
0.0706055
0.0707742
0.0709244
0.0710589
0.0711805
0.0712853
0.0713554
0.0713903
0.0714017
0.0713717
0.071299
0.0711762
0.0710072
0.0707748
0.0704807
0.0701057
0.0696447
0.0690802
0.0684007
0.0675864
0.0666236
0.0654915
0.0641761
0.0626583
0.0609271
0.0589695
0.0567789
0.05435
0.0516768
0.0487624
0.0456041
0.0421962
0.0385171
0.0345336
0.030264
0.0257462
0.0212923
0.0171578
0.0136627
0.0110214
0.00907795
0.0070043
0.0473699
0.0476027
0.0477107
0.0479035
0.0480255
0.0482171
0.048353
0.0485405
0.0486896
0.0488737
0.0490342
0.0492163
0.049386
0.0495674
0.0497442
0.049926
0.0501081
0.0502909
0.050477
0.0506613
0.0508505
0.051037
0.0512292
0.0514191
0.0516157
0.0518113
0.0520141
0.0522166
0.0524263
0.0526363
0.052853
0.0530708
0.0532948
0.0535207
0.0537532
0.0539885
0.0542302
0.0544753
0.0547269
0.0549826
0.055245
0.0555123
0.0557867
0.056067
0.0563551
0.0566486
0.0569471
0.0572492
0.0575546
0.0578613
0.0581685
0.0584747
0.0587793
0.0590813
0.0593828
0.0596919
0.0599993
0.0603109
0.0606166
0.0609169
0.0611991
0.0614558
0.061697
0.0619249
0.0621461
0.0623545
0.0625516
0.0627292
0.06289
0.0630231
0.0631307
0.0631846
0.0632051
0.0631765
0.0630645
0.062877
0.0625906
0.0621918
0.0616648
0.0609899
0.0601522
0.0591314
0.0579127
0.0564767
0.0548087
0.0528843
0.0506665
0.0481117
0.0451551
0.0417303
0.0377377
0.0332443
0.0285864
0.0239256
0.019799
0.016124
0.0134083
0.0114349
0.0102577
0.00886725
0.029302
0.0293183
0.0292996
0.0292786
0.0292418
0.0292158
0.0291724
0.0291433
0.0290976
0.0290655
0.0290194
0.028984
0.0289378
0.0288991
0.0288528
0.0288109
0.0287642
0.0287194
0.028672
0.0286248
0.0285764
0.0285272
0.0284779
0.0284273
0.0283773
0.0283257
0.0282748
0.0282221
0.0281702
0.0281165
0.0280634
0.0280086
0.0279542
0.0278984
0.0278429
0.027786
0.0277292
0.0276712
0.027613
0.0275537
0.0274939
0.0274331
0.0273714
0.0273084
0.0272439
0.0271772
0.0271081
0.0270361
0.0269608
0.0268818
0.026799
0.026712
0.026621
0.0265259
0.0264272
0.0263241
0.0262139
0.0260966
0.0259677
0.0258268
0.0256681
0.0254911
0.0253037
0.0251075
0.0249041
0.0246906
0.0244685
0.0242351
0.0239912
0.0237328
0.0234609
0.02317
0.0228642
0.0225341
0.0221795
0.0217981
0.0213867
0.0209419
0.0204621
0.019943
0.0193837
0.01878
0.0181305
0.0174306
0.0166755
0.0158524
0.0149413
0.0139065
0.0126928
0.0112202
0.00938331
0.00731211
0.00534282
0.00359975
0.00247162
0.00188096
0.00220588
0.00474179
0.00816305
0.00944767
0.00897839
0.00476228
0.00434461
0.00431614
0.00437524
0.00426802
0.00408346
0.00400685
0.00382766
0.00369955
0.00358046
0.00353874
0.0035354
0.00362542
0.0040237
0.0048565
0.00572796
0.0059207
0.00530852
0.0030054
0.00740468
0.0049461
0.00476471
0.00473799
0.00464195
0.00433753
0.00418648
0.00401582
0.00383732
0.0036939
0.00357465
0.00353611
0.00353768
0.00369995
0.00418764
0.00512786
0.00568639
0.00569193
0.00487952
0.00243228
0.0063291
0.00532457
0.00521257
0.00502974
0.00468513
0.00440546
0.00422222
0.00399904
0.00380276
0.00360585
0.0035186
0.00350419
0.00357706
0.00385138
0.004482
0.00537707
0.00563934
0.00549262
0.00441282
0.00188005
0.00630854
0.00565905
0.00547416
0.00500628
0.00467983
0.00439765
0.00417142
0.00383248
0.00365575
0.00355663
0.00352537
0.00354483
0.00372896
0.00418697
0.0050918
0.00551898
0.00556361
0.00523201
0.00384756
0.00138953
0.00636105
0.00570556
0.00545252
0.00486682
0.00459828
0.00422411
0.00399656
0.00377928
0.00368908
0.00365208
0.00366294
0.00379986
0.00419403
0.00498806
0.00547097
0.00557696
0.00547368
0.00489248
0.00315039
0.000969912
0.00627464
0.00560684
0.00531773
0.00479141
0.00457993
0.00425492
0.00411164
0.00404467
0.00407822
0.0041556
0.00429184
0.00468832
0.0053449
0.00565408
0.00574565
0.00566799
0.00529822
0.00438735
0.00234701
0.000622499
0.00628368
0.00577215
0.00553576
0.00520172
0.00510039
0.00505376
0.00519679
0.0054272
0.00561252
0.00564653
0.00595259
0.0061402
0.00620777
0.00620215
0.00599018
0.00564159
0.00499039
0.00369696
0.00154453
0.000356312
0.00796018
0.00787491
0.00796391
0.00804403
0.00833072
0.00852919
0.00861396
0.0084304
0.00816499
0.00801097
0.00783802
0.00757453
0.00728562
0.006873
0.00626926
0.00547974
0.00442421
0.00272979
0.000971625
0.000186774
0.0178411
0.0178134
0.017775
0.0170689
0.0164086
0.0151132
0.0142388
0.0131047
0.0123445
0.0113454
0.0105714
0.00955331
0.00862714
0.00744694
0.00621623
0.00493768
0.00341245
0.00182879
0.000662247
0.000109385
0.0323348
0.0306558
0.0287619
0.026096
0.0242429
0.0218475
0.0202907
0.0181129
0.0167568
0.0146692
0.0133182
0.0111815
0.00961216
0.0072911
0.00549968
0.00366744
0.00231247
0.00117332
0.000457129
9.25955e-05
0.0291136
0.0276535
0.0263491
0.0239145
0.0225409
0.0203169
0.0191922
0.0172152
0.0161921
0.0143521
0.0132524
0.0113865
0.00997694
0.00795857
0.00610595
0.00423344
0.00249909
0.0011863
0.000395593
7.3895e-05
0.0133255
0.0136893
0.0139735
0.0140722
0.0139781
0.013215
0.0126903
0.0120052
0.0114854
0.0109128
0.0103435
0.00974458
0.00889253
0.00803766
0.00678587
0.00556917
0.00391592
0.0019571
0.000585607
7.98672e-05
0.0071266
0.0070096
0.00700429
0.00706898
0.0073636
0.00769985
0.0080633
0.00816156
0.00808009
0.00794477
0.00789348
0.00777578
0.00755499
0.00727462
0.00682781
0.00601736
0.00496503
0.00309027
0.000965848
0.000137937
0.00597923
0.00555608
0.00536595
0.00508887
0.00500601
0.00496017
0.00509486
0.00532645
0.00568851
0.00588793
0.0061881
0.00650662
0.00660889
0.00660472
0.00643699
0.00614459
0.00549733
0.00415186
0.00158791
0.000297163
0.00574064
0.00526316
0.00506291
0.00466034
0.00450417
0.0042783
0.00418698
0.00416487
0.00422354
0.0043202
0.00450146
0.00499247
0.00579591
0.00613351
0.00622093
0.00612452
0.00578203
0.00485927
0.0026051
0.000595406
0.00559435
0.00514288
0.00497799
0.00456526
0.00436404
0.00414357
0.00395555
0.0038504
0.00380699
0.00380302
0.00384582
0.00402769
0.00450144
0.00545136
0.00597346
0.00607717
0.0059353
0.00532114
0.00345744
0.000988015
0.00552842
0.00489518
0.00479665
0.00455527
0.00428062
0.00410357
0.00389785
0.00375489
0.00365855
0.00362304
0.00361525
0.00367682
0.00393013
0.00450347
0.0055375
0.00598713
0.00603264
0.00565481
0.00417861
0.00146762
0.00595406
0.00461668
0.00445945
0.00439679
0.00422366
0.00402551
0.00387185
0.00371927
0.00359734
0.00353798
0.00352129
0.00353161
0.00367122
0.00406869
0.00484132
0.00581672
0.00608021
0.00591495
0.00473776
0.00202846
0.00753257
0.00450557
0.00416267
0.00406534
0.00404161
0.00393446
0.00378011
0.00367755
0.00356908
0.00348895
0.00346418
0.00346207
0.00354047
0.00383539
0.00445523
0.00552044
0.00609942
0.00611942
0.00523372
0.00265059
0.00917033
0.004479
0.00395632
0.00383968
0.00380227
0.00380027
0.00370189
0.00360014
0.0035296
0.00344609
0.00341677
0.00341144
0.00345066
0.00365197
0.00416061
0.00513005
0.00611499
0.00632762
0.00567043
0.00327755
0.00397109
0.00375019
0.00374679
0.0037468
0.00374652
0.00374628
0.00374612
0.00374604
0.003746
0.00374598
0.00374598
0.003746
0.00374604
0.00374612
0.00374628
0.00374652
0.0037468
0.00374679
0.00375019
0.00397109
0.00441505
0.00375347
0.00374141
0.00374096
0.00374056
0.00374012
0.00373987
0.00373975
0.00373969
0.00373966
0.00373966
0.00373969
0.00373975
0.00373987
0.00374012
0.00374056
0.00374096
0.00374141
0.00375347
0.00441505
0.00485954
0.00376059
0.00373286
0.00373263
0.00373284
0.00373273
0.00373256
0.00373242
0.00373235
0.00373231
0.00373231
0.00373235
0.00373242
0.00373256
0.00373273
0.00373284
0.00373263
0.00373286
0.00376059
0.00485954
0.00530145
0.00377205
0.0037243
0.00372395
0.00372491
0.00372524
0.00372525
0.00372519
0.00372514
0.00372512
0.00372512
0.00372514
0.00372519
0.00372525
0.00372524
0.00372491
0.00372395
0.0037243
0.00377205
0.00530145
0.00573906
0.00378546
0.00371552
0.00371483
0.00371666
0.00371758
0.00371789
0.00371795
0.00371795
0.00371795
0.00371795
0.00371795
0.00371795
0.00371789
0.00371758
0.00371666
0.00371483
0.00371552
0.00378546
0.00573906
0.006171
0.00379766
0.00370576
0.00370509
0.003708
0.00370969
0.00371043
0.0037107
0.00371078
0.0037108
0.0037108
0.00371078
0.0037107
0.00371043
0.00370969
0.003708
0.00370509
0.00370576
0.00379766
0.006171
0.00659207
0.00380844
0.00369496
0.00369473
0.00369893
0.00370154
0.00370284
0.0037034
0.00370361
0.00370368
0.00370368
0.00370361
0.0037034
0.00370284
0.00370154
0.00369893
0.00369473
0.00369496
0.00380844
0.00659207
0.0070005
0.00381673
0.00368273
0.00368362
0.00368941
0.00369311
0.00369508
0.00369602
0.00369642
0.00369656
0.00369656
0.00369642
0.00369602
0.00369508
0.00369311
0.00368941
0.00368362
0.00368273
0.00381673
0.0070005
0.00739309
0.0038234
0.00366919
0.00367176
0.00367942
0.00368438
0.00368714
0.00368855
0.00368919
0.00368943
0.00368943
0.00368919
0.00368855
0.00368714
0.00368438
0.00367942
0.00367175
0.00366919
0.0038234
0.00739309
0.00776791
0.00382732
0.00365403
0.00365902
0.00366893
0.00367532
0.00367898
0.00368095
0.0036819
0.00368228
0.00368228
0.0036819
0.00368095
0.00367898
0.00367532
0.00366893
0.00365902
0.00365403
0.00382732
0.0077679
0.00812047
0.00383017
0.00363763
0.00364551
0.00365793
0.00366592
0.00367061
0.00367321
0.00367453
0.00367507
0.00367507
0.00367453
0.00367321
0.00367061
0.00366592
0.00365793
0.00364551
0.00363763
0.00383017
0.00812047
0.00845026
0.00383068
0.00361987
0.0036312
0.00364644
0.00365619
0.003662
0.00366531
0.00366705
0.00366778
0.00366778
0.00366705
0.00366531
0.003662
0.00365619
0.00364644
0.0036312
0.00361987
0.00383068
0.00845026
0.00875508
0.00383019
0.00360093
0.00361615
0.00363447
0.00364613
0.00365316
0.00365725
0.00365946
0.00366041
0.00366041
0.00365946
0.00365725
0.00365316
0.00364613
0.00363447
0.00361615
0.00360093
0.00383019
0.00875507
0.0090355
0.00382888
0.00358086
0.00360033
0.003622
0.00363574
0.00364408
0.00364901
0.00365173
0.00365292
0.00365292
0.00365173
0.00364901
0.00364408
0.00363573
0.00362199
0.00360033
0.00358086
0.00382888
0.00903549
0.00928907
0.00382649
0.00355982
0.0035838
0.00360905
0.003625
0.00363475
0.00364059
0.00364385
0.00364531
0.00364531
0.00364385
0.00364059
0.00363475
0.003625
0.00360905
0.0035838
0.00355983
0.0038265
0.00928906
0.0095174
0.00382333
0.00353789
0.00356662
0.00359564
0.00361393
0.00362517
0.00363197
0.00363582
0.00363755
0.00363755
0.00363582
0.00363197
0.00362517
0.00361393
0.00359564
0.00356662
0.00353789
0.00382333
0.00951739
0.00971923
0.00382009
0.00351531
0.00354885
0.00358181
0.00360255
0.00361535
0.00362315
0.00362761
0.00362964
0.00362964
0.00362761
0.00362315
0.00361535
0.00360255
0.00358181
0.00354885
0.00351531
0.00382009
0.00971921
0.0098973
0.00381667
0.00349216
0.00353055
0.00356758
0.00359087
0.00360529
0.00361414
0.00361924
0.00362157
0.00362157
0.00361924
0.00361414
0.00360529
0.00359087
0.00356758
0.00353055
0.00349216
0.00381667
0.00989729
0.0100502
0.00381352
0.00346855
0.00351173
0.00355295
0.00357888
0.00359499
0.00360492
0.00361068
0.00361332
0.00361332
0.00361068
0.00360492
0.00359499
0.00357888
0.00355295
0.00351173
0.00346855
0.00381352
0.0100502
0.0101815
0.00381053
0.00344459
0.00349246
0.00353794
0.0035666
0.00358445
0.0035955
0.00360193
0.0036049
0.0036049
0.00360193
0.0035955
0.00358445
0.0035666
0.00353794
0.00349246
0.00344459
0.00381053
0.0101815
0.0102898
0.0038085
0.00342045
0.00347279
0.0035226
0.00355404
0.00357367
0.00358586
0.003593
0.0035963
0.0035963
0.003593
0.00358586
0.00357367
0.00355404
0.0035226
0.00347279
0.00342046
0.0038085
0.0102897
0.0103795
0.00380714
0.00339642
0.00345286
0.00350697
0.00354123
0.00356267
0.00357603
0.00358387
0.00358751
0.00358751
0.00358387
0.00357603
0.00356267
0.00354123
0.00350697
0.00345286
0.00339641
0.00380714
0.0103794
0.0104486
0.00380737
0.00337231
0.0034326
0.00349103
0.00352816
0.00355145
0.003566
0.00357455
0.00357853
0.00357853
0.00357455
0.003566
0.00355145
0.00352816
0.00349104
0.0034326
0.00337232
0.00380737
0.0104486
0.0105025
0.00380843
0.00334869
0.00341222
0.00347487
0.00351487
0.00354002
0.00355577
0.00356505
0.00356936
0.00356936
0.00356505
0.00355577
0.00354002
0.00351487
0.00347487
0.00341222
0.00334868
0.00380843
0.0105025
0.0105384
0.0038107
0.00332507
0.00339157
0.00345844
0.00350133
0.00352837
0.00354533
0.00355535
0.00356001
0.00356001
0.00355535
0.00354533
0.00352837
0.00350133
0.00345845
0.00339158
0.00332508
0.0038107
0.0105384
0.0105625
0.00381541
0.00330226
0.00337094
0.00344185
0.0034876
0.00351653
0.00353471
0.00354546
0.00355047
0.00355047
0.00354546
0.00353471
0.00351653
0.0034876
0.00344185
0.00337094
0.00330226
0.00381538
0.0105625
0.0105707
0.00382106
0.00327971
0.00335018
0.00342506
0.00347367
0.0035045
0.0035239
0.00353538
0.00354074
0.00354074
0.00353538
0.0035239
0.0035045
0.00347367
0.00342506
0.00335019
0.00327972
0.00382109
0.0105707
0.0105673
0.00382983
0.00325825
0.00332957
0.00340816
0.00345958
0.00349229
0.00351291
0.00352513
0.00353084
0.00353084
0.00352513
0.00351291
0.00349229
0.00345958
0.00340816
0.00332957
0.00325824
0.00382979
0.0105673
0.0105573
0.00383966
0.00323715
0.00330889
0.00339111
0.00344531
0.0034799
0.00350174
0.0035147
0.00352075
0.00352075
0.0035147
0.00350174
0.0034799
0.00344531
0.00339111
0.0033089
0.00323717
0.0038397
0.0105573
0.0105367
0.00385329
0.00321747
0.00328849
0.00337401
0.00343091
0.00346735
0.00349041
0.00350409
0.00351049
0.00351049
0.00350409
0.00349041
0.00346735
0.00343091
0.00337401
0.0032885
0.00321746
0.00385327
0.0105367
0.0105074
0.00386788
0.00319824
0.00326812
0.00335681
0.00341636
0.00345464
0.0034789
0.00349332
0.00350006
0.00350006
0.00349332
0.0034789
0.00345464
0.00341636
0.0033568
0.00326811
0.00319823
0.00386785
0.0105074
0.0104711
0.00388662
0.0031806
0.0032481
0.0033396
0.00340171
0.00344179
0.00346724
0.00348237
0.00348946
0.00348946
0.00348238
0.00346724
0.00344179
0.00340171
0.0033396
0.00324811
0.00318061
0.00388666
0.0104711
0.0104289
0.00390694
0.00316379
0.0032283
0.00332239
0.00338696
0.00342881
0.00345543
0.00347128
0.0034787
0.0034787
0.00347128
0.00345543
0.00342881
0.00338696
0.00332238
0.0032283
0.00316377
0.00390688
0.0104289
0.0103815
0.00393163
0.00314872
0.00320894
0.00330522
0.00337213
0.0034157
0.00344348
0.00346003
0.00346778
0.00346778
0.00346003
0.00344348
0.0034157
0.00337213
0.00330522
0.00320894
0.00314873
0.00393168
0.0103815
0.0103299
0.00395771
0.00313442
0.0031898
0.00328805
0.00335722
0.00340248
0.00343139
0.00344863
0.00345671
0.00345671
0.00344863
0.00343139
0.00340248
0.00335722
0.00328805
0.0031898
0.0031344
0.00395767
0.0103299
0.0102746
0.00398903
0.0031222
0.00317122
0.00327099
0.00334226
0.00338915
0.00341917
0.00343709
0.00344549
0.00344549
0.00343709
0.00341917
0.00338915
0.00334226
0.00327099
0.00317122
0.00312219
0.00398901
0.0102746
0.0102166
0.00402169
0.00311092
0.00315304
0.00325399
0.00332727
0.00337572
0.00340683
0.00342542
0.00343413
0.00343413
0.00342542
0.00340683
0.00337572
0.00332727
0.00325399
0.00315304
0.00311093
0.00402173
0.0102166
0.0101561
0.00406045
0.00310195
0.00313552
0.00323712
0.00331225
0.00336222
0.00339437
0.00341362
0.00342264
0.00342264
0.00341362
0.00339437
0.00336222
0.00331225
0.00323712
0.00313551
0.00310192
0.00406036
0.0101562
0.0100942
0.00410016
0.00309405
0.00311852
0.00322038
0.00329722
0.00334864
0.00338182
0.00340169
0.00341103
0.00341103
0.00340169
0.00338182
0.00334864
0.00329722
0.00322038
0.00311852
0.00309405
0.00410019
0.0100942
0.0100307
0.00414699
0.00308862
0.00310219
0.0032038
0.0032822
0.00333499
0.00336916
0.00338966
0.00339929
0.00339929
0.00338966
0.00336916
0.00333499
0.0032822
0.0032038
0.00310219
0.00308861
0.00414698
0.0100308
0.00996688
0.00419452
0.00308439
0.00308652
0.00318739
0.00326718
0.00332129
0.00335641
0.00337751
0.00338743
0.00338743
0.00337751
0.00335641
0.00332129
0.00326718
0.00318739
0.00308651
0.00308438
0.00419447
0.0099669
0.00990228
0.00424971
0.00308286
0.00307154
0.00317123
0.0032522
0.00330754
0.00334358
0.00336526
0.00337546
0.00337546
0.00336526
0.00334358
0.00330754
0.0032522
0.00317123
0.00307154
0.00308286
0.00424976
0.00990231
0.00983818
0.00430572
0.00308352
0.00305734
0.00315535
0.00323729
0.00329376
0.00333067
0.00335292
0.00336339
0.00336339
0.00335292
0.00333067
0.00329376
0.00323729
0.00315535
0.00305734
0.00308351
0.00430569
0.0098382
0.00977385
0.00437029
0.0030857
0.0030439
0.00313978
0.00322245
0.00327996
0.0033177
0.00334049
0.00335122
0.00335122
0.00334049
0.0033177
0.00327996
0.00322244
0.00313977
0.0030439
0.0030857
0.00437024
0.00977387
0.0097108
0.00443543
0.00309025
0.00303126
0.00312451
0.0032077
0.00326615
0.00330467
0.00332798
0.00333897
0.00333897
0.00332798
0.00330467
0.00326615
0.0032077
0.00312451
0.00303126
0.00309025
0.00443545
0.00971082
0.00964775
0.00450939
0.00309766
0.00301951
0.00310958
0.00319305
0.00325234
0.00329159
0.00331539
0.00332662
0.00332662
0.00331539
0.00329159
0.00325234
0.00319305
0.00310958
0.00301951
0.00309765
0.00450939
0.00964777
0.0095867
0.00458344
0.00310734
0.00300869
0.003095
0.00317851
0.00323854
0.00327847
0.00330273
0.0033142
0.0033142
0.00330273
0.00327847
0.00323854
0.00317851
0.00309499
0.00300868
0.00310732
0.00458342
0.00958672
0.0095276
0.00465749
0.00311916
0.00299881
0.00308079
0.00316411
0.00322476
0.00326531
0.00329002
0.0033017
0.0033017
0.00329002
0.00326531
0.00322475
0.00316411
0.00308078
0.00299881
0.00311915
0.00465745
0.00952762
0.0094703
0.00473153
0.00313308
0.00298996
0.003067
0.00314987
0.00321101
0.00325213
0.00327725
0.00328915
0.00328914
0.00327725
0.00325213
0.00321101
0.00314987
0.003067
0.00298995
0.00313307
0.00473151
0.00947032
0.00941474
0.00480547
0.00314886
0.0029821
0.00305366
0.0031358
0.00319732
0.00323894
0.00326444
0.00327653
0.00327653
0.00326444
0.00323894
0.00319732
0.0031358
0.00305366
0.0029821
0.00314889
0.00480551
0.00941476
0.00936084
0.00487935
0.00316635
0.00297522
0.00304076
0.00312192
0.00318368
0.00322574
0.00325159
0.00326386
0.00326386
0.00325159
0.00322574
0.00318368
0.00312191
0.00304075
0.0029752
0.0031663
0.0048793
0.00936086
0.00930857
0.00495281
0.00318506
0.00296915
0.00302826
0.0031082
0.00317009
0.00321253
0.0032387
0.00325114
0.00325114
0.0032387
0.00321253
0.00317009
0.0031082
0.00302827
0.00296918
0.00318512
0.00495285
0.0093086
0.00925792
0.00502651
0.00320532
0.00296406
0.00301621
0.00309468
0.00315657
0.00319933
0.00322578
0.00323838
0.00323838
0.00322578
0.00319933
0.00315657
0.00309467
0.0030162
0.00296402
0.00320521
0.00502632
0.00925795
0.00920886
0.00509985
0.00322659
0.00295978
0.0030046
0.00308136
0.00314313
0.00318614
0.00321284
0.00322558
0.00322558
0.00321284
0.00318614
0.00314313
0.00308135
0.0030046
0.00295978
0.00322661
0.00509998
0.00920891
0.0091614
0.0051736
0.00324922
0.00295644
0.00299347
0.00306827
0.00312979
0.00317297
0.00319989
0.00321275
0.00321275
0.00319989
0.00317297
0.00312979
0.00306827
0.00299346
0.00295641
0.00324914
0.00517348
0.00916142
0.00911547
0.00524605
0.00327245
0.00295385
0.0029828
0.0030554
0.00311655
0.00315984
0.00318693
0.00319991
0.00319991
0.00318693
0.00315984
0.00311655
0.00305541
0.00298281
0.00295387
0.00327251
0.00524614
0.00911553
0.0090712
0.00531817
0.00329658
0.002952
0.00297257
0.00304274
0.00310341
0.00314674
0.00317397
0.00318704
0.00318704
0.00317397
0.00314674
0.00310341
0.00304274
0.00297257
0.00295199
0.00329649
0.00531792
0.00907124
0.00902851
0.00538926
0.00332112
0.00295084
0.00296275
0.00303029
0.00309036
0.00313367
0.00316101
0.00317416
0.00317416
0.00316101
0.00313367
0.00309036
0.00303029
0.00296275
0.00295082
0.0033211
0.00538935
0.0090286
0.00898751
0.0054604
0.0033463
0.00295023
0.0029533
0.00301802
0.0030774
0.00312063
0.00314805
0.00316126
0.00316126
0.00314805
0.00312063
0.0030774
0.00301802
0.00295329
0.00295021
0.00334624
0.0054603
0.00898757
0.00894806
0.00553033
0.00337189
0.00295038
0.00294424
0.00300597
0.00306454
0.00310763
0.00313509
0.00314835
0.00314835
0.00313509
0.00310763
0.00306454
0.00300597
0.00294424
0.00295036
0.00337183
0.00553025
0.00894816
0.00891032
0.00559927
0.00339785
0.00295089
0.00293554
0.00299416
0.0030518
0.00309469
0.00312215
0.00313545
0.00313545
0.00312215
0.00309469
0.0030518
0.00299416
0.00293554
0.00295087
0.00339784
0.0055992
0.00891039
0.00887417
0.00566715
0.00342416
0.00295199
0.0029272
0.00298258
0.00303919
0.0030818
0.00310923
0.00312254
0.00312254
0.00310923
0.0030818
0.00303919
0.00298258
0.00292718
0.00295195
0.00342401
0.00566707
0.00887427
0.00883974
0.005734
0.00345051
0.0029536
0.00291917
0.00297121
0.00302669
0.00306897
0.00309633
0.00310964
0.00310964
0.00309633
0.00306897
0.00302669
0.00297122
0.00291918
0.00295365
0.00345062
0.00573413
0.0088398
0.00880686
0.00579981
0.00347705
0.00295563
0.00291143
0.00296003
0.00301429
0.00305618
0.00308345
0.00309675
0.00309675
0.00308345
0.00305619
0.00301429
0.00296003
0.00291143
0.00295558
0.00347684
0.00579942
0.00880691
0.00877566
0.00586342
0.00350318
0.00295785
0.00290391
0.002949
0.00300199
0.00304345
0.00307059
0.00308386
0.00308386
0.00307059
0.00304345
0.00300199
0.002949
0.00290392
0.00295786
0.00350321
0.00586351
0.00877569
0.00874608
0.00592572
0.00352904
0.00296025
0.00289657
0.0029381
0.00298976
0.00303074
0.00305773
0.00307097
0.00307097
0.00305774
0.00303075
0.00298976
0.00293811
0.00289659
0.00296028
0.00352909
0.00592592
0.00874602
0.00871821
0.00598734
0.00355484
0.00296284
0.00288941
0.00292732
0.0029776
0.00301807
0.00304489
0.00305808
0.00305808
0.00304489
0.00301808
0.00297761
0.00292735
0.00288947
0.00296296
0.00355508
0.00598742
0.00871804
0.00869187
0.006048
0.00358042
0.0029656
0.00288243
0.00291667
0.00296551
0.00300544
0.00303206
0.00304519
0.00304519
0.00303207
0.00300545
0.00296553
0.0029167
0.00288249
0.00296569
0.00358043
0.00604796
0.00869149
0.00866698
0.00610737
0.00360567
0.0029685
0.00287562
0.00290616
0.00295352
0.00299286
0.00301925
0.00303231
0.00303231
0.00301926
0.00299287
0.00295355
0.00290621
0.00287576
0.00296878
0.00360628
0.00610775
0.00866645
0.00864344
0.00616427
0.00363047
0.00297142
0.00286894
0.00289575
0.00294159
0.0029803
0.00300645
0.00301942
0.00301943
0.00300646
0.00298033
0.00294164
0.00289584
0.00286915
0.00297181
0.00363102
0.0061646
0.00864248
0.00862122
0.0062185
0.00365387
0.00297409
0.00286225
0.00288538
0.00292969
0.00296777
0.00299365
0.00300653
0.00300654
0.00299367
0.0029678
0.00292976
0.00288552
0.00286257
0.00297471
0.00365506
0.00621929
0.0086199
0.00860033
0.00627097
0.00367626
0.00297638
0.00285547
0.00287498
0.00291778
0.00295522
0.00298084
0.00299362
0.00299363
0.00298086
0.00295527
0.00291788
0.00287518
0.00285591
0.00297728
0.00367796
0.00627247
0.00859816
0.0085804
0.00632382
0.00369775
0.00297815
0.00284845
0.00286449
0.00290582
0.00294264
0.00296801
0.0029807
0.00298071
0.00296804
0.00294272
0.00290598
0.00286479
0.00284911
0.00297947
0.00370009
0.00632504
0.00857746
0.00856158
0.00637486
0.00371773
0.00297932
0.00284118
0.00285391
0.00289384
0.00293006
0.00295518
0.00296778
0.0029678
0.00295523
0.00293018
0.00289406
0.00285436
0.00284216
0.00298127
0.00372134
0.00637738
0.0085572
0.00854339
0.00642609
0.0037369
0.0029799
0.0028338
0.00284331
0.00288188
0.00291751
0.00294238
0.00295488
0.00295491
0.00294245
0.00291767
0.00288219
0.00284395
0.00283517
0.00298288
0.00374218
0.00642886
0.00853719
0.00852537
0.00647412
0.00375533
0.00297996
0.00282629
0.00283272
0.00286995
0.00290499
0.0029296
0.002942
0.00294204
0.00292969
0.00290521
0.00287037
0.00283361
0.0028282
0.00298426
0.00376262
0.00647859
0.00851699
0.00850809
0.00651791
0.00377076
0.00297966
0.00281864
0.00282205
0.00285797
0.00289242
0.00291677
0.00292908
0.00292913
0.0029169
0.00289271
0.00285854
0.00282329
0.00282124
0.00298529
0.0037817
0.00652522
0.00849628
0.00849138
0.00655948
0.0037841
0.00297855
0.00281051
0.00281107
0.00284577
0.00287966
0.00290377
0.00291598
0.00291605
0.00290395
0.00288006
0.00284653
0.00281274
0.00281391
0.00298571
0.00379938
0.00657029
0.0084748
0.00847601
0.00659839
0.00379371
0.00297539
0.0028014
0.00279952
0.00283316
0.00286657
0.00289047
0.0029026
0.00290269
0.00289072
0.00286712
0.0028342
0.00280179
0.00280602
0.0029856
0.00381497
0.00661396
0.00845203
0.00846028
0.00663336
0.00380037
0.0029696
0.00279107
0.00278721
0.00282001
0.00285306
0.00287682
0.0028889
0.00288904
0.00287718
0.00285384
0.00282147
0.00279032
0.00279735
0.00298436
0.00383011
0.00665869
0.00842754
0.00844588
0.00666946
0.00380422
0.00296202
0.00277962
0.0027742
0.00280644
0.00283927
0.00286297
0.00287504
0.00287522
0.00286346
0.00284033
0.00280843
0.00277845
0.00278823
0.00298224
0.0038435
0.00670295
0.00840083
0.00843369
0.0066996
0.00380417
0.0029529
0.00276749
0.00276092
0.00279281
0.0028256
0.00284936
0.00286147
0.00286172
0.00285002
0.00282702
0.00279547
0.00276645
0.00277849
0.00297819
0.00385803
0.00674801
0.00837103
0.00841963
0.00672088
0.0038025
0.00294254
0.00275515
0.00274796
0.00277985
0.0028128
0.00283672
0.0028489
0.0028492
0.00283754
0.00281461
0.0027833
0.00275518
0.00276941
0.00297534
0.0038706
0.00679161
0.00833772
0.00841129
0.00674229
0.00379842
0.00293206
0.00274345
0.00273608
0.00276821
0.00280134
0.00282541
0.00283765
0.00283803
0.00282638
0.00280344
0.00277219
0.00274463
0.00276076
0.0029756
0.00388916
0.00683529
0.00830002
0.00840289
0.00674929
0.00379049
0.00292108
0.00273288
0.00272587
0.00275839
0.00279201
0.00281658
0.00282909
0.00282958
0.00281785
0.00279474
0.00276346
0.00273675
0.00275603
0.00297751
0.00390673
0.00687529
0.00825762
0.00840216
0.00674649
0.0037783
0.00290975
0.00272381
0.00271792
0.00275225
0.00278773
0.00281351
0.00282647
0.00282704
0.00281503
0.0027915
0.00275999
0.00273432
0.00275604
0.00298272
0.00393421
0.00691556
0.00820895
0.00840638
0.00673593
0.00375767
0.00289714
0.00271652
0.00271394
0.00275136
0.002788
0.00281432
0.00282738
0.00282785
0.00281564
0.00279192
0.0027603
0.002735
0.00275811
0.00299361
0.00396324
0.00695679
0.00815457
0.00841874
0.00671549
0.00373842
0.00288534
0.00271149
0.00271393
0.00275296
0.00279098
0.00281807
0.00283114
0.0028314
0.00281858
0.00279435
0.00276249
0.00273795
0.0027639
0.00301002
0.00400694
0.0070047
0.00809067
0.00844127
0.00668169
0.00370567
0.00287196
0.00271033
0.00271628
0.00275851
0.00279855
0.00282611
0.00283896
0.00283925
0.00282618
0.00280141
0.00276892
0.00274537
0.00277516
0.00303485
0.00406858
0.00706374
0.00801574
0.00848582
0.00664532
0.00367828
0.00285982
0.00271178
0.00272375
0.00276984
0.00281129
0.00284073
0.00285433
0.00285393
0.00283896
0.00281228
0.00277919
0.00275782
0.00279424
0.00307356
0.00416111
0.00712904
0.00792359
0.00854436
0.00656712
0.00363308
0.00284918
0.00271848
0.00273991
0.0027919
0.00283766
0.00286911
0.00288222
0.0028812
0.00286469
0.00283577
0.00280117
0.00278337
0.00283171
0.00313818
0.00427785
0.0071902
0.00781057
0.0086172
0.00648629
0.00358354
0.00284909
0.00273782
0.002775
0.00283165
0.00288236
0.00291498
0.00292711
0.00292459
0.00290526
0.0028733
0.0028364
0.002821
0.00288033
0.00322964
0.00446596
0.00726203
0.00766733
0.00873241
0.00632034
0.00352711
0.00285836
0.00277975
0.00282162
0.00289005
0.00294282
0.00297504
0.00298541
0.0029808
0.0029585
0.00292337
0.0028855
0.00287461
0.00295186
0.00334869
0.00467944
0.00730452
0.00748552
0.00887799
0.00615498
0.00345157
0.00288349
0.0028297
0.00288978
0.00296442
0.00302021
0.0030487
0.00305621
0.00304781
0.00302027
0.00297855
0.00293874
0.0029312
0.00302637
0.00348757
0.0049334
0.00730248
0.00725189
0.00903161
0.00583772
0.0034098
0.00293056
0.00290349
0.00298344
0.00305533
0.0031145
0.00313668
0.00313871
0.00312425
0.00308962
0.00304285
0.00300641
0.00300892
0.00313924
0.00367202
0.00524766
0.00728519
0.00695679
0.00931367
0.00552551
0.00335789
0.00298977
0.00298233
0.00308259
0.0031825
0.00322703
0.00323698
0.00323579
0.00321134
0.00316806
0.00310838
0.00308105
0.00309173
0.00327054
0.00395883
0.00565605
0.00723726
0.00657741
0.00950002
0.00511666
0.00336602
0.00311504
0.00314011
0.00327009
0.00333501
0.00335378
0.00335813
0.00334988
0.00330933
0.00325177
0.00319278
0.00317915
0.00322762
0.00352214
0.00433089
0.00604559
0.00712683
0.00609925
0.00984722
0.00476295
0.003414
0.00325429
0.00330469
0.00344416
0.00349336
0.00352106
0.00351949
0.00348704
0.00342642
0.00334922
0.00331708
0.00332081
0.00343198
0.00381087
0.00477916
0.00633484
0.00688691
0.0054947
0.00983914
0.0044748
0.00355418
0.00347459
0.00364715
0.00374994
0.00378879
0.00374268
0.00370693
0.00362056
0.00352749
0.0034586
0.00344085
0.00346021
0.00361644
0.00411445
0.00518888
0.00629675
0.00643843
0.00475381
0.00986963
0.00463298
0.00397743
0.00396485
0.00407712
0.00410522
0.00399628
0.00392153
0.00380161
0.00368826
0.00357196
0.00352135
0.00351051
0.00355059
0.00378987
0.00444918
0.00565719
0.00615126
0.00591283
0.00382797
0.0101344
0.0044215
0.00362444
0.00358066
0.00358669
0.00358924
0.0035996
0.00350984
0.00345798
0.00338554
0.00334289
0.00333173
0.00334077
0.00345392
0.00381187
0.00461651
0.00594002
0.00647575
0.00628993
0.00415336
0.0101457
0.00439015
0.00337687
0.00323181
0.00326422
0.00332952
0.00334912
0.00336573
0.00332303
0.00328875
0.00323588
0.0032202
0.00322553
0.00329912
0.0035462
0.00413412
0.00531743
0.0065509
0.00674072
0.0050992
0.0101631
0.00479125
0.00330225
0.00306994
0.00306567
0.00314059
0.00316854
0.00317448
0.00318847
0.00316799
0.00313747
0.00310936
0.00310565
0.00314165
0.00330476
0.00376899
0.00481785
0.00649453
0.00710138
0.00582867
0.00978018
0.00512791
0.00329013
0.00294428
0.00292546
0.00298127
0.00305174
0.00307035
0.00306713
0.00306928
0.003045
0.00301361
0.00300246
0.00301484
0.00312488
0.003478
0.00434635
0.00609387
0.00725463
0.0064058
0.00959651
0.00558963
0.00337382
0.00288809
0.00283052
0.0028635
0.0029269
0.00297025
0.0029847
0.00298135
0.00297291
0.00294722
0.00292945
0.00292966
0.00299016
0.00325298
0.00399923
0.00572308
0.0073267
0.00684937
0.00926158
0.00585592
0.00343595
0.00286539
0.00277833
0.00280463
0.00285405
0.00289583
0.00291522
0.00292062
0.00291353
0.0028924
0.00287222
0.00286982
0.00291597
0.00312149
0.003747
0.00533656
0.00735555
0.00719668
0.00911096
0.00620517
0.00352833
0.00285937
0.00274613
0.0027547
0.0028032
0.00284403
0.00286844
0.00287511
0.00287244
0.00285627
0.002833
0.00282462
0.00285258
0.00301655
0.00355842
0.00504729
0.00736397
0.00746059
0.00890176
0.00637259
0.00363298
0.00286422
0.00273119
0.00273179
0.00277156
0.00281177
0.00283747
0.00284633
0.00284449
0.00283059
0.00281087
0.00280118
0.00282298
0.00296494
0.00345427
0.00482606
0.00734528
0.00766474
0.00879003
0.00656225
0.003736
0.0028966
0.0027251
0.00271955
0.00275456
0.0027909
0.00281705
0.00282803
0.00282826
0.00281617
0.00279673
0.00278411
0.00279772
0.00291481
0.00334726
0.00463005
0.00728473
0.0078196
0.00868525
0.00665222
0.00381701
0.00293131
0.00272403
0.00271479
0.00274673
0.00278084
0.00280627
0.0028182
0.00281907
0.00280833
0.00279
0.00277584
0.00278598
0.00289067
0.0032919
0.00450628
0.0072429
0.00794257
0.00859207
0.00674687
0.00387714
0.00296472
0.00273809
0.00271364
0.00274419
0.00277701
0.00280178
0.00281381
0.00281465
0.00280458
0.00278705
0.00277183
0.00277685
0.00286842
0.00323781
0.00439378
0.00718821
0.00803664
0.00854545
0.00679064
0.0039223
0.00299134
0.00275275
0.00272149
0.00274406
0.00277601
0.00279998
0.00281233
0.00281397
0.00280421
0.00278652
0.00277037
0.00277207
0.00285247
0.00319935
0.00431864
0.00713365
0.00811132
0.00849385
0.00682469
0.00395602
0.00301222
0.00276521
0.00273144
0.00275209
0.00278088
0.00280356
0.00281481
0.00281593
0.00280717
0.00278981
0.00277088
0.00277
0.00284286
0.00317402
0.00425295
0.00708383
0.00817017
0.00846295
0.00683879
0.00397264
0.00302654
0.0027769
0.00273999
0.00275907
0.00278688
0.00280913
0.00282118
0.00282239
0.00281316
0.00279593
0.00277637
0.00277122
0.00283548
0.003147
0.00419971
0.00703554
0.00821903
0.00844495
0.00684353
0.00398151
0.00303605
0.00278635
0.00275037
0.00276866
0.00279551
0.00281675
0.00282793
0.00282895
0.0028196
0.00280135
0.00277985
0.00277241
0.00283145
0.00313069
0.00415555
0.00698936
0.00825801
0.00843279
0.00683939
0.00398421
0.00304245
0.00279525
0.00276012
0.00277929
0.00280629
0.00282754
0.00283886
0.00283974
0.0028302
0.00281173
0.00278904
0.00277817
0.00282953
0.00311158
0.00411099
0.00694354
0.0082922
0.00842776
0.00682165
0.00398216
0.00304548
0.00280235
0.0027695
0.00278947
0.00281686
0.00283817
0.00284933
0.00284989
0.00283979
0.00282037
0.00279627
0.00278293
0.00282889
0.00310014
0.00407874
0.00689832
0.00832069
0.00842634
0.00679739
0.0039687
0.00304678
0.0028105
0.00277993
0.00280069
0.00282818
0.00284946
0.00286067
0.00286119
0.00285095
0.00283114
0.00280589
0.00278976
0.00282952
0.00308672
0.00404079
0.00685081
0.00834651
0.00842945
0.00675806
0.00395444
0.00304707
0.00281726
0.00278986
0.00281214
0.00284035
0.00286187
0.00287308
0.00287339
0.00286277
0.00284228
0.00281583
0.00279726
0.00283159
0.00307706
0.00401049
0.00680351
0.00836905
0.00843601
0.00672631
0.00393993
0.00304579
0.00282337
0.00279942
0.00282311
0.00285189
0.00287367
0.002885
0.00288527
0.00287445
0.00285348
0.00282597
0.00280503
0.00283417
0.00306757
0.00397897
0.00675531
0.00839027
0.00844501
0.00668511
0.00391875
0.00304186
0.00282881
0.00280886
0.00283432
0.00286389
0.00288599
0.00289741
0.00289758
0.00288649
0.00286496
0.00283632
0.002813
0.00283694
0.00305885
0.00394907
0.00670682
0.00840999
0.00845537
0.00664022
0.00389697
0.00303777
0.0028336
0.00281774
0.00284504
0.00287547
0.00289797
0.00290955
0.00290969
0.00289837
0.00287632
0.00284661
0.00282099
0.0028399
0.00305037
0.00391978
0.00665878
0.00842925
0.00846866
0.00659932
0.00387458
0.00303331
0.00283854
0.00282674
0.00285587
0.00288714
0.00291002
0.00292174
0.00292183
0.00291028
0.0028877
0.00285688
0.00282894
0.00284282
0.00304208
0.00389089
0.00661109
0.00844824
0.00848288
0.0065528
0.00384905
0.00302691
0.00284262
0.00283536
0.0028665
0.00289873
0.00292204
0.00293393
0.002934
0.00292223
0.00289914
0.00286726
0.00283701
0.00284584
0.00303358
0.00386127
0.00656284
0.00846762
0.00849932
0.00650507
0.00382244
0.00302056
0.00284676
0.00284408
0.00287725
0.00291042
0.00293415
0.00294621
0.00294626
0.00293429
0.00291071
0.00287779
0.00284529
0.00284918
0.00302558
0.00383188
0.00651317
0.0084873
0.00851673
0.00645574
0.00379477
0.00301406
0.00285114
0.00285301
0.00288817
0.00292225
0.00294638
0.0029586
0.00295863
0.00294648
0.00292246
0.00288857
0.00285389
0.00285293
0.00301789
0.00380211
0.00646139
0.0085077
0.0085357
0.00640223
0.00376736
0.00300823
0.00285591
0.00286219
0.00289928
0.00293421
0.00295871
0.00297107
0.0029711
0.00295878
0.00293435
0.00289955
0.00286279
0.00285717
0.00301091
0.00377257
0.00640708
0.00852869
0.00855586
0.00634799
0.00373962
0.00300244
0.00286081
0.00287149
0.00291047
0.00294623
0.00297109
0.00298359
0.0029836
0.00297114
0.00294633
0.00291067
0.00287193
0.00286177
0.00300449
0.00374367
0.0063516
0.00855054
0.00857738
0.0062926
0.00371177
0.00299674
0.0028658
0.00288085
0.0029217
0.00295827
0.00298348
0.00299611
0.00299612
0.00298352
0.00295834
0.00292185
0.00288117
0.00286653
0.00299833
0.0037149
0.00629556
0.00857324
0.00860027
0.00623751
0.00368402
0.00299118
0.00287088
0.00289025
0.00293296
0.00297032
0.00299587
0.00300862
0.00300863
0.0029959
0.00297037
0.00293306
0.00289047
0.00287139
0.00299232
0.00368636
0.0062395
0.00859716
0.0086246
0.00618066
0.00365562
0.00298548
0.00287598
0.00289971
0.00294425
0.0029824
0.00300828
0.00302115
0.00302116
0.0030083
0.00298243
0.00294433
0.00289986
0.00287634
0.00298628
0.00365722
0.00618239
0.00862217
0.00865041
0.00612266
0.00362673
0.00297994
0.0028813
0.00290935
0.00295568
0.00299456
0.00302075
0.00303373
0.00303373
0.00302076
0.00299458
0.00295573
0.00290947
0.0028816
0.00298063
0.00362816
0.00612383
0.00864855
0.00867742
0.00606128
0.00359762
0.00297487
0.00288702
0.00291926
0.00296727
0.00300684
0.0030333
0.00304637
0.00304637
0.00303331
0.00300686
0.00296731
0.00291933
0.00288721
0.00297532
0.00359865
0.00606265
0.00867601
0.00870589
0.00599948
0.00356929
0.00297049
0.00289318
0.00292945
0.00297905
0.00301924
0.00304593
0.00305907
0.00305907
0.00304594
0.00301925
0.00297908
0.0029295
0.00289332
0.0029708
0.00356986
0.00599987
0.00870484
0.00873569
0.00593513
0.00354052
0.0029664
0.00289965
0.00293985
0.00299097
0.00303173
0.00305862
0.00307182
0.00307182
0.00305862
0.00303174
0.00299099
0.0029399
0.00289977
0.00296671
0.00354123
0.00593595
0.00873479
0.00876681
0.0058712
0.0035128
0.00296296
0.00290646
0.00295046
0.003003
0.00304428
0.00307133
0.00308458
0.00308458
0.00307133
0.00304428
0.00300301
0.00295048
0.00290653
0.00296314
0.00351321
0.00587172
0.00876626
0.00879956
0.00580654
0.00348494
0.00295973
0.00291347
0.00296121
0.00301512
0.00305687
0.00308407
0.00309735
0.00309735
0.00308407
0.00305687
0.00301513
0.00296122
0.00291352
0.00295982
0.0034851
0.00580659
0.00879901
0.00883365
0.00574017
0.00345689
0.00295682
0.00292077
0.00297214
0.00302735
0.00306952
0.00309683
0.00311013
0.00311013
0.00309683
0.00306952
0.00302735
0.00297216
0.00292083
0.002957
0.00345735
0.0057408
0.00883331
0.00886927
0.00567273
0.00342937
0.00295458
0.00292848
0.00298332
0.00303972
0.00308224
0.00310964
0.00312294
0.00312294
0.00310964
0.00308224
0.00303972
0.00298332
0.00292848
0.00295458
0.00342934
0.00567272
0.00886899
0.00890632
0.00560349
0.00340187
0.0029529
0.00293656
0.00299475
0.00305223
0.00309505
0.00312249
0.00313577
0.00313577
0.00312249
0.00309505
0.00305224
0.00299476
0.0029366
0.00295296
0.0034021
0.00560369
0.00890609
0.00894483
0.00553351
0.00337516
0.00295207
0.0029451
0.00300647
0.0030649
0.00310794
0.00313537
0.00314863
0.00314863
0.00313537
0.00310794
0.0030649
0.00300647
0.00294511
0.00295211
0.00337524
0.00553371
0.00894469
0.00898483
0.00546307
0.00334901
0.00295174
0.00295399
0.00301842
0.0030777
0.00312089
0.00314828
0.00316149
0.00316149
0.00314828
0.00312089
0.0030777
0.00301843
0.002954
0.00295178
0.00334903
0.005463
0.0089847
0.00902639
0.00539212
0.0033234
0.00295178
0.00296328
0.00303062
0.0030906
0.00313388
0.00316121
0.00317435
0.00317435
0.0031612
0.00313388
0.00309061
0.00303062
0.00296329
0.00295181
0.00332354
0.00539237
0.0090263
0.00906946
0.00532041
0.00329835
0.00295299
0.00297303
0.00304301
0.0031036
0.00314691
0.00317413
0.0031872
0.0031872
0.00317413
0.00314691
0.0031036
0.00304301
0.00297303
0.002953
0.0032983
0.00532033
0.00906939
0.00911408
0.00524798
0.00327389
0.00295444
0.00298311
0.00305561
0.00311671
0.00315998
0.00318706
0.00320004
0.00320004
0.00318706
0.00315998
0.00311671
0.00305561
0.00298312
0.00295446
0.00327397
0.00524806
0.00911403
0.00916023
0.00517484
0.00325031
0.00295705
0.00299377
0.00306846
0.00312993
0.00317309
0.0032
0.00321286
0.00321286
0.0032
0.00317309
0.00312993
0.00306845
0.00299377
0.00295705
0.00325032
0.00517491
0.00916019
0.0092079
0.00510127
0.00322758
0.00296021
0.00300482
0.0030815
0.00314325
0.00318624
0.00321293
0.00322567
0.00322567
0.00321293
0.00318624
0.00314325
0.0030815
0.00300482
0.00296022
0.00322758
0.00510122
0.00920787
0.00925711
0.00502754
0.00320603
0.00296442
0.00301639
0.0030948
0.00315667
0.00319941
0.00322586
0.00323845
0.00323845
0.00322586
0.00319941
0.00315667
0.0030948
0.0030164
0.00296443
0.00320607
0.00502762
0.00925709
0.00930788
0.00495386
0.00318579
0.00296948
0.00302842
0.0031083
0.00317017
0.0032126
0.00323876
0.00325121
0.00325121
0.00323876
0.0032126
0.00317017
0.0031083
0.00302842
0.00296948
0.00318577
0.00495383
0.00930787
0.00936025
0.00488022
0.00316687
0.00297546
0.00304089
0.003122
0.00318374
0.0032258
0.00325164
0.00326391
0.00326391
0.00325164
0.0032258
0.00318374
0.003122
0.00304089
0.00297547
0.0031669
0.00488025
0.00936024
0.00941424
0.00480633
0.00314933
0.0029823
0.00305377
0.00313587
0.00319737
0.00323899
0.00326448
0.00327658
0.00327657
0.00326448
0.00323899
0.00319737
0.00313587
0.00305376
0.00298229
0.00314933
0.00480635
0.00941423
0.00946986
0.00473206
0.00313346
0.00299014
0.0030671
0.00314993
0.00321106
0.00325217
0.00327729
0.00328918
0.00328918
0.00327729
0.00325217
0.00321106
0.00314993
0.0030671
0.00299014
0.00313345
0.00473204
0.00946985
0.00952719
0.00465796
0.00311943
0.00299893
0.00308085
0.00316415
0.00322479
0.00326535
0.00329005
0.00330174
0.00330174
0.00329005
0.00326534
0.00322479
0.00316415
0.00308085
0.00299893
0.00311944
0.00465801
0.0095272
0.00958635
0.004584
0.00310763
0.00300882
0.00309507
0.00317856
0.00323857
0.0032785
0.00330276
0.00331423
0.00331423
0.00330276
0.0032785
0.00323857
0.00317856
0.00309506
0.00300881
0.00310761
0.00458397
0.00958635
0.00964743
0.00451004
0.00309791
0.00301961
0.00310963
0.00319308
0.00325237
0.00329162
0.00331542
0.00332665
0.00332665
0.00331542
0.00329162
0.00325237
0.00319308
0.00310963
0.00301962
0.00309793
0.00451006
0.00964744
0.00971052
0.00443559
0.00309041
0.00303135
0.00312456
0.00320773
0.00326618
0.00330469
0.003328
0.00333899
0.00333899
0.003328
0.00330469
0.00326618
0.00320773
0.00312456
0.00303134
0.00309039
0.00443556
0.00971053
0.00977358
0.00437065
0.00308585
0.00304397
0.00313981
0.00322247
0.00327998
0.00331772
0.00334051
0.00335124
0.00335124
0.00334051
0.00331772
0.00327998
0.00322247
0.00313981
0.00304397
0.00308585
0.00437067
0.0097736
0.00983796
0.00430596
0.00308365
0.00305739
0.00315538
0.00323731
0.00329378
0.00333069
0.00335293
0.00336341
0.00336341
0.00335293
0.00333069
0.00329378
0.0032373
0.00315538
0.00305739
0.00308364
0.00430594
0.00983797
0.00990208
0.00425007
0.00308298
0.00307159
0.00317126
0.00325222
0.00330755
0.00334359
0.00336527
0.00337547
0.00337547
0.00336527
0.00334359
0.00330755
0.00325222
0.00317125
0.00307159
0.00308298
0.00425006
0.0099021
0.0099667
0.00419458
0.00308446
0.00308656
0.00318742
0.0032672
0.0033213
0.00335642
0.00337752
0.00338744
0.00338744
0.00337752
0.00335642
0.0033213
0.0032672
0.00318741
0.00308656
0.00308446
0.00419456
0.00996672
0.0100306
0.00414725
0.00308873
0.00310224
0.00320383
0.00328221
0.00333501
0.00336917
0.00338967
0.0033993
0.0033993
0.00338967
0.00336917
0.00333501
0.00328221
0.00320383
0.00310224
0.00308873
0.00414726
0.0100306
0.010094
0.00410037
0.00309412
0.00311854
0.00322039
0.00329723
0.00334865
0.00338183
0.0034017
0.00341104
0.00341104
0.0034017
0.00338183
0.00334865
0.00329723
0.00322039
0.00311854
0.00309411
0.00410035
0.0100941
0.010156
0.00406047
0.00310197
0.00313553
0.00323713
0.00331226
0.00336223
0.00339438
0.00341362
0.00342265
0.00342265
0.00341362
0.00339438
0.00336223
0.00331226
0.00323713
0.00313553
0.00310197
0.00406047
0.010156
0.0102165
0.00402177
0.00311095
0.00315306
0.00325401
0.00332728
0.00337573
0.00340683
0.00342542
0.00343414
0.00343414
0.00342542
0.00340683
0.00337573
0.00332728
0.00325401
0.00315306
0.00311095
0.00402175
0.0102165
0.0102745
0.00398922
0.00312229
0.00317126
0.00327101
0.00334227
0.00338915
0.00341918
0.0034371
0.0034455
0.0034455
0.0034371
0.00341918
0.00338915
0.00334227
0.00327101
0.00317126
0.00312229
0.00398921
0.0102745
0.0103298
0.00395776
0.00313443
0.00318981
0.00328806
0.00335723
0.00340248
0.00343139
0.00344864
0.00345671
0.00345671
0.00344864
0.00343139
0.00340248
0.00335723
0.00328806
0.00318981
0.00313443
0.00395776
0.0103298
0.0103814
0.00393165
0.00314873
0.00320894
0.00330522
0.00337214
0.00341571
0.00344348
0.00346003
0.00346778
0.00346778
0.00346003
0.00344348
0.00341571
0.00337214
0.00330522
0.00320894
0.00314873
0.00393165
0.0103814
0.0104288
0.00390695
0.0031638
0.00322831
0.00332239
0.00338696
0.00342881
0.00345544
0.00347128
0.0034787
0.0034787
0.00347128
0.00345544
0.00342881
0.00338696
0.00332239
0.00322831
0.0031638
0.00390695
0.0104288
0.0104711
0.00388673
0.00318065
0.00324812
0.00333961
0.00340172
0.0034418
0.00346725
0.00348238
0.00348946
0.00348946
0.00348238
0.00346725
0.0034418
0.00340172
0.00333961
0.00324812
0.00318066
0.00388673
0.0104711
0.0105073
0.00386793
0.00319825
0.00326812
0.00335681
0.00341637
0.00345465
0.00347891
0.00349332
0.00350006
0.00350006
0.00349332
0.00347891
0.00345465
0.00341637
0.00335681
0.00326812
0.00319825
0.00386793
0.0105073
0.0105366
0.00385327
0.00321747
0.0032885
0.00337402
0.00343091
0.00346736
0.00349041
0.0035041
0.00351049
0.00351049
0.0035041
0.00349041
0.00346736
0.00343092
0.00337402
0.0032885
0.00321746
0.00385325
0.0105366
0.0105573
0.00383981
0.00323721
0.00330891
0.00339112
0.00344532
0.0034799
0.00350175
0.0035147
0.00352076
0.00352076
0.0035147
0.00350175
0.0034799
0.00344532
0.00339112
0.00330891
0.00323721
0.00383982
0.0105573
0.0105673
0.00382985
0.00325825
0.00332957
0.00340816
0.00345958
0.00349229
0.00351291
0.00352513
0.00353084
0.00353084
0.00352513
0.00351291
0.00349229
0.00345958
0.00340816
0.00332957
0.00325825
0.00382985
0.0105673
0.0105706
0.00382103
0.0032797
0.00335018
0.00342506
0.00347367
0.0035045
0.0035239
0.00353539
0.00354075
0.00354075
0.00353539
0.0035239
0.0035045
0.00347367
0.00342506
0.00335018
0.00327969
0.00382102
0.0105706
0.0105624
0.00381546
0.0033023
0.00337096
0.00344186
0.00348761
0.00351653
0.00353471
0.00354546
0.00355047
0.00355047
0.00354546
0.00353471
0.00351653
0.00348761
0.00344186
0.00337096
0.00330231
0.00381546
0.0105624
0.0105383
0.00381072
0.00332507
0.00339157
0.00345845
0.00350133
0.00352837
0.00354534
0.00355535
0.00356001
0.00356001
0.00355535
0.00354534
0.00352837
0.00350133
0.00345845
0.00339157
0.00332507
0.00381072
0.0105383
0.0105025
0.00380844
0.00334869
0.00341222
0.00347488
0.00351487
0.00354002
0.00355577
0.00356505
0.00356937
0.00356937
0.00356505
0.00355577
0.00354002
0.00351487
0.00347488
0.00341222
0.00334869
0.00380844
0.0105025
0.0104486
0.00380737
0.00337232
0.0034326
0.00349104
0.00352816
0.00355145
0.003566
0.00357455
0.00357853
0.00357853
0.00357455
0.003566
0.00355145
0.00352816
0.00349104
0.0034326
0.00337232
0.00380738
0.0104486
0.0103794
0.00380714
0.00339642
0.00345287
0.00350697
0.00354123
0.00356267
0.00357603
0.00358387
0.00358751
0.00358751
0.00358387
0.00357603
0.00356267
0.00354123
0.00350697
0.00345287
0.00339642
0.00380714
0.0103794
0.0102898
0.0038085
0.00342044
0.00347278
0.0035226
0.00355404
0.00357367
0.00358586
0.003593
0.0035963
0.0035963
0.003593
0.00358586
0.00357367
0.00355404
0.0035226
0.00347278
0.00342044
0.0038085
0.0102897
0.0101815
0.00381054
0.00344461
0.00349247
0.00353795
0.0035666
0.00358445
0.0035955
0.00360193
0.0036049
0.0036049
0.00360193
0.0035955
0.00358445
0.0035666
0.00353795
0.00349247
0.00344461
0.00381055
0.0101815
0.0100502
0.00381351
0.00346852
0.00351172
0.00355294
0.00357888
0.00359499
0.00360492
0.00361068
0.00361332
0.00361332
0.00361068
0.00360492
0.00359499
0.00357888
0.00355294
0.00351172
0.00346853
0.00381352
0.0100502
0.0098973
0.00381666
0.00349217
0.00353055
0.00356758
0.00359087
0.00360529
0.00361414
0.00361924
0.00362157
0.00362157
0.00361924
0.00361414
0.00360529
0.00359087
0.00356758
0.00353055
0.00349217
0.00381667
0.00989729
0.00971923
0.00382008
0.0035153
0.00354884
0.00358181
0.00360255
0.00361535
0.00362315
0.00362762
0.00362964
0.00362964
0.00362762
0.00362315
0.00361535
0.00360255
0.00358181
0.00354884
0.0035153
0.00382009
0.00971922
0.00951739
0.00382335
0.0035379
0.00356662
0.00359564
0.00361393
0.00362517
0.00363197
0.00363582
0.00363755
0.00363755
0.00363582
0.00363197
0.00362517
0.00361393
0.00359564
0.00356662
0.0035379
0.00382335
0.00951738
0.00928904
0.00382649
0.00355982
0.0035838
0.00360904
0.003625
0.00363475
0.00364059
0.00364385
0.00364531
0.00364531
0.00364385
0.00364059
0.00363475
0.003625
0.00360904
0.0035838
0.00355982
0.00382649
0.00928903
0.00903545
0.00382889
0.00358087
0.00360033
0.003622
0.00363574
0.00364408
0.00364901
0.00365173
0.00365292
0.00365292
0.00365173
0.00364901
0.00364408
0.00363574
0.003622
0.00360033
0.00358087
0.00382889
0.00903545
0.00875509
0.00383019
0.00360092
0.00361614
0.00363446
0.00364613
0.00365316
0.00365725
0.00365946
0.00366041
0.00366041
0.00365946
0.00365725
0.00365316
0.00364613
0.00363446
0.00361614
0.00360092
0.00383019
0.00875508
0.0084503
0.00383068
0.00361987
0.00363121
0.00364644
0.0036562
0.003662
0.00366531
0.00366705
0.00366778
0.00366778
0.00366705
0.00366531
0.003662
0.0036562
0.00364644
0.00363121
0.00361987
0.00383068
0.00845029
0.00812045
0.00383017
0.00363762
0.00364551
0.00365793
0.00366592
0.00367061
0.00367321
0.00367453
0.00367507
0.00367507
0.00367453
0.00367321
0.00367061
0.00366592
0.00365793
0.00364551
0.00363763
0.00383017
0.00812045
0.00776785
0.00382733
0.00365404
0.00365902
0.00366893
0.00367532
0.00367898
0.00368095
0.0036819
0.00368228
0.00368228
0.0036819
0.00368095
0.00367898
0.00367532
0.00366893
0.00365902
0.00365404
0.00382733
0.00776785
0.00739311
0.00382339
0.00366918
0.00367175
0.00367942
0.00368438
0.00368714
0.00368855
0.00368919
0.00368943
0.00368943
0.00368919
0.00368855
0.00368714
0.00368438
0.00367942
0.00367175
0.00366918
0.00382339
0.0073931
0.00700058
0.00381672
0.00368272
0.00368362
0.00368941
0.00369311
0.00369508
0.00369602
0.00369642
0.00369656
0.00369656
0.00369642
0.00369602
0.00369508
0.00369311
0.00368941
0.00368362
0.00368272
0.00381672
0.00700058
0.00659207
0.00380844
0.00369496
0.00369473
0.00369893
0.00370154
0.00370284
0.0037034
0.00370361
0.00370368
0.00370368
0.00370361
0.0037034
0.00370284
0.00370154
0.00369893
0.00369473
0.00369496
0.00380844
0.00659206
0.00617091
0.00379766
0.00370576
0.00370509
0.003708
0.00370969
0.00371043
0.0037107
0.00371078
0.0037108
0.0037108
0.00371078
0.0037107
0.00371043
0.00370969
0.003708
0.00370509
0.00370576
0.00379766
0.00617091
0.00573904
0.00378546
0.00371552
0.00371483
0.00371666
0.00371758
0.00371789
0.00371795
0.00371795
0.00371795
0.00371795
0.00371795
0.00371795
0.00371789
0.00371758
0.00371666
0.00371483
0.00371552
0.00378546
0.00573904
0.00530152
0.00377205
0.0037243
0.00372395
0.00372491
0.00372524
0.00372525
0.00372519
0.00372514
0.00372512
0.00372512
0.00372514
0.00372519
0.00372525
0.00372524
0.00372491
0.00372395
0.0037243
0.00377205
0.00530152
0.00485955
0.00376059
0.00373286
0.00373263
0.00373284
0.00373273
0.00373256
0.00373242
0.00373235
0.00373231
0.00373231
0.00373235
0.00373242
0.00373256
0.00373273
0.00373284
0.00373263
0.00373286
0.00376059
0.00485955
0.00441502
0.00375347
0.00374141
0.00374096
0.00374056
0.00374012
0.00373987
0.00373975
0.00373969
0.00373966
0.00373966
0.00373969
0.00373975
0.00373987
0.00374012
0.00374056
0.00374096
0.00374141
0.00375347
0.00441502
0.00397109
0.00375019
0.00374679
0.0037468
0.00374652
0.00374628
0.00374612
0.00374604
0.003746
0.00374598
0.00374598
0.003746
0.00374604
0.00374612
0.00374628
0.00374652
0.0037468
0.00374679
0.00375019
0.00397109
)
;

boundaryField
{
    outlet
    {
        type            inletOutlet;
        inletValue      uniform 0.001;
        value           nonuniform List<scalar> 
20
(
0.0298154
0.0479887
0.0537289
0.0582142
0.059886
0.0572344
0.0489833
0.036199
0.0223331
0.0130691
0.0146451
0.0257578
0.0397048
0.0518116
0.0588553
0.0605616
0.0582963
0.0534293
0.0473699
0.029302
)
;
    }
    inlet1
    {
        type            turbulentIntensityKineticEnergyInlet;
        intensity       0.05;
        U               U;
        phi             phi;
        value           uniform 0.00375;
    }
    inlet2
    {
        type            turbulentIntensityKineticEnergyInlet;
        intensity       0.05;
        U               U;
        phi             phi;
        value           uniform 0.00375;
    }
    frontAndBack
    {
        type            empty;
    }
    defaultFaces
    {
        type            kqRWallFunction;
        value           nonuniform List<scalar> 
620
(
0.0298154
0.0298359
0.0298245
0.0298042
0.029772
0.0297478
0.0297076
0.0296809
0.0296374
0.0296079
0.0295631
0.02953
0.0294846
0.0294477
0.0294019
0.0293614
0.029315
0.0292714
0.0292243
0.0291782
0.0291304
0.0290824
0.0290339
0.0289842
0.0289346
0.0288833
0.0288325
0.0287795
0.028727
0.0286723
0.0286179
0.0285613
0.0285048
0.028446
0.0283871
0.0283258
0.0282637
0.0281989
0.0281325
0.0280626
0.0279896
0.0279121
0.0278303
0.0277428
0.0276494
0.0275488
0.0274407
0.027324
0.027198
0.0270619
0.0269137
0.02675
0.0265711
0.0263883
0.0261935
0.0259922
0.0257803
0.0255599
0.02533
0.025092
0.024844
0.0245873
0.0243196
0.0240419
0.0237528
0.023452
0.0231362
0.0228073
0.0224609
0.0221007
0.0217211
0.0213267
0.0209132
0.0204846
0.0200388
0.01958
0.0191081
0.0186273
0.018139
0.0176461
0.0171473
0.0166379
0.0161078
0.0155543
0.0149844
0.0143889
0.0137528
0.0130543
0.0122675
0.0113508
0.0102549
0.00889702
0.00718332
0.00509585
0.0028338
0.00178866
0.00224763
0.00478251
0.00805705
0.00927388
0.029302
0.0293183
0.0292996
0.0292786
0.0292418
0.0292158
0.0291724
0.0291433
0.0290976
0.0290655
0.0290194
0.028984
0.0289378
0.0288991
0.0288528
0.0288109
0.0287642
0.0287194
0.028672
0.0286248
0.0285764
0.0285272
0.0284779
0.0284273
0.0283773
0.0283257
0.0282748
0.0282221
0.0281702
0.0281165
0.0280634
0.0280086
0.0279542
0.0278984
0.0278429
0.027786
0.0277292
0.0276712
0.027613
0.0275537
0.0274939
0.0274331
0.0273714
0.0273084
0.0272439
0.0271772
0.0271081
0.0270361
0.0269608
0.0268818
0.026799
0.026712
0.026621
0.0265259
0.0264272
0.0263241
0.0262139
0.0260966
0.0259677
0.0258268
0.0256681
0.0254911
0.0253037
0.0251075
0.0249041
0.0246906
0.0244685
0.0242351
0.0239912
0.0237328
0.0234609
0.02317
0.0228642
0.0225341
0.0221795
0.0217981
0.0213867
0.0209419
0.0204621
0.019943
0.0193837
0.01878
0.0181305
0.0174306
0.0166755
0.0158524
0.0149413
0.0139065
0.0126928
0.0112202
0.00938331
0.00731211
0.00534282
0.00359975
0.00247162
0.00188096
0.00220588
0.00474179
0.00816305
0.00944767
0.0030054
0.00243228
0.00188005
0.00138953
0.000969912
0.000622499
0.000356312
0.000186774
0.000109385
9.25955e-05
7.3895e-05
7.98672e-05
0.000137937
0.000297163
0.000595406
0.000988015
0.00146762
0.00202846
0.00265059
0.00327755
0.00397109
0.00441505
0.00485954
0.00530145
0.00573906
0.006171
0.00659207
0.0070005
0.00739309
0.00776791
0.00812047
0.00845026
0.00875508
0.0090355
0.00928907
0.0095174
0.00971923
0.0098973
0.0100502
0.0101815
0.0102898
0.0103795
0.0104486
0.0105025
0.0105384
0.0105625
0.0105707
0.0105673
0.0105573
0.0105367
0.0105074
0.0104711
0.0104289
0.0103815
0.0103299
0.0102746
0.0102166
0.0101561
0.0100942
0.0100307
0.00996688
0.00990228
0.00983818
0.00977385
0.0097108
0.00964775
0.0095867
0.0095276
0.0094703
0.00941474
0.00936084
0.00930857
0.00925792
0.00920886
0.0091614
0.00911547
0.0090712
0.00902851
0.00898751
0.00894806
0.00891032
0.00887417
0.00883974
0.00880686
0.00877566
0.00874608
0.00871821
0.00869187
0.00866698
0.00864344
0.00862122
0.00860033
0.0085804
0.00856158
0.00854339
0.00852537
0.00850809
0.00849138
0.00847601
0.00846028
0.00844588
0.00843369
0.00841963
0.00841129
0.00840289
0.00840216
0.00840638
0.00841874
0.00844127
0.00848582
0.00854436
0.0086172
0.00873241
0.00887799
0.00903161
0.00931367
0.00950002
0.00984722
0.00983914
0.00986963
0.00397109
0.00441505
0.00485954
0.00530145
0.00573906
0.006171
0.00659207
0.0070005
0.00739309
0.0077679
0.00812047
0.00845026
0.00875507
0.00903549
0.00928906
0.00951739
0.00971921
0.00989729
0.0100502
0.0101815
0.0102897
0.0103794
0.0104486
0.0105025
0.0105384
0.0105625
0.0105707
0.0105673
0.0105573
0.0105367
0.0105074
0.0104711
0.0104289
0.0103815
0.0103299
0.0102746
0.0102166
0.0101562
0.0100942
0.0100308
0.0099669
0.00990231
0.0098382
0.00977387
0.00971082
0.00964777
0.00958672
0.00952762
0.00947032
0.00941476
0.00936086
0.0093086
0.00925795
0.00920891
0.00916142
0.00911553
0.00907124
0.0090286
0.00898757
0.00894816
0.00891039
0.00887427
0.0088398
0.00880691
0.00877569
0.00874602
0.00871804
0.00869149
0.00866645
0.00864248
0.0086199
0.00859816
0.00857746
0.0085572
0.00853719
0.00851699
0.00849628
0.0084748
0.00845203
0.00842754
0.00840083
0.00837103
0.00833772
0.00830002
0.00825762
0.00820895
0.00815457
0.00809067
0.00801574
0.00792359
0.00781057
0.00766733
0.00748552
0.00725189
0.00695679
0.00657741
0.00609925
0.0054947
0.00475381
0.00382797
0.0101344
0.0101457
0.0101631
0.00978018
0.00959651
0.00926158
0.00911096
0.00890176
0.00879003
0.00868525
0.00859207
0.00854545
0.00849385
0.00846295
0.00844495
0.00843279
0.00842776
0.00842634
0.00842945
0.00843601
0.00844501
0.00845537
0.00846866
0.00848288
0.00849932
0.00851673
0.0085357
0.00855586
0.00857738
0.00860027
0.0086246
0.00865041
0.00867742
0.00870589
0.00873569
0.00876681
0.00879956
0.00883365
0.00886927
0.00890632
0.00894483
0.00898483
0.00902639
0.00906946
0.00911408
0.00916023
0.0092079
0.00925711
0.00930788
0.00936025
0.00941424
0.00946986
0.00952719
0.00958635
0.00964743
0.00971052
0.00977358
0.00983796
0.00990208
0.0099667
0.0100306
0.010094
0.010156
0.0102165
0.0102745
0.0103298
0.0103814
0.0104288
0.0104711
0.0105073
0.0105366
0.0105573
0.0105673
0.0105706
0.0105624
0.0105383
0.0105025
0.0104486
0.0103794
0.0102898
0.0101815
0.0100502
0.0098973
0.00971923
0.00951739
0.00928904
0.00903545
0.00875509
0.0084503
0.00812045
0.00776785
0.00739311
0.00700058
0.00659207
0.00617091
0.00573904
0.00530152
0.00485955
0.00441502
0.00397109
0.00415336
0.0050992
0.00582867
0.0064058
0.00684937
0.00719668
0.00746059
0.00766474
0.0078196
0.00794257
0.00803664
0.00811132
0.00817017
0.00821903
0.00825801
0.0082922
0.00832069
0.00834651
0.00836905
0.00839027
0.00840999
0.00842925
0.00844824
0.00846762
0.0084873
0.0085077
0.00852869
0.00855054
0.00857324
0.00859716
0.00862217
0.00864855
0.00867601
0.00870484
0.00873479
0.00876626
0.00879901
0.00883331
0.00886899
0.00890609
0.00894469
0.0089847
0.0090263
0.00906939
0.00911403
0.00916019
0.00920787
0.00925709
0.00930787
0.00936024
0.00941423
0.00946985
0.0095272
0.00958635
0.00964744
0.00971053
0.0097736
0.00983797
0.0099021
0.00996672
0.0100306
0.0100941
0.010156
0.0102165
0.0102745
0.0103298
0.0103814
0.0104288
0.0104711
0.0105073
0.0105366
0.0105573
0.0105673
0.0105706
0.0105624
0.0105383
0.0105025
0.0104486
0.0103794
0.0102897
0.0101815
0.0100502
0.00989729
0.00971922
0.00951738
0.00928903
0.00903545
0.00875508
0.00845029
0.00812045
0.00776785
0.0073931
0.00700058
0.00659206
0.00617091
0.00573904
0.00530152
0.00485955
0.00441502
0.00397109
)
;
    }
}


// ************************************************************************* //
