/*--------------------------------*- C++ -*----------------------------------*\
| =========                 |                                                 |
| \\      /  F ield         | OpenFOAM: The Open Source CFD Toolbox           |
|  \\    /   O peration     | Version:  2.1.0                                 |
|   \\  /    A nd           | Web:      www.OpenFOAM.org                      |
|    \\/     M anipulation  |                                                 |
\*---------------------------------------------------------------------------*/
FoamFile
{
    version     2.0;
    format      ascii;
    class       volScalarField;
    location    "0.21";
    object      omega;
}
// * * * * * * * * * * * * * * * * * * * * * * * * * * * * * * * * * * * * * //

dimensions      [0 0 -1 0 0 0 0];

internalField   nonuniform List<scalar> 
6400
(
1570.76
1571.28
1570.99
1570.48
1569.66
1569.05
1568.03
1567.36
1566.26
1565.51
1564.37
1563.53
1562.38
1561.45
1560.28
1559.25
1558.07
1556.96
1555.76
1554.59
1553.37
1552.14
1550.9
1549.63
1548.36
1547.04
1545.74
1544.38
1543.03
1541.62
1540.22
1538.76
1537.31
1535.79
1534.27
1532.68
1531.08
1529.4
1527.67
1525.86
1523.96
1521.94
1519.81
1517.52
1515.08
1512.44
1509.61
1506.54
1503.21
1499.62
1495.7
1491.35
1486.59
1481.7
1476.48
1471.06
1465.34
1459.36
1453.1
1446.59
1439.77
1432.68
1425.25
1417.5
1409.39
1400.9
1391.93
1382.53
1372.55
1362.1
1351
1339.38
1327.07
1314.2
1300.68
1286.61
1271.98
1256.9
1241.39
1225.54
1209.29
1192.46
1174.69
1155.84
1136.12
1115.13
1092.27
1066.6
1036.93
1001.25
956.862
898.825
819.746
711.652
571.897
494.151
529.681
693.812
860.78
915.169
663.236
663.256
664.347
665.128
666.352
667.534
668.795
670.178
671.492
672.995
674.383
675.973
677.449
679.114
680.687
682.423
684.097
685.91
687.691
689.59
691.487
693.49
695.513
697.64
699.81
702.077
704.407
706.833
709.338
711.945
714.648
717.462
720.393
723.454
726.628
729.935
733.374
736.953
740.678
744.552
748.585
752.783
757.156
761.713
766.46
771.407
776.561
781.931
787.527
793.363
799.404
805.685
812.187
819.028
826.14
833.595
841.369
849.513
858.03
866.96
876.318
886.142
896.46
907.317
918.695
930.521
942.789
955.758
969.336
983.655
998.705
1014.58
1031.32
1048.99
1067.67
1087.45
1108.4
1130.66
1154.35
1179.65
1206.25
1233.52
1262.21
1291.61
1321.54
1351.31
1380.28
1407.64
1432.57
1454.19
1470.96
1479.11
1481.2
1469.06
1434.67
1356.7
1245.06
1113.19
974.252
824.612
486.439
489.372
490.773
493.631
495.539
498.442
500.667
503.617
506.081
509.098
511.774
514.88
517.755
520.972
524.043
527.389
530.655
534.148
537.611
541.266
544.931
548.767
552.636
556.662
560.749
564.983
569.301
573.761
578.323
583.027
587.847
592.81
597.899
603.13
608.537
614.113
619.878
625.84
632.014
638.395
644.973
651.761
658.767
666.025
673.528
681.298
689.336
697.653
706.249
715.13
724.32
733.813
743.634
753.809
764.34
775.251
786.548
798.252
810.37
822.919
835.903
849.333
863.207
877.527
892.304
907.571
923.334
939.368
955.751
972.357
989.193
1006.18
1023.28
1040.46
1057.69
1074.96
1092.24
1109.56
1126.92
1144.35
1161.85
1179.45
1197.19
1215.02
1232.83
1250.51
1267.75
1284.12
1298.92
1311.16
1317.3
1319.34
1311.36
1287.04
1241.1
1165.8
1061.04
925.423
771.813
614.114
444.79
449.565
451.674
455.866
458.533
462.696
465.763
469.929
473.329
477.546
481.238
485.551
489.515
493.959
498.186
502.793
507.28
512.077
516.824
521.831
526.838
532.066
537.334
542.799
548.333
554.05
559.859
565.844
571.941
578.211
584.61
591.182
597.898
604.791
611.826
619.031
626.386
633.905
641.572
649.413
657.435
665.647
674.032
682.566
691.258
700.093
709.07
718.179
727.414
736.763
746.23
755.794
765.462
775.221
785.071
795
805.005
815.07
825.192
835.353
845.546
855.753
865.958
876.14
886.296
896.437
906.525
916.545
926.476
936.286
945.958
955.435
964.659
973.606
982.17
990.309
997.897
1004.86
1011.04
1016.33
1020.55
1023.35
1024.64
1024.97
1023.01
1019.05
1012.59
1003.53
991.324
975.692
955.904
931.339
900.726
862.684
815.138
756.005
686.597
611.422
541.918
493.395
441.12
446.972
449.511
454.574
457.755
462.758
466.39
471.361
475.353
480.337
484.631
489.667
494.224
499.343
504.137
509.36
514.371
519.714
524.926
530.399
535.797
541.404
546.98
552.723
558.463
564.341
570.233
576.241
582.274
588.405
594.567
600.808
607.079
613.413
619.772
626.178
632.603
639.06
645.525
652.007
658.484
664.957
671.411
677.854
684.267
690.654
696.997
703.3
709.55
715.746
721.885
727.954
733.947
739.844
745.638
751.309
756.877
762.291
767.549
772.607
777.448
782.031
786.33
790.304
793.922
797.135
799.906
802.183
803.923
804.917
805.336
805.384
804.244
802.558
799.763
796.193
791.492
785.831
778.998
771.105
762.029
752.044
740.934
728.95
715.908
702.13
687.627
672.543
656.791
640.462
623.33
605.226
585.828
564.534
540.493
514.196
486.033
460.58
442.69
433.777
439.787
445.428
447.85
452.69
455.676
460.418
463.772
468.416
472.034
476.602
480.416
484.934
488.897
493.382
497.459
501.923
506.085
510.533
514.757
519.192
523.459
527.881
532.178
536.586
540.898
545.285
549.589
553.94
558.212
562.506
566.768
571.028
575.238
579.426
583.543
587.617
591.601
595.52
599.332
603.052
606.64
610.119
613.438
616.628
619.634
622.485
625.129
627.59
629.819
631.834
633.589
635.096
636.315
637.249
637.815
638.076
638.154
637.88
637.223
636.197
634.762
632.892
630.584
627.8
624.547
620.787
616.536
611.763
606.485
600.685
594.397
587.607
580.371
572.729
564.688
556.347
547.703
538.885
529.919
520.957
512.028
503.257
494.671
486.413
478.509
471.057
463.881
457.1
450.537
444.365
438.365
432.52
426.563
420.463
414.013
407.685
402.339
399.959
399.479
399.343
419.187
423.55
425.399
429.102
431.307
434.916
437.328
440.816
443.351
446.715
449.318
452.561
455.194
458.318
460.947
463.953
466.55
469.428
471.971
474.71
477.176
479.762
482.114
484.537
486.747
488.978
490.976
492.962
494.713
496.426
497.982
499.461
500.741
501.912
502.852
503.657
504.205
504.525
504.65
504.657
504.246
503.741
502.852
501.825
500.431
498.87
496.955
494.854
492.411
489.772
486.804
483.638
480.162
476.501
472.581
468.5
464.151
459.634
454.901
450.039
445.017
439.912
434.71
429.476
424.202
418.963
413.777
408.699
403.74
398.948
394.343
389.969
385.818
381.949
378.354
375.071
372.106
369.488
367.188
365.23
363.597
362.263
361.27
360.527
360.123
359.935
359.883
360.015
360.419
360.828
361.444
362.147
363.008
364.193
365.922
368.858
372.227
377.823
381.237
382.094
378.703
381.528
382.678
384.948
386.156
388.289
389.467
391.413
392.503
394.232
395.196
396.688
397.493
398.73
399.349
400.284
400.735
401.322
401.591
401.779
401.829
401.765
401.42
401.034
400.332
399.587
398.501
397.376
395.905
394.395
392.478
390.507
388.155
385.743
382.978
380.155
377.018
373.837
370.386
366.901
363.178
359.46
355.537
351.657
347.617
343.657
339.59
335.64
331.639
327.794
323.956
320.301
316.711
313.35
310.094
307.091
304.245
301.705
299.368
297.361
295.584
294.151
292.969
292.131
291.605
291.37
291.31
291.613
292.192
293.02
294.138
295.468
297.086
298.884
300.957
303.185
305.672
308.291
311.14
314.095
317.249
320.486
323.888
327.343
330.921
334.522
338.207
341.886
345.625
349.359
353.173
357.018
361.042
365.276
369.925
375.353
381.695
388.735
392.94
394.215
318.427
318.898
319.014
319.084
319.027
318.874
318.469
318.089
317.336
316.686
315.591
314.645
313.216
311.962
310.209
308.643
306.584
304.708
302.37
300.193
297.611
295.157
292.353
289.671
286.686
283.833
280.758
277.816
274.707
271.73
268.641
265.706
262.723
259.904
257.101
254.467
251.898
249.503
247.223
245.125
243.182
241.433
239.869
238.509
237.357
236.417
235.7
235.221
234.993
234.918
235.066
235.524
236.133
237.018
238.057
239.358
240.815
242.521
244.382
246.481
248.732
251.21
253.84
256.689
259.692
262.904
266.268
269.841
273.569
277.503
281.602
285.904
290.382
295.064
299.933
305.012
310.301
315.803
321.528
327.473
333.649
340.052
346.691
353.557
360.653
367.954
375.447
383.102
390.888
398.757
406.677
414.629
422.583
430.567
438.625
446.946
455.939
466.517
476.619
481.78
238.213
235.886
234.891
232.852
231.649
229.554
228.183
226.053
224.554
222.412
220.827
218.701
217.074
214.992
213.365
211.361
209.775
207.882
206.378
204.628
203.246
201.673
200.448
199.083
198.051
196.922
196.112
195.24
194.673
194.079
193.779
193.516
193.415
193.391
193.56
193.826
194.261
194.792
195.492
196.286
197.245
198.295
199.506
200.808
202.265
203.813
205.511
207.299
209.232
211.253
213.42
215.68
218.075
220.566
223.187
225.91
228.758
231.716
234.798
237.997
241.321
244.771
248.35
252.064
255.911
259.903
264.038
268.33
272.774
277.391
282.177
287.151
292.311
297.68
303.257
309.066
315.098
321.395
327.947
334.793
341.931
349.399
357.199
365.372
373.927
382.915
392.357
402.311
412.819
423.945
435.753
448.322
461.748
476.134
491.606
508.254
526.021
544.141
559.091
565.803
255.846
254.076
253.293
251.666
250.627
248.893
247.62
245.766
244.288
242.313
240.657
238.587
236.787
234.653
232.75
230.586
228.626
226.469
224.5
222.39
220.463
218.442
216.607
214.718
213.022
211.305
209.794
208.288
207.002
205.742
204.715
203.732
202.991
202.309
201.873
201.547
201.406
201.365
201.525
201.848
202.334
202.959
203.751
204.672
205.763
206.973
208.351
209.841
211.498
213.26
215.184
217.21
219.395
221.676
224.114
226.659
229.341
232.137
235.063
238.111
241.285
244.587
248.016
251.581
255.273
259.112
263.084
267.211
271.481
275.917
280.498
285.258
290.18
295.295
300.591
306.094
311.798
317.73
323.883
330.288
336.941
343.874
351.087
358.616
366.468
374.686
383.281
392.294
401.741
411.706
422.242
433.413
445.315
458.048
471.776
486.689
502.987
520.439
535.826
542.944
332.925
334.204
334.673
335.498
335.884
336.468
336.727
337.003
337.093
337.121
336.854
336.604
335.969
335.425
334.43
333.566
332.216
331.016
329.317
327.776
325.737
323.858
321.493
319.291
316.626
314.117
311.198
308.408
305.266
302.251
298.939
295.757
292.349
289.106
285.709
282.478
279.162
276.017
272.865
269.884
266.968
264.235
261.617
259.199
256.944
254.905
253.066
251.459
250.08
248.942
248.053
247.414
247.097
246.971
246.979
247.466
247.988
248.921
249.928
251.289
252.744
254.504
256.367
258.495
260.726
263.187
265.749
268.511
271.369
274.401
277.537
280.83
284.221
287.748
291.368
295.112
298.943
302.888
306.914
311.047
315.257
319.571
323.953
328.422
332.96
337.6
342.323
347.175
352.147
357.257
362.489
367.951
373.62
379.657
386.164
393.479
401.976
411.948
422.051
427.464
385.851
389.107
390.447
393.096
394.561
397.087
398.593
400.952
402.46
404.663
406.154
408.19
409.612
411.463
412.774
414.422
415.583
417.007
417.985
419.162
419.924
420.832
421.345
421.931
422.209
422.382
422.425
422.299
421.929
421.445
420.682
419.804
418.62
417.309
415.684
413.934
411.863
409.614
407.04
404.305
401.255
398.08
394.617
391.055
387.246
383.357
379.262
375.132
370.842
366.565
362.184
357.868
353.513
349.275
345.064
341.025
337.096
333.411
329.896
326.68
323.672
320.991
318.552
316.449
314.614
313.107
311.874
310.945
310.283
309.941
309.799
309.782
310.128
310.553
311.224
311.992
312.939
313.973
315.112
316.323
317.599
318.952
320.373
321.944
323.58
325.367
327.243
329.314
331.517
333.951
336.564
339.439
342.461
345.765
349.482
353.857
359.145
365.466
369.309
370.371
420.195
424.75
426.681
430.54
432.857
436.62
439.171
442.815
445.522
449.079
451.917
455.396
458.319
461.726
464.697
468.035
471.024
474.288
477.267
480.452
483.397
486.492
489.378
492.371
495.177
498.046
500.75
503.472
506.041
508.596
510.996
513.354
515.545
517.638
519.547
521.336
522.934
524.478
525.797
527.006
527.961
528.762
529.279
529.534
529.618
529.451
528.925
528.184
527.088
525.743
524.042
522.071
519.741
517.129
514.159
510.905
507.303
503.425
499.225
494.818
490.152
485.304
480.231
475.036
469.698
464.313
458.869
453.448
448.039
442.717
437.495
432.443
427.576
422.908
418.44
414.194
410.206
406.493
402.957
399.617
396.421
393.378
390.499
387.729
385.016
382.299
379.539
376.792
374.073
371.406
368.651
365.907
363.447
360.963
359.176
358.343
358.217
361.795
364.43
365.126
434.507
440.051
442.432
447.185
450.134
454.803
458.134
462.724
466.337
470.879
474.711
479.231
483.237
487.753
491.9
496.423
500.682
505.223
509.573
514.134
518.557
523.138
527.616
532.215
536.737
541.35
545.907
550.531
555.109
559.732
564.315
568.925
573.497
578.076
582.614
587.14
591.62
596.108
600.533
604.937
609.258
613.53
617.698
621.788
625.756
629.609
633.315
636.877
640.263
643.476
646.485
649.288
651.857
654.187
656.247
658.031
659.508
660.67
661.434
661.786
661.885
661.536
660.829
659.732
658.203
656.248
653.825
650.956
647.606
643.803
639.513
634.777
629.569
623.946
617.885
611.442
604.57
597.305
589.764
581.905
573.834
565.478
556.821
547.76
538.405
528.841
519.083
508.807
497.922
486.551
474.769
462.15
448.717
434.902
420.781
407.339
395.123
387.49
383.915
381.543
432.319
437.826
440.215
444.964
447.961
452.66
456.086
460.757
464.521
469.204
473.252
477.992
482.295
487.125
491.666
496.615
501.38
506.458
511.428
516.647
521.813
527.182
532.537
538.061
543.597
549.277
554.99
560.827
566.707
572.699
578.741
584.884
591.083
597.37
603.715
610.138
616.617
623.167
629.765
636.423
643.119
649.864
656.639
663.449
670.277
677.127
683.98
690.834
697.67
704.478
711.262
718.012
724.72
731.381
737.985
744.53
751.004
757.397
763.698
769.887
775.955
781.872
787.649
793.229
798.599
803.714
808.546
813.057
817.21
820.973
824.308
827.17
829.513
831.29
832.328
832.773
832.836
831.706
830.001
827.122
823.41
818.475
812.42
804.846
795.696
784.671
771.946
757.123
739.944
719.923
696.965
671.093
641.626
608.714
572.146
533.918
494.808
458.786
432.339
415.733
435.437
439.812
441.748
445.589
448.032
451.834
454.643
458.449
461.561
465.416
468.795
472.731
476.351
480.4
484.249
488.434
492.507
496.859
501.164
505.705
510.248
514.997
519.787
524.761
529.801
535.011
540.309
545.768
551.333
557.059
562.908
568.921
575.074
581.398
587.88
594.528
601.34
608.325
615.48
622.814
630.323
638.013
645.877
653.919
662.128
670.535
679.141
687.957
696.989
706.255
715.693
725.317
735.104
745.061
755.167
765.423
775.812
786.328
796.96
807.701
818.545
829.487
840.526
851.654
862.866
874.149
885.491
896.873
908.272
919.65
931.091
942.523
953.984
965.407
976.804
988.125
999.333
1010.33
1021.1
1031.48
1041.39
1050.61
1058.95
1066.11
1071.83
1074.9
1076.05
1074.97
1068.39
1058.04
1040.83
1016.5
982.265
937.694
880.107
808.856
724.713
632.576
549.283
484.967
477.292
479.867
481.111
483.672
485.378
487.99
489.978
492.631
494.835
497.545
499.939
502.724
505.295
508.175
510.918
513.91
516.826
519.947
523.038
526.303
529.573
532.995
536.451
540.043
543.692
547.469
551.317
555.29
559.349
563.533
567.817
572.225
576.742
581.382
586.133
591.05
596.107
601.336
606.728
612.306
618.072
624.045
630.234
636.66
643.34
650.263
657.434
664.864
672.554
680.507
688.772
697.355
706.275
715.538
725.151
735.14
745.51
756.283
767.472
779.104
791.196
803.776
816.877
830.518
844.721
859.504
874.885
890.878
907.505
924.783
942.7
961.029
979.937
999.244
1018.99
1039.05
1059.44
1080.07
1100.94
1122.01
1143.28
1164.73
1186.35
1208.05
1229.98
1251.96
1273.88
1295.17
1315.02
1332.29
1342.18
1345.77
1337.9
1306.51
1255.14
1179.58
1078.32
952.009
796.774
625.197
653.101
652.97
653.788
654.456
655.426
656.445
657.473
658.666
659.757
661.054
662.222
663.593
664.848
666.284
667.63
669.13
670.571
672.137
673.673
675.311
676.943
678.662
680.394
682.203
684.046
685.963
687.93
689.975
692.084
694.275
696.543
698.9
701.349
703.902
706.567
709.327
712.202
715.189
718.3
721.539
724.915
728.434
732.103
735.931
739.921
744.081
748.418
752.942
757.661
762.589
767.74
773.123
778.753
784.644
790.818
797.265
804.015
811.079
818.47
826.21
834.301
842.767
851.682
861.073
870.971
881.398
892.399
903.998
916.243
929.153
942.612
956.934
972.051
988.073
1005.04
1023.04
1042.13
1062.4
1083.94
1106.84
1131.21
1157.12
1184.68
1213.95
1244.71
1276.15
1307.58
1337.33
1363.34
1381.14
1388.96
1390.35
1381.15
1364.42
1334.18
1281.9
1201.87
1098.2
982.172
837.063
1557.74
1558.16
1557.68
1557.15
1556.21
1555.55
1554.44
1553.7
1552.53
1551.71
1550.53
1549.62
1548.44
1547.45
1546.26
1545.19
1543.99
1542.84
1541.62
1540.4
1539.15
1537.89
1536.62
1535.31
1534.02
1532.68
1531.36
1530
1528.65
1527.26
1525.88
1524.45
1523.04
1521.58
1520.13
1518.65
1517.17
1515.65
1514.13
1512.57
1511
1509.41
1507.79
1506.13
1504.43
1502.67
1500.84
1498.94
1496.95
1494.85
1492.65
1490.34
1487.92
1485.38
1482.74
1479.98
1477.02
1473.87
1470.4
1466.59
1462.29
1457.48
1452.37
1447.01
1441.42
1435.53
1429.38
1422.89
1416.08
1408.82
1401.15
1392.89
1384.15
1374.66
1364.39
1353.26
1341.15
1327.93
1313.52
1297.76
1280.55
1261.71
1241.13
1218.56
1193.74
1166.07
1134.67
1097.9
1053.15
996.151
920.117
826.029
725.342
622.786
546.24
501.522
526.565
691.559
865.737
922.729
847.095
326.295
176.172
120.537
96.2987
81.2329
71.7201
68.3222
66.7128
66.4812
71.108
81.1053
100.016
133.361
188.368
263.652
353.269
456.667
558.751
583.764
682.906
329.965
220.242
155.729
121.435
100.078
89.6471
81.5282
78.1578
77.3988
83.4485
97.2276
121.334
162.227
221.472
297.118
380.35
471.033
537.883
543.457
541.004
320.979
245.766
181.851
145.789
122.05
105.494
97.0515
93.8225
93.6136
102.369
119.752
149.481
195.147
257.524
326.924
396.368
470.195
506.677
501.559
446.8
308.055
258.45
196.061
167.038
139.163
123.98
115.625
112.408
111.998
125.978
149.857
186.337
238.7
297.328
356.238
415.49
459.275
469.92
461.152
389.821
298.911
263.076
208.115
183.82
155.92
143.311
136.426
134.283
141.973
166.004
194.633
236.577
283.578
330.145
375.716
414.865
433.434
424.285
423.529
354.03
292.413
265.345
218.885
199.097
178.935
171.589
169.438
177.083
195.712
221.456
250.919
287.671
323.385
357.89
387.907
402.777
397.359
369.773
389.633
338.936
296.701
276.895
246.317
234.435
228.682
228.362
236.459
249.845
267.885
289.25
311.497
336.824
356.644
372.97
380.449
377.654
346.5
307.494
361.512
359.425
341.348
334.408
327.351
325.317
325.002
324.909
331.257
336.562
346.388
353.733
362.867
367.615
369.363
369.246
360.789
333.638
284.69
243.064
342.392
472.276
462.388
457.712
442.269
435.219
424.729
419.54
412.589
407.929
402.049
396.192
388.859
378.66
366.655
351.153
318.556
275.615
220.137
182.889
333.293
552.155
533.069
524.74
504.315
494.502
477.006
467.281
451.387
440.876
425.203
412.031
393.714
374.141
347.315
310.229
264.123
215.076
165.34
139.176
331.276
532.528
515.682
508.649
490.901
482.424
468.33
460.2
447.806
439.267
426.897
416.131
401.163
384.794
361.702
327.258
280.098
227.213
168.795
135.916
329.029
420.032
415.13
413.574
406.444
400.948
398.068
396.693
396.34
397.067
397.369
397.349
395.137
389.166
380.05
368.654
340.503
293.922
231.066
187.055
329.756
334.855
311.964
302.418
291.724
289.853
291.404
296.589
305.668
318.007
332.811
347.384
362.959
375.266
381.154
383.071
378.644
353.194
301.861
253.389
336.686
325.381
284.008
264.736
233.242
220.316
211.658
210.108
217.99
232.205
254.361
278.464
306.116
337.029
364.003
385.921
395.788
396.321
366.571
323.111
354.975
339.745
280.541
254.615
211.416
193.025
173.158
165.454
162.559
167.216
186.799
213.919
244.848
285.359
325.021
366.142
402.122
419.504
418.227
387.925
386.879
371.025
285.004
251.104
200.155
177.595
152.493
141.189
134.807
132.698
137.397
161.924
190.554
234.023
283.334
333.791
384.611
430.413
452.134
442.849
425.233
426.419
291.77
243.924
186.381
159.409
133.247
120.176
113.74
111.545
112.566
125.263
148.429
185.319
237.688
299.096
361.733
426.214
475.344
488.557
467.83
526.8
306.058
232.255
172.381
140.088
117.903
102.4
94.8621
92.1733
92.6875
103.629
119.945
150.319
195.506
257.975
330.086
404.259
484.308
523.582
513.169
680.141
315.665
209.767
146.49
115.053
96.5451
87.1116
80.3342
77.6056
77.1841
83.9037
98.1694
122.847
163.701
222.684
298.591
384.596
481.991
553.624
559.172
852.892
311.412
170.159
115.462
91.3381
78.1425
69.6904
66.8705
65.7719
66.2787
72.4315
82.1315
102.138
135.766
190.134
265.268
355.747
463.147
573.179
601.985
646.048
32.174
12.736
11.3228
11.19
11.171
11.1705
11.1708
11.1706
11.1705
11.1705
11.1706
11.1708
11.1705
11.171
11.19
11.3228
12.7359
32.174
646.048
672.75
55.0645
17.0391
12.0871
11.3039
11.1803
11.1547
11.1529
11.1534
11.1536
11.1536
11.1534
11.1529
11.1547
11.1803
11.3039
12.0871
17.0391
55.0645
672.75
698.461
71.0982
21.1552
13.3036
11.5875
11.2261
11.1552
11.1382
11.1358
11.1355
11.1355
11.1358
11.1382
11.1552
11.2261
11.5874
13.3036
21.1552
71.098
698.461
723.118
85.8391
25.1347
14.6455
12.0429
11.3371
11.1684
11.1265
11.1183
11.1171
11.1171
11.1183
11.1265
11.1684
11.3371
12.0428
14.6455
25.1347
85.8391
723.118
746.734
101.86
29.2049
16.0654
12.5883
11.5233
11.2064
11.1273
11.105
11.1003
11.1003
11.105
11.1273
11.2064
11.5233
12.5883
16.0654
29.2049
101.86
746.734
769.332
118.448
33.37
17.5414
13.1974
11.7625
11.283
11.1366
11.0944
11.0843
11.0843
11.0944
11.1366
11.283
11.7625
13.1974
17.5414
33.3701
118.449
769.332
790.738
134.977
37.5701
19.0519
13.8505
12.0432
11.3872
11.1601
11.0918
11.0718
11.0718
11.0918
11.1601
11.3872
12.0432
13.8505
19.0519
37.5701
134.978
790.738
810.965
151.238
41.7777
20.5845
14.5349
12.3569
11.5177
11.203
11.0955
11.0625
11.0625
11.0955
11.203
11.5177
12.357
14.5349
20.5845
41.7777
151.239
810.965
829.943
167.066
45.9658
22.1292
15.2418
12.6966
11.6707
11.2604
11.1065
11.0594
11.0594
11.1065
11.2604
11.6707
12.6966
15.2418
22.1293
45.9659
167.066
829.943
847.664
182.409
50.1218
23.6798
15.9647
13.0568
11.8431
11.3324
11.129
11.0619
11.0619
11.129
11.3324
11.8431
13.0568
15.9647
23.6798
50.1219
182.409
847.664
864.001
197.106
54.2133
25.2257
16.6972
13.4323
12.0316
11.418
11.1609
11.0698
11.0698
11.1609
11.418
12.0316
13.4324
16.6972
25.2258
54.2135
197.107
864.001
879.009
211.155
58.2326
26.7622
17.4348
13.8194
12.2336
11.5156
11.2021
11.0862
11.0862
11.2021
11.5156
12.2336
13.8194
17.4349
26.7622
58.2328
211.155
879.008
892.656
224.483
62.1631
28.2838
18.1743
14.2148
12.4466
11.6242
11.2528
11.1113
11.1113
11.2528
11.6242
12.4466
14.2148
18.1743
28.2839
62.1633
224.483
892.656
905.029
237.118
66.0079
29.7902
18.9138
14.6168
12.669
11.7426
11.3125
11.1446
11.1446
11.3125
11.7426
12.669
14.6168
18.9138
29.7902
66.0081
237.119
905.028
916.073
248.974
69.7468
31.2757
19.6507
15.0231
12.899
11.8698
11.381
11.1861
11.1861
11.381
11.8698
12.899
15.0231
19.6508
31.2758
69.747
248.974
916.072
925.905
260.094
73.3792
32.7383
20.3832
15.432
13.1352
12.0048
11.4576
11.2357
11.2357
11.4576
12.0048
13.1352
15.432
20.3832
32.7383
73.3794
260.094
925.904
934.51
270.421
76.8905
34.1735
21.1089
15.8418
13.3762
12.1466
11.5418
11.2931
11.2931
11.5418
12.1466
13.3762
15.8418
21.1089
34.1736
76.8906
270.421
934.509
942.037
280.034
80.288
35.582
21.8274
16.2518
13.6211
12.2944
11.633
11.3579
11.3579
11.633
12.2944
13.6211
16.2518
21.8274
35.582
80.2881
280.034
942.036
948.452
288.884
83.56
36.9606
22.5373
16.6609
13.869
12.4475
11.7309
11.4299
11.4299
11.7309
12.4475
13.869
16.6609
22.5374
36.9606
83.56
288.884
948.451
953.926
297.054
86.7125
38.3096
23.2382
17.0685
14.1193
12.6053
11.8348
11.5085
11.5085
11.8348
12.6053
14.1193
17.0685
23.2382
38.3096
86.7124
297.054
953.925
958.416
304.506
89.7347
39.6253
23.9284
17.4735
14.3712
12.7672
11.9442
11.5934
11.5934
11.9442
12.7672
14.3712
17.4735
23.9284
39.6253
89.7346
304.505
958.415
962.121
311.327
92.6354
40.9092
24.608
17.8757
14.6242
12.9325
12.0587
11.684
11.684
12.0587
12.9325
14.6242
17.8757
24.608
40.9091
92.6353
311.327
962.12
964.967
317.504
95.4077
42.158
25.2755
18.2742
14.8776
13.1009
12.1777
11.78
11.78
12.1777
13.1009
14.8776
18.2741
25.2755
42.1579
95.4074
317.503
964.966
967.181
323.104
98.0613
43.3748
25.9317
18.6689
15.1312
13.2718
12.3009
11.8808
11.8808
12.3009
13.2718
15.1312
18.6689
25.9317
43.3747
98.0611
323.104
967.18
968.649
328.146
100.591
44.5558
26.575
19.0593
15.3846
13.445
12.4277
11.9862
11.9862
12.4277
13.445
15.3846
19.0593
26.575
44.5556
100.59
328.145
968.648
969.635
332.658
103.005
45.7042
27.2063
19.4452
15.6374
13.62
12.5579
12.0955
12.0955
12.5579
13.62
15.6374
19.4452
27.2062
45.704
103.004
332.657
969.635
969.97
336.703
105.3
46.8165
27.8241
19.8261
15.8893
13.7965
12.691
12.2085
12.2085
12.691
13.7964
15.8892
19.8261
27.824
46.8164
105.3
336.701
969.97
969.834
340.245
107.487
47.8971
28.4295
20.202
16.14
13.974
12.8267
12.3248
12.3248
12.8267
13.974
16.1399
20.202
28.4294
47.8969
107.487
340.245
969.834
969.425
343.4
109.561
48.9417
29.0211
20.5725
16.3892
14.1525
12.9646
12.444
12.444
12.9646
14.1525
16.3892
20.5725
29.021
48.9415
109.561
343.399
969.425
968.579
346.142
111.538
49.9565
29.6006
20.9378
16.6369
14.3316
13.1045
12.5659
12.5659
13.1045
14.3316
16.6369
20.9378
29.6005
49.9562
111.537
346.141
968.579
967.379
348.531
113.407
50.9358
30.1661
21.2974
16.8828
14.5111
13.2461
12.69
12.69
13.2461
14.511
16.8828
21.2973
30.166
50.9357
113.406
348.531
967.38
965.892
350.558
115.186
51.8862
30.7192
21.6514
17.1267
14.6907
13.389
12.8161
12.8161
13.389
14.6906
17.1267
21.6513
30.7191
51.886
115.186
350.557
965.892
964.156
352.259
116.865
52.8034
31.2589
21.9995
17.3684
14.8702
13.5331
12.944
12.944
13.5331
14.8702
17.3684
21.9995
31.2588
52.8032
116.864
352.26
964.156
962.205
353.659
118.463
53.6933
31.7864
22.3421
17.608
15.0495
13.6782
13.0733
13.0733
13.6781
15.0495
17.6079
22.3421
31.7864
53.6932
118.462
353.658
962.206
960.075
354.763
119.965
54.5509
32.3006
22.6787
17.8451
15.2283
13.8239
13.2039
13.2039
13.8239
15.2283
17.845
22.6786
32.3006
54.5508
119.965
354.763
960.076
957.79
355.618
121.396
55.384
32.8033
23.0097
18.0798
15.4066
13.9702
13.3355
13.3355
13.9702
15.4066
18.0797
23.0097
32.8033
55.3839
121.396
355.618
957.791
955.383
356.173
122.737
56.1865
33.2932
23.3347
18.3118
15.5842
14.1168
13.468
13.468
14.1168
15.5842
18.3118
23.3347
33.2931
56.1865
122.737
356.173
955.384
952.871
356.557
124.012
56.9654
33.7715
23.654
18.5413
15.7609
14.2635
13.601
13.601
14.2635
15.7609
18.5413
23.654
33.7715
56.9654
124.012
356.558
952.872
950.289
356.611
125.204
57.717
34.238
23.9676
18.768
15.9366
14.4103
13.7345
13.7345
14.4103
15.9366
18.768
23.9675
34.238
57.7168
125.204
356.611
950.29
947.637
356.52
126.337
58.4471
34.6938
24.2756
18.9921
16.1113
14.5569
13.8684
13.8684
14.5569
16.1113
18.9921
24.2755
34.6937
58.4471
126.337
356.52
947.638
944.961
356.291
127.392
59.1514
35.1381
24.5779
19.2133
16.2848
14.7033
14.0024
14.0024
14.7033
16.2848
19.2133
24.5779
35.1381
59.1513
127.392
356.291
944.962
942.246
355.829
128.401
59.8368
35.5722
24.8747
19.4317
16.457
14.8493
14.1364
14.1364
14.8493
16.457
19.4317
24.8747
35.5722
59.8367
128.401
355.828
942.247
939.544
355.236
129.334
60.4982
35.9955
25.1659
19.6472
16.6279
14.9947
14.2703
14.2703
14.9947
16.6278
19.6472
25.1659
35.9955
60.4981
129.334
355.237
939.545
936.825
354.515
130.243
61.1449
36.4096
25.452
19.86
16.7973
15.1396
14.4039
14.4039
15.1396
16.7973
19.8599
25.452
36.4095
61.1447
130.243
354.516
936.826
934.152
353.707
131.099
61.7742
36.8145
25.733
20.0699
16.9653
15.2838
14.5372
14.5372
15.2838
16.9653
20.0699
25.733
36.8144
61.774
131.099
353.706
934.153
931.471
352.883
131.976
62.3943
37.2106
26.0089
20.277
17.1318
15.4272
14.6701
14.6701
15.4272
17.1318
20.277
26.0089
37.2105
62.3942
131.976
352.883
931.472
928.869
352.015
132.865
63.0104
37.5986
26.2798
20.4812
17.2967
15.5697
14.8025
14.8025
15.5697
17.2967
20.4812
26.2798
37.5986
63.0104
132.865
352.015
928.87
926.342
351.172
133.811
63.6313
37.9803
26.5461
20.6826
17.4599
15.7113
14.9342
14.9342
15.7113
17.4599
20.6826
26.5461
37.9802
63.631
133.81
351.173
926.342
923.885
350.407
134.835
64.2605
38.3567
26.8081
20.8813
17.6216
15.852
15.0652
15.0652
15.852
17.6216
20.8813
26.8081
38.3566
64.2603
134.835
350.407
923.886
921.497
349.747
135.954
64.9014
38.7287
27.066
21.0773
17.7815
15.9915
15.1955
15.1955
15.9915
17.7815
21.0773
27.0659
38.7286
64.9013
135.954
349.747
921.498
919.175
349.266
137.176
65.5575
39.0976
27.3201
21.2707
17.9398
16.13
15.325
15.325
16.13
17.9398
21.2707
27.3201
39.0977
65.5577
137.176
349.266
919.175
916.917
348.926
138.497
66.2303
39.4648
27.5709
21.4616
18.0965
16.2674
15.4536
15.4536
16.2674
18.0964
21.4615
27.5708
39.4646
66.2296
138.496
348.926
916.918
914.724
348.806
139.908
66.9182
39.8304
27.8183
21.6499
18.2514
16.4035
15.5813
15.5813
16.4035
18.2513
21.6499
27.8182
39.83
66.9172
139.906
348.805
914.725
912.594
348.861
141.407
67.6235
40.1955
28.063
21.8359
18.4046
16.5385
15.7079
15.7079
16.5385
18.4045
21.8358
28.0628
40.1953
67.6232
141.408
348.86
912.596
910.529
349.026
142.98
68.3469
40.5617
28.3054
22.0197
18.5561
16.6722
15.8336
15.8336
16.6722
18.5561
22.0196
28.3053
40.5616
68.3467
142.979
349.026
910.53
908.527
349.371
144.597
69.083
40.9286
28.5457
22.2013
18.706
16.8047
15.9582
15.9582
16.8046
18.706
22.2012
28.5454
40.928
69.0818
144.595
349.367
908.529
906.592
349.852
146.253
69.8291
41.2951
28.7835
22.3807
18.8542
16.9358
16.0816
16.0816
16.9357
18.8541
22.3805
28.7832
41.2944
69.8272
146.249
349.853
906.594
904.723
350.453
147.938
70.5845
41.6618
29.0191
22.5578
19.0005
17.0655
16.2039
16.2039
17.0654
19.0004
22.5577
29.0188
41.6612
70.5834
147.936
350.449
904.727
902.924
351.145
149.658
71.3538
42.0303
29.2531
22.7331
19.1453
17.1939
16.325
16.325
17.1939
19.1452
22.733
29.2529
42.0299
71.353
149.657
351.146
902.927
901.19
351.918
151.384
72.1308
42.4003
29.4858
22.9065
19.2885
17.321
16.445
16.445
17.321
19.2884
22.9064
29.4856
42.3998
72.1295
151.38
351.915
901.195
899.528
352.746
153.103
72.9111
42.7704
29.7169
23.0781
19.4301
17.4468
16.5638
16.5638
17.4468
19.43
23.078
29.7165
42.7695
72.9088
153.099
352.746
899.531
897.933
353.616
154.806
73.6897
43.1387
29.9454
23.2475
19.5698
17.571
16.6812
16.6812
17.571
19.5698
23.2475
29.9455
43.139
73.6905
154.808
353.62
897.938
896.411
354.521
156.499
74.4694
43.506
30.1717
23.4145
19.7076
17.6936
16.7972
16.7972
17.6937
19.7077
23.4147
30.1719
43.5062
74.4691
156.497
354.523
896.414
894.956
355.442
158.167
75.2476
43.8721
30.3957
23.5792
19.8433
17.8145
16.9116
16.9117
17.8147
19.8436
23.5797
30.3963
43.8732
75.2492
158.17
355.457
894.959
893.573
356.375
159.798
76.0186
44.2356
30.6171
23.7417
19.9772
17.9338
17.0246
17.0247
17.9341
19.9777
23.7425
30.6183
44.2372
76.0208
159.8
356.386
893.575
892.26
357.288
161.381
76.7762
44.5939
30.8354
23.9018
20.1092
18.0516
17.1363
17.1364
18.052
20.11
23.903
30.8375
44.5979
76.7852
161.4
357.321
892.258
891.021
358.202
162.941
77.5266
44.948
31.0503
24.0593
20.2393
18.1678
17.2466
17.2468
18.1685
20.2405
24.0613
31.0534
44.9533
77.5355
162.954
358.239
891.014
889.848
359.096
164.463
78.2643
45.296
31.2611
24.2139
20.3672
18.2823
17.3554
17.3557
18.2834
20.3691
24.2172
31.2669
45.307
78.2853
164.495
359.16
889.832
888.739
359.949
165.93
78.9873
45.6387
31.4681
24.3653
20.4925
18.3946
17.4622
17.4626
18.3961
20.4952
24.3699
31.476
45.6532
79.0155
165.975
360.044
888.716
887.688
360.82
167.352
79.6955
45.9732
31.6694
24.5125
20.6145
18.5042
17.5666
17.5673
18.5063
20.6184
24.519
31.6802
45.9922
79.7299
167.407
360.929
887.646
886.696
361.601
168.677
80.358
46.2895
31.8618
24.6543
20.7327
18.6109
17.6685
17.6695
18.6139
20.7384
24.664
31.8785
46.3207
80.4174
168.765
361.775
886.637
885.761
362.326
169.921
80.9867
46.591
32.0459
24.7909
20.8473
18.7149
17.7682
17.7696
18.7192
20.8554
24.8046
32.0698
46.6362
81.0785
170.081
362.605
885.664
884.868
363.135
171.205
81.6067
46.8799
32.2221
24.9225
20.9587
18.8163
17.866
17.8678
18.8224
20.9698
24.9417
32.2555
46.9424
81.7235
171.375
363.437
884.737
884.024
363.829
172.414
82.1963
47.156
32.3905
25.0491
21.0665
18.9154
17.962
17.9643
18.9238
21.082
25.0756
32.4368
47.2434
82.3655
172.673
364.284
883.828
883.207
364.482
173.594
82.7593
47.4167
32.55
25.1697
21.1702
19.0114
18.0557
18.0589
19.0231
21.1917
25.2061
32.6128
47.534
82.987
173.943
365.135
882.929
882.396
365.179
174.683
83.2742
47.6463
32.6923
25.2808
21.268
19.1033
18.1462
18.1505
19.1194
21.2977
25.332
32.783
47.819
83.6011
175.164
365.997
882.02
881.618
365.567
175.616
83.7078
47.8507
32.8215
25.3832
21.3592
19.1899
18.2326
18.2385
19.2122
21.4
25.4526
32.9436
48.0812
84.1613
176.342
366.907
881.087
880.865
365.988
176.524
84.1026
48.0291
32.9344
25.4735
21.4421
19.2704
18.314
18.3213
19.2993
21.4956
25.5656
33.0968
48.3455
84.7505
177.512
367.872
880.118
880.171
366.39
177.348
84.4649
48.1611
33.0173
25.5495
21.515
19.3432
18.3895
18.3998
19.3831
21.588
25.6737
33.2389
48.5779
85.2786
178.723
368.941
879.09
879.459
366.785
178.157
84.7487
48.2784
33.089
25.6118
21.5791
19.4104
18.4609
18.4735
19.4608
21.6733
25.7757
33.3824
48.8461
85.9106
180
370.123
877.982
878.809
367.048
178.92
85.0172
48.3658
33.1413
25.6599
21.6317
19.4682
18.526
18.5442
19.5386
21.7604
25.877
33.5146
49.0716
86.4795
181.393
371.507
876.772
878.254
367.237
179.491
85.2291
48.3726
33.1458
25.6964
21.6789
19.5255
18.5928
18.6153
19.6146
21.8453
25.9826
33.6728
49.3879
87.2469
182.879
373.063
875.419
877.616
367.174
179.997
85.2476
48.3499
33.1331
25.7017
21.7111
19.5709
18.651
18.6825
19.693
21.936
26.088
33.8116
49.6469
87.9535
184.533
374.904
873.906
877.236
366.925
180.043
85.1916
48.2819
33.0953
25.6942
21.7329
19.6147
18.7139
18.7543
19.7732
22.0314
26.2204
34.0236
50.0707
88.898
186.135
376.913
872.19
876.852
366.389
179.899
85.0174
48.1259
33.01
25.67
21.7329
19.6413
18.7612
18.8159
19.8527
22.128
26.331
34.1804
50.3934
89.8183
187.946
379.354
870.257
876.813
365.27
179.464
84.6332
47.9091
32.8914
25.6176
21.7256
19.6664
18.8193
18.8899
19.9404
22.2407
26.5028
34.4562
50.9396
90.8596
189.765
382.131
868.035
877.003
363.911
178.575
83.9609
47.4865
32.6742
25.5276
21.7019
19.6823
18.8632
18.953
20.029
22.3545
26.6421
34.6776
51.3932
92.2567
192.138
385.696
865.546
877.56
361.305
176.947
82.9246
47.0373
32.4473
25.4146
21.6763
19.7192
18.9513
19.0687
20.1737
22.5419
26.9129
35.1237
52.2826
93.6982
194.848
389.969
862.612
878.576
358.717
175.197
81.8151
46.4026
32.1392
25.2982
21.6709
19.7583
19.0259
19.17
20.319
22.7454
27.2003
35.5648
53.143
96.3488
198.515
395.51
859.158
880.584
353.401
171.997
80.0396
45.6909
31.8256
25.2285
21.6751
19.8426
19.1943
19.4051
20.632
23.17
27.8131
36.5458
54.9682
99.1012
202.748
402.254
854.889
883.201
348.868
168.603
78.2405
44.809
31.5717
25.1849
21.7051
19.9699
19.3867
19.6295
20.9204
23.5558
28.3634
37.4322
56.6886
103.535
208.424
410.945
849.625
886.464
339.597
162.845
75.4844
44.0533
31.301
25.1292
21.8115
20.2422
19.7811
20.1287
21.5527
24.3826
29.5367
39.313
60.2002
108.509
214.865
421.549
842.904
891.611
331.617
156.203
72.7218
43.0168
31.0175
25.1451
22.0184
20.593
20.2157
20.6305
22.1694
25.17
30.6248
41.0308
63.4043
116.162
224.257
435.188
834.295
898.022
315.428
147.102
69.5913
42.0423
30.5873
25.2787
22.4683
21.3573
21.1355
21.6916
23.4589
26.8115
32.8961
44.6063
69.6872
124.588
235.478
451.657
823.104
904.828
302.23
137.047
65.791
40.4308
30.6746
25.7312
23.2697
22.3017
22.1379
22.8218
24.7827
28.4597
35.1796
48.2103
76.0338
137.794
252.481
471.933
808.749
917.032
276.743
124.363
61.2554
40.2007
31.2923
26.8458
24.7611
24.1661
24.1582
25.1795
27.5364
31.8999
39.9799
55.8692
89.1686
155.209
272.889
494.815
789.914
925.123
259.335
109.857
58.7408
41.1857
33.2533
29.4785
27.7782
27.0186
26.8498
27.9665
30.7334
35.8752
45.5073
64.4002
102.816
178.148
303.815
521.843
765.525
939.832
225.867
100.183
60.598
44.9918
37.8569
34.1966
32.42
31.8521
31.9936
34.0952
37.4717
44.3065
57.2594
82.3547
129.731
211.364
341.755
545.982
733.546
939.447
221.688
105.537
69.2341
54.7549
48.164
45.4119
42.1271
40.591
40.045
41.0317
45.6962
54.7289
71.7557
103.477
160.797
256.428
389.426
569.212
692.363
940.706
283.56
135.292
94.0222
77.2634
67.6979
58.1353
53.5506
51.7279
51.4261
54.6716
62.5316
76.2919
101.946
146.559
219.754
316.505
430.675
569.993
637.168
951.865
280.459
131.805
90.0735
73.5882
64.8088
56.5262
52.587
51.1032
50.9451
54.85
63.9203
78.3061
105.274
150.116
221.501
317.313
433.549
583.088
657.136
952.364
225.899
106.38
68.3237
52.9598
45.91
43.0587
40.6388
39.6771
39.5365
41.5466
46.2758
56.2579
74.6651
107.903
165.631
257.643
387.901
573.004
711.916
953.125
231.581
102.083
60.9271
44.3479
36.7215
33.0074
31.3223
30.7509
30.9857
33.5041
37.8772
45.4255
59.7966
86.846
135.838
216.353
341.256
546.619
751.444
937.094
262.436
113.552
59.6469
41.1948
32.6876
28.557
26.9201
26.4064
26.3273
27.538
30.7066
36.5075
47.2383
67.865
108.194
183.679
305.116
520.191
781.313
929.269
277.717
127.831
63.4685
40.5328
31.1717
26.3841
24.0914
23.3543
23.4372
24.7303
27.4084
32.3451
41.4156
58.9863
94.49
161.261
275.671
493.366
803.519
914.867
302.456
140.264
68.4871
41.6359
30.7942
25.5588
22.8335
21.8528
21.6703
22.4615
24.6859
28.823
36.3776
50.9334
81.1104
143.832
254.991
470.892
820.49
908.31
315.512
150.52
72.9189
43.5496
31.1248
25.3407
22.2635
20.9571
20.7456
21.4072
23.3977
27.1582
34.005
47.147
74.6238
131.415
238.275
451.108
833.156
899.163
331.29
159.344
76.7144
45.1344
31.928
25.3864
22.0752
20.517
20.1101
20.5792
22.2982
25.6552
31.7753
43.4263
67.9192
122.355
226.808
435.215
842.823
894.185
339.15
165.684
79.9422
46.4009
32.4756
25.732
22.0423
20.3123
19.8053
20.1884
21.7772
24.9397
30.7118
41.6486
64.5935
114.807
217.294
422.117
850.081
889.561
348.893
170.976
82.985
47.5131
32.9354
25.8985
22.123
20.2198
19.5835
19.8619
21.2923
24.2194
29.5837
39.7004
60.868
109.648
210.478
411.844
855.8
885.381
353.931
174.498
84.8747
48.5541
33.3266
26.0674
22.1803
20.1826
19.4751
19.7006
21.054
23.8705
29.0413
38.7644
59.0271
104.981
204.77
403.542
860.15
883.29
359.282
177.39
86.5482
49.2373
33.6834
26.1785
22.2066
20.1436
19.3581
19.5236
20.7809
23.4449
28.3663
37.6292
56.9047
102.005
200.524
397.051
863.587
880.981
362.639
179.364
87.6208
49.8614
33.9799
26.3035
22.2231
20.106
19.2828
19.4209
20.6398
23.2352
28.036
37.0819
55.8601
99.1446
196.905
391.806
866.285
879.581
365.548
180.871
88.3645
50.1692
34.1378
26.3722
22.2314
20.0615
19.188
19.2868
20.4457
22.9699
27.6459
36.414
54.5682
97.273
194.262
387.714
868.519
878.772
367.218
181.736
88.7325
50.3851
34.2441
26.4034
22.2314
20.0208
19.1135
19.1934
20.3294
22.8108
27.4232
36.0774
53.9035
95.4314
191.838
384.351
870.297
878.223
368.713
182.19
88.8816
50.464
34.2812
26.4105
22.2004
19.9658
19.0312
19.0897
20.1937
22.6284
27.1452
35.5907
52.9863
94.0145
190.06
381.713
871.854
877.996
369.431
182.339
88.9007
50.4777
34.2851
26.3815
22.151
19.9012
18.9478
18.9932
20.0771
22.4805
26.9548
35.326
52.4729
92.6844
188.143
379.375
873.149
877.932
369.814
182.297
88.6235
50.358
34.2108
26.3083
22.0798
19.8238
18.8577
18.8923
19.9576
22.3286
26.7335
34.9513
51.7781
91.497
186.679
377.522
874.321
878.074
369.946
181.704
88.2146
50.1596
34.1017
26.2288
22.0027
19.7448
18.77
18.796
19.8454
22.191
26.5574
34.7024
51.3152
90.4387
185.102
375.838
875.343
878.37
369.954
181.162
87.796
49.9647
33.9829
26.1282
21.914
19.6581
18.678
18.6982
19.7356
22.0574
26.373
34.4075
50.7748
89.4116
183.664
374.37
876.304
878.777
369.659
180.425
87.2833
49.6989
33.8313
26.0227
21.8228
19.5717
18.5887
18.6034
19.6282
21.9285
26.2078
34.1688
50.3447
88.5145
182.285
373.061
877.196
879.244
369.374
179.504
86.7336
49.4479
33.6841
25.9087
21.7251
19.4803
18.4966
18.5084
19.5244
21.8061
26.0462
33.9236
49.9083
87.6466
180.951
371.868
878.066
879.843
368.89
178.627
86.1437
49.1406
33.5018
25.7804
21.6205
19.3859
18.4035
18.4121
19.418
21.6805
25.8852
33.6892
49.4967
86.8271
179.653
370.744
878.923
880.483
368.239
177.561
85.5187
48.8268
33.3158
25.6476
21.5116
19.2875
18.3076
18.3145
19.3126
21.5581
25.7279
33.4584
49.0978
86.0382
178.396
369.702
879.796
881.223
367.586
176.467
84.8492
48.4973
33.1217
25.5082
21.3977
19.1855
18.209
18.214
19.2036
21.4311
25.5658
33.2226
48.6894
85.2311
177.085
368.666
880.682
882.006
366.764
175.262
84.1321
48.1361
32.9097
25.3603
21.2789
19.0803
18.1082
18.1122
19.0943
21.3051
25.4057
32.9906
48.2907
84.4334
175.741
367.646
881.6
882.859
366.004
173.967
83.3963
47.7742
32.6972
25.2103
21.1578
18.973
18.0058
18.0088
18.9833
21.1772
25.2439
32.7566
47.8868
83.6157
174.327
366.623
882.544
883.764
365.049
172.569
82.6318
47.4058
32.4818
25.0584
21.0352
18.8645
17.9025
17.9049
18.8722
21.0499
25.0838
32.5268
47.4921
82.8071
172.87
365.589
883.525
884.728
364.208
171.209
81.8814
47.0369
32.2641
24.9045
20.911
18.7546
17.7983
17.8001
18.7604
20.922
24.9236
32.2977
47.1001
82.0029
171.405
364.559
884.543
885.753
363.198
169.75
81.1029
46.6617
32.0435
24.7485
20.7851
18.6434
17.693
17.6944
18.6478
20.7935
24.763
32.0692
46.7111
81.2036
169.926
363.518
885.614
886.841
362.272
168.318
80.331
46.2844
31.82
24.59
20.6573
18.5304
17.5862
17.5873
18.5338
20.6636
24.601
31.8394
46.3212
80.4033
168.438
362.48
886.733
887.995
361.221
166.789
79.5313
45.8998
31.593
24.429
20.5274
18.4158
17.4779
17.4787
18.4183
20.5321
24.4373
31.6076
45.9274
79.5875
166.891
361.414
887.912
889.2
360.232
165.224
78.7221
45.5121
31.3638
24.2661
20.3957
18.2996
17.3682
17.3688
18.3015
20.3993
24.2724
31.375
45.5334
78.7647
165.295
360.346
889.137
890.469
359.137
163.571
77.899
45.1231
31.1337
24.1018
20.2626
18.182
17.2571
17.2575
18.1834
20.2653
24.1065
31.1419
45.1389
77.9316
163.634
359.258
890.422
891.795
358.113
161.917
77.0826
44.7368
30.9034
23.9365
20.1283
18.0632
17.1449
17.1452
18.0643
20.1304
23.94
30.9096
44.7486
77.1059
161.956
358.181
891.755
893.177
357.045
160.223
76.2645
44.3512
30.6724
23.7699
19.9927
17.9432
17.0316
17.0318
17.944
19.9943
23.7726
30.6772
44.3603
76.283
160.258
357.106
893.153
894.63
356.006
158.531
75.453
43.9674
30.4408
23.6021
19.8558
17.822
16.9171
16.9173
17.8226
19.857
23.6042
30.4445
43.9744
75.4674
158.558
356.058
894.606
896.14
354.994
156.817
74.6413
43.5838
30.208
23.4328
19.7174
17.6995
16.8015
16.8017
17.7
19.7183
23.4343
30.2107
43.5887
74.6509
156.834
355.021
896.125
897.715
353.994
155.067
73.8261
43.1999
29.974
23.2619
19.5776
17.5757
16.6847
16.6848
17.576
19.5782
23.263
29.9761
43.2041
73.8354
155.087
354.027
897.703
899.35
353.052
153.309
73.0174
42.8183
29.7394
23.0896
19.4363
17.4505
16.5666
16.5667
17.4508
19.4368
23.0904
29.7408
42.8208
73.022
153.316
353.069
899.34
901.047
352.157
151.538
72.2135
42.4385
29.5041
22.9159
19.2936
17.3241
16.4473
16.4474
17.3243
19.294
22.9166
29.5053
42.4409
72.2188
151.549
352.173
901.04
902.806
351.336
149.786
71.4225
42.0619
29.2682
22.7408
19.1495
17.1965
16.327
16.327
17.1966
19.1498
22.7413
29.269
42.0634
71.4253
149.791
351.349
902.8
904.629
350.6
148.053
70.6426
41.6876
29.0312
22.564
19.0039
17.0675
16.2055
16.2055
17.0677
19.0041
22.5644
29.0318
41.6887
70.6452
148.059
350.607
904.626
906.516
349.966
146.341
69.8735
41.3149
28.7928
22.3855
18.8568
16.9374
16.0829
16.0829
16.9375
18.8569
22.3857
28.7933
41.3159
69.8754
146.345
349.976
906.512
908.466
349.453
144.667
69.1174
40.9438
28.553
22.2051
18.7081
16.806
15.9592
15.9592
16.806
18.7082
22.2053
28.5533
40.9444
69.1185
144.67
349.457
908.463
910.478
349.086
143.03
68.374
40.5744
28.3115
22.0229
18.5579
16.6733
15.8345
15.8345
16.6734
18.558
22.023
28.3118
40.575
68.3754
143.033
349.089
910.476
912.552
348.906
141.454
67.6468
40.206
28.068
21.8385
18.4061
16.5394
15.7087
15.7087
16.5395
18.4061
21.8386
28.0682
40.2063
67.6471
141.454
348.909
912.551
914.688
348.843
139.943
66.9362
39.8386
27.8224
21.6521
18.2526
16.4043
15.5819
15.5819
16.4044
18.2526
21.6522
27.8225
39.8389
66.937
139.945
348.845
914.687
916.887
348.937
138.524
66.2446
39.4715
27.5742
21.4634
18.0975
16.268
15.4541
15.4541
16.268
18.0975
21.4634
27.5743
39.4718
66.2451
138.525
348.939
916.886
919.149
349.283
137.201
65.5705
39.1034
27.3229
21.2722
17.9407
16.1306
15.3254
15.3254
16.1306
17.9407
21.2722
27.323
39.1036
65.5709
137.202
349.285
919.149
921.475
349.745
135.973
64.9116
38.7332
27.0682
21.0785
17.7822
15.992
15.1959
15.1959
15.992
17.7822
21.0786
27.0683
38.7334
64.9121
135.975
349.746
921.475
923.866
350.415
134.849
64.2678
38.3602
26.8099
20.8823
17.6222
15.8523
15.0656
15.0656
15.8524
17.6222
20.8824
26.81
38.3604
64.268
134.849
350.417
923.866
926.324
351.164
133.821
63.6378
37.9835
26.5477
20.6835
17.4604
15.7117
14.9345
14.9345
15.7117
17.4605
20.6836
26.5478
37.9837
63.6383
133.822
351.165
926.324
928.853
352.017
132.878
63.0171
37.6016
26.2812
20.4819
17.2971
15.57
14.8027
14.8027
15.57
17.2971
20.482
26.2813
37.6017
63.0172
132.878
352.019
928.854
931.458
352.869
131.984
62.3989
37.2127
26.0099
20.2775
17.1321
15.4274
14.6703
14.6703
15.4274
17.1321
20.2776
26.01
37.2128
62.3992
131.984
352.869
931.458
934.14
353.711
131.106
61.7777
36.8162
25.7339
20.0704
16.9656
15.284
14.5374
14.5374
15.284
16.9656
20.0704
25.7339
36.8162
61.7777
131.106
353.713
934.14
936.814
354.506
130.248
61.1483
36.4113
25.4529
19.8604
16.7976
15.1398
14.404
14.404
15.1398
16.7976
19.8604
25.4529
36.4113
61.1484
130.248
354.506
936.814
939.535
355.238
129.342
60.5021
35.9972
25.1667
19.6477
16.6281
14.9949
14.2704
14.2704
14.9949
16.6281
19.6477
25.1667
35.9971
60.502
129.342
355.239
939.535
942.238
355.822
128.404
59.8388
35.5733
24.8752
19.432
16.4572
14.8494
14.1365
14.1365
14.8494
16.4572
19.432
24.8752
35.5732
59.8388
128.404
355.822
942.238
944.954
356.288
127.397
59.1537
35.1391
24.5784
19.2136
16.285
14.7034
14.0025
14.0025
14.7034
16.2849
19.2136
24.5784
35.1391
59.1536
127.397
356.288
944.954
947.631
356.517
126.341
58.4492
34.6947
24.276
18.9923
16.1114
14.557
13.8684
13.8684
14.557
16.1114
18.9923
24.276
34.6947
58.4491
126.34
356.517
947.631
950.283
356.609
125.208
57.7187
34.2388
23.968
18.7682
15.9368
14.4104
13.7346
13.7346
14.4104
15.9367
18.7682
23.9679
34.2388
57.7185
125.207
356.609
950.284
952.866
356.558
124.015
56.967
33.7723
23.6544
18.5415
15.761
14.2636
13.6011
13.6011
14.2636
15.761
18.5414
23.6543
33.7722
56.9668
124.015
356.558
952.866
955.379
356.173
122.739
56.1878
33.2938
23.335
18.312
15.5843
14.1168
13.468
13.468
14.1168
15.5843
18.312
23.335
33.2937
56.1877
122.739
356.173
955.379
957.786
355.616
121.398
55.3851
32.8038
23.0099
18.0799
15.4067
13.9702
13.3356
13.3356
13.9702
15.4067
18.0799
23.0099
32.8038
55.3849
121.398
355.615
957.786
960.071
354.762
119.967
54.5519
32.301
22.6789
17.8452
15.2284
13.8239
13.2039
13.2039
13.8239
15.2284
17.8452
22.6789
32.301
54.5518
119.967
354.762
960.072
962.202
353.661
118.464
53.6941
31.7868
22.3423
17.608
15.0495
13.6782
13.0733
13.0733
13.6782
15.0495
17.608
22.3422
31.7867
53.694
118.464
353.66
962.202
964.153
352.26
116.866
52.8039
31.2591
21.9997
17.3685
14.8702
13.5332
12.944
12.944
13.5332
14.8702
17.3685
21.9996
31.2591
52.8038
116.865
352.259
964.153
965.889
350.556
115.188
51.8869
30.7195
21.6515
17.1268
14.6907
13.389
12.8162
12.8162
13.389
14.6907
17.1267
21.6515
30.7195
51.8868
115.187
350.556
965.889
967.377
348.531
113.407
50.9361
30.1662
21.2974
16.8828
14.5111
13.2461
12.69
12.69
13.2461
14.5111
16.8828
21.2974
30.1662
50.936
113.407
348.531
967.377
968.577
346.143
111.539
49.9568
29.6008
20.9379
16.637
14.3316
13.1045
12.5659
12.5659
13.1045
14.3316
16.637
20.9379
29.6007
49.9568
111.539
346.143
968.577
969.423
343.397
109.561
48.9419
29.0212
20.5726
16.3892
14.1525
12.9646
12.4441
12.4441
12.9646
14.1525
16.3892
20.5725
29.0212
48.9419
109.561
343.397
969.423
969.832
340.245
107.488
47.8973
28.4296
20.2021
16.14
13.9741
12.8267
12.3248
12.3248
12.8267
13.9741
16.14
20.2021
28.4296
47.8972
107.488
340.245
969.832
969.969
336.704
105.3
46.8166
27.8241
19.8261
15.8893
13.7965
12.691
12.2085
12.2085
12.691
13.7964
15.8893
19.8261
27.8241
46.8165
105.3
336.703
969.969
969.634
332.655
103.005
45.7043
27.2064
19.4453
15.6374
13.62
12.5579
12.0955
12.0955
12.5579
13.62
15.6374
19.4453
27.2064
45.7043
103.005
332.655
969.634
968.648
328.146
100.591
44.5558
26.575
19.0593
15.3846
13.445
12.4277
11.9862
11.9862
12.4277
13.445
15.3846
19.0593
26.575
44.5557
100.591
328.145
968.647
967.18
323.104
98.0614
43.3749
25.9317
18.669
15.1313
13.2719
12.3009
11.8808
11.8808
12.3009
13.2719
15.1312
18.669
25.9317
43.3748
98.0613
323.103
967.179
964.966
317.504
95.4078
42.1581
25.2755
18.2742
14.8776
13.1009
12.1777
11.78
11.78
12.1777
13.1009
14.8776
18.2742
25.2755
42.1581
95.4078
317.503
964.966
962.12
311.327
92.6356
40.9093
24.608
17.8757
14.6242
12.9325
12.0587
11.684
11.684
12.0587
12.9325
14.6242
17.8757
24.608
40.9093
92.6356
311.327
962.12
958.416
304.507
89.7349
39.6253
23.9284
17.4735
14.3712
12.7672
11.9442
11.5934
11.5934
11.9442
12.7672
14.3712
17.4735
23.9284
39.6253
89.7349
304.507
958.416
953.926
297.053
86.7125
38.3097
23.2383
17.0685
14.1193
12.6053
11.8348
11.5085
11.5085
11.8348
12.6053
14.1193
17.0685
23.2383
38.3097
86.7126
297.053
953.925
948.452
288.885
83.5603
36.9607
22.5374
16.6609
13.869
12.4475
11.7309
11.4299
11.4299
11.7309
12.4475
13.869
16.6609
22.5374
36.9607
83.5603
288.885
948.452
942.036
280.034
80.2884
35.5822
21.8275
16.2518
13.6211
12.2944
11.6331
11.3579
11.3579
11.6331
12.2944
13.6211
16.2518
21.8275
35.5822
80.2884
280.034
942.036
934.51
270.423
76.8908
34.1735
21.1089
15.8418
13.3762
12.1466
11.5418
11.2931
11.2931
11.5418
12.1466
13.3762
15.8418
21.1089
34.1735
76.8908
270.422
934.509
925.904
260.093
73.3792
32.7383
20.3831
15.432
13.1352
12.0048
11.4576
11.2357
11.2357
11.4576
12.0048
13.1352
15.432
20.3832
32.7383
73.3792
260.093
925.904
916.071
248.974
69.7466
31.2756
19.6507
15.023
12.899
11.8698
11.381
11.1861
11.1861
11.381
11.8698
12.899
15.023
19.6507
31.2756
69.7466
248.973
916.071
905.027
237.117
66.0079
29.7903
18.9138
14.6168
12.669
11.7426
11.3125
11.1446
11.1446
11.3125
11.7426
12.669
14.6168
18.9138
29.7903
66.0079
237.117
905.027
892.656
224.485
62.1636
28.284
18.1743
14.2149
12.4466
11.6242
11.2528
11.1113
11.1113
11.2528
11.6242
12.4466
14.2149
18.1743
28.284
62.1636
224.485
892.656
879.01
211.156
58.2329
26.7623
17.4349
13.8194
12.2336
11.5156
11.2021
11.0862
11.0862
11.2021
11.5156
12.2336
13.8194
17.4349
26.7623
58.2329
211.156
879.01
864
197.106
54.2131
25.2256
16.6971
13.4323
12.0316
11.418
11.1609
11.0698
11.0698
11.1609
11.418
12.0316
13.4323
16.6971
25.2256
54.2131
197.106
864
847.662
182.407
50.1214
23.6797
15.9647
13.0568
11.843
11.3324
11.129
11.0619
11.0619
11.129
11.3324
11.8431
13.0568
15.9647
23.6797
50.1215
182.407
847.662
829.943
167.067
45.9662
22.1294
15.2419
12.6967
11.6707
11.2604
11.1065
11.0594
11.0594
11.1065
11.2604
11.6707
12.6967
15.2419
22.1294
45.9663
167.067
829.943
810.969
151.242
41.7784
20.5847
14.535
12.357
11.5177
11.203
11.0955
11.0625
11.0625
11.0955
11.203
11.5177
12.357
14.535
20.5847
41.7784
151.242
810.969
790.739
134.977
37.57
19.0518
13.8505
12.0432
11.3872
11.1601
11.0918
11.0718
11.0718
11.0918
11.1601
11.3872
12.0432
13.8505
19.0518
37.57
134.977
790.738
769.327
118.445
33.3694
17.5412
13.1973
11.7625
11.283
11.1366
11.0944
11.0843
11.0843
11.0944
11.1366
11.283
11.7625
13.1973
17.5412
33.3694
118.445
769.327
746.733
101.859
29.2048
16.0653
12.5883
11.5233
11.2064
11.1273
11.105
11.1003
11.1003
11.105
11.1273
11.2064
11.5233
12.5883
16.0654
29.2048
101.859
746.733
723.122
85.8415
25.1352
14.6456
12.0429
11.3371
11.1684
11.1265
11.1183
11.1171
11.1171
11.1183
11.1265
11.1684
11.3371
12.0429
14.6456
25.1352
85.8416
723.122
698.461
71.0981
21.1552
13.3036
11.5874
11.2261
11.1552
11.1382
11.1358
11.1355
11.1355
11.1358
11.1382
11.1552
11.2261
11.5874
13.3036
21.1552
71.0982
698.461
672.748
55.0641
17.0389
12.087
11.3039
11.1803
11.1547
11.1529
11.1534
11.1536
11.1536
11.1534
11.1529
11.1547
11.1803
11.3039
12.087
17.0389
55.0641
672.748
646.048
32.1741
12.736
11.3228
11.19
11.171
11.1705
11.1708
11.1706
11.1705
11.1705
11.1706
11.1708
11.1705
11.171
11.19
11.3228
12.736
32.1741
646.048
)
;

boundaryField
{
    outlet
    {
        type            inletOutlet;
        inletValue      uniform 1;
        value           nonuniform List<scalar> 
20
(
1570.76
663.236
486.439
444.79
441.12
439.787
419.187
378.703
318.427
238.213
255.846
332.925
385.851
420.195
434.507
432.319
435.437
477.292
653.101
1557.74
)
;
    }
    inlet1
    {
        type            turbulentMixingLengthFrequencyInlet;
        mixingLength    0.01;
        phi             phi;
        k               k;
        value           uniform 11.1803;
    }
    inlet2
    {
        type            turbulentMixingLengthFrequencyInlet;
        mixingLength    0.01;
        phi             phi;
        k               k;
        value           uniform 11.1803;
    }
    frontAndBack
    {
        type            empty;
    }
    defaultFaces
    {
        type            omegaWallFunction;
        Cmu             0.09;
        kappa           0.41;
        E               9.8;
        beta1           0.075;
        value           nonuniform List<scalar> 
620
(
1570.76
1571.28
1570.99
1570.48
1569.66
1569.05
1568.03
1567.36
1566.26
1565.51
1564.37
1563.53
1562.38
1561.45
1560.28
1559.25
1558.07
1556.96
1555.76
1554.59
1553.37
1552.14
1550.9
1549.63
1548.36
1547.04
1545.74
1544.38
1543.03
1541.62
1540.22
1538.76
1537.31
1535.79
1534.27
1532.68
1531.08
1529.4
1527.67
1525.86
1523.96
1521.94
1519.81
1517.52
1515.08
1512.44
1509.61
1506.54
1503.21
1499.62
1495.7
1491.35
1486.59
1481.7
1476.48
1471.06
1465.34
1459.36
1453.1
1446.59
1439.77
1432.68
1425.25
1417.5
1409.39
1400.9
1391.93
1382.53
1372.55
1362.1
1351
1339.38
1327.07
1314.2
1300.68
1286.61
1271.98
1256.9
1241.39
1225.54
1209.29
1192.46
1174.69
1155.84
1136.12
1115.13
1092.27
1066.6
1036.93
1001.25
956.862
898.825
819.746
711.652
571.897
494.151
529.681
693.812
860.78
915.169
1557.74
1558.16
1557.68
1557.15
1556.21
1555.55
1554.44
1553.7
1552.53
1551.71
1550.53
1549.62
1548.44
1547.45
1546.26
1545.19
1543.99
1542.84
1541.62
1540.4
1539.15
1537.89
1536.62
1535.31
1534.02
1532.68
1531.36
1530
1528.65
1527.26
1525.88
1524.45
1523.04
1521.58
1520.13
1518.65
1517.17
1515.65
1514.13
1512.57
1511
1509.41
1507.79
1506.13
1504.43
1502.67
1500.84
1498.94
1496.95
1494.85
1492.65
1490.34
1487.92
1485.38
1482.74
1479.98
1477.02
1473.87
1470.4
1466.59
1462.29
1457.48
1452.37
1447.01
1441.42
1435.53
1429.38
1422.89
1416.08
1408.82
1401.15
1392.89
1384.15
1374.66
1364.39
1353.26
1341.15
1327.93
1313.52
1297.76
1280.55
1261.71
1241.13
1218.56
1193.74
1166.07
1134.67
1097.9
1053.15
996.151
920.117
826.029
725.342
622.786
546.24
501.522
526.565
691.559
865.737
922.729
583.764
543.457
501.559
461.152
423.529
389.633
361.512
342.392
333.293
331.276
329.029
329.756
336.686
354.975
386.879
425.233
467.83
513.169
559.172
601.985
646.048
672.75
698.461
723.118
746.734
769.332
790.738
810.965
829.943
847.664
864.001
879.009
892.656
905.029
916.073
925.905
934.51
942.037
948.452
953.926
958.416
962.121
964.967
967.181
968.649
969.635
969.97
969.834
969.425
968.579
967.379
965.892
964.156
962.205
960.075
957.79
955.383
952.871
950.289
947.637
944.961
942.246
939.544
936.825
934.152
931.471
928.869
926.342
923.885
921.497
919.175
916.917
914.724
912.594
910.529
908.527
906.592
904.723
902.924
901.19
899.528
897.933
896.411
894.956
893.573
892.26
891.021
889.848
888.739
887.688
886.696
885.761
884.868
884.024
883.207
882.396
881.618
880.865
880.171
879.459
878.809
878.254
877.616
877.236
876.852
876.813
877.003
877.56
878.576
880.584
883.201
886.464
891.611
898.022
904.828
917.032
925.123
939.832
939.447
940.706
646.048
672.75
698.461
723.118
746.734
769.332
790.738
810.965
829.943
847.664
864.001
879.008
892.656
905.028
916.072
925.904
934.509
942.036
948.451
953.925
958.415
962.12
964.966
967.18
968.648
969.635
969.97
969.834
969.425
968.579
967.38
965.892
964.156
962.206
960.076
957.791
955.384
952.872
950.29
947.638
944.962
942.247
939.545
936.826
934.153
931.472
928.87
926.342
923.886
921.498
919.175
916.918
914.725
912.596
910.53
908.529
906.594
904.727
902.927
901.195
899.531
897.938
896.414
894.959
893.575
892.258
891.014
889.832
888.716
887.646
886.637
885.664
884.737
883.828
882.929
882.02
881.087
880.118
879.09
877.982
876.772
875.419
873.906
872.19
870.257
868.035
865.546
862.612
859.158
854.889
849.625
842.904
834.295
823.104
808.749
789.914
765.525
733.546
692.363
637.168
951.865
952.364
953.125
937.094
929.269
914.867
908.31
899.163
894.185
889.561
885.381
883.29
880.981
879.581
878.772
878.223
877.996
877.932
878.074
878.37
878.777
879.244
879.843
880.483
881.223
882.006
882.859
883.764
884.728
885.753
886.841
887.995
889.2
890.469
891.795
893.177
894.63
896.14
897.715
899.35
901.047
902.806
904.629
906.516
908.466
910.478
912.552
914.688
916.887
919.149
921.475
923.866
926.324
928.853
931.458
934.14
936.814
939.535
942.238
944.954
947.631
950.283
952.866
955.379
957.786
960.071
962.202
964.153
965.889
967.377
968.577
969.423
969.832
969.969
969.634
968.648
967.18
964.966
962.12
958.416
953.926
948.452
942.036
934.51
925.904
916.071
905.027
892.656
879.01
864
847.662
829.943
810.969
790.739
769.327
746.733
723.122
698.461
672.748
646.048
657.136
711.916
751.444
781.313
803.519
820.49
833.156
842.823
850.081
855.8
860.15
863.587
866.285
868.519
870.297
871.854
873.149
874.321
875.343
876.304
877.196
878.066
878.923
879.796
880.682
881.6
882.544
883.525
884.543
885.614
886.733
887.912
889.137
890.422
891.755
893.153
894.606
896.125
897.703
899.34
901.04
902.8
904.626
906.512
908.463
910.476
912.551
914.687
916.886
919.149
921.475
923.866
926.324
928.854
931.458
934.14
936.814
939.535
942.238
944.954
947.631
950.284
952.866
955.379
957.786
960.072
962.202
964.153
965.889
967.377
968.577
969.423
969.832
969.969
969.634
968.647
967.179
964.966
962.12
958.416
953.925
948.452
942.036
934.509
925.904
916.071
905.027
892.656
879.01
864
847.662
829.943
810.969
790.738
769.327
746.733
723.122
698.461
672.748
646.048
)
;
    }
}


// ************************************************************************* //
