/*--------------------------------*- C++ -*----------------------------------*\
| =========                 |                                                 |
| \\      /  F ield         | OpenFOAM: The Open Source CFD Toolbox           |
|  \\    /   O peration     | Version:  2.1.0                                 |
|   \\  /    A nd           | Web:      www.OpenFOAM.org                      |
|    \\/     M anipulation  |                                                 |
\*---------------------------------------------------------------------------*/
FoamFile
{
    version     2.0;
    format      ascii;
    class       volScalarField;
    location    "0.03";
    object      C1;
}
// * * * * * * * * * * * * * * * * * * * * * * * * * * * * * * * * * * * * * //

dimensions      [0 0 0 0 0 0 0];

internalField   nonuniform List<scalar> 
6400
(
2.32467e-111
1.03907e-110
4.65114e-110
2.07555e-109
9.23393e-109
4.09572e-108
1.81113e-107
7.98472e-107
3.50957e-106
1.53769e-105
6.71525e-105
2.92313e-104
1.26834e-103
5.48581e-103
2.36505e-102
1.01638e-101
4.35435e-101
1.85969e-100
7.91759e-100
3.36039e-99
1.42142e-98
5.99183e-98
2.51761e-97
1.05406e-96
4.39707e-96
1.8276e-95
7.56822e-95
3.12226e-94
1.28315e-93
5.25255e-93
2.14152e-92
8.69619e-92
3.51664e-91
1.41662e-90
5.68387e-90
2.27104e-89
9.03593e-89
3.57954e-88
1.41152e-87
5.5404e-87
2.16484e-86
8.41606e-86
3.25524e-85
1.25253e-84
4.79231e-84
1.8228e-83
6.89348e-83
2.59086e-82
9.67394e-82
3.58732e-81
1.3206e-80
4.82385e-80
1.74765e-79
6.27736e-79
2.23421e-78
7.87663e-78
2.749e-77
9.49267e-77
3.24186e-76
1.09419e-75
3.64829e-75
1.20104e-74
3.90104e-74
1.24912e-73
3.93937e-73
1.22242e-72
3.7285e-72
1.11663e-71
3.28006e-71
9.44117e-71
2.6604e-70
7.33308e-70
1.97576e-69
5.20032e-69
1.33652e-68
3.35284e-68
8.20771e-68
1.96025e-67
4.56648e-67
1.03733e-66
2.29702e-66
4.95571e-66
1.04089e-65
2.12575e-65
4.21227e-65
8.07282e-65
1.48922e-64
2.62544e-64
4.3761e-64
6.78646e-64
9.55949e-64
1.17925e-63
1.20682e-63
9.58549e-64
5.88555e-64
3.62742e-64
3.45267e-64
2.73696e-64
1.61012e-64
5.79927e-65
1.89798e-110
8.49445e-110
3.80573e-109
1.69984e-108
7.56946e-108
3.36066e-107
1.48753e-106
6.56442e-106
2.8882e-105
1.2668e-104
5.53844e-104
2.41364e-103
1.04851e-102
4.54048e-102
1.95987e-101
8.43301e-101
3.61754e-100
1.54714e-99
6.59611e-99
2.80374e-98
1.18779e-97
5.0145e-97
2.11039e-96
8.85063e-96
3.69856e-95
1.54006e-94
6.38971e-94
2.64139e-93
1.08785e-92
4.46323e-92
1.82409e-91
7.42561e-91
3.01044e-90
1.21608e-89
4.89387e-89
1.96162e-88
7.83159e-88
3.1139e-87
1.23272e-86
4.85878e-86
1.90726e-85
7.45126e-85
2.89721e-84
1.1212e-83
4.31651e-83
1.65267e-82
6.29557e-82
2.38469e-81
8.97974e-81
3.36057e-80
1.24944e-79
4.61287e-79
1.69041e-78
6.14658e-78
2.21634e-77
7.92301e-77
2.80624e-76
9.84215e-76
3.41687e-75
1.17321e-74
3.98266e-74
1.33598e-73
4.42504e-73
1.44594e-72
4.65655e-72
1.47634e-71
4.60289e-71
1.40958e-70
4.23488e-70
1.24677e-69
3.59296e-69
1.01257e-68
2.78835e-68
7.49771e-68
1.96768e-67
5.03797e-67
1.25808e-66
3.06348e-66
7.27211e-66
1.68236e-65
3.79157e-65
8.31996e-65
1.776e-64
3.68278e-64
7.40221e-64
1.43729e-63
2.6826e-63
4.77741e-63
8.03029e-63
1.254e-62
1.77825e-62
2.21645e-62
2.32355e-62
1.95335e-62
1.32327e-62
9.28225e-63
8.87776e-63
7.07794e-63
4.29789e-63
1.73404e-63
1.03672e-109
4.65562e-109
2.09288e-108
9.38017e-108
4.1917e-107
1.86759e-106
8.29616e-106
3.67419e-105
1.62241e-104
7.1425e-104
3.13439e-103
1.37112e-102
5.97887e-102
2.59899e-101
1.12611e-100
4.86389e-100
2.0946e-99
8.99398e-99
3.8499e-98
1.64335e-97
6.99196e-97
2.96428e-96
1.25306e-95
5.27873e-95
2.21593e-94
9.26943e-94
3.86389e-93
1.60496e-92
6.64276e-92
2.73927e-91
1.12539e-90
4.60553e-90
1.87701e-89
7.62434e-89
3.086e-88
1.24438e-87
4.99918e-87
2.00068e-86
7.9735e-86
3.1648e-85
1.25161e-84
4.92816e-84
1.9318e-83
7.54212e-83
2.93082e-82
1.13304e-81
4.36159e-81
1.67067e-80
6.36628e-80
2.41297e-79
9.09389e-79
3.40642e-78
1.26766e-77
4.68531e-77
1.71882e-76
6.25729e-76
2.25886e-75
8.08186e-75
2.8645e-74
1.00466e-73
3.4857e-73
1.19566e-72
4.05141e-72
1.35473e-71
4.46541e-71
1.44913e-70
4.62436e-70
1.44926e-69
4.45496e-69
1.34154e-68
3.95306e-68
1.13866e-67
3.20346e-67
8.79696e-67
2.35684e-66
6.15828e-66
1.56897e-65
3.89678e-65
9.43248e-65
2.22456e-64
5.10959e-64
1.14232e-63
2.48338e-63
5.24214e-63
1.07202e-62
2.11675e-62
4.01579e-62
7.26802e-62
1.24214e-61
1.97591e-61
2.86739e-61
3.69455e-61
4.08603e-61
3.75847e-61
2.93793e-61
2.46322e-61
2.42114e-61
2.00646e-61
1.30742e-61
6.09959e-62
5.00355e-109
2.25532e-108
1.01773e-107
4.57912e-107
2.05442e-106
9.19107e-106
4.09958e-105
1.82313e-104
8.08357e-104
3.57326e-103
1.57486e-102
6.91996e-102
3.03081e-101
1.32317e-100
5.7576e-100
2.49752e-99
1.08029e-98
4.65893e-98
2.00288e-97
8.58883e-97
3.67176e-96
1.56412e-95
6.64442e-95
2.8131e-94
1.1868e-93
4.98938e-93
2.09035e-92
8.72791e-92
3.63132e-91
1.50549e-90
6.21959e-90
2.55962e-89
1.04903e-88
4.28543e-88
1.74445e-87
7.07525e-87
2.86025e-86
1.15185e-85
4.61959e-85
1.84586e-84
7.35031e-84
2.91462e-83
1.15081e-82
4.52864e-82
1.77442e-81
6.9185e-81
2.68753e-80
1.03941e-79
4.00143e-79
1.53309e-78
5.84467e-78
2.21607e-77
8.35422e-77
3.13056e-76
1.16538e-75
4.30761e-75
1.58017e-74
5.7515e-74
2.07512e-73
7.41219e-73
2.61992e-72
9.15808e-72
3.16347e-71
1.07873e-70
3.62689e-70
1.20084e-69
3.91012e-69
1.2505e-68
3.92281e-68
1.20555e-67
3.62525e-67
1.06565e-66
3.05955e-66
8.57428e-66
2.3445e-65
6.25285e-65
1.62626e-64
4.12398e-64
1.01948e-63
2.45621e-63
5.76523e-63
1.31757e-62
2.92909e-62
6.32513e-62
1.32392e-61
2.67767e-61
5.20978e-61
9.68912e-61
1.70717e-60
2.81485e-60
4.2719e-60
5.84099e-60
7.01838e-60
7.26544e-60
6.65483e-60
6.51074e-60
6.73685e-60
5.95441e-60
4.25569e-60
2.30307e-60
2.18436e-108
9.88341e-108
4.47823e-107
2.02329e-106
9.1165e-106
4.09583e-105
1.83502e-104
8.19722e-104
3.65021e-103
1.6206e-102
7.17573e-102
3.16781e-101
1.39409e-100
6.11652e-100
2.67452e-99
1.1656e-98
5.06534e-98
2.19481e-97
9.47965e-97
4.0843e-96
1.7547e-95
7.51368e-95
3.20745e-94
1.36501e-93
5.78922e-93
2.44671e-92
1.03054e-91
4.32587e-91
1.80972e-90
7.54478e-90
3.13476e-89
1.29764e-88
5.34934e-88
2.19774e-87
8.99658e-87
3.66958e-86
1.4925e-85
6.04745e-85
2.44022e-84
9.81275e-84
3.93283e-83
1.56978e-82
6.23974e-82
2.47281e-81
9.76033e-81
3.83484e-80
1.50131e-79
5.85433e-79
2.27332e-78
8.78911e-78
3.38237e-77
1.29522e-76
4.93353e-76
1.86936e-75
7.04123e-75
2.63449e-74
9.79135e-74
3.61407e-73
1.32318e-72
4.80041e-72
1.72403e-71
6.12497e-71
2.1511e-70
7.46048e-70
2.55219e-69
8.60104e-69
2.85173e-68
9.28989e-68
2.96956e-67
9.30266e-67
2.85263e-66
8.55396e-66
2.50625e-65
7.17072e-65
2.00265e-64
5.45811e-64
1.45148e-63
3.76588e-63
9.53143e-63
2.35294e-62
5.66368e-62
1.32864e-61
3.03519e-61
6.74372e-61
1.45463e-60
3.03804e-60
6.1203e-60
1.18297e-59
2.17765e-59
3.77986e-59
6.1056e-59
9.02861e-59
1.20032e-58
1.41669e-58
1.51719e-58
1.68855e-58
1.87112e-58
1.79477e-58
1.42456e-58
8.87397e-59
8.70837e-108
3.95591e-107
1.79993e-106
8.16761e-106
3.69565e-105
1.66718e-104
7.50275e-104
3.36654e-103
1.50585e-102
6.71825e-102
2.98854e-101
1.32515e-100
5.86026e-100
2.58415e-99
1.13574e-98
4.97434e-98
2.17215e-97
9.46103e-97
4.10818e-96
1.77839e-95
7.67836e-95
3.30456e-94
1.41766e-93
6.06397e-93
2.58609e-92
1.09902e-91
4.65421e-91
1.96428e-90
8.26304e-90
3.46489e-89
1.44805e-88
6.02906e-88
2.50027e-87
1.03306e-86
4.25388e-86
1.74528e-85
7.13919e-85
2.91092e-84
1.18206e-83
4.78264e-83
1.92871e-82
7.74972e-82
3.10135e-81
1.2367e-80
4.9147e-80
1.945e-79
7.66788e-79
3.01208e-78
1.17852e-77
4.5916e-77
1.78116e-76
6.87759e-76
2.6415e-75
1.00967e-74
3.8391e-74
1.45066e-73
5.4481e-73
2.03284e-72
7.52932e-72
2.76639e-71
1.00693e-70
3.62768e-70
1.29261e-69
4.55083e-69
1.58126e-68
5.4159e-68
1.82612e-67
6.05363e-67
1.97049e-66
6.29023e-66
1.96689e-65
6.01848e-65
1.80078e-64
5.26577e-64
1.50425e-63
4.19702e-63
1.14363e-62
3.04321e-62
7.90791e-62
2.00652e-61
4.97056e-61
1.20173e-60
2.83397e-60
6.51265e-60
1.45636e-59
3.16241e-59
6.64805e-59
1.34728e-58
2.61684e-58
4.83362e-58
8.40549e-58
1.35925e-57
2.01721e-57
2.72243e-57
3.38211e-57
4.21508e-57
5.06908e-57
5.34416e-57
4.74825e-57
3.37856e-57
3.16964e-107
1.44557e-106
6.60184e-106
3.00742e-105
1.36638e-104
6.19202e-104
2.7985e-103
1.26127e-102
5.66859e-102
2.54082e-101
1.13554e-100
5.05974e-100
2.24781e-99
9.95474e-99
4.39626e-98
1.93565e-97
8.49357e-97
3.71696e-96
1.62248e-95
7.05845e-95
3.06253e-94
1.32515e-93
5.71712e-93
2.45816e-92
1.05383e-91
4.50361e-91
1.91795e-90
8.1395e-90
3.4423e-89
1.45191e-88
6.10395e-88
2.55669e-87
1.06698e-86
4.43552e-86
1.83794e-85
7.58876e-85
3.12227e-84
1.28111e-83
5.23717e-83
2.13255e-82
8.65473e-82
3.50099e-81
1.41096e-80
5.66342e-80
2.26622e-79
9.0306e-79
3.58378e-78
1.41732e-77
5.58224e-77
2.1898e-76
8.55727e-76
3.32945e-75
1.2889e-74
4.9644e-74
1.90275e-73
7.25094e-73
2.74721e-72
1.03441e-71
3.86819e-71
1.43582e-70
5.28473e-70
1.92692e-69
6.95387e-69
2.48136e-68
8.74542e-68
3.04075e-67
1.04172e-66
3.51192e-66
1.16367e-65
3.78504e-65
1.20716e-64
3.77146e-64
1.15342e-63
3.45117e-63
1.00991e-62
2.88964e-62
8.0839e-62
2.21114e-61
5.91346e-61
1.54637e-60
3.95389e-60
9.8835e-60
2.41448e-59
5.76093e-59
1.34118e-58
3.04194e-58
6.70697e-58
1.43302e-57
2.95427e-57
5.84277e-57
1.10034e-56
1.95542e-56
3.24694e-56
4.99788e-56
7.14538e-56
9.91266e-56
1.30892e-55
1.53357e-55
1.53612e-55
1.2445e-55
1.04438e-106
4.78138e-106
2.1921e-105
1.00243e-104
4.5734e-104
2.08133e-103
9.44524e-103
4.27516e-102
1.92967e-101
8.68686e-101
3.89992e-100
1.74579e-99
7.79265e-99
3.46764e-98
1.53838e-97
6.80555e-97
3.00073e-96
1.31917e-95
5.7857e-95
2.52961e-94
1.10319e-93
4.79757e-93
2.08024e-92
8.99458e-92
3.87627e-91
1.66558e-90
7.13433e-90
3.0453e-89
1.2957e-88
5.49486e-88
2.32309e-87
9.79273e-87
4.1138e-86
1.72143e-85
7.17949e-85
2.98396e-84
1.23544e-83
5.10118e-83
2.09981e-82
8.60801e-82
3.5158e-81
1.43202e-80
5.81301e-80
2.34965e-79
9.46613e-79
3.80009e-78
1.51888e-77
6.04745e-77
2.39876e-76
9.47618e-76
3.72884e-75
1.46163e-74
5.70358e-74
2.21443e-73
8.55356e-73
3.28624e-72
1.25546e-71
4.76727e-71
1.79884e-70
6.74053e-70
2.50623e-69
9.23849e-69
3.37322e-68
1.21884e-67
4.35374e-67
1.5357e-66
5.34278e-66
1.83117e-65
6.17569e-65
2.04701e-64
6.66115e-64
2.12612e-63
6.65155e-63
2.03852e-62
6.11794e-62
1.79763e-61
5.17097e-61
1.45623e-60
4.01521e-60
1.08407e-59
2.86631e-59
7.42183e-59
1.88182e-58
4.67083e-58
1.13429e-57
2.69257e-57
6.23906e-57
1.40827e-56
3.0875e-56
6.54917e-56
1.3372e-55
2.61128e-55
4.84084e-55
8.45426e-55
1.38288e-54
2.14183e-54
3.14219e-54
4.1402e-54
4.71924e-54
4.36801e-54
3.08209e-106
1.41614e-105
6.51899e-105
2.99333e-104
1.37081e-103
6.26191e-103
2.85273e-102
1.29602e-101
5.87364e-101
2.65457e-100
1.19666e-99
5.37995e-99
2.41162e-98
1.07823e-97
4.80629e-97
2.13585e-96
9.46119e-96
4.17862e-95
1.84073e-94
8.0854e-94
3.54365e-93
1.54874e-92
6.74557e-92
2.93158e-91
1.27003e-90
5.48463e-90
2.36248e-89
1.01445e-88
4.34204e-88
1.85191e-87
7.87566e-87
3.33959e-86
1.41125e-85
5.94221e-85
2.49426e-84
1.04349e-83
4.34941e-83
1.80723e-82
7.48885e-82
3.09267e-81
1.27205e-80
5.21668e-80
2.13291e-79
8.68635e-79
3.52577e-78
1.42634e-77
5.74628e-77
2.30521e-76
9.21582e-76
3.67013e-75
1.45526e-74
5.74655e-74
2.26e-73
8.84776e-73
3.44699e-72
1.33596e-71
5.1502e-71
1.9737e-70
7.51769e-70
2.84473e-69
1.06874e-68
3.98337e-68
1.47171e-67
5.38524e-67
1.94978e-66
6.97778e-66
2.46563e-65
8.59291e-65
2.9504e-64
9.96934e-64
3.31166e-63
1.08054e-62
3.46051e-62
1.08719e-61
3.34939e-61
1.01163e-60
2.99527e-60
8.69383e-60
2.47392e-59
6.90274e-59
1.8888e-58
5.06918e-58
1.33447e-57
3.44575e-57
8.72552e-57
2.16604e-56
5.26774e-56
1.25374e-55
2.91574e-55
6.61159e-55
1.45746e-54
3.11113e-54
6.39836e-54
1.25919e-53
2.34877e-53
4.11339e-53
6.79731e-53
1.02291e-52
1.34695e-52
1.44204e-52
8.06444e-106
3.71702e-105
1.71637e-104
7.90747e-104
3.63287e-103
1.66484e-102
7.61071e-102
3.46908e-101
1.57798e-100
7.15769e-100
3.2369e-99
1.461e-98
6.5762e-98
2.95145e-97
1.32064e-96
5.89163e-96
2.62087e-95
1.16293e-94
5.14732e-94
2.27146e-93
9.99399e-93
4.38653e-92
1.91957e-91
8.37692e-91
3.64685e-90
1.58289e-89
6.84955e-89
2.95634e-88
1.27229e-87
5.45595e-87
2.33204e-86
9.94124e-86
4.22501e-85
1.7895e-84
7.55609e-84
3.18067e-83
1.33433e-82
5.57891e-82
2.32617e-81
9.67302e-81
4.00769e-80
1.65463e-79
6.81151e-79
2.79445e-78
1.1426e-77
4.65758e-77
1.89197e-76
7.65442e-76
3.08517e-75
1.23916e-74
4.95713e-74
1.97482e-73
7.83389e-73
3.0947e-72
1.21707e-71
4.76307e-71
1.85475e-70
7.18253e-70
2.7653e-69
1.05804e-68
4.02123e-68
1.5172e-67
5.67855e-67
2.10661e-66
7.73928e-66
2.81303e-65
1.01059e-64
3.5847e-64
1.2542e-63
4.32389e-63
1.46741e-62
4.89815e-62
1.60698e-61
5.17908e-61
1.63903e-60
5.0922e-60
1.55296e-59
4.64889e-59
1.36615e-58
3.9415e-58
1.11659e-57
3.10642e-57
8.48784e-57
2.27788e-56
6.00417e-56
1.55424e-55
3.95037e-55
9.85532e-55
2.41223e-54
5.7892e-54
1.36124e-53
3.13291e-53
7.04916e-53
1.54572e-52
3.27443e-52
6.62855e-52
1.26316e-51
2.22283e-51
3.47303e-51
4.41642e-51
1.84706e-105
8.53288e-105
3.94806e-104
1.82245e-103
8.39338e-103
3.85636e-102
1.76734e-101
8.08105e-101
3.68562e-100
1.67607e-99
7.60239e-99
3.44049e-98
1.55338e-97
6.99294e-97
3.13829e-96
1.40506e-95
6.27343e-95
2.79329e-94
1.24076e-93
5.49752e-93
2.4283e-92
1.06976e-91
4.69904e-91
2.05761e-90
8.99218e-90
3.91962e-89
1.70262e-88
7.37592e-88
3.18714e-87
1.37308e-86
5.89663e-86
2.52501e-85
1.0781e-84
4.58926e-84
1.9473e-83
8.23946e-83
3.47604e-82
1.46171e-81
6.12806e-81
2.56175e-80
1.06777e-79
4.43579e-79
1.83718e-78
7.58656e-78
3.12337e-77
1.28178e-76
5.24171e-76
2.13637e-75
8.67799e-75
3.51298e-74
1.41704e-73
5.69423e-73
2.27933e-72
9.08763e-72
3.60861e-71
1.42666e-70
5.61376e-70
2.19818e-69
8.56173e-69
3.31591e-68
1.27637e-67
4.88009e-67
1.85211e-66
6.97208e-66
2.60104e-65
9.60788e-65
3.51066e-64
1.26767e-63
4.51911e-63
1.58893e-62
5.5049e-62
1.87773e-61
6.30171e-61
2.07965e-60
6.74628e-60
2.15069e-59
6.7373e-59
2.07394e-58
6.27412e-58
1.86564e-57
5.454e-57
1.56787e-56
4.43307e-56
1.23307e-55
3.3746e-55
9.08769e-55
2.40825e-54
6.27992e-54
1.6113e-53
4.06731e-53
1.00992e-52
2.46641e-52
5.92457e-52
1.40039e-51
3.26073e-51
7.39942e-51
1.61555e-50
3.33368e-50
6.24022e-50
9.57234e-50
3.6531e-105
1.68975e-104
7.82898e-104
3.61817e-103
1.66926e-102
7.68148e-102
3.52413e-101
1.61425e-100
7.37672e-100
3.36072e-99
1.52714e-98
6.9227e-98
3.13143e-97
1.41278e-96
6.35631e-96
2.85144e-95
1.27569e-94
5.69416e-94
2.53414e-93
1.12502e-92
4.98341e-92
2.20143e-91
9.69623e-91
4.25898e-90
1.86557e-89
8.15084e-89
3.55197e-88
1.54329e-87
6.687e-87
2.88982e-86
1.24562e-85
5.35111e-85
2.2915e-84
9.78934e-84
4.16974e-83
1.77056e-82
7.49777e-82
3.16603e-81
1.33274e-80
5.59265e-80
2.33948e-79
9.75653e-79
4.05772e-78
1.68325e-77
6.96255e-77
2.86921e-76
1.1783e-75
4.82648e-75
1.97043e-74
8.0154e-74
3.25076e-73
1.31364e-72
5.28994e-72
2.12249e-71
8.48104e-71
3.37496e-70
1.33727e-69
5.2746e-69
2.0702e-68
8.08316e-68
3.13835e-67
1.21095e-66
4.6408e-66
1.76527e-65
6.65978e-65
2.48997e-64
9.2182e-64
3.37627e-63
1.22232e-62
4.37038e-62
1.54196e-61
5.36423e-61
1.83879e-60
6.20744e-60
2.06285e-59
6.74646e-59
2.17102e-58
6.874e-58
2.14154e-57
6.56535e-57
1.98096e-56
5.88382e-56
1.72068e-55
4.95543e-55
1.40568e-54
3.92804e-54
1.08145e-53
2.93364e-53
7.84146e-53
2.0653e-52
5.36017e-52
1.37097e-51
3.45655e-51
8.59547e-51
2.11013e-50
5.09073e-50
1.18917e-49
2.64549e-49
5.39313e-49
9.15727e-49
6.14341e-105
2.84308e-104
1.31826e-103
6.09628e-103
2.81265e-102
1.29485e-101
5.94708e-101
2.72433e-100
1.24489e-99
5.67782e-99
2.58346e-98
1.17242e-97
5.3069e-97
2.3958e-96
1.07895e-95
4.84662e-95
2.17117e-94
9.69813e-94
4.31859e-93
1.91856e-92
8.50768e-92
3.76246e-91
1.65929e-90
7.29827e-90
3.1998e-89
1.39957e-88
6.10698e-88
2.65732e-87
1.1529e-86
4.98877e-86
2.15312e-85
9.26619e-85
3.97644e-84
1.70131e-83
7.2573e-83
3.08622e-82
1.30908e-81
5.53829e-81
2.33531e-80
9.81584e-80
4.11402e-79
1.71975e-78
7.16813e-78
2.97807e-77
1.23324e-76
5.09112e-76
2.0955e-75
8.59976e-75
3.5177e-74
1.43474e-73
5.83372e-73
2.36373e-72
9.5435e-72
3.83901e-71
1.53886e-70
6.14494e-70
2.44406e-69
9.67882e-69
3.81513e-68
1.49652e-67
5.83973e-67
2.26573e-66
8.73593e-66
3.3455e-65
1.27175e-64
4.79563e-64
1.79264e-63
6.63786e-63
2.43294e-62
8.82059e-62
3.16102e-61
1.11899e-60
3.91037e-60
1.34827e-59
4.58466e-59
1.53696e-58
5.07857e-58
1.65376e-57
5.30671e-57
1.67801e-56
5.22881e-56
1.60578e-55
4.86066e-55
1.45039e-54
4.26685e-54
1.23768e-53
3.54019e-53
9.98569e-53
2.7776e-52
7.61894e-52
2.06084e-51
5.49706e-51
1.44616e-50
3.75389e-50
9.62182e-50
2.43089e-49
5.97267e-49
1.40661e-48
3.0694e-48
5.70048e-48
8.6742e-105
4.01105e-104
1.85883e-103
8.59403e-103
3.96221e-102
1.8232e-101
8.37181e-101
3.83252e-100
1.74995e-99
7.97518e-99
3.62752e-98
1.64574e-97
7.44417e-97
3.35867e-96
1.51183e-95
6.79011e-95
3.04076e-94
1.35724e-93
6.04159e-93
2.68223e-92
1.18791e-91
5.24909e-91
2.31344e-90
1.01677e-89
4.4561e-89
1.94775e-88
8.49331e-88
3.69431e-87
1.60182e-86
6.92545e-86
2.98614e-85
1.28474e-84
5.51157e-84
2.3558e-83
1.00406e-82
4.26792e-82
1.80861e-81
7.64166e-81
3.21899e-80
1.35187e-79
5.66322e-79
2.36475e-78
9.84168e-78
4.08302e-77
1.68811e-76
6.95989e-76
2.86206e-75
1.17316e-74
4.79258e-74
1.95211e-73
7.92634e-73
3.20761e-72
1.29355e-71
5.19871e-71
2.08241e-70
8.31107e-70
3.30368e-69
1.30787e-68
5.15575e-68
2.02305e-67
7.89832e-67
3.06706e-66
1.18417e-65
4.54413e-65
1.73235e-64
6.55791e-64
2.46388e-63
9.18269e-63
3.39299e-62
1.24232e-61
4.50517e-61
1.61733e-60
5.74488e-60
2.01818e-59
7.00902e-59
2.40557e-58
8.15667e-58
2.73177e-57
9.03516e-57
2.95075e-56
9.51475e-56
3.02909e-55
9.52075e-55
2.95444e-54
9.0516e-54
2.73791e-53
8.17605e-53
2.41029e-52
7.0137e-52
2.01425e-51
5.70798e-51
1.59579e-50
4.40091e-50
1.19731e-49
3.21475e-49
8.51748e-49
2.20379e-48
5.50007e-48
1.28614e-47
2.61815e-47
1.01011e-104
4.66412e-104
2.15757e-103
9.95959e-103
4.5859e-102
2.10625e-101
9.65244e-101
4.41272e-100
2.01194e-99
9.152e-99
4.15363e-98
1.8801e-97
8.48783e-97
3.82199e-96
1.71685e-95
7.6924e-95
3.43713e-94
1.53147e-93
6.80671e-93
3.01585e-92
1.33187e-91
5.86914e-91
2.58e-90
1.13093e-89
4.94405e-89
2.15513e-88
9.37052e-88
4.06396e-87
1.75712e-86
7.57552e-86
3.25657e-85
1.39585e-84
5.96648e-84
2.54271e-83
1.08021e-82
4.57558e-82
1.93184e-81
8.1292e-81
3.41105e-80
1.42692e-79
5.95016e-79
2.47286e-78
1.02405e-77
4.22786e-77
1.74053e-76
7.14275e-76
2.92168e-75
1.19117e-74
4.84116e-74
1.96087e-73
7.91523e-73
3.18491e-72
1.27735e-71
5.10545e-71
2.03319e-70
8.06807e-70
3.18899e-69
1.25551e-68
4.92268e-68
1.92114e-67
7.46066e-67
2.88251e-66
1.10779e-65
4.23395e-65
1.60886e-64
6.07652e-64
2.28052e-63
8.50208e-63
3.14775e-62
1.15701e-61
4.22109e-61
1.52812e-60
5.48826e-60
1.955e-59
6.9055e-59
2.41812e-58
8.39267e-58
2.8865e-57
9.83581e-57
3.32006e-56
1.10997e-55
3.67495e-55
1.20477e-54
3.9103e-54
1.25635e-53
3.99518e-53
1.25719e-52
3.91375e-52
1.20499e-51
3.66775e-51
1.10318e-50
3.27721e-50
9.61056e-50
2.78089e-49
7.93854e-49
2.23633e-48
6.17814e-48
1.6559e-47
4.19893e-47
9.45609e-47
9.4954e-105
4.37519e-104
2.01908e-103
9.29671e-103
4.27012e-102
1.95575e-101
8.9352e-101
4.0722e-100
1.85117e-99
8.39518e-99
3.79729e-98
1.71265e-97
7.70561e-97
3.45902e-96
1.54873e-95
6.9134e-95
3.07731e-94
1.36592e-93
6.04592e-93
2.66835e-92
1.17398e-91
5.15021e-91
2.25383e-90
9.83791e-90
4.28203e-89
1.85814e-88
8.03763e-88
3.46768e-87
1.49213e-86
6.40069e-86
2.73728e-85
1.16663e-84
4.95614e-84
2.09959e-83
8.86813e-83
3.73296e-82
1.56596e-81
6.54585e-81
2.72706e-80
1.13266e-79
4.68771e-79
1.93305e-78
7.94299e-78
3.25237e-77
1.32731e-76
5.39859e-76
2.18852e-75
8.84163e-75
3.5595e-74
1.42779e-73
5.70677e-73
2.27305e-72
9.02071e-72
3.56653e-71
1.40461e-70
5.51035e-70
2.15321e-69
8.37935e-69
3.24676e-68
1.25204e-67
4.80461e-67
1.83466e-66
6.97071e-66
2.635e-65
9.90871e-65
3.70628e-64
1.3788e-63
5.10119e-63
1.87682e-62
6.86663e-62
2.49825e-61
9.03895e-61
3.25254e-60
1.1641e-59
4.14449e-59
1.46794e-58
5.173e-58
1.81387e-57
6.32889e-57
2.19747e-56
7.59293e-56
2.61088e-55
8.93401e-55
3.042e-54
1.03055e-53
3.47296e-53
1.16392e-52
3.87775e-52
1.28365e-51
4.21933e-51
1.37601e-50
4.44796e-50
1.42359e-49
4.50581e-49
1.40863e-48
4.34349e-48
1.31905e-47
3.90386e-47
1.09993e-46
2.78885e-46
7.03856e-105
3.23393e-104
1.48794e-103
6.82856e-103
3.12548e-102
1.42663e-101
6.49476e-101
2.94898e-100
1.33554e-99
6.03263e-99
2.71747e-98
1.2207e-97
5.46911e-97
2.44411e-96
1.08926e-95
4.84033e-95
2.14453e-94
9.47272e-94
4.17129e-93
1.83133e-92
8.01602e-92
3.49745e-91
1.52161e-90
6.60134e-90
2.85537e-89
1.23132e-88
5.29263e-88
2.26813e-87
9.69096e-87
4.12757e-86
1.75235e-85
7.41444e-85
3.1264e-84
1.31397e-83
5.50393e-83
2.29716e-82
9.55282e-82
3.95802e-81
1.63378e-80
6.71996e-80
2.75373e-79
1.12401e-78
4.57064e-78
1.85143e-77
7.47014e-77
3.00248e-76
1.20232e-75
4.7965e-75
1.90604e-74
7.54428e-74
2.97421e-73
1.16784e-72
4.5665e-72
1.77806e-71
6.89331e-71
2.66074e-70
1.02242e-69
3.9108e-69
1.48884e-68
5.63991e-68
2.12595e-67
7.9745e-67
2.97654e-66
1.1055e-65
4.08538e-65
1.50218e-64
5.49594e-64
2.00085e-63
7.24917e-63
2.61416e-62
9.38504e-62
3.35523e-61
1.19491e-60
4.24081e-60
1.50056e-59
5.29616e-59
1.86552e-58
6.56163e-58
2.30598e-57
8.10211e-57
2.84787e-56
1.0021e-55
3.53235e-55
1.24816e-54
4.42382e-54
1.57353e-53
5.61926e-53
2.01508e-52
7.25602e-52
2.62263e-51
9.50777e-51
3.453e-50
1.25417e-49
4.54572e-49
1.63929e-48
5.85554e-48
2.06564e-47
7.11637e-47
2.33286e-46
6.87804e-46
4.02117e-105
1.84182e-104
8.44642e-104
3.86227e-103
1.76108e-102
8.00782e-102
3.63132e-101
1.64226e-100
7.40744e-100
3.33189e-99
1.49439e-98
6.68359e-98
2.98087e-97
1.32564e-96
5.87797e-96
2.59853e-95
1.14522e-94
5.03144e-94
2.2034e-93
9.61816e-93
4.18482e-92
1.8149e-91
7.8457e-91
3.38078e-90
1.45213e-89
6.21718e-89
2.65337e-88
1.12868e-87
4.78465e-87
2.02148e-86
8.51157e-86
3.57111e-85
1.49296e-84
6.21912e-84
2.58082e-83
1.06688e-82
4.39336e-82
1.80207e-81
7.36244e-81
2.99562e-80
1.21373e-79
4.89718e-79
1.96768e-78
7.87243e-78
3.13606e-77
1.24385e-76
4.91222e-76
1.93142e-75
7.56005e-75
2.94584e-74
1.14258e-73
4.41076e-73
1.69444e-72
6.47756e-72
2.46392e-71
9.32465e-71
3.51059e-70
1.31481e-69
4.89841e-69
1.81506e-68
6.69023e-68
2.45324e-67
8.94921e-67
3.24777e-66
1.17261e-65
4.21231e-65
1.50565e-64
5.35592e-64
1.89642e-63
6.68552e-63
2.34736e-62
8.2118e-62
2.86366e-61
9.96028e-61
3.45751e-60
1.19867e-59
4.15348e-59
1.43967e-58
4.99628e-58
1.73777e-57
6.06428e-57
2.12589e-56
7.4966e-56
2.66323e-55
9.54806e-55
3.4613e-54
1.27171e-53
4.74844e-53
1.80768e-52
7.04203e-52
2.8183e-51
1.16309e-50
4.96262e-50
2.18946e-49
9.94035e-49
4.5851e-48
2.1047e-47
9.40689e-47
3.93654e-46
1.43969e-45
1.69675e-105
7.75032e-105
3.54387e-104
1.61542e-103
7.34181e-103
3.32714e-102
1.50347e-101
6.77466e-101
3.04415e-100
1.36395e-99
6.09299e-99
2.71377e-98
1.20513e-97
5.33558e-97
2.35498e-96
1.03616e-95
4.54427e-95
1.98643e-94
8.65388e-94
3.75722e-93
1.62564e-92
7.00946e-92
3.012e-91
1.28982e-90
5.50426e-90
2.34084e-89
9.92089e-89
4.18996e-88
1.76308e-87
7.39175e-87
3.08765e-86
1.28486e-85
5.32622e-85
2.19929e-84
9.04408e-84
3.70379e-83
1.51043e-82
6.13338e-82
2.47974e-81
9.98018e-81
3.99818e-80
1.59435e-79
6.32824e-79
2.49978e-78
9.82683e-78
3.84396e-77
1.49621e-76
5.79428e-76
2.2323e-75
8.55507e-75
3.26106e-74
1.23621e-73
4.65952e-73
1.74618e-72
6.50572e-72
2.40943e-71
8.86947e-71
3.24532e-70
1.18028e-69
4.26615e-69
1.53287e-68
5.47598e-68
1.94508e-67
6.87036e-67
2.41341e-66
8.43239e-66
2.93095e-65
1.01367e-64
3.48917e-64
1.1957e-63
4.08108e-63
1.38798e-62
4.7064e-62
1.59212e-61
5.37722e-61
1.81463e-60
6.12417e-60
2.06898e-59
7.00442e-59
2.37897e-58
8.11619e-58
2.78523e-57
9.62879e-57
3.3589e-56
1.18444e-55
4.23031e-55
1.53363e-54
5.65716e-54
2.12895e-53
8.20036e-53
3.2489e-52
1.33727e-51
5.85754e-51
2.87844e-50
1.70549e-49
1.23237e-48
9.73151e-48
7.40166e-47
4.92009e-46
2.57441e-45
3.36471e-106
1.53742e-105
7.03467e-105
3.20867e-104
1.45911e-103
6.61561e-103
2.99069e-102
1.348e-101
6.05838e-101
2.71497e-100
1.21296e-99
5.40243e-99
2.39898e-98
1.06202e-97
4.68676e-97
2.06169e-96
9.03921e-96
3.94967e-95
1.71977e-94
7.46165e-94
3.22584e-93
1.38964e-92
5.96507e-92
2.55133e-91
1.08728e-90
4.61674e-90
1.95326e-89
8.2339e-89
3.45765e-88
1.44639e-87
6.02732e-87
2.5017e-86
1.03418e-85
4.25778e-85
1.74539e-84
7.12364e-84
2.89452e-83
1.17079e-82
4.71366e-82
1.88853e-81
7.52918e-81
2.98697e-80
1.17905e-79
4.63014e-79
1.80877e-78
7.02828e-78
2.71627e-77
1.04398e-76
3.98982e-76
1.51607e-75
5.72704e-75
2.15034e-74
8.02349e-74
2.97477e-73
1.09578e-72
4.0097e-72
1.4573e-71
5.26036e-71
1.88575e-70
6.71266e-70
2.37303e-69
8.33214e-69
2.90584e-68
1.00663e-67
3.46396e-67
1.18421e-66
4.02258e-66
1.35799e-65
4.55762e-65
1.52128e-64
5.05273e-64
1.67088e-63
5.50493e-63
1.80832e-62
5.92757e-62
1.94068e-61
6.3524e-61
2.08112e-60
6.83169e-60
2.24992e-59
7.44363e-59
2.47742e-58
8.30759e-58
2.81131e-57
9.61657e-57
3.33101e-56
1.17055e-55
4.18102e-55
1.52077e-54
5.64332e-54
2.14123e-53
8.34316e-53
3.38537e-52
1.50768e-51
8.31391e-51
6.48011e-50
8.98374e-49
2.08331e-47
3.89749e-46
3.86225e-45
8.94084e-66
7.16516e-66
5.91463e-66
4.62063e-66
3.48074e-66
2.57326e-66
1.89239e-66
1.39831e-66
1.04556e-66
7.94652e-67
6.1508e-67
4.84568e-67
3.87501e-67
3.12986e-67
2.5335e-67
2.0295e-67
1.57719e-67
1.15442e-67
7.71231e-68
5.02489e-68
4.28155e-64
3.24637e-64
2.50805e-64
1.86951e-64
1.35798e-64
9.73998e-65
6.97883e-65
5.04117e-65
3.69563e-65
2.76104e-65
2.10591e-65
1.63849e-65
1.29672e-65
1.03851e-65
8.3496e-66
6.65215e-66
5.14338e-66
3.73874e-66
2.46177e-66
1.55357e-66
2.02865e-62
1.47897e-62
1.07556e-62
7.6262e-63
5.31979e-63
3.68904e-63
2.56835e-63
1.80974e-63
1.29847e-63
9.52281e-64
7.14931e-64
5.48874e-64
4.29612e-64
3.40998e-64
2.72234e-64
2.15672e-64
1.65889e-64
1.19722e-64
7.76368e-65
4.73513e-65
9.34902e-61
6.58797e-61
4.56326e-61
3.09046e-61
2.07013e-61
1.38579e-61
9.35712e-62
6.42006e-62
4.50106e-62
3.23594e-62
2.38858e-62
1.80782e-62
1.39847e-62
1.09956e-62
8.71363e-63
6.8631e-63
5.2507e-63
3.76125e-63
2.39998e-63
1.41091e-63
4.15697e-59
2.84713e-59
1.89319e-59
1.23113e-59
7.93783e-60
5.13201e-60
3.35906e-60
2.24207e-60
1.5344e-60
1.08032e-60
7.8336e-61
5.84078e-61
4.46296e-61
3.4746e-61
2.73258e-61
2.13953e-61
1.62802e-61
1.1573e-61
7.26013e-62
4.10168e-62
1.77366e-57
1.18774e-57
7.63018e-58
4.7864e-58
2.97909e-58
1.86285e-58
1.18247e-58
7.67702e-59
5.12615e-59
3.53262e-59
2.515e-59
1.8464e-59
1.39305e-59
1.07361e-59
8.37818e-60
6.52106e-60
4.93547e-60
3.48139e-60
2.14552e-60
1.16098e-60
7.23503e-56
4.76505e-56
2.97352e-56
1.80664e-56
1.08853e-56
6.59472e-57
4.06355e-57
2.56704e-57
1.67241e-57
1.12789e-57
7.88184e-58
5.69605e-58
4.24237e-58
3.23616e-58
2.5059e-58
1.93912e-58
1.46002e-58
1.02198e-58
6.18314e-59
3.19267e-59
2.81451e-54
1.83324e-54
1.11648e-54
6.59345e-55
3.85561e-55
2.26708e-55
1.35764e-55
8.3509e-56
5.31008e-56
3.50509e-56
2.40418e-56
1.71015e-56
1.2573e-56
9.49281e-57
7.29473e-57
5.61335e-57
4.20586e-57
2.92206e-57
1.73454e-57
8.51072e-58
1.04232e-52
6.74858e-53
4.02706e-53
2.31856e-53
1.31889e-53
7.53906e-54
4.39358e-54
2.63378e-54
1.63546e-54
1.05691e-54
7.11673e-55
4.98311e-55
3.61678e-55
2.7031e-55
2.06182e-55
1.57827e-55
1.17725e-55
8.12072e-56
4.72738e-56
2.19408e-56
3.66949e-51
2.37237e-51
1.39164e-51
7.83124e-52
4.34253e-52
2.41691e-52
1.37259e-52
8.02645e-53
4.86991e-53
3.08239e-53
2.03829e-53
1.40523e-53
1.00718e-53
7.45279e-54
5.64425e-54
4.29945e-54
3.19418e-54
2.18859e-54
1.2491e-54
5.45783e-55
9.34217e-50
6.07855e-50
3.53267e-50
1.95436e-50
1.06076e-50
5.76831e-51
3.1966e-51
1.82766e-51
1.08644e-51
6.74453e-52
4.383e-52
2.97706e-52
2.10724e-52
1.54401e-52
1.16091e-52
8.80687e-53
6.53566e-53
4.48096e-53
2.55251e-53
1.08974e-53
1.01157e-48
6.75333e-49
4.00448e-49
2.25137e-49
1.23827e-49
6.81515e-50
3.81927e-50
2.20863e-50
1.32844e-50
8.34142e-51
5.47522e-51
3.75285e-51
2.67622e-51
1.97418e-51
1.49299e-51
1.1396e-51
8.52192e-52
5.90251e-52
3.40966e-52
1.47294e-52
7.14394e-48
4.92823e-48
3.00579e-48
1.73366e-48
9.7715e-49
5.50928e-49
3.1608e-49
1.86921e-49
1.14907e-49
7.37289e-50
4.938e-50
3.44633e-50
2.49656e-50
1.86681e-50
1.42863e-50
1.10266e-50
8.3454e-51
5.86617e-51
3.45477e-51
1.52132e-51
3.75287e-47
2.69436e-47
1.7012e-47
1.01285e-47
5.88819e-48
3.42372e-48
2.02492e-48
1.2332e-48
7.79708e-49
5.13933e-49
3.53012e-49
2.52096e-49
1.86397e-49
1.41882e-49
1.10287e-49
8.63498e-50
6.6317e-50
4.74125e-50
2.85159e-50
1.2808e-50
1.56551e-46
1.17974e-46
7.76342e-47
4.79898e-47
2.89364e-47
1.74459e-47
1.06925e-47
6.7399e-48
4.40307e-48
2.99275e-48
2.11556e-48
1.55089e-48
1.17384e-48
9.1203e-49
7.21782e-49
5.74431e-49
4.48363e-49
3.26362e-49
2.00504e-49
9.1758e-50
5.39241e-46
4.30835e-46
2.97717e-46
1.92273e-46
1.20943e-46
7.60111e-47
4.85083e-47
3.1779e-47
2.15279e-47
1.51343e-47
1.10373e-47
8.32404e-48
6.46169e-48
5.13321e-48
4.14218e-48
3.35476e-48
2.66326e-48
1.97429e-48
1.23842e-48
5.76612e-49
1.57482e-45
1.34953e-45
9.87516e-46
6.71059e-46
4.43193e-46
2.92009e-46
1.94944e-46
1.33217e-46
9.38381e-47
6.83778e-47
5.15294e-47
4.00315e-47
3.19064e-47
2.5941e-47
2.13611e-47
1.7616e-47
1.42272e-47
1.07386e-47
6.87248e-48
3.25068e-48
3.97818e-45
3.70424e-45
2.89781e-45
2.08963e-45
1.45992e-45
1.0144e-45
7.11438e-46
5.08552e-46
3.73152e-46
2.82163e-46
2.19883e-46
1.7605e-46
1.4413e-46
1.19974e-46
1.00845e-46
8.46939e-47
6.95746e-47
5.34418e-47
3.48624e-47
1.67289e-47
8.83947e-45
9.07166e-45
7.67654e-45
5.93974e-45
4.42617e-45
3.26002e-45
2.40884e-45
1.8037e-45
1.37935e-45
1.08242e-45
8.72121e-46
7.1948e-46
6.04905e-46
5.15443e-46
4.42206e-46
3.78144e-46
3.15836e-46
2.46698e-46
1.63883e-46
7.96806e-47
1.75422e-44
2.01731e-44
1.8835e-44
1.58311e-44
1.26547e-44
9.90023e-45
7.70961e-45
6.04421e-45
4.8132e-45
3.91594e-45
3.25908e-45
2.76795e-45
2.38813e-45
2.08189e-45
1.82216e-45
1.58586e-45
1.34592e-45
1.0681e-45
7.21721e-46
3.55246e-46
7.1515e-283
5.80805e-283
4.48518e-283
3.3642e-283
2.44774e-283
1.72879e-283
1.19015e-283
8.04986e-284
5.40711e-284
3.64772e-284
2.49411e-284
1.73771e-284
1.23509e-284
8.93352e-285
6.54658e-285
4.84632e-285
3.63946e-285
2.83322e-285
2.41566e-285
2.38492e-285
1.28264e-280
1.03684e-280
7.99898e-281
5.99951e-281
4.36601e-281
3.08473e-281
2.12467e-281
1.43799e-281
9.66677e-282
6.52778e-282
4.46829e-282
3.11667e-282
2.21756e-282
1.60552e-282
1.17746e-282
8.72134e-283
6.55126e-283
5.09962e-283
4.34908e-283
4.31115e-283
2.27942e-278
1.83425e-278
1.41374e-278
1.06034e-278
7.71821e-279
5.45531e-279
3.75935e-279
2.54599e-279
1.71293e-279
1.15787e-279
7.93471e-280
5.54087e-280
3.94671e-280
2.86023e-280
2.09931e-280
1.55579e-280
1.16898e-280
9.09872e-281
7.76097e-281
7.72309e-281
4.03816e-276
3.23582e-276
2.49192e-276
1.86907e-276
1.36082e-276
9.62226e-277
6.63427e-277
4.49591e-277
3.0273e-277
2.04841e-277
1.40534e-277
9.82491e-278
7.00584e-278
5.08218e-278
3.73313e-278
2.76816e-278
2.0805e-278
1.61919e-278
1.38124e-278
1.37934e-278
7.13105e-274
5.69256e-274
4.38057e-274
3.28577e-274
2.39289e-274
1.69267e-274
1.16766e-274
7.91812e-275
5.33599e-275
3.61422e-275
2.48239e-275
1.73748e-275
1.2403e-275
9.00621e-276
6.62089e-276
4.91234e-276
3.69316e-276
2.87405e-276
2.45169e-276
2.45588e-276
1.25526e-271
9.98598e-272
7.67983e-272
5.76069e-272
4.19621e-272
2.96946e-272
2.04951e-272
1.39072e-272
9.37958e-273
6.35942e-273
4.37288e-273
3.0642e-273
2.18978e-273
1.59165e-273
1.17107e-273
8.69402e-274
6.53856e-274
5.08804e-274
4.33981e-274
4.3591e-274
2.20242e-269
1.74668e-269
1.34264e-269
1.00717e-269
7.33804e-270
5.19483e-270
3.58724e-270
2.4357e-270
1.64405e-270
1.11579e-270
7.68115e-271
5.38865e-271
3.85517e-271
2.80494e-271
2.0655e-271
1.53445e-271
1.15447e-271
8.98319e-272
7.66058e-272
7.71288e-272
3.85133e-267
3.04603e-267
2.3405e-267
1.75583e-267
1.27954e-267
9.06145e-268
6.2603e-268
4.25329e-268
2.87315e-268
1.95189e-268
1.34521e-268
9.44834e-269
6.76704e-269
4.92855e-269
3.63245e-269
2.70039e-269
2.03259e-269
1.58158e-269
1.34835e-269
1.36027e-269
6.7112e-265
5.29544e-265
4.06764e-265
3.05174e-265
2.22435e-265
1.57575e-265
1.08914e-265
7.40405e-266
5.00541e-266
3.4038e-266
2.34853e-266
1.65148e-266
1.18414e-266
8.63326e-267
6.36876e-267
4.73807e-267
3.56809e-267
2.77637e-267
2.36611e-267
2.39087e-267
1.16515e-262
9.17576e-263
7.04667e-263
5.28704e-263
3.85427e-263
2.7312e-263
1.88857e-263
1.28461e-263
8.69112e-264
5.91612e-264
4.08662e-264
2.87714e-264
2.06534e-264
1.50743e-264
1.11311e-264
8.28753e-265
6.24425e-265
4.85871e-265
4.13893e-265
4.18715e-265
2.01498e-260
1.58443e-260
1.21661e-260
9.12845e-261
6.65558e-261
4.71749e-261
3.26338e-261
2.22106e-261
1.50386e-261
1.02474e-261
7.08659e-262
4.99529e-262
3.59002e-262
2.62318e-262
1.93895e-262
1.44481e-262
1.08917e-262
8.47492e-263
7.21565e-263
7.30505e-263
3.47061e-258
2.72601e-258
2.09302e-258
1.57049e-258
1.14517e-258
8.119e-259
5.6188e-259
3.82637e-259
2.59297e-259
1.76866e-259
1.22455e-259
8.64212e-260
6.21814e-260
4.54853e-260
3.36557e-260
2.51001e-260
1.89321e-260
1.47314e-260
1.25351e-260
1.26945e-260
5.95361e-256
4.6727e-256
3.58763e-256
2.69205e-256
1.96323e-256
1.39222e-256
9.6389e-257
6.56808e-257
4.45476e-257
3.04167e-257
2.10839e-257
1.48968e-257
1.07309e-257
7.85838e-258
5.82072e-258
4.34487e-258
3.27909e-258
2.55156e-258
2.16974e-258
2.19728e-258
1.01726e-253
7.9799e-254
6.12691e-254
4.59762e-254
3.35325e-254
2.37855e-254
1.64746e-254
1.12332e-254
7.62556e-255
5.21207e-255
3.6169e-255
2.55837e-255
1.84507e-255
1.35272e-255
1.00305e-255
7.49395e-256
5.65909e-256
4.40364e-256
3.74216e-256
3.78856e-256
1.73155e-251
1.35784e-251
1.04255e-251
7.82343e-252
5.70654e-252
4.04885e-252
2.80561e-252
1.91421e-252
1.30062e-252
8.89916e-253
6.18236e-253
4.3779e-253
3.16095e-253
2.32018e-253
1.72236e-253
1.28797e-253
9.73215e-254
7.57341e-254
6.43138e-254
6.50808e-254
2.9368e-249
2.3024e-249
1.76779e-249
1.32657e-249
9.67705e-250
6.86777e-250
4.76093e-250
3.25054e-250
2.21059e-250
1.51416e-250
1.05307e-250
7.46559e-251
5.3966e-251
3.96587e-251
2.94732e-251
2.20608e-251
1.66802e-251
1.29808e-251
1.10157e-251
1.11406e-251
4.96412e-247
3.891e-247
2.98748e-247
2.24179e-247
1.63547e-247
1.16098e-247
8.05177e-248
5.50151e-248
3.74471e-248
2.56777e-248
1.78783e-248
1.26892e-248
9.18337e-249
6.75669e-249
5.02708e-249
3.76638e-249
2.8496e-249
2.21772e-249
1.88066e-249
1.90076e-249
8.36396e-245
6.55469e-245
5.03248e-245
3.77622e-245
2.7551e-245
1.95625e-245
1.3574e-245
9.28167e-246
6.32382e-246
4.34089e-246
3.02569e-246
2.15003e-246
1.55791e-246
1.14763e-246
8.54793e-247
6.41025e-247
4.85307e-247
3.77715e-247
3.20083e-247
3.23284e-247
1.40485e-242
1.10078e-242
8.45105e-243
6.34117e-243
4.62688e-243
3.28608e-243
2.2813e-243
1.56116e-243
1.06471e-243
7.31597e-244
5.10479e-244
3.63195e-244
2.63512e-244
1.94348e-244
1.44911e-244
1.08777e-244
8.24053e-245
6.41391e-245
5.43143e-245
5.48184e-245
2.35249e-240
1.84303e-240
1.41489e-240
1.06161e-240
7.7467e-241
5.50332e-241
3.82249e-241
2.61807e-241
1.78721e-241
1.22937e-241
8.58777e-242
6.11758e-242
4.44406e-242
3.2815e-242
2.44955e-242
1.84053e-242
1.39517e-242
1.08595e-242
9.18955e-243
9.26794e-243
3.92743e-238
3.07649e-238
2.36169e-238
1.77197e-238
1.29311e-238
9.18888e-239
6.38604e-239
4.37739e-239
2.99111e-239
2.05979e-239
1.44064e-239
1.02747e-239
7.47278e-240
5.52471e-240
4.12899e-240
3.10521e-240
2.35526e-240
1.83334e-240
1.5503e-240
1.5623e-240
6.53674e-236
5.11989e-236
3.9301e-236
2.94877e-236
2.15212e-236
1.52971e-236
1.06374e-236
7.29726e-237
4.99114e-237
3.44089e-237
2.40946e-237
1.72064e-237
1.25302e-237
9.27533e-238
6.93974e-238
5.22365e-238
3.96463e-238
3.08619e-238
2.6078e-238
2.62581e-238
1.0846e-233
8.49444e-234
6.52019e-234
4.89219e-234
3.57102e-234
2.53901e-234
1.7666e-234
1.21282e-234
8.30347e-235
5.73069e-235
4.0176e-235
2.87293e-235
2.09486e-235
1.55266e-235
1.16293e-235
8.7621e-236
6.6546e-236
5.18013e-236
4.37377e-236
4.40012e-236
1.79399e-231
1.40495e-231
1.07839e-231
8.09161e-232
5.90725e-232
4.20133e-232
2.92488e-232
2.00951e-232
1.37718e-232
9.51467e-233
6.67877e-233
4.78247e-233
3.49191e-233
2.59138e-233
1.94305e-233
1.46546e-233
1.11369e-233
8.66907e-234
7.31371e-234
7.35098e-234
2.95797e-229
2.31644e-229
1.778e-229
1.33418e-229
9.74166e-230
6.93031e-230
4.82743e-230
3.31908e-230
2.27685e-230
1.57495e-230
1.10704e-230
7.93739e-231
5.80341e-231
4.31205e-231
3.23681e-231
2.44361e-231
1.85824e-231
1.44642e-231
1.21927e-231
1.22429e-231
4.86155e-227
3.80713e-227
2.92221e-227
2.19288e-227
1.60142e-227
1.13963e-227
7.94215e-228
5.46508e-228
3.75285e-228
2.59917e-228
1.82938e-228
1.3134e-228
9.61592e-229
7.15328e-229
5.37548e-229
4.06225e-229
3.09111e-229
2.40597e-229
2.02638e-229
2.03267e-229
7.96429e-225
6.23695e-225
4.78742e-225
3.5928e-225
2.62413e-225
1.86805e-225
1.30251e-225
8.97025e-226
6.16653e-226
4.27621e-226
3.01359e-226
2.16663e-226
1.58842e-226
1.18296e-226
8.90013e-227
6.73274e-227
5.12631e-227
3.98982e-227
3.35734e-227
3.3642e-227
1.30045e-222
1.01842e-222
7.81771e-223
5.86749e-223
4.28615e-223
3.05208e-223
2.12933e-223
1.46764e-223
1.01002e-223
7.01289e-224
4.94909e-224
3.563e-224
2.61552e-224
1.95032e-224
1.46925e-224
1.11251e-224
8.47551e-225
6.5959e-225
5.54506e-225
5.55029e-225
2.11641e-220
1.65747e-220
1.27241e-220
9.551e-221
6.97818e-221
4.97059e-221
3.4699e-221
2.39364e-221
1.64907e-221
1.14642e-221
8.1018e-222
5.84095e-222
4.29356e-222
3.20584e-222
2.418e-222
1.83258e-222
1.39692e-222
1.087e-222
9.12937e-223
9.12759e-223
3.43286e-218
2.68856e-218
2.06414e-218
1.5496e-218
1.13241e-218
8.06902e-219
5.63623e-219
3.89163e-219
2.68391e-219
1.86806e-219
1.32203e-219
9.54516e-220
7.02657e-220
5.25324e-220
3.96671e-220
3.00915e-220
2.29508e-220
1.78569e-220
1.49826e-220
1.49621e-220
5.54951e-216
4.34654e-216
3.33742e-216
2.50591e-216
1.83164e-216
1.30561e-216
9.12519e-217
6.30634e-217
4.35415e-217
3.03446e-217
2.15048e-217
1.55495e-217
1.14632e-217
8.58074e-218
6.48641e-218
4.92535e-218
3.75871e-218
2.92415e-218
2.45093e-218
2.44462e-218
8.94113e-214
7.00342e-214
5.37815e-214
4.03892e-214
2.95281e-214
2.10557e-214
1.47251e-214
1.01852e-214
7.04073e-215
4.91352e-215
3.48706e-215
2.52503e-215
1.86405e-215
1.39704e-215
1.05727e-215
8.03608e-216
6.13611e-216
4.77309e-216
3.99638e-216
3.98112e-216
1.43568e-211
1.12463e-211
8.63757e-212
6.48787e-212
4.74427e-212
3.38438e-212
2.36825e-212
1.63956e-212
1.13478e-212
7.93001e-213
5.63594e-213
4.08691e-213
3.02105e-213
2.26713e-213
1.71783e-213
1.30694e-213
9.98511e-214
7.76596e-214
6.49508e-214
6.46198e-214
2.29741e-209
1.7998e-209
1.38253e-209
1.03865e-209
7.5969e-210
5.42139e-210
3.79608e-210
2.63051e-210
1.8229e-210
1.27567e-210
9.07955e-211
6.59285e-211
4.88004e-211
3.66721e-211
2.78205e-211
2.11863e-211
1.61959e-211
1.25944e-211
1.05214e-211
1.0454e-211
3.66371e-207
2.8704e-207
2.20528e-207
1.65708e-207
1.21232e-207
8.65494e-208
6.06411e-208
4.20619e-208
2.91852e-208
2.04537e-208
1.4578e-208
1.06002e-208
7.85739e-209
5.91268e-209
4.49083e-209
3.42327e-209
2.61839e-209
2.03579e-209
1.69875e-209
1.68557e-209
5.82222e-205
4.56194e-205
3.50546e-205
2.6346e-205
1.928e-205
1.37702e-205
9.65462e-206
6.70336e-206
4.65705e-206
3.2683e-206
2.33259e-206
1.69865e-206
1.26096e-206
9.50194e-207
7.22534e-207
5.51324e-207
4.21931e-207
3.27988e-207
2.73362e-207
2.70863e-207
9.22001e-203
7.22496e-203
5.55276e-203
4.17425e-203
3.05563e-203
2.18346e-203
1.53192e-203
1.06466e-203
7.40563e-204
5.20454e-204
3.72008e-204
2.71307e-204
2.01691e-204
1.5219e-204
1.15868e-204
8.84985e-205
6.77655e-205
5.26678e-205
4.38425e-205
4.33793e-205
1.45492e-200
1.14023e-200
8.76497e-201
6.59067e-201
4.826e-201
3.45017e-201
2.42234e-201
1.68511e-201
1.17357e-201
8.25982e-202
5.91348e-202
4.31915e-202
3.21525e-202
2.42945e-202
1.85191e-202
1.41586e-202
1.08476e-202
8.42914e-203
7.00787e-203
6.92356e-203
2.28773e-198
1.79312e-198
1.37867e-198
1.03694e-198
7.59552e-199
5.43286e-199
3.81719e-199
2.65808e-199
1.85343e-199
1.30643e-199
9.36802e-200
6.85264e-200
5.1087e-200
3.86539e-200
2.94999e-200
2.25759e-200
1.7306e-200
1.34446e-200
1.11633e-200
1.10122e-200
3.58443e-196
2.80984e-196
2.16088e-196
1.62571e-196
1.19126e-196
8.52532e-197
5.99432e-197
4.17825e-197
2.91704e-197
2.05921e-197
1.47896e-197
1.08352e-197
8.08984e-198
6.12925e-198
4.68331e-198
3.58747e-198
2.7515e-198
2.13712e-198
1.77215e-198
1.74542e-198
5.59595e-194
4.3873e-194
3.37483e-194
2.53976e-194
1.86173e-194
1.33304e-194
9.38006e-195
6.54491e-195
4.57517e-195
3.23451e-195
2.32691e-195
1.70742e-195
1.27669e-195
9.68545e-196
7.40923e-196
5.68113e-196
4.35975e-196
3.3855e-196
2.80352e-196
2.75678e-196
8.70468e-192
6.82562e-192
5.25179e-192
3.95352e-192
2.89919e-192
2.07698e-192
1.46265e-192
1.02163e-192
7.15097e-193
5.06289e-193
3.64819e-193
2.68127e-193
2.00779e-193
1.5251e-193
1.16808e-193
8.96571e-194
6.88429e-194
5.34457e-194
4.41964e-194
4.33873e-194
1.3491e-189
1.05805e-189
8.14305e-190
6.13199e-190
4.49859e-190
3.2247e-190
2.27267e-190
1.5891e-190
1.11373e-190
7.89712e-191
5.69949e-191
4.19573e-191
3.14633e-191
2.39313e-191
1.83516e-191
1.40999e-191
1.08327e-191
8.40773e-192
6.94278e-192
6.80405e-192
2.08323e-187
1.63408e-187
1.258e-187
9.47634e-188
6.95496e-188
4.98859e-188
3.5187e-188
2.46303e-188
1.7284e-188
1.22739e-188
8.87262e-189
6.54196e-189
4.91294e-189
3.74207e-189
2.87313e-189
2.20969e-189
1.69857e-189
1.31799e-189
1.08676e-189
1.06317e-189
3.20489e-185
2.51437e-185
1.9363e-185
1.45909e-185
1.07131e-185
7.6889e-186
5.42805e-186
3.80355e-186
2.67259e-186
1.90091e-186
1.37632e-186
1.01633e-186
7.64382e-187
5.8307e-187
4.48246e-187
3.45079e-187
2.65399e-187
2.05877e-187
1.69506e-187
1.65525e-187
4.91194e-183
3.85437e-183
2.96917e-183
2.23825e-183
1.64409e-183
1.1807e-183
8.34233e-184
5.85183e-184
4.11778e-184
2.93351e-184
2.12728e-184
1.5733e-184
1.18504e-184
9.05277e-185
6.96809e-185
5.3694e-185
4.13198e-185
3.20444e-185
2.6343e-185
2.56763e-185
7.49959e-181
5.88607e-181
4.53582e-181
3.4206e-181
2.51378e-181
1.80632e-181
1.27733e-181
8.97067e-182
6.32158e-182
4.51074e-182
3.27638e-182
2.42689e-182
1.8307e-182
1.4004e-182
1.07919e-182
8.32414e-183
6.4098e-183
4.96963e-183
4.0791e-183
3.96824e-183
1.14065e-178
8.95437e-179
6.90275e-179
5.20784e-179
3.82914e-179
2.75309e-179
1.94852e-179
1.37011e-179
9.66944e-180
6.91114e-180
5.02795e-180
3.72999e-180
2.81782e-180
2.15831e-180
1.6652e-180
1.28582e-180
9.90767e-181
7.67948e-181
6.29331e-181
6.11013e-181
1.72817e-176
1.35696e-176
1.04647e-176
7.8987e-177
5.81071e-177
4.18052e-177
2.96128e-177
2.08478e-177
1.47359e-177
1.05494e-177
7.68715e-178
5.7116e-178
4.32102e-178
3.31408e-178
2.56018e-178
1.97912e-178
1.52595e-178
1.18242e-178
9.67386e-179
9.37308e-179
2.60811e-174
2.04839e-174
1.58034e-174
1.19341e-174
8.78412e-175
6.3241e-175
4.4837e-175
3.16031e-175
2.23713e-175
1.60422e-175
1.17087e-175
8.71314e-176
6.60135e-176
5.07027e-176
3.92215e-176
3.03522e-176
2.34164e-176
1.81391e-176
1.48154e-176
1.43244e-176
3.92065e-172
3.08006e-172
2.37733e-172
1.79618e-172
1.32279e-172
9.52961e-173
6.76285e-173
4.77245e-173
3.38314e-173
2.43019e-173
1.77666e-173
1.3243e-173
1.00482e-173
7.72902e-174
5.98675e-174
4.63775e-174
3.58018e-174
2.77245e-174
2.26052e-174
2.18084e-174
5.8704e-170
4.61303e-170
3.56221e-170
2.69283e-170
1.98424e-170
1.43034e-170
1.01604e-170
7.17915e-171
5.09709e-171
3.66729e-171
2.6858e-171
2.00534e-171
1.52389e-171
1.17388e-171
9.10403e-172
7.06016e-172
5.4537e-172
4.22185e-172
3.43613e-172
3.30752e-172
8.75462e-168
6.88141e-168
5.31645e-168
4.0211e-168
2.96469e-168
2.1385e-168
1.52052e-168
1.07586e-168
7.65052e-169
5.5133e-169
4.0448e-169
3.02514e-169
2.30251e-169
1.77613e-169
1.37922e-169
1.07079e-169
8.27657e-170
6.40479e-170
5.20328e-170
4.99686e-170
1.30032e-165
1.02239e-165
7.9028e-166
5.98073e-166
4.41209e-166
3.18485e-166
2.2668e-166
1.60606e-166
1.14385e-166
8.257e-167
6.06825e-167
4.54594e-167
3.46574e-167
2.6772e-167
2.08167e-167
1.6179e-167
1.25131e-167
9.67976e-168
7.84915e-168
7.5196e-168
1.92348e-163
1.51283e-163
1.17001e-163
8.85982e-164
6.54008e-164
4.72453e-164
3.36608e-164
2.38804e-164
1.70355e-164
1.23186e-164
9.0686e-165
6.80537e-165
5.19674e-165
4.01995e-165
3.12991e-165
2.43533e-165
1.88471e-165
1.45738e-165
1.17949e-165
1.12715e-165
2.83362e-161
2.22941e-161
1.72519e-161
1.30721e-161
9.6556e-162
6.98082e-162
4.97857e-162
3.53691e-162
2.52719e-162
1.83054e-162
1.3499e-162
1.01489e-162
7.76221e-163
6.01329e-163
4.68807e-163
3.65188e-163
2.82789e-163
2.18581e-163
1.76551e-163
1.68282e-163
4.15719e-159
3.2719e-159
2.53342e-159
1.92089e-159
1.41978e-159
1.02729e-159
7.33444e-160
5.21783e-160
3.73424e-160
2.70948e-160
2.00169e-160
1.50754e-160
1.15494e-160
8.96101e-161
6.99532e-161
5.45497e-161
4.22659e-161
3.26567e-161
2.63237e-161
2.50237e-161
6.07365e-157
4.78203e-157
3.70508e-157
2.8112e-157
2.07926e-157
1.50565e-157
1.07616e-157
7.66655e-158
5.49607e-158
3.9949e-158
2.9567e-158
2.23061e-158
1.71169e-158
1.33005e-158
1.0397e-158
8.1167e-159
6.29272e-159
4.85999e-159
3.90929e-159
3.70595e-159
8.83649e-155
6.96008e-155
5.39625e-155
4.09731e-155
3.03272e-155
2.19779e-155
1.57256e-155
1.1219e-155
8.05676e-156
5.86677e-156
4.35e-156
3.28752e-156
2.5267e-156
1.9663e-156
1.5392e-156
1.20299e-156
9.33201e-157
7.20408e-157
5.78235e-157
5.46588e-157
1.28019e-152
1.00877e-152
7.82662e-153
5.94714e-153
4.40521e-153
3.19498e-153
2.28845e-153
1.63508e-153
1.17624e-153
8.58111e-154
6.37417e-154
4.82588e-154
3.71506e-154
2.89553e-154
2.2697e-154
1.77587e-154
1.3784e-154
1.06361e-154
8.51818e-155
8.02813e-155
1.8468e-150
1.45588e-150
1.13039e-150
8.59596e-151
6.3721e-151
4.62559e-151
3.3167e-151
2.37324e-151
1.7102e-151
1.25003e-151
9.30279e-152
7.05528e-152
5.44047e-152
4.24687e-152
3.33346e-152
2.61099e-152
2.02779e-152
1.56396e-152
1.24971e-152
1.17421e-152
2.65274e-148
2.09219e-148
1.6257e-148
1.23722e-148
9.17858e-149
6.66901e-149
4.78738e-149
3.43041e-149
2.47639e-149
1.81351e-149
1.35217e-149
1.02724e-149
7.93466e-150
6.20356e-150
4.87585e-150
3.82318e-150
2.97102e-150
2.29038e-150
1.82593e-150
1.71017e-150
3.79388e-146
2.99368e-146
2.32806e-146
1.77317e-146
1.31653e-146
9.57459e-147
6.8812e-147
4.93783e-147
3.57114e-147
2.62022e-147
1.95727e-147
1.48955e-147
1.15248e-147
9.02436e-148
7.10249e-148
5.5752e-148
4.33532e-148
3.34051e-148
2.65676e-148
2.48015e-148
5.40215e-144
4.26496e-144
3.31947e-144
2.53039e-144
1.88028e-144
1.36874e-144
9.84904e-145
7.07816e-145
5.12835e-145
3.77002e-145
2.82134e-145
2.15091e-145
1.66705e-145
1.30739e-145
1.03029e-145
8.09659e-146
6.30012e-146
4.85199e-146
3.84941e-146
3.58131e-146
7.65815e-142
6.04942e-142
4.71247e-142
3.59536e-142
2.6739e-142
1.9483e-142
1.40372e-142
1.01038e-142
7.3339e-143
5.4013e-143
4.04969e-143
3.09285e-143
2.40133e-143
1.88612e-143
1.48837e-143
1.17099e-143
9.11726e-144
7.01783e-144
5.55383e-144
5.14884e-144
1.08078e-139
8.54245e-140
6.66065e-140
5.08622e-140
3.78596e-140
2.76125e-140
1.99198e-140
1.43606e-140
1.0443e-140
7.70557e-141
5.7883e-141
4.42852e-141
3.44431e-141
2.70941e-141
2.14115e-141
1.68649e-141
1.31385e-141
1.01077e-141
7.97877e-142
7.37e-142
1.51839e-137
1.20088e-137
9.37241e-138
7.16348e-138
5.33684e-138
3.89623e-138
2.81426e-138
2.03216e-138
1.48054e-138
1.09461e-138
8.2386e-139
6.31467e-139
4.91922e-139
3.8757e-139
3.06725e-139
2.4186e-139
1.88533e-139
1.44964e-139
1.14134e-139
1.05028e-139
2.12344e-135
1.6805e-135
1.31289e-135
1.0044e-135
7.48937e-136
5.4732e-136
3.95843e-136
2.86313e-136
2.09005e-136
1.5483e-136
1.16756e-136
8.96549e-137
6.99623e-137
5.52087e-137
4.37508e-137
3.45376e-137
2.69393e-137
2.07025e-137
1.62562e-137
1.49006e-137
2.95581e-133
2.34086e-133
1.83071e-133
1.4019e-133
1.04629e-133
7.65445e-134
5.54361e-134
4.01635e-134
2.93768e-134
2.18064e-134
1.64756e-134
1.26743e-134
9.90763e-135
7.83031e-135
6.21381e-135
4.91094e-135
3.83284e-135
2.94387e-135
2.30532e-135
2.10449e-135
4.09522e-131
3.24559e-131
2.54107e-131
1.94781e-131
1.45512e-131
1.06575e-131
7.72967e-132
5.61021e-132
4.11112e-132
3.05782e-132
2.31479e-132
1.784e-132
1.39686e-132
1.10574e-132
8.7876e-133
6.95288e-133
5.4297e-133
4.16805e-133
3.25489e-133
2.95876e-133
5.6471e-129
4.47902e-129
3.51083e-129
2.69394e-129
2.01454e-129
1.47726e-129
1.07299e-129
7.80193e-130
5.72812e-130
4.26913e-130
3.2379e-130
2.49993e-130
1.96076e-130
1.55469e-130
1.23729e-130
9.80078e-131
7.65847e-131
5.87562e-131
4.57527e-131
4.14066e-131
7.75016e-127
6.1522e-127
4.82821e-127
3.70872e-127
2.77628e-127
2.03841e-127
1.48278e-127
1.08007e-127
7.94579e-128
5.93399e-128
4.50899e-128
3.4876e-128
2.74027e-128
2.17619e-128
1.73436e-128
1.37544e-128
1.07547e-128
8.24626e-129
6.40249e-129
5.7677e-129
1.05856e-124
8.41045e-125
6.60892e-125
5.0822e-125
3.80837e-125
2.79972e-125
2.03972e-125
1.48849e-125
1.09724e-125
8.21077e-126
6.25116e-126
4.84417e-126
3.81245e-126
3.03231e-126
2.42019e-126
1.92168e-126
1.50357e-126
1.15218e-126
8.91893e-127
7.99621e-127
1.43885e-122
1.14428e-122
9.00379e-123
6.93192e-123
5.19996e-123
3.82737e-123
2.79284e-123
2.04194e-123
1.50834e-123
1.13097e-123
8.62788e-124
6.69826e-124
5.27969e-124
4.20585e-124
3.36189e-124
2.67282e-124
2.09265e-124
1.60261e-124
1.23678e-124
1.1033e-124
1.94624e-120
1.54933e-120
1.22081e-120
9.41015e-121
7.06673e-121
5.20755e-121
3.80611e-121
2.78802e-121
2.06381e-121
1.55084e-121
1.18541e-121
9.2189e-122
7.27802e-122
5.80706e-122
4.64891e-122
3.70096e-122
2.89948e-122
2.21909e-122
1.70718e-122
1.51501e-122
2.61954e-118
2.08754e-118
1.64731e-118
1.2713e-118
9.5578e-119
7.05224e-119
5.16257e-119
3.78884e-119
2.81066e-119
2.11661e-119
1.62117e-119
1.26295e-119
9.98755e-120
7.98184e-120
6.39951e-120
5.10123e-120
3.99909e-120
3.05869e-120
2.34558e-120
2.07024e-120
3.50818e-116
2.79886e-116
2.21201e-116
1.70923e-116
1.28646e-116
9.50501e-117
6.96985e-117
5.12532e-117
3.81e-117
2.87519e-117
2.20664e-117
1.7223e-117
1.36433e-117
1.09206e-117
8.76914e-118
6.99907e-118
5.49035e-118
4.19655e-118
3.20766e-118
2.81506e-118
4.67466e-114
3.73399e-114
2.9558e-114
2.28686e-114
1.72323e-114
1.27496e-114
9.36515e-115
6.90076e-115
5.14064e-115
3.88748e-115
2.98947e-115
2.33768e-115
1.85496e-115
1.48722e-115
1.19607e-115
9.55879e-116
7.50301e-116
5.73104e-116
4.3659e-116
3.80878e-116
6.19748e-112
4.95676e-112
3.93034e-112
3.04481e-112
2.29709e-112
1.70192e-112
1.25233e-112
9.24679e-113
6.90315e-113
5.2315e-113
4.0309e-113
3.15789e-113
2.51019e-113
2.01592e-113
1.6238e-113
1.29936e-113
1.02053e-113
7.78975e-114
5.91395e-114
5.12724e-114
8.1745e-110
6.54696e-110
5.20043e-110
4.03411e-110
3.04711e-110
2.26087e-110
1.66651e-110
1.23306e-110
9.22537e-111
7.00629e-111
5.40889e-111
4.24561e-111
3.38108e-111
2.71977e-111
2.19411e-111
1.75788e-111
1.38148e-111
1.05376e-111
7.97217e-112
6.86668e-112
1.07268e-107
8.60371e-108
6.84678e-108
5.3185e-108
4.02222e-108
2.98868e-108
2.2068e-108
1.63625e-108
1.22688e-108
9.33752e-109
7.22352e-109
5.6808e-109
4.53231e-109
3.65183e-109
2.95059e-109
2.36688e-109
1.86118e-109
1.41862e-109
1.06941e-109
9.14834e-110
1.40032e-105
1.12493e-105
8.96935e-106
6.97699e-106
5.28303e-106
3.9312e-106
2.90793e-106
2.16057e-106
1.62364e-106
1.23838e-106
9.60079e-107
7.56479e-107
6.04611e-107
4.87966e-107
3.94896e-107
3.17155e-107
2.49524e-107
1.90049e-107
1.42744e-107
1.21237e-107
1.8185e-103
1.46333e-103
1.1691e-103
9.10687e-104
6.90426e-104
5.14521e-104
3.81294e-104
2.83888e-104
2.13821e-104
1.63446e-104
1.26977e-104
1.00248e-104
8.02636e-105
6.48917e-105
5.25959e-105
4.22889e-105
3.32879e-105
2.53346e-105
1.89576e-105
1.59801e-105
2.34919e-101
1.89377e-101
1.51618e-101
1.18274e-101
8.97787e-102
6.70067e-102
4.97479e-102
3.71192e-102
2.80195e-102
2.14674e-102
1.67105e-102
1.32185e-102
1.06037e-102
8.58804e-103
6.97057e-103
5.61056e-103
4.41868e-103
3.36031e-103
2.50487e-103
2.09476e-103
3.01874e-99
2.43819e-99
1.95635e-99
1.52835e-99
1.16161e-99
8.68316e-100
6.45845e-100
4.82927e-100
3.65369e-100
2.80563e-100
2.1884e-100
1.73448e-100
1.39406e-100
1.13091e-100
9.19127e-101
7.40615e-101
5.8358e-101
4.43438e-101
3.29257e-101
2.73057e-101
3.85863e-97
3.12296e-97
2.51155e-97
1.96505e-97
1.49548e-97
1.11963e-97
8.34375e-98
6.25216e-98
4.74088e-98
3.64834e-98
2.85178e-98
2.26487e-98
1.8235e-98
1.48162e-98
1.20576e-98
9.72676e-99
7.66797e-99
5.82159e-99
4.3052e-99
3.53901e-99
4.90623e-95
3.97956e-95
3.20809e-95
2.51385e-95
1.91578e-95
1.43659e-95
1.07271e-95
8.0551e-96
6.12106e-96
4.72047e-96
3.69761e-96
2.94242e-96
2.37317e-96
1.9312e-96
1.57375e-96
1.27086e-96
1.00227e-96
7.60255e-97
5.599e-97
4.55989e-97
6.20571e-93
5.04539e-93
4.07745e-93
3.2e-93
2.44212e-93
1.83437e-93
1.37246e-93
1.03277e-93
7.86454e-94
6.07758e-94
4.77042e-94
3.80325e-94
3.07283e-94
2.50423e-94
2.04341e-94
1.65167e-94
1.30304e-94
9.87458e-95
7.24131e-95
5.83964e-95
7.80906e-91
6.36479e-91
5.15715e-91
4.05375e-91
3.0982e-91
2.33121e-91
1.74764e-91
1.31776e-91
1.00555e-91
7.7864e-92
6.12389e-92
4.89097e-92
3.9581e-92
3.23039e-92
2.63912e-92
2.13497e-92
1.68476e-92
1.27542e-92
9.31187e-93
7.43152e-93
9.77749e-89
7.99029e-89
6.49194e-89
5.11134e-89
3.91242e-89
2.94899e-89
2.21503e-89
1.67348e-89
1.27948e-89
9.92623e-90
7.82151e-90
6.25754e-90
5.07189e-90
4.1451e-90
3.39009e-90
2.7445e-90
2.16609e-90
1.63792e-90
1.19036e-90
9.39534e-91
1.21834e-86
9.9844e-87
8.13545e-87
6.41632e-87
4.91892e-87
3.71399e-87
2.79488e-87
2.11554e-87
1.62031e-87
1.25918e-87
9.93892e-88
7.96483e-88
6.46513e-88
5.29008e-88
4.33067e-88
3.50813e-88
2.7688e-88
2.0909e-88
1.51223e-88
1.17962e-88
1.51138e-84
1.24225e-84
1.01527e-84
8.02157e-85
6.15918e-85
4.65825e-85
3.51169e-85
2.66269e-85
2.04255e-85
1.58969e-85
1.25669e-85
1.00856e-85
8.19699e-86
6.71393e-86
5.50056e-86
4.45786e-86
3.51779e-86
2.65244e-86
1.90856e-86
1.47023e-86
1.8675e-82
1.53973e-82
1.26241e-82
9.99266e-83
7.68453e-83
5.82107e-83
4.39529e-83
3.33757e-83
2.56358e-83
1.99769e-83
1.58119e-83
1.27046e-83
1.03356e-83
8.47217e-84
6.94487e-84
5.62971e-84
4.44083e-84
3.34249e-84
2.39197e-84
1.81811e-84
2.30019e-80
1.90264e-80
1.56522e-80
1.24129e-80
9.55969e-81
7.25159e-81
5.48257e-81
4.16784e-81
3.20424e-81
2.49906e-81
1.97971e-81
1.59188e-81
1.29585e-81
1.06268e-81
8.7133e-82
7.06304e-82
5.56798e-82
4.18237e-82
2.97543e-82
2.22938e-82
2.82733e-78
2.34656e-78
1.93731e-78
1.53916e-78
1.18688e-78
9.01275e-79
6.81988e-79
5.18752e-79
3.98965e-79
3.11256e-79
2.46644e-79
1.98375e-79
1.61506e-79
1.32448e-79
1.08587e-79
8.79909e-80
6.9303e-80
5.19355e-80
3.6712e-80
2.70861e-80
3.47424e-76
2.89327e-76
2.39755e-76
1.90791e-76
1.47253e-76
1.11874e-76
8.46672e-77
6.43906e-77
4.95019e-77
3.86015e-77
3.05747e-77
2.45801e-77
2.00023e-77
1.63951e-77
1.3434e-77
1.08782e-77
8.5574e-78
6.3957e-78
4.48925e-78
3.25757e-78
4.2796e-74
3.57521e-74
2.97366e-74
2.3691e-74
1.82879e-74
1.3888e-74
1.0501e-74
7.97597e-75
6.12261e-75
4.76719e-75
3.77052e-75
3.02721e-75
2.46033e-75
2.01429e-75
1.64871e-75
1.33353e-75
1.04737e-75
7.80372e-76
5.43502e-76
3.87355e-76
5.30858e-72
4.44442e-72
3.70872e-72
2.9552e-72
2.27865e-72
1.72712e-72
1.30266e-72
9.8661e-73
7.55095e-73
5.86229e-73
4.62417e-73
3.70345e-73
3.0033e-73
2.45405e-73
2.00526e-73
1.6193e-73
1.2693e-73
9.42344e-74
6.50628e-74
4.54733e-74
6.68373e-70
5.59032e-70
4.67328e-70
3.71701e-70
2.85647e-70
2.15588e-70
1.61827e-70
1.21949e-70
9.2868e-71
7.17606e-71
5.63622e-71
4.49672e-71
3.63445e-71
2.96134e-71
2.414e-71
1.94521e-71
1.52107e-71
1.1246e-71
7.68936e-72
5.26098e-72
8.6663e-68
7.17861e-68
5.98909e-68
4.73683e-68
3.61453e-68
2.70678e-68
2.01547e-68
1.50674e-68
1.13877e-68
8.73834e-69
6.82068e-69
5.41221e-69
4.35415e-69
3.53411e-69
2.87187e-69
2.30796e-69
1.79953e-69
1.3242e-69
8.95555e-70
5.98612e-70
3.18232e-44
4.29509e-44
4.50742e-44
4.1358e-44
3.54837e-44
2.94747e-44
2.41801e-44
1.98426e-44
1.64515e-44
1.38762e-44
1.19299e-44
1.04326e-44
9.23911e-45
8.24291e-45
7.36305e-45
6.52425e-45
5.62725e-45
4.53698e-45
3.11913e-45
1.55658e-45
9.77258e-44
1.51711e-43
1.74955e-43
1.73015e-43
1.58334e-43
1.39252e-43
1.20216e-43
1.03225e-43
8.91008e-44
7.79214e-44
6.92228e-44
6.23562e-44
5.67151e-44
5.18214e-44
4.72835e-44
4.26933e-44
3.74474e-44
3.06802e-44
2.14505e-44
1.08252e-44
3.4396e-43
5.77568e-43
7.04412e-43
7.32197e-43
7.01729e-43
6.4425e-43
5.78755e-43
5.15316e-43
4.59603e-43
4.14082e-43
3.7802e-43
3.49106e-43
3.24787e-43
3.02908e-43
2.81553e-43
2.58481e-43
2.30092e-43
1.91123e-43
1.3554e-43
6.90589e-44
1.33855e-42
2.34408e-42
2.9529e-42
3.16873e-42
3.13441e-42
2.96798e-42
2.74699e-42
2.51534e-42
2.30182e-42
2.12356e-42
1.98164e-42
1.8675e-42
1.77e-42
1.67923e-42
1.58565e-42
1.47679e-42
1.33152e-42
1.11911e-42
8.03394e-43
4.12927e-43
5.57114e-42
9.98139e-42
1.28079e-41
1.40191e-41
1.41619e-41
1.37028e-41
1.29617e-41
1.21217e-41
1.13135e-41
1.0631e-41
1.00928e-41
9.66504e-42
9.29757e-42
8.94425e-42
8.55746e-42
8.06797e-42
7.35475e-42
6.24407e-42
4.5299e-42
2.3473e-42
2.42232e-41
4.39505e-41
5.69899e-41
6.31377e-41
6.46609e-41
6.34981e-41
6.10093e-41
5.79549e-41
5.49028e-41
5.2319e-41
5.0333e-41
4.88001e-41
4.74926e-41
4.61956e-41
4.46752e-41
4.25542e-41
3.91577e-41
3.35324e-41
2.45479e-41
1.28185e-41
1.08305e-40
1.97849e-40
2.58064e-40
2.87968e-40
2.9752e-40
2.95104e-40
2.86697e-40
2.75495e-40
2.63927e-40
2.54183e-40
2.47004e-40
2.41737e-40
2.37357e-40
2.32872e-40
2.27165e-40
2.18228e-40
2.02411e-40
1.74622e-40
1.28833e-40
6.77719e-41
4.92704e-40
9.02869e-40
1.18139e-39
1.32371e-39
1.37524e-39
1.37318e-39
1.34451e-39
1.30292e-39
1.25884e-39
1.22207e-39
1.19655e-39
1.17921e-39
1.16556e-39
1.15112e-39
1.13065e-39
1.09376e-39
1.02127e-39
8.86687e-40
6.58579e-40
3.48912e-40
2.26388e-39
4.15107e-39
5.4397e-39
6.108e-39
6.36754e-39
6.3857e-39
6.28669e-39
6.13007e-39
5.96143e-39
5.82262e-39
5.73309e-39
5.6786e-39
5.6402e-39
5.59828e-39
5.52843e-39
5.37818e-39
5.04961e-39
4.40819e-39
3.29309e-39
1.75677e-39
1.04521e-38
1.91419e-38
2.50931e-38
2.82027e-38
2.94607e-38
2.96265e-38
2.92785e-38
2.86801e-38
2.80366e-38
2.75142e-38
2.72033e-38
2.70386e-38
2.69484e-38
2.68493e-38
2.66256e-38
2.60182e-38
2.45392e-38
2.15215e-38
1.61581e-38
8.67851e-39
4.83089e-38
8.82418e-38
1.15622e-37
1.29987e-37
1.3594e-37
1.36935e-37
1.35685e-37
1.33371e-37
1.30929e-37
1.29005e-37
1.27945e-37
1.27424e-37
1.27282e-37
1.27189e-37
1.26543e-37
1.24094e-37
1.17461e-37
1.03411e-37
7.79827e-38
4.21659e-38
2.22924e-37
4.05706e-37
5.31042e-37
5.96929e-37
6.24592e-37
6.29766e-37
6.25174e-37
6.16214e-37
6.07178e-37
6.00295e-37
5.96441e-37
5.94675e-37
5.9484e-37
5.95727e-37
5.94212e-37
5.84389e-37
5.54722e-37
4.89865e-37
3.70866e-37
2.01872e-37
1.02504e-36
1.85725e-36
2.42761e-36
2.72773e-36
2.85467e-36
2.87944e-36
2.8619e-36
2.82751e-36
2.79544e-36
2.77075e-36
2.7549e-36
2.74875e-36
2.75232e-36
2.76127e-36
2.75967e-36
2.72005e-36
2.58762e-36
2.29075e-36
1.74051e-36
9.53734e-37
4.69002e-36
8.45538e-36
1.10336e-35
1.23909e-35
1.29686e-35
1.30826e-35
1.30123e-35
1.28804e-35
1.27651e-35
1.2674e-35
1.26086e-35
1.25877e-35
1.26127e-35
1.26722e-35
1.26831e-35
1.25225e-35
1.19326e-35
1.05852e-35
8.06977e-36
4.4515e-36
2.13306e-35
3.82483e-35
4.98157e-35
5.59076e-35
5.85101e-35
5.9026e-35
5.87436e-35
5.82198e-35
5.77862e-35
5.74548e-35
5.71936e-35
5.71272e-35
5.72621e-35
5.75894e-35
5.76929e-35
5.70398e-35
5.44283e-35
4.83681e-35
3.69933e-35
2.05432e-35
9.63549e-35
1.7179e-34
2.23272e-34
2.50388e-34
2.61986e-34
2.64309e-34
2.63126e-34
2.60972e-34
2.59375e-34
2.58201e-34
2.5714e-34
2.5693e-34
2.5759e-34
2.5919e-34
2.59833e-34
2.57109e-34
2.45637e-34
2.18662e-34
1.67765e-34
9.37901e-35
4.32027e-34
7.65678e-34
9.9292e-34
1.11253e-33
1.1636e-33
1.17386e-33
1.16861e-33
1.16044e-33
1.15479e-33
1.15026e-33
1.1454e-33
1.14465e-33
1.14773e-33
1.15519e-33
1.15877e-33
1.14746e-33
1.09728e-33
9.78367e-34
7.52953e-34
4.23786e-34
1.92178e-33
3.3851e-33
4.37953e-33
4.90216e-33
5.1247e-33
5.16791e-33
5.14633e-33
5.11758e-33
5.09765e-33
5.07738e-33
5.05602e-33
5.05122e-33
5.06272e-33
5.09854e-33
5.11778e-33
5.07117e-33
4.85322e-33
4.33383e-33
3.34539e-33
1.89567e-33
8.47776e-33
1.48393e-32
1.91513e-32
2.14127e-32
2.23718e-32
2.25561e-32
2.2481e-32
2.23648e-32
2.22902e-32
2.22002e-32
2.21023e-32
2.20788e-32
2.21321e-32
2.22879e-32
2.23827e-32
2.21919e-32
2.12552e-32
1.90084e-32
1.47166e-32
8.39603e-33
3.70767e-32
6.44816e-32
8.30071e-32
9.27015e-32
9.67848e-32
9.75946e-32
9.73139e-32
9.68497e-32
9.65271e-32
9.6109e-32
9.56599e-32
9.55888e-32
9.58876e-32
9.65378e-32
9.69359e-32
9.61731e-32
9.21821e-32
8.25513e-32
6.41017e-32
3.6822e-32
1.60706e-31
2.77659e-31
3.565e-31
3.97675e-31
4.14913e-31
4.18382e-31
4.17204e-31
4.15439e-31
4.1387e-31
4.11934e-31
4.10141e-31
4.10086e-31
4.11362e-31
4.14283e-31
4.15883e-31
4.12694e-31
3.95854e-31
3.54979e-31
2.76461e-31
1.59904e-31
6.90142e-31
1.18443e-30
1.51667e-30
1.68979e-30
1.76185e-30
1.77659e-30
1.77226e-30
1.76419e-30
1.7566e-30
1.74876e-30
1.74192e-30
1.74244e-30
1.74826e-30
1.76061e-30
1.76726e-30
1.75367e-30
1.68305e-30
1.5113e-30
1.18055e-30
6.87573e-31
2.93563e-30
5.00396e-30
6.38981e-30
7.11018e-30
7.4098e-30
7.47247e-30
7.45315e-30
7.4169e-30
7.38471e-30
7.35136e-30
7.32501e-30
7.32957e-30
7.35778e-30
7.41009e-30
7.43763e-30
7.37929e-30
7.08483e-30
6.37053e-30
4.99135e-30
2.92739e-30
1.23655e-29
2.0933e-29
2.6655e-29
2.96225e-29
3.08573e-29
3.11167e-29
3.10311e-29
3.08744e-29
3.0734e-29
3.0597e-29
3.04891e-29
3.05199e-29
3.06525e-29
3.08876e-29
3.0998e-29
3.07457e-29
2.95283e-29
2.65878e-29
2.08945e-29
1.23408e-29
5.15687e-29
8.66924e-29
1.10077e-28
1.22175e-28
1.27198e-28
1.28254e-28
1.27889e-28
1.27208e-28
1.26589e-28
1.26036e-28
1.2563e-28
1.25827e-28
1.26448e-28
1.27457e-28
1.27899e-28
1.26819e-28
1.21838e-28
1.09858e-28
8.65951e-29
5.15075e-29
2.12877e-28
3.55368e-28
4.4992e-28
4.98713e-28
5.18999e-28
5.2327e-28
5.21659e-28
5.18745e-28
5.16011e-28
5.13659e-28
5.12308e-28
5.13434e-28
5.16531e-28
5.20569e-28
5.22374e-28
5.17801e-28
4.97622e-28
4.49308e-28
3.55251e-28
2.12813e-28
8.69703e-28
1.4416e-27
1.81973e-27
2.01455e-27
2.09588e-27
2.11315e-27
2.10684e-27
2.09347e-27
2.08112e-27
2.07128e-27
2.06718e-27
2.07275e-27
2.08773e-27
2.10415e-27
2.11138e-27
2.09241e-27
2.01163e-27
1.81872e-27
1.44238e-27
8.7026e-28
3.51623e-27
5.78704e-27
7.2829e-27
8.0528e-27
8.37469e-27
8.44411e-27
8.41821e-27
8.3597e-27
8.3072e-27
8.2662e-27
8.25382e-27
8.28179e-27
8.34455e-27
8.41204e-27
8.4426e-27
8.36605e-27
8.04673e-27
7.28456e-27
5.7948e-27
3.52148e-27
1.40678e-26
2.29876e-26
2.88411e-26
3.18474e-26
3.31014e-26
3.3379e-26
3.32702e-26
3.30329e-26
3.28094e-26
3.26421e-26
3.26125e-26
3.27354e-26
3.2988e-26
3.32633e-26
3.33895e-26
3.30853e-26
3.18406e-26
2.88636e-26
2.30309e-26
1.40971e-26
5.56887e-26
9.0344e-26
1.12999e-25
1.24596e-25
1.29411e-25
1.30492e-25
1.30057e-25
1.29097e-25
1.28172e-25
1.2754e-25
1.27492e-25
1.27964e-25
1.28993e-25
1.30074e-25
1.30567e-25
1.29391e-25
1.24621e-25
1.13118e-25
9.05334e-26
5.58177e-26
2.18085e-25
3.51232e-25
4.37914e-25
4.82115e-25
5.00426e-25
5.0442e-25
5.02572e-25
4.98856e-25
4.95429e-25
4.93093e-25
4.92938e-25
4.94695e-25
4.98726e-25
5.02833e-25
5.04852e-25
5.00386e-25
4.82308e-25
4.38389e-25
3.51931e-25
2.18565e-25
8.44705e-25
1.35043e-24
1.67818e-24
1.84461e-24
1.91347e-24
1.92758e-24
1.92025e-24
1.9061e-24
1.89394e-24
1.88537e-24
1.88447e-24
1.89083e-24
1.90623e-24
1.92189e-24
1.92994e-24
1.91342e-24
1.84536e-24
1.6797e-24
1.35264e-24
8.46227e-25
3.23512e-24
5.1335e-24
6.35806e-24
6.97697e-24
7.2318e-24
7.28208e-24
7.25499e-24
7.20179e-24
7.15894e-24
7.12505e-24
7.11918e-24
7.14274e-24
7.20271e-24
7.26369e-24
7.29337e-24
7.2331e-24
6.97981e-24
6.36216e-24
5.13952e-24
3.23911e-24
1.22477e-23
1.92886e-23
2.38083e-23
2.60805e-23
2.70077e-23
2.71916e-23
2.70974e-23
2.69049e-23
2.67476e-23
2.66083e-23
2.65743e-23
2.66647e-23
2.68976e-23
2.71391e-23
2.72463e-23
2.7022e-23
2.60948e-23
2.38205e-23
1.93032e-23
1.22558e-23
4.58215e-23
7.16165e-23
8.80922e-23
9.63293e-23
9.96504e-23
1.00331e-22
1.00021e-22
9.93542e-23
9.87497e-23
9.82009e-23
9.80276e-23
9.83575e-23
9.92724e-23
1.00173e-22
1.00573e-22
9.97676e-23
9.6419e-23
8.81461e-23
7.16556e-23
4.58336e-23
1.69363e-22
2.6269e-22
3.21998e-22
3.51471e-22
3.63241e-22
3.65791e-22
3.6469e-22
3.624e-22
3.60145e-22
3.58119e-22
3.5751e-22
3.58539e-22
3.61928e-22
3.6519e-22
3.66697e-22
3.63919e-22
3.52044e-22
3.22328e-22
2.62856e-22
1.69389e-22
6.18311e-22
9.51685e-22
1.16245e-21
1.2666e-21
1.3079e-21
1.31715e-21
1.31339e-21
1.30549e-21
1.2974e-21
1.29041e-21
1.28827e-21
1.29126e-21
1.30298e-21
1.31482e-21
1.32065e-21
1.31129e-21
1.26977e-21
1.16447e-21
9.52667e-22
6.18533e-22
2.22918e-21
3.4047e-21
4.14411e-21
4.50764e-21
4.65061e-21
4.68302e-21
4.67125e-21
4.64458e-21
4.61611e-21
4.59058e-21
4.58192e-21
4.59392e-21
4.63342e-21
4.67515e-21
4.69734e-21
4.66705e-21
4.52336e-21
4.15508e-21
3.41045e-21
2.23107e-21
7.93522e-21
1.20261e-20
1.45864e-20
1.58394e-20
1.63286e-20
1.64405e-20
1.63988e-20
1.63104e-20
1.62138e-20
1.61185e-20
1.60912e-20
1.61387e-20
1.6272e-20
1.6415e-20
1.64966e-20
1.64014e-20
1.59114e-20
1.464e-20
1.20564e-20
7.94752e-21
2.78852e-20
4.19326e-20
5.06805e-20
5.4941e-20
5.65996e-20
5.69762e-20
5.6813e-20
5.65168e-20
5.61993e-20
5.5875e-20
5.57834e-20
5.59641e-20
5.64302e-20
5.68873e-20
5.71761e-20
5.68999e-20
5.5256e-20
5.09235e-20
4.20787e-20
2.79525e-20
9.67197e-20
1.44306e-19
1.7379e-19
1.88088e-19
1.93656e-19
1.94872e-19
1.94263e-19
1.9325e-19
1.92208e-19
1.91121e-19
1.90766e-19
1.91481e-19
1.93124e-19
1.94559e-19
1.9557e-19
1.94815e-19
1.8939e-19
1.74825e-19
1.44956e-19
9.70452e-20
3.31045e-19
4.90044e-19
5.88068e-19
6.3542e-19
6.53795e-19
6.57566e-19
6.55535e-19
6.52117e-19
6.485e-19
6.44851e-19
6.43784e-19
6.46249e-19
6.51725e-19
6.56446e-19
6.60071e-19
6.58115e-19
6.40437e-19
5.92173e-19
4.92714e-19
3.32462e-19
1.11787e-18
1.64173e-18
1.96313e-18
2.11764e-18
2.17715e-18
2.18887e-18
2.1823e-18
2.17079e-18
2.15837e-18
2.14596e-18
2.14303e-18
2.15177e-18
2.16873e-18
2.18434e-18
2.19755e-18
2.19305e-18
2.1359e-18
1.97826e-18
1.65185e-18
1.12346e-18
3.7233e-18
5.42479e-18
6.46326e-18
6.95976e-18
7.15067e-18
7.18794e-18
7.16563e-18
7.12594e-18
7.083e-18
7.04041e-18
7.03236e-18
7.0646e-18
7.11734e-18
7.17036e-18
7.21569e-18
7.20544e-18
7.02279e-18
6.5157e-18
5.46048e-18
3.74355e-18
1.2229e-17
1.76755e-17
2.0982e-17
2.25548e-17
2.31571e-17
2.32713e-17
2.31999e-17
2.30664e-17
2.29083e-17
2.2771e-17
2.2748e-17
2.2851e-17
2.30287e-17
2.32145e-17
2.33624e-17
2.33328e-17
2.27591e-17
2.1154e-17
1.77941e-17
1.22978e-17
3.95988e-17
5.67772e-17
6.71521e-17
7.20614e-17
7.39194e-17
7.42541e-17
7.4024e-17
7.35703e-17
7.30329e-17
7.26029e-17
7.25239e-17
7.28415e-17
7.3423e-17
7.40408e-17
7.45436e-17
7.44648e-17
7.26885e-17
6.76859e-17
5.71492e-17
3.98182e-17
1.26377e-16
1.79742e-16
2.11796e-16
2.26871e-16
2.32517e-16
2.33487e-16
2.32727e-16
2.31171e-16
2.29409e-16
2.28087e-16
2.2786e-16
2.28859e-16
2.30599e-16
2.32553e-16
2.34264e-16
2.34156e-16
2.28743e-16
2.13378e-16
1.80844e-16
1.27033e-16
3.97377e-16
5.60588e-16
6.58065e-16
7.03593e-16
7.20433e-16
7.23223e-16
7.20854e-16
7.15793e-16
7.09907e-16
7.05654e-16
7.04941e-16
7.08198e-16
7.13435e-16
7.19562e-16
7.25004e-16
7.25089e-16
7.08984e-16
6.62543e-16
5.63661e-16
3.99202e-16
1.23069e-15
1.72195e-15
2.01369e-15
2.14891e-15
2.19818e-15
2.20593e-15
2.19846e-15
2.18262e-15
2.16357e-15
2.14946e-15
2.14754e-15
2.15738e-15
2.17353e-15
2.19284e-15
2.20996e-15
2.21058e-15
2.16335e-15
2.02546e-15
1.72983e-15
1.23526e-15
3.75274e-15
5.20747e-15
6.0663e-15
6.46129e-15
6.60304e-15
6.62337e-15
6.59905e-15
6.54943e-15
6.49079e-15
6.44761e-15
6.44167e-15
6.46967e-15
6.51879e-15
6.57825e-15
6.6311e-15
6.63384e-15
6.497e-15
6.09442e-15
5.22529e-15
3.76242e-15
1.12618e-14
1.54976e-14
1.79831e-14
1.91171e-14
1.95166e-14
1.95676e-14
1.94925e-14
1.93413e-14
1.91644e-14
1.90371e-14
1.90152e-14
1.90973e-14
1.9247e-14
1.94207e-14
1.95757e-14
1.95863e-14
1.91987e-14
1.80437e-14
1.55316e-14
1.12769e-14
3.3245e-14
4.53665e-14
5.24339e-14
5.56314e-14
5.67334e-14
5.68529e-14
5.66363e-14
5.62068e-14
5.56866e-14
5.5306e-14
5.52286e-14
5.54628e-14
5.59036e-14
5.64069e-14
5.68566e-14
5.68812e-14
5.58009e-14
5.25502e-14
4.54144e-14
3.32509e-14
9.64992e-14
1.30576e-13
1.50314e-13
1.59156e-13
1.62119e-13
1.62406e-13
1.61799e-13
1.60626e-13
1.5921e-13
1.58081e-13
1.57773e-13
1.58396e-13
1.59657e-13
1.611e-13
1.62387e-13
1.62473e-13
1.59508e-13
1.50513e-13
1.30594e-13
9.64234e-14
2.75317e-13
3.69395e-13
4.23518e-13
4.4747e-13
4.55309e-13
4.56027e-13
4.54302e-13
4.51153e-13
4.47449e-13
4.44256e-13
4.43333e-13
4.44717e-13
4.4816e-13
4.5221e-13
4.55916e-13
4.56326e-13
4.48326e-13
4.23834e-13
3.69207e-13
2.74906e-13
7.71753e-13
1.0267e-12
1.17233e-12
1.23598e-12
1.25652e-12
1.25811e-12
1.25336e-12
1.24499e-12
1.23513e-12
1.22687e-12
1.22435e-12
1.22742e-12
1.23651e-12
1.24752e-12
1.25796e-12
1.25948e-12
1.23834e-12
1.17286e-12
1.02578e-12
7.70269e-13
2.12467e-12
2.80248e-12
3.18681e-12
3.35298e-12
3.40613e-12
3.40922e-12
3.396e-12
3.37357e-12
3.34857e-12
3.328e-12
3.32006e-12
3.32922e-12
3.3528e-12
3.38153e-12
3.40933e-12
3.41441e-12
3.35999e-12
3.18834e-12
2.7997e-12
2.12025e-12
5.74265e-12
7.50991e-12
8.50447e-12
8.93055e-12
9.06506e-12
9.06955e-12
9.03181e-12
8.97356e-12
8.91305e-12
8.86246e-12
8.84207e-12
8.86741e-12
8.92597e-12
9.00029e-12
9.073e-12
9.08974e-12
8.95227e-12
8.51118e-12
7.50373e-12
5.73134e-12
1.52329e-11
1.97498e-11
2.2273e-11
2.3343e-11
2.36724e-11
2.36736e-11
2.35654e-11
2.34252e-11
2.3286e-11
2.31642e-11
2.31143e-11
2.3176e-11
2.33238e-11
2.35135e-11
2.36994e-11
2.37507e-11
2.34125e-11
2.23012e-11
1.97409e-11
1.52078e-11
3.96379e-11
5.09497e-11
5.722e-11
5.98482e-11
6.06289e-11
6.05999e-11
6.03193e-11
6.00001e-11
5.96756e-11
5.94014e-11
5.92698e-11
5.94138e-11
5.97873e-11
6.02735e-11
6.07371e-11
6.08787e-11
6.007e-11
5.73296e-11
5.09537e-11
3.95926e-11
1.01134e-10
1.28874e-10
1.44127e-10
1.50445e-10
1.52244e-10
1.52105e-10
1.51423e-10
1.50688e-10
1.49924e-10
1.49324e-10
1.49027e-10
1.49381e-10
1.50273e-10
1.51493e-10
1.52647e-10
1.53024e-10
1.51129e-10
1.44512e-10
1.28968e-10
1.01084e-10
2.529e-10
3.1948e-10
3.55792e-10
3.70646e-10
3.74702e-10
3.74257e-10
3.72505e-10
3.70835e-10
3.69196e-10
3.67847e-10
3.67243e-10
3.68132e-10
3.70241e-10
3.73111e-10
3.75979e-10
3.76967e-10
3.72646e-10
3.57008e-10
3.19921e-10
2.5294e-10
6.19538e-10
7.75856e-10
8.60395e-10
8.94473e-10
9.03434e-10
9.02062e-10
8.97715e-10
8.9412e-10
8.90663e-10
8.87773e-10
8.86624e-10
8.8861e-10
8.93573e-10
9.00068e-10
9.07077e-10
9.09638e-10
8.99947e-10
8.63859e-10
7.77342e-10
6.19972e-10
1.48609e-09
1.84487e-09
2.03721e-09
2.11358e-09
2.13287e-09
2.12862e-09
2.11879e-09
2.11091e-09
2.10343e-09
2.09784e-09
2.09613e-09
2.10028e-09
2.11096e-09
2.12601e-09
2.14228e-09
2.14877e-09
2.12755e-09
2.04624e-09
1.84905e-09
1.48766e-09
3.48869e-09
4.29319e-09
4.72056e-09
4.88776e-09
4.92807e-09
4.91598e-09
4.89376e-09
4.8754e-09
4.86111e-09
4.85169e-09
4.8492e-09
4.85767e-09
4.88003e-09
4.91351e-09
4.95021e-09
4.96616e-09
4.92113e-09
4.74241e-09
4.30348e-09
3.49284e-09
8.01093e-09
9.77213e-09
1.0699e-08
1.10566e-08
1.11379e-08
1.11054e-08
1.10523e-08
1.10118e-08
1.0988e-08
1.09729e-08
1.09697e-08
1.09882e-08
1.10343e-08
1.11035e-08
1.11846e-08
1.12242e-08
1.11314e-08
1.07481e-08
9.79484e-09
8.01994e-09
1.79824e-08
2.17436e-08
2.37049e-08
2.44494e-08
2.46047e-08
2.45236e-08
2.44026e-08
2.43154e-08
2.42715e-08
2.42532e-08
2.42587e-08
2.42904e-08
2.43791e-08
2.4523e-08
2.46967e-08
2.47927e-08
2.46096e-08
2.38085e-08
2.17893e-08
1.79986e-08
3.94347e-08
4.72637e-08
5.13073e-08
5.2813e-08
5.30956e-08
5.2906e-08
5.26429e-08
5.24562e-08
5.23757e-08
5.23634e-08
5.23898e-08
5.24421e-08
5.2601e-08
5.28985e-08
5.32677e-08
5.34914e-08
5.31445e-08
5.15168e-08
4.7349e-08
3.94577e-08
8.44248e-08
1.00293e-07
1.08408e-07
1.11366e-07
1.11865e-07
1.11441e-07
1.10871e-07
1.10487e-07
1.10353e-07
1.10339e-07
1.10399e-07
1.10515e-07
1.10806e-07
1.11389e-07
1.12156e-07
1.12671e-07
1.12035e-07
1.08818e-07
1.00443e-07
8.44448e-08
1.76316e-07
2.07606e-07
2.23441e-07
2.29091e-07
2.29951e-07
2.29008e-07
2.27783e-07
2.27036e-07
2.26852e-07
2.2683e-07
2.26892e-07
2.27158e-07
2.27768e-07
2.28874e-07
2.30388e-07
2.31534e-07
2.30423e-07
2.24232e-07
2.07864e-07
1.76307e-07
3.58928e-07
4.18893e-07
4.48922e-07
4.59425e-07
4.60805e-07
4.58721e-07
4.5626e-07
4.54881e-07
4.54627e-07
4.54577e-07
4.54661e-07
4.55163e-07
4.56425e-07
4.5861e-07
4.61506e-07
4.63872e-07
4.62011e-07
4.50449e-07
4.19366e-07
3.58861e-07
7.11684e-07
8.23258e-07
8.78546e-07
8.97509e-07
8.99459e-07
8.9516e-07
8.90667e-07
8.8822e-07
8.87512e-07
8.87275e-07
8.87645e-07
8.88614e-07
8.91034e-07
8.95217e-07
9.00853e-07
9.05512e-07
9.02501e-07
8.81548e-07
8.24249e-07
7.11605e-07
1.37339e-06
1.57472e-06
1.67345e-06
1.70663e-06
1.70913e-06
1.70117e-06
1.69321e-06
1.68878e-06
1.687e-06
1.68624e-06
1.68672e-06
1.68861e-06
1.69327e-06
1.70104e-06
1.71192e-06
1.72095e-06
1.71636e-06
1.67955e-06
1.57707e-06
1.37367e-06
2.57744e-06
2.92938e-06
3.10015e-06
3.15636e-06
3.15961e-06
3.14582e-06
3.13178e-06
3.1234e-06
3.12043e-06
3.11858e-06
3.11858e-06
3.1215e-06
3.13028e-06
3.14463e-06
3.16449e-06
3.1814e-06
3.17493e-06
3.11244e-06
2.93498e-06
2.5792e-06
4.70049e-06
5.29581e-06
5.5817e-06
5.67405e-06
5.67812e-06
5.65429e-06
5.63048e-06
5.61665e-06
5.61096e-06
5.60763e-06
5.60739e-06
5.61198e-06
5.62611e-06
5.65068e-06
5.68586e-06
5.71602e-06
5.70755e-06
5.60516e-06
5.30805e-06
4.70608e-06
8.32424e-06
9.29737e-06
9.76016e-06
9.90736e-06
9.91207e-06
9.87063e-06
9.83192e-06
9.81057e-06
9.80036e-06
9.79456e-06
9.79586e-06
9.80367e-06
9.82501e-06
9.86335e-06
9.92213e-06
9.97426e-06
9.96435e-06
9.80193e-06
9.32145e-06
8.33756e-06
1.43039e-05
1.5839e-05
1.65621e-05
1.67889e-05
1.67938e-05
1.67261e-05
1.66648e-05
1.66288e-05
1.66134e-05
1.66058e-05
1.66129e-05
1.66242e-05
1.6654e-05
1.67117e-05
1.68057e-05
1.68905e-05
1.68807e-05
1.66317e-05
1.58821e-05
1.43308e-05
2.38306e-05
2.61635e-05
2.72524e-05
2.75899e-05
2.75942e-05
2.74889e-05
2.73934e-05
2.73363e-05
2.73101e-05
2.7304e-05
2.73243e-05
2.73443e-05
2.73826e-05
2.74609e-05
2.76039e-05
2.77356e-05
2.77292e-05
2.73613e-05
2.6234e-05
2.38783e-05
3.84632e-05
4.18731e-05
4.34509e-05
4.39348e-05
4.39386e-05
4.37801e-05
4.36333e-05
4.35499e-05
4.35099e-05
4.35035e-05
4.35407e-05
4.3586e-05
4.36384e-05
4.37386e-05
4.3936e-05
4.41304e-05
4.41299e-05
4.36074e-05
4.19778e-05
3.85378e-05
6.00973e-05
6.48811e-05
6.70757e-05
6.77411e-05
6.77431e-05
6.75165e-05
6.73069e-05
6.71865e-05
6.71291e-05
6.7128e-05
6.71823e-05
6.72607e-05
6.73318e-05
6.74645e-05
6.77239e-05
6.79902e-05
6.79926e-05
6.72808e-05
6.50205e-05
6.01979e-05
9.08348e-05
9.72619e-05
0.000100185
0.00010106
0.000101056
0.000100749
0.000100464
0.000100297
0.000100232
0.000100246
0.000100313
0.000100408
0.000100506
0.000100685
0.000101007
0.000101357
0.000101362
0.000100431
9.74281e-05
9.09508e-05
0.000132726
0.000140974
0.000144696
0.000145791
0.000145769
0.000145377
0.000145003
0.000144787
0.000144724
0.000144748
0.000144817
0.000144926
0.000145057
0.000145293
0.000145677
0.000146108
0.000146129
0.000144967
0.000141151
0.000132839
0.000187379
0.000197456
0.000201973
0.000203271
0.000203213
0.000202737
0.000202286
0.000202022
0.000201929
0.000201947
0.000202018
0.000202154
0.00020232
0.000202606
0.000203071
0.000203578
0.000203624
0.00020225
0.000197629
0.000187468
0.000255473
0.000267158
0.000272365
0.000273825
0.000273713
0.00027314
0.000272622
0.000272314
0.000272174
0.000272167
0.000272244
0.000272388
0.000272585
0.000272942
0.000273496
0.000274085
0.000274172
0.00027263
0.000267308
0.000255524
0.000336277
0.000349095
0.000354785
0.000356342
0.00035616
0.000355478
0.000354878
0.000354514
0.000354348
0.000354315
0.000354383
0.000354512
0.000354748
0.000355184
0.000355835
0.000356521
0.000356662
0.000355018
0.000349212
0.000336292
0.000427335
0.000440583
0.000446452
0.000448022
0.000447776
0.000447012
0.000446311
0.000445865
0.000445668
0.000445622
0.000445679
0.000445807
0.000446089
0.000446591
0.000447329
0.000448102
0.0004483
0.000446644
0.000440668
0.000427326
0.000524461
0.000537303
0.000542988
0.000544486
0.000544211
0.000543406
0.000542636
0.000542115
0.000541866
0.000541805
0.000541862
0.000542014
0.000542328
0.000542878
0.000543663
0.00054447
0.000544711
0.000543142
0.000537366
0.000524447
0.000622175
0.000633797
0.000638947
0.00064029
0.000640016
0.000639239
0.000638475
0.000637937
0.000637659
0.000637579
0.000637628
0.000637795
0.000638121
0.000638672
0.000639434
0.000640205
0.000640458
0.000639065
0.000633847
0.000622166
0.000714542
0.000724317
0.000728659
0.000729788
0.000729545
0.00072887
0.000728199
0.000727712
0.000727444
0.000727359
0.000727399
0.00072755
0.000727849
0.000728343
0.00072901
0.000729678
0.000729906
0.000728744
0.000724354
0.000714538
0.000796251
0.000803849
0.000807236
0.000808123
0.000807939
0.000807418
0.000806895
0.000806509
0.000806289
0.000806213
0.00080624
0.00080636
0.0008066
0.000806991
0.000807511
0.000808028
0.000808202
0.000807294
0.000803874
0.000796249
0.000863593
0.000869007
0.000871433
0.000872079
0.000871963
0.000871607
0.000871248
0.00087098
0.000870824
0.000870766
0.000870782
0.000870866
0.000871035
0.000871307
0.000871665
0.000872018
0.000872128
0.000871468
0.000869023
0.000863591
0.000915022
0.000918524
0.000920103
0.000920533
0.000920472
0.000920258
0.000920041
0.000919879
0.000919783
0.000919746
0.000919755
0.000919807
0.000919911
0.000920075
0.000920291
0.000920503
0.00092056
0.000920122
0.000918532
0.000915019
0.000951173
0.000953207
0.00095413
0.000954388
0.000954362
0.000954249
0.000954135
0.000954049
0.000953999
0.000953979
0.000953984
0.000954012
0.000954067
0.000954153
0.000954267
0.000954379
0.000954402
0.000954139
0.000953211
0.00095117
0.000974381
0.00097543
0.000975908
0.000976045
0.000976038
0.000975986
0.000975933
0.000975894
0.000975871
0.000975862
0.000975864
0.000975877
0.000975902
0.000975942
0.000975994
0.000976045
0.000976052
0.000975912
0.000975431
0.000974379
0.000987865
0.000988339
0.000988556
0.00098862
0.000988619
0.000988598
0.000988577
0.000988562
0.000988553
0.000988549
0.00098855
0.000988555
0.000988566
0.000988581
0.000988602
0.000988622
0.000988622
0.000988558
0.000988339
0.000987864
0.000994883
0.000995067
0.000995152
0.000995177
0.000995177
0.000995171
0.000995164
0.000995158
0.000995155
0.000995154
0.000995154
0.000995156
0.00099516
0.000995165
0.000995172
0.000995179
0.000995178
0.000995152
0.000995067
0.000994883
0.000998113
0.000998173
0.0009982
0.000998208
0.000998209
0.000998207
0.000998205
0.000998204
0.000998203
0.000998202
0.000998202
0.000998203
0.000998204
0.000998206
0.000998208
0.000998209
0.000998209
0.0009982
0.000998173
0.000998113
0.000999406
0.000999421
0.000999428
0.000999431
0.000999431
0.000999431
0.00099943
0.00099943
0.000999429
0.000999429
0.000999429
0.00099943
0.00099943
0.00099943
0.000999431
0.000999431
0.000999431
0.000999428
0.000999421
0.000999406
0.000999846
0.000999849
0.00099985
0.000999851
0.000999851
0.000999851
0.000999851
0.000999851
0.000999851
0.000999851
0.000999851
0.000999851
0.000999851
0.000999851
0.000999851
0.000999851
0.000999851
0.00099985
0.000999849
0.000999846
0.00099997
0.00099997
0.00099997
0.00099997
0.00099997
0.00099997
0.00099997
0.00099997
0.00099997
0.00099997
0.00099997
0.00099997
0.00099997
0.00099997
0.00099997
0.00099997
0.00099997
0.00099997
0.00099997
0.00099997
0.000999996
0.000999996
0.000999996
0.000999996
0.000999996
0.000999996
0.000999996
0.000999996
0.000999996
0.000999996
0.000999996
0.000999996
0.000999996
0.000999996
0.000999996
0.000999996
0.000999996
0.000999996
0.000999996
0.000999996
)
;

boundaryField
{
    outlet
    {
        type            zeroGradient;
    }
    inlet1
    {
        type            fixedValue;
        value           uniform 0;
    }
    inlet2
    {
        type            fixedValue;
        value           uniform 0.001;
    }
    frontAndBack
    {
        type            empty;
    }
    defaultFaces
    {
        type            zeroGradient;
    }
}


// ************************************************************************* //
