/*--------------------------------*- C++ -*----------------------------------*\
| =========                 |                                                 |
| \\      /  F ield         | OpenFOAM: The Open Source CFD Toolbox           |
|  \\    /   O peration     | Version:  2.1.0                                 |
|   \\  /    A nd           | Web:      www.OpenFOAM.org                      |
|    \\/     M anipulation  |                                                 |
\*---------------------------------------------------------------------------*/
FoamFile
{
    version     2.0;
    format      ascii;
    class       volScalarField;
    location    "0.32";
    object      p;
}
// * * * * * * * * * * * * * * * * * * * * * * * * * * * * * * * * * * * * * //

dimensions      [1 -1 -2 0 0 0 0];

internalField   nonuniform List<scalar> 
6400
(
99998.1
99995.5
99993.7
99992.1
99990.7
99989.3
99988
99986.6
99985.2
99983.8
99982.3
99980.8
99979.1
99977.4
99975.7
99973.9
99972
99970
99967.9
99965.8
99963.6
99961.3
99958.9
99956.5
99953.9
99951.3
99948.6
99945.8
99942.9
99939.9
99936.9
99933.7
99930.4
99927.1
99923.6
99920
99916.3
99912.5
99908.6
99904.5
99900.3
99896
99891.6
99887
99882.2
99877.4
99872.3
99867.1
99861.7
99856.1
99850.4
99844.4
99838.3
99831.9
99825.3
99818.6
99811.6
99804.3
99796.9
99789.2
99781.2
99772.9
99764.4
99755.6
99746.5
99737
99727.2
99717.1
99706.6
99695.7
99684.4
99672.7
99660.5
99647.9
99634.8
99621.1
99607
99592.3
99577
99561
99544.4
99526.9
99508.6
99489.2
99468.7
99446.6
99422.8
99396.9
99368.5
99337.3
99303.4
99268
99233.2
99200.2
99168.5
99133.3
99076
98960.7
98589.7
96982
99996.4
99994.8
99993.2
99991.7
99990.3
99988.9
99987.6
99986.2
99984.9
99983.4
99981.9
99980.3
99978.7
99977
99975.3
99973.4
99971.5
99969.5
99967.5
99965.3
99963.1
99960.8
99958.5
99956
99953.4
99950.8
99948.1
99945.3
99942.4
99939.4
99936.4
99933.2
99929.9
99926.5
99923.1
99919.5
99915.8
99911.9
99908
99904
99899.8
99895.5
99891
99886.4
99881.7
99876.8
99871.7
99866.5
99861.1
99855.6
99849.8
99843.9
99837.7
99831.4
99824.8
99818.1
99811.1
99803.9
99796.4
99788.7
99780.8
99772.5
99764
99755.2
99746.1
99736.7
99726.9
99716.8
99706.3
99695.5
99684.2
99672.5
99660.4
99647.8
99634.7
99621.1
99607
99592.3
99577
99561.1
99544.4
99527
99508.6
99489.3
99468.7
99446.7
99423
99397.2
99368.9
99338
99304.5
99269.3
99234.4
99201.8
99173.5
99143.4
99091.9
98991
98690.3
98136.3
99995
99994
99992.7
99991.3
99990
99988.7
99987.4
99986
99984.6
99983.2
99981.7
99980.1
99978.5
99976.8
99975.1
99973.2
99971.3
99969.3
99967.3
99965.2
99962.9
99960.6
99958.3
99955.8
99953.3
99950.6
99947.9
99945.1
99942.2
99939.3
99936.2
99933
99929.8
99926.4
99922.9
99919.3
99915.6
99911.8
99907.9
99903.9
99899.7
99895.4
99891
99886.4
99881.7
99876.8
99871.8
99866.6
99861.2
99855.7
99850
99844.1
99838
99831.7
99825.2
99818.4
99811.5
99804.3
99796.9
99789.3
99781.3
99773.2
99764.7
99755.9
99746.9
99737.5
99727.8
99717.8
99707.3
99696.6
99685.4
99673.8
99661.7
99649.2
99636.3
99622.8
99608.8
99594.2
99579.1
99563.2
99546.7
99529.3
99511.1
99491.9
99471.4
99449.5
99425.9
99400.3
99372.4
99342.2
99309.8
99276.4
99244
99214.7
99190.2
99162.6
99126.8
99064.9
98908.7
98999
99993.1
99993.1
99992.2
99991.1
99989.9
99988.7
99987.4
99986.1
99984.7
99983.3
99981.8
99980.2
99978.6
99977
99975.2
99973.4
99971.5
99969.5
99967.5
99965.3
99963.1
99960.9
99958.5
99956.1
99953.5
99950.9
99948.2
99945.5
99942.6
99939.6
99936.6
99933.4
99930.2
99926.8
99923.4
99919.8
99916.1
99912.3
99908.4
99904.4
99900.3
99896
99891.6
99887
99882.4
99877.5
99872.5
99867.4
99862.1
99856.6
99850.9
99845.1
99839
99832.8
99826.3
99819.6
99812.7
99805.6
99798.2
99790.6
99782.7
99774.6
99766.2
99757.5
99748.5
99739.2
99729.5
99719.5
99709.2
99698.4
99687.3
99675.7
99663.7
99651.2
99638.3
99624.8
99610.8
99596.1
99580.9
99565
99548.3
99530.8
99512.4
99493
99472.3
99450.3
99426.6
99401
99373.5
99344
99313.2
99282.5
99254
99229.9
99211.9
99199.2
99193.8
99198.5
99225.2
99645.8
99991.1
99992.2
99991.8
99991
99989.9
99988.8
99987.6
99986.4
99985
99983.6
99982.2
99980.6
99979
99977.4
99975.6
99973.8
99971.9
99970
99968
99965.9
99963.7
99961.4
99959.1
99956.7
99954.2
99951.6
99948.9
99946.2
99943.3
99940.4
99937.3
99934.2
99931
99927.6
99924.2
99920.7
99917
99913.3
99909.4
99905.4
99901.3
99897
99892.6
99888.1
99883.4
99878.6
99873.7
99868.5
99863.2
99857.8
99852.1
99846.3
99840.2
99834
99827.6
99820.9
99814
99806.9
99799.5
99791.9
99784.1
99775.9
99767.5
99758.8
99749.8
99740.5
99730.8
99720.8
99710.4
99699.6
99688.4
99676.8
99664.7
99652.1
99639.1
99625.5
99611.3
99596.6
99581.2
99565.2
99548.3
99530.7
99512.1
99492.4
99471.6
99449.4
99425.7
99400.3
99373.3
99345
99316.3
99289.1
99265.9
99248.9
99242.2
99252.1
99289.1
99381.3
99579.7
100156
99989.1
99991.2
99991.4
99990.9
99990.1
99989.1
99988
99986.8
99985.5
99984.2
99982.7
99981.2
99979.6
99978
99976.2
99974.4
99972.6
99970.6
99968.6
99966.5
99964.4
99962.1
99959.8
99957.4
99954.9
99952.4
99949.7
99946.9
99944.1
99941.2
99938.2
99935
99931.8
99928.5
99925.1
99921.5
99917.9
99914.1
99910.3
99906.3
99902.1
99897.9
99893.5
99889
99884.3
99879.5
99874.5
99869.3
99864
99858.5
99852.9
99847
99841
99834.7
99828.2
99821.6
99814.7
99807.5
99800.1
99792.5
99784.6
99776.5
99768
99759.3
99750.2
99740.9
99731.2
99721.1
99710.7
99699.9
99688.6
99677
99664.8
99652.2
99639.1
99625.5
99611.2
99596.4
99580.9
99564.7
99547.7
99529.8
99511
99491.1
99470.1
99447.7
99424
99398.8
99372.5
99345.5
99319
99295.6
99278.2
99269.7
99277.5
99314.4
99400.9
99585.8
99920.6
100556
99987.2
99990.2
99991
99990.9
99990.3
99989.5
99988.4
99987.3
99986
99984.6
99983.2
99981.7
99980.1
99978.5
99976.8
99975
99973.1
99971.2
99969.2
99967.1
99964.9
99962.6
99960.3
99957.9
99955.4
99952.9
99950.2
99947.4
99944.6
99941.7
99938.6
99935.5
99932.3
99928.9
99925.5
99921.9
99918.3
99914.5
99910.6
99906.6
99902.5
99898.2
99893.8
99889.2
99884.5
99879.7
99874.7
99869.5
99864.2
99858.7
99853
99847.2
99841.1
99834.8
99828.3
99821.6
99814.7
99807.6
99800.2
99792.6
99784.6
99776.5
99768
99759.3
99750.3
99740.9
99731.2
99721.1
99710.7
99699.8
99688.6
99676.9
99664.8
99652.1
99639
99625.2
99610.9
99596
99580.4
99564
99546.8
99528.8
99509.7
99489.6
99468.3
99445.8
99422
99397.1
99371.4
99345.6
99321.3
99301.3
99289.5
99289.7
99312.7
99377.1
99513.1
99782.1
100214
100859
99985.7
99989.4
99990.6
99990.7
99990.3
99989.6
99988.6
99987.5
99986.3
99984.9
99983.5
99982
99980.4
99978.8
99977
99975.2
99973.4
99971.4
99969.4
99967.3
99965.1
99962.9
99960.5
99958.1
99955.6
99953
99950.3
99947.6
99944.7
99941.7
99938.7
99935.6
99932.3
99929
99925.5
99921.9
99918.3
99914.5
99910.6
99906.5
99902.4
99898.1
99893.7
99889.1
99884.4
99879.5
99874.5
99869.4
99864
99858.5
99852.9
99847
99840.9
99834.7
99828.2
99821.5
99814.6
99807.4
99800.1
99792.4
99784.6
99776.4
99768
99759.2
99750.2
99740.9
99731.2
99721.1
99710.7
99699.8
99688.6
99676.9
99664.7
99652.1
99638.8
99625.1
99610.7
99595.7
99579.9
99563.4
99546
99527.8
99508.5
99488.1
99466.6
99443.9
99420.1
99395.3
99370
99345.3
99322.9
99305.7
99298.3
99306.4
99342.8
99431.4
99610.1
99946.2
100441
101075
99984.7
99988.7
99990.2
99990.5
99990.3
99989.6
99988.7
99987.6
99986.3
99985
99983.5
99982
99980.4
99978.8
99977
99975.2
99973.3
99971.4
99969.4
99967.3
99965.1
99962.8
99960.5
99958
99955.5
99952.9
99950.2
99947.4
99944.5
99941.6
99938.5
99935.4
99932.1
99928.7
99925.3
99921.7
99918
99914.2
99910.3
99906.3
99902.1
99897.8
99893.4
99888.9
99884.2
99879.3
99874.3
99869.1
99863.8
99858.3
99852.6
99846.8
99840.7
99834.5
99828
99821.4
99814.5
99807.3
99800
99792.4
99784.5
99776.3
99767.9
99759.2
99750.2
99740.9
99731.2
99721.2
99710.7
99699.9
99688.7
99676.9
99664.8
99652.1
99638.8
99625
99610.5
99595.4
99579.5
99562.9
99545.3
99526.8
99507.3
99486.7
99464.9
99442.1
99418.1
99393.4
99368.5
99344.6
99323.4
99308.1
99303.9
99317.7
99364
99470.1
99679.4
100061
100591
101213
99984.1
99988.3
99989.9
99990.4
99990.2
99989.5
99988.6
99987.5
99986.3
99984.9
99983.5
99982
99980.4
99978.7
99977
99975.1
99973.3
99971.3
99969.3
99967.1
99965
99962.7
99960.3
99957.9
99955.4
99952.8
99950.1
99947.3
99944.4
99941.4
99938.4
99935.2
99932
99928.6
99925.1
99921.6
99917.9
99914.1
99910.2
99906.2
99902
99897.7
99893.3
99888.8
99884.1
99879.2
99874.2
99869.1
99863.7
99858.3
99852.6
99846.7
99840.7
99834.5
99828
99821.4
99814.5
99807.4
99800
99792.4
99784.6
99776.4
99768
99759.4
99750.4
99741
99731.4
99721.3
99710.9
99700.1
99688.8
99677.1
99664.9
99652.2
99638.9
99625.1
99610.5
99595.3
99579.3
99562.5
99544.8
99526.1
99506.4
99485.5
99463.4
99440.4
99416.4
99391.6
99366.8
99343.3
99322.8
99308.6
99305.7
99322.7
99374.4
99488.9
99713.8
100118
100665
101280
99983.9
99988.2
99989.9
99990.4
99990.2
99989.6
99988.7
99987.6
99986.4
99985
99983.6
99982.1
99980.5
99978.8
99977.1
99975.3
99973.4
99971.4
99969.4
99967.3
99965.1
99962.8
99960.4
99958
99955.5
99952.9
99950.2
99947.4
99944.5
99941.6
99938.5
99935.3
99932.1
99928.7
99925.3
99921.7
99918
99914.2
99910.3
99906.3
99902.1
99897.8
99893.4
99888.9
99884.2
99879.3
99874.3
99869.2
99863.8
99858.4
99852.7
99846.9
99840.8
99834.6
99828.2
99821.5
99814.6
99807.6
99800.2
99792.7
99784.8
99776.8
99768.4
99759.7
99750.7
99741.3
99731.7
99721.6
99711.2
99700.4
99689.2
99677.5
99665.3
99652.5
99639.2
99625.3
99610.7
99595.4
99579.3
99562.4
99544.5
99525.6
99505.7
99484.7
99462.5
99439.1
99414.7
99389.8
99364.9
99341.3
99321
99306.8
99303.9
99320.9
99372.9
99487.3
99711.3
100114
100661
101277
99984.1
99988.5
99990.1
99990.5
99990.2
99989.6
99988.7
99987.6
99986.4
99985
99983.6
99982.1
99980.6
99978.9
99977.2
99975.4
99973.5
99971.6
99969.6
99967.5
99965.3
99963.1
99960.8
99958.4
99955.9
99953.3
99950.6
99947.8
99945
99942
99939
99935.8
99932.6
99929.2
99925.8
99922.2
99918.5
99914.7
99910.8
99906.7
99902.6
99898.3
99893.8
99889.3
99884.6
99879.7
99874.7
99869.5
99864.2
99858.7
99853
99847.2
99841.1
99834.9
99828.5
99821.8
99814.9
99807.9
99800.5
99793
99785.2
99777.1
99768.7
99760
99751
99741.7
99732
99722
99711.6
99700.8
99689.6
99677.8
99665.6
99652.9
99639.5
99625.6
99610.9
99595.5
99579.3
99562.2
99544.2
99525.2
99505
99483.8
99461.3
99437.6
99412.9
99387.6
99362.3
99338.4
99317.4
99302.3
99297.8
99311.9
99358.7
99463.6
99670.3
100048
100577
101199
99985.1
99989
99990.3
99990.5
99990.2
99989.5
99988.5
99987.4
99986.2
99984.9
99983.5
99982
99980.4
99978.8
99977.1
99975.3
99973.5
99971.6
99969.6
99967.5
99965.3
99963.1
99960.8
99958.4
99955.9
99953.4
99950.7
99948
99945.1
99942.2
99939.2
99936
99932.8
99929.5
99926
99922.4
99918.8
99915
99911.1
99907
99902.9
99898.6
99894.2
99889.6
99884.9
99880
99875
99869.9
99864.5
99859
99853.4
99847.5
99841.5
99835.2
99828.8
99822.1
99815.3
99808.2
99800.9
99793.3
99785.5
99777.4
99769
99760.4
99751.4
99742.1
99732.4
99722.4
99712
99701.2
99689.9
99678.2
99666
99653.2
99639.9
99625.8
99611.1
99595.7
99579.4
99562.2
99544
99524.8
99504.5
99483
99460.2
99436.2
99411.2
99385.4
99359.5
99334.8
99312.8
99295.9
99288.2
99296.9
99333.9
99420.6
99595.3
99925.3
100416
101052
99986.5
99989.7
99990.7
99990.6
99990
99989.2
99988.2
99987.1
99985.8
99984.5
99983.1
99981.6
99980.1
99978.4
99976.7
99975
99973.1
99971.2
99969.2
99967.2
99965
99962.8
99960.5
99958.1
99955.7
99953.1
99950.5
99947.7
99944.9
99942
99939
99935.9
99932.6
99929.3
99925.9
99922.3
99918.7
99914.9
99911
99907
99902.9
99898.6
99894.2
99889.6
99884.9
99880.1
99875.1
99870
99864.7
99859.2
99853.5
99847.7
99841.7
99835.4
99829
99822.4
99815.5
99808.5
99801.1
99793.6
99785.8
99777.7
99769.3
99760.7
99751.7
99742.4
99732.8
99722.8
99712.4
99701.6
99690.4
99678.6
99666.4
99653.6
99640.3
99626.2
99611.5
99596
99579.6
99562.3
99544.1
99524.7
99504.2
99482.5
99459.5
99435.2
99409.7
99383.4
99356.7
99330.9
99307.4
99288.1
99276.2
99277.7
99301.2
99363.4
99494.4
99755.6
100181
100826
99988.3
99990.6
99991
99990.6
99989.8
99988.9
99987.8
99986.6
99985.3
99984
99982.5
99981
99979.5
99977.8
99976.1
99974.3
99972.5
99970.6
99968.6
99966.5
99964.4
99962.2
99959.9
99957.5
99955
99952.4
99949.8
99947.1
99944.2
99941.3
99938.3
99935.2
99932
99928.7
99925.2
99921.7
99918.1
99914.3
99910.4
99906.4
99902.3
99898
99893.7
99889.1
99884.5
99879.7
99874.7
99869.6
99864.3
99858.9
99853.2
99847.4
99841.4
99835.2
99828.9
99822.3
99815.5
99808.4
99801.2
99793.6
99785.9
99777.8
99769.5
99760.9
99751.9
99742.7
99733.1
99723.1
99712.7
99702
99690.8
99679.1
99666.9
99654.1
99640.7
99626.7
99611.9
99596.4
99580
99562.6
99544.2
99524.8
99504.1
99482.2
99459
99434.4
99408.5
99381.6
99354
99326.8
99301.4
99279.3
99263.1
99256.3
99264.8
99299.3
99380.4
99556.5
99882.7
100515
99990.4
99991.6
99991.4
99990.6
99989.6
99988.5
99987.4
99986.1
99984.8
99983.4
99982
99980.5
99978.9
99977.2
99975.5
99973.7
99971.8
99969.9
99967.9
99965.8
99963.7
99961.4
99959.1
99956.7
99954.2
99951.6
99949
99946.2
99943.4
99940.5
99937.5
99934.3
99931.1
99927.7
99924.3
99920.8
99917.1
99913.3
99909.4
99905.4
99901.3
99897
99892.7
99888.1
99883.5
99878.7
99873.7
99868.6
99863.3
99857.9
99852.3
99846.5
99840.5
99834.4
99828
99821.5
99814.7
99807.7
99800.5
99793
99785.3
99777.3
99769
99760.5
99751.6
99742.4
99732.8
99722.9
99712.6
99701.9
99690.7
99679.1
99666.9
99654.2
99640.8
99626.8
99612
99596.5
99580.1
99562.7
99544.3
99524.7
99504
99482
99458.5
99433.7
99407.4
99379.9
99351.4
99322.7
99295.2
99270.3
99249.9
99235.6
99229.5
99237.3
99268.8
99352
99539.4
100108
99992.4
99992.6
99991.8
99990.7
99989.6
99988.4
99987.1
99985.9
99984.5
99983.1
99981.6
99980.1
99978.5
99976.8
99975.1
99973.3
99971.4
99969.5
99967.4
99965.3
99963.2
99960.9
99958.6
99956.2
99953.6
99951.1
99948.4
99945.6
99942.7
99939.8
99936.7
99933.6
99930.3
99926.9
99923.5
99919.9
99916.2
99912.4
99908.5
99904.5
99900.3
99896
99891.6
99887.1
99882.4
99877.5
99872.5
99867.4
99862.1
99856.7
99851
99845.2
99839.2
99833.1
99826.7
99820.1
99813.4
99806.4
99799.1
99791.6
99783.9
99775.9
99767.7
99759.1
99750.3
99741.1
99731.5
99721.7
99711.4
99700.7
99689.6
99678
99665.9
99653.3
99640
99626
99611.3
99595.8
99579.4
99562.1
99543.7
99524.1
99503.3
99481.2
99457.7
99432.7
99406.1
99378
99348.7
99318.7
99289.2
99261.6
99237.6
99217.7
99200.2
99185.6
99175
99171.1
99185.4
99591.7
99994.3
99993.5
99992.2
99990.9
99989.7
99988.4
99987.1
99985.8
99984.5
99983.1
99981.6
99980
99978.4
99976.8
99975
99973.2
99971.3
99969.4
99967.3
99965.2
99963
99960.8
99958.4
99956
99953.5
99950.8
99948.1
99945.4
99942.5
99939.5
99936.4
99933.2
99930
99926.6
99923.1
99919.5
99915.8
99912
99908
99904
99899.8
99895.5
99891.1
99886.5
99881.8
99876.9
99871.9
99866.7
99861.4
99855.9
99850.2
99844.4
99838.3
99832.1
99825.7
99819.1
99812.2
99805.2
99797.9
99790.3
99782.6
99774.5
99766.2
99757.6
99748.7
99739.5
99729.9
99720
99709.7
99698.9
99687.8
99676.2
99664
99651.3
99638
99624
99609.3
99593.7
99577.3
99560
99541.5
99522
99501.2
99479
99455.4
99430.3
99403.6
99375.2
99345.3
99314.4
99283.4
99253.9
99227.3
99204.6
99180.2
99150.4
99110.1
99040.2
98871.1
98937.6
99995.8
99994.3
99992.7
99991.3
99990
99988.7
99987.4
99986
99984.7
99983.3
99981.8
99980.2
99978.6
99977
99975.2
99973.4
99971.5
99969.6
99967.5
99965.4
99963.2
99961
99958.6
99956.2
99953.7
99951
99948.3
99945.6
99942.7
99939.7
99936.6
99933.4
99930.1
99926.8
99923.3
99919.7
99916
99912.2
99908.2
99904.1
99900
99895.6
99891.2
99886.6
99881.9
99877
99872
99866.8
99861.4
99855.9
99850.2
99844.4
99838.3
99832.1
99825.6
99818.9
99812
99804.9
99797.6
99790
99782.2
99774.2
99765.8
99757.1
99748.2
99738.9
99729.3
99719.3
99708.9
99698.1
99686.9
99675.2
99662.9
99650.1
99636.7
99622.6
99607.7
99592.1
99575.5
99557.9
99539.3
99519.5
99498.5
99476.1
99452.2
99426.7
99399.6
99370.7
99340.1
99308.3
99275.9
99244.6
99215.7
99190
99166.1
99132.4
99076.3
98967.8
98654.5
98061.8
99997.4
99994.9
99993.2
99991.7
99990.3
99989
99987.7
99986.4
99985
99983.6
99982.2
99980.6
99979
99977.3
99975.6
99973.8
99971.9
99970
99967.9
99965.8
99963.7
99961.4
99959.1
99956.6
99954.1
99951.5
99948.8
99946
99943.2
99940.2
99937.1
99933.9
99930.7
99927.3
99923.8
99920.2
99916.5
99912.7
99908.8
99904.7
99900.5
99896.2
99891.8
99887.2
99882.5
99877.6
99872.6
99867.4
99862.1
99856.6
99850.9
99845
99839
99832.7
99826.3
99819.6
99812.7
99805.6
99798.3
99790.8
99782.9
99774.8
99766.5
99757.8
99748.8
99739.5
99729.8
99719.8
99709.5
99698.7
99687.4
99675.7
99663.4
99650.6
99637.2
99623
99608.2
99592.4
99575.8
99558.2
99539.6
99519.8
99498.7
99476.2
99452.3
99426.7
99399.5
99370.4
99339.7
99307.6
99275.2
99244.1
99215
99188.5
99153.9
99115.7
99055.6
98935.6
98554
96888.7
100562
101838
102380
102690
102901
103060
103185
103285
103367
103434
103489
103535
103571
103600
103623
103639
103650
103656
103657
103654
100516
101542
102176
102575
102843
103034
103179
103292
103382
103454
103512
103558
103595
103624
103645
103660
103669
103673
103672
103664
100803
101573
102118
102516
102802
103012
103171
103294
103390
103467
103527
103575
103612
103640
103660
103673
103681
103684
103682
103671
101080
101707
102168
102529
102806
103018
103181
103309
103408
103487
103548
103595
103631
103658
103676
103687
103693
103694
103691
103675
101316
101848
102252
102578
102837
103043
103204
103332
103432
103510
103571
103617
103651
103676
103692
103701
103705
103704
103699
103678
101516
101980
102342
102640
102883
103079
103236
103361
103459
103536
103595
103640
103672
103694
103707
103714
103715
103713
103705
103680
101677
102093
102425
102703
102932
103119
103270
103391
103487
103562
103620
103662
103692
103711
103722
103726
103725
103720
103709
103682
101799
102181
102493
102756
102975
103155
103302
103420
103514
103587
103643
103684
103711
103727
103735
103736
103733
103727
103713
103683
101880
102241
102541
102795
103008
103184
103328
103445
103538
103610
103664
103703
103728
103742
103747
103745
103740
103732
103715
103686
101924
102276
102571
102820
103030
103204
103347
103463
103555
103626
103679
103716
103740
103752
103755
103753
103746
103736
103715
103691
101921
102273
102568
102817
103027
103201
103345
103460
103552
103624
103677
103714
103738
103751
103754
103751
103745
103735
103716
103690
101869
102231
102532
102786
102999
103176
103321
103438
103531
103604
103659
103698
103724
103739
103744
103743
103739
103730
103714
103689
101780
102164
102477
102741
102961
103143
103290
103410
103505
103580
103636
103678
103706
103723
103732
103734
103731
103724
103711
103688
101651
102068
102403
102682
102913
103102
103256
103379
103476
103553
103611
103655
103686
103707
103718
103723
103722
103718
103708
103685
101483
101950
102314
102615
102861
103059
103219
103346
103446
103525
103586
103632
103665
103689
103703
103711
103712
103710
103703
103681
101278
101813
102220
102549
102812
103020
103185
103315
103418
103498
103560
103608
103644
103670
103687
103697
103702
103701
103697
103678
101037
101667
102132
102497
102778
102994
103161
103291
103393
103473
103537
103586
103623
103651
103671
103684
103690
103691
103689
103675
100755
101529
102080
102482
102773
102988
103150
103275
103374
103453
103515
103565
103604
103633
103655
103669
103678
103681
103679
103670
100462
101495
102137
102542
102814
103010
103157
103273
103366
103440
103500
103548
103587
103617
103640
103656
103666
103670
103669
103663
100506
101793
102343
102658
102873
103036
103163
103266
103350
103420
103477
103524
103562
103593
103616
103634
103646
103653
103654
103651
103496
103494
103493
103492
103492
103491
103491
103490
103490
103490
103490
103490
103490
103491
103491
103492
103492
103493
103494
103496
103493
103491
103491
103490
103490
103490
103489
103489
103489
103489
103489
103489
103489
103489
103490
103490
103490
103491
103491
103493
103492
103490
103490
103490
103490
103490
103490
103490
103490
103490
103490
103490
103490
103490
103490
103490
103490
103490
103490
103492
103492
103491
103490
103490
103490
103490
103490
103490
103490
103490
103490
103490
103490
103490
103490
103490
103490
103490
103491
103492
103492
103490
103490
103490
103490
103490
103490
103490
103490
103490
103490
103490
103490
103490
103490
103490
103490
103490
103490
103492
103491
103490
103489
103489
103489
103489
103489
103489
103489
103489
103489
103489
103489
103489
103489
103489
103489
103489
103490
103491
103491
103489
103489
103489
103489
103489
103489
103489
103489
103488
103488
103489
103489
103489
103489
103489
103489
103489
103489
103491
103490
103488
103488
103488
103488
103488
103488
103488
103488
103488
103488
103488
103488
103488
103488
103488
103488
103488
103488
103490
103489
103488
103488
103487
103487
103487
103487
103487
103487
103487
103487
103487
103487
103487
103487
103487
103487
103488
103488
103489
103489
103487
103487
103487
103487
103487
103487
103487
103487
103487
103487
103487
103487
103487
103487
103487
103487
103487
103487
103489
103488
103486
103486
103486
103486
103486
103486
103486
103486
103486
103486
103486
103486
103486
103486
103486
103486
103486
103486
103488
103487
103486
103486
103485
103485
103485
103485
103485
103485
103485
103485
103485
103485
103485
103485
103485
103485
103486
103486
103487
103487
103485
103485
103485
103485
103485
103484
103484
103484
103484
103484
103484
103484
103484
103485
103485
103485
103485
103485
103487
103486
103484
103484
103484
103484
103484
103484
103484
103484
103484
103484
103484
103484
103484
103484
103484
103484
103484
103484
103486
103485
103483
103483
103483
103483
103483
103483
103483
103483
103483
103483
103483
103483
103483
103483
103483
103483
103483
103483
103485
103484
103483
103483
103482
103482
103482
103482
103482
103482
103482
103482
103482
103482
103482
103482
103482
103482
103483
103483
103484
103483
103482
103482
103482
103482
103482
103482
103481
103481
103481
103481
103481
103481
103482
103482
103482
103482
103482
103482
103483
103483
103481
103481
103481
103481
103481
103481
103481
103481
103481
103481
103481
103481
103481
103481
103481
103481
103481
103481
103483
103482
103480
103480
103480
103480
103480
103480
103480
103480
103480
103480
103480
103480
103480
103480
103480
103480
103480
103480
103482
103481
103480
103479
103479
103479
103479
103479
103479
103479
103479
103479
103479
103479
103479
103479
103479
103479
103479
103480
103481
103480
103479
103479
103479
103478
103478
103478
103478
103478
103478
103478
103478
103478
103478
103478
103478
103479
103479
103479
103480
103479
103478
103478
103478
103478
103478
103478
103478
103478
103478
103478
103478
103478
103478
103478
103478
103478
103478
103478
103479
103478
103477
103477
103477
103477
103477
103477
103477
103477
103477
103477
103477
103477
103477
103477
103477
103477
103477
103477
103478
103478
103476
103476
103476
103476
103476
103476
103476
103476
103476
103476
103476
103476
103476
103476
103476
103476
103476
103476
103478
103477
103476
103475
103475
103475
103475
103475
103475
103475
103475
103475
103475
103475
103475
103475
103475
103475
103475
103476
103477
103476
103475
103475
103475
103474
103474
103474
103474
103474
103474
103474
103474
103474
103474
103474
103474
103475
103475
103475
103476
103475
103474
103474
103474
103474
103474
103474
103474
103474
103474
103474
103474
103474
103474
103474
103474
103474
103474
103474
103475
103474
103473
103473
103473
103473
103473
103473
103473
103473
103473
103473
103473
103473
103473
103473
103473
103473
103473
103473
103474
103473
103472
103472
103472
103472
103472
103472
103472
103472
103472
103472
103472
103472
103472
103472
103472
103472
103472
103472
103473
103472
103472
103471
103471
103471
103471
103471
103471
103471
103471
103471
103471
103471
103471
103471
103471
103471
103471
103472
103472
103472
103471
103471
103471
103470
103470
103470
103470
103470
103470
103470
103470
103470
103470
103470
103470
103471
103471
103471
103472
103471
103470
103470
103470
103470
103470
103470
103470
103470
103470
103470
103470
103470
103470
103470
103470
103470
103470
103470
103471
103470
103469
103469
103469
103469
103469
103469
103469
103469
103469
103469
103469
103469
103469
103469
103469
103469
103469
103469
103470
103469
103468
103468
103468
103468
103468
103468
103468
103468
103468
103468
103468
103468
103468
103468
103468
103468
103468
103468
103469
103468
103468
103467
103467
103467
103467
103467
103467
103467
103467
103467
103467
103467
103467
103467
103467
103467
103467
103468
103468
103467
103467
103467
103467
103467
103466
103466
103466
103466
103466
103466
103466
103466
103466
103466
103467
103467
103467
103467
103467
103467
103466
103466
103466
103466
103466
103466
103466
103466
103466
103466
103466
103466
103466
103466
103466
103466
103466
103466
103467
103466
103465
103465
103465
103465
103465
103465
103465
103465
103465
103465
103465
103465
103465
103465
103465
103465
103465
103465
103466
103465
103464
103464
103464
103464
103464
103464
103464
103464
103464
103464
103464
103464
103464
103464
103464
103464
103464
103464
103465
103464
103464
103464
103463
103463
103463
103463
103463
103463
103463
103463
103463
103463
103463
103463
103463
103463
103464
103464
103464
103463
103463
103463
103463
103463
103463
103463
103463
103463
103463
103463
103463
103463
103463
103463
103463
103463
103463
103463
103463
103463
103462
103462
103462
103462
103462
103462
103462
103462
103462
103462
103462
103462
103462
103462
103462
103462
103462
103462
103463
103462
103461
103461
103461
103461
103461
103461
103461
103461
103461
103461
103461
103461
103461
103461
103461
103461
103461
103461
103462
103461
103461
103460
103460
103460
103460
103460
103460
103460
103460
103460
103460
103460
103460
103460
103460
103460
103460
103461
103461
103460
103460
103460
103460
103460
103460
103460
103460
103460
103460
103460
103460
103460
103460
103460
103460
103460
103460
103460
103460
103459
103459
103459
103459
103459
103459
103459
103459
103459
103459
103459
103459
103459
103459
103459
103459
103459
103459
103459
103459
103459
103458
103458
103458
103458
103458
103458
103458
103458
103458
103458
103458
103458
103458
103458
103458
103458
103458
103458
103459
103458
103458
103458
103457
103457
103457
103457
103457
103457
103457
103457
103457
103457
103457
103457
103457
103457
103458
103458
103458
103457
103457
103457
103457
103457
103457
103457
103457
103457
103457
103457
103457
103457
103457
103457
103457
103457
103457
103457
103457
103456
103456
103456
103456
103456
103456
103456
103456
103456
103456
103456
103456
103456
103456
103456
103456
103456
103456
103456
103456
103456
103456
103455
103455
103455
103455
103455
103455
103455
103455
103455
103455
103455
103455
103455
103455
103455
103455
103456
103456
103455
103455
103455
103455
103455
103455
103455
103455
103454
103454
103454
103454
103455
103455
103455
103455
103455
103455
103455
103455
103454
103454
103454
103454
103454
103454
103454
103454
103454
103454
103454
103454
103454
103454
103454
103454
103454
103454
103454
103454
103454
103453
103453
103453
103453
103453
103453
103453
103453
103453
103453
103453
103453
103453
103453
103453
103453
103453
103453
103454
103453
103453
103453
103453
103452
103452
103452
103452
103452
103452
103452
103452
103452
103452
103452
103452
103453
103453
103453
103453
103452
103452
103452
103452
103452
103452
103452
103452
103452
103452
103452
103452
103452
103452
103452
103452
103452
103452
103452
103452
103451
103451
103451
103451
103451
103451
103451
103451
103451
103451
103451
103451
103451
103451
103451
103451
103451
103451
103451
103451
103451
103451
103451
103450
103450
103450
103450
103450
103450
103450
103450
103450
103450
103450
103450
103450
103450
103451
103451
103451
103450
103450
103450
103450
103450
103450
103450
103450
103450
103450
103450
103450
103450
103450
103450
103450
103450
103450
103450
103450
103449
103449
103449
103449
103449
103449
103449
103449
103449
103449
103449
103449
103449
103449
103449
103449
103449
103449
103449
103449
103449
103449
103448
103448
103448
103448
103448
103448
103448
103448
103448
103448
103448
103448
103448
103448
103448
103448
103449
103449
103448
103448
103448
103448
103448
103448
103448
103448
103448
103448
103448
103448
103448
103448
103448
103448
103448
103448
103448
103448
103447
103447
103447
103447
103447
103447
103447
103447
103447
103447
103447
103447
103447
103447
103447
103447
103447
103447
103447
103447
103447
103447
103446
103446
103446
103446
103446
103446
103446
103446
103446
103446
103446
103446
103446
103446
103446
103447
103447
103447
103446
103446
103446
103446
103446
103446
103446
103446
103446
103446
103446
103446
103446
103446
103446
103446
103446
103446
103446
103446
103445
103445
103445
103445
103445
103445
103445
103445
103445
103445
103445
103445
103445
103445
103445
103445
103445
103445
103445
103445
103445
103445
103444
103444
103444
103444
103444
103444
103444
103444
103444
103444
103444
103444
103444
103445
103445
103445
103445
103445
103444
103444
103444
103444
103444
103444
103444
103444
103444
103444
103444
103444
103444
103444
103444
103444
103444
103444
103444
103444
103443
103443
103443
103443
103443
103443
103443
103443
103443
103443
103443
103443
103443
103443
103443
103443
103443
103443
103443
103443
103443
103443
103443
103442
103442
103442
103442
103442
103442
103442
103442
103442
103443
103443
103443
103443
103443
103443
103443
103443
103442
103442
103442
103442
103442
103442
103442
103442
103442
103442
103442
103442
103442
103442
103442
103442
103442
103442
103442
103442
103441
103441
103441
103441
103441
103441
103441
103441
103441
103441
103441
103441
103441
103441
103441
103441
103441
103442
103442
103442
103440
103441
103440
103440
103440
103440
103440
103440
103441
103441
103441
103441
103441
103441
103441
103441
103441
103441
103441
103441
103440
103440
103440
103440
103440
103440
103440
103440
103440
103440
103440
103440
103440
103440
103440
103440
103440
103440
103441
103441
103439
103439
103439
103439
103439
103439
103439
103439
103439
103439
103439
103439
103440
103440
103440
103440
103440
103440
103440
103440
103438
103438
103438
103438
103438
103438
103438
103438
103439
103439
103439
103439
103439
103439
103439
103439
103439
103439
103440
103440
103437
103437
103437
103437
103437
103438
103438
103438
103438
103438
103438
103438
103438
103439
103439
103439
103439
103439
103439
103439
103437
103437
103437
103437
103437
103437
103437
103437
103437
103437
103438
103438
103438
103438
103438
103438
103439
103439
103439
103439
103436
103436
103436
103436
103436
103436
103436
103436
103437
103437
103437
103437
103437
103438
103438
103438
103438
103438
103439
103439
103434
103435
103435
103435
103435
103435
103435
103436
103436
103436
103436
103437
103437
103437
103438
103438
103438
103438
103438
103438
103433
103433
103433
103434
103434
103434
103434
103435
103435
103436
103436
103436
103437
103437
103437
103438
103438
103438
103438
103438
103432
103432
103432
103432
103433
103433
103433
103434
103434
103435
103435
103436
103436
103437
103437
103438
103438
103438
103439
103439
103430
103430
103430
103431
103431
103432
103432
103433
103434
103434
103435
103436
103436
103437
103437
103438
103438
103439
103439
103439
103428
103428
103429
103429
103430
103430
103431
103432
103433
103434
103434
103435
103436
103437
103438
103438
103439
103439
103440
103440
103426
103426
103426
103427
103428
103429
103430
103431
103432
103433
103434
103435
103436
103437
103438
103439
103440
103440
103441
103441
103423
103423
103424
103424
103425
103427
103428
103429
103431
103432
103434
103435
103437
103438
103439
103440
103441
103442
103442
103442
103419
103419
103420
103421
103422
103424
103426
103427
103429
103431
103433
103435
103437
103439
103441
103442
103443
103444
103445
103445
103414
103415
103416
103417
103419
103421
103423
103425
103428
103430
103433
103436
103438
103440
103442
103444
103446
103447
103448
103448
103408
103409
103410
103412
103414
103417
103419
103422
103426
103429
103432
103436
103439
103442
103445
103447
103449
103451
103452
103452
103401
103402
103403
103405
103408
103411
103415
103419
103423
103427
103432
103436
103440
103444
103448
103451
103454
103456
103457
103457
103391
103392
103394
103397
103400
103405
103410
103415
103420
103426
103432
103437
103443
103448
103452
103457
103460
103462
103464
103464
103377
103379
103382
103386
103390
103396
103403
103410
103418
103425
103433
103440
103446
103453
103459
103464
103468
103471
103473
103473
103360
103362
103365
103371
103378
103386
103395
103404
103414
103424
103433
103442
103451
103459
103466
103473
103478
103482
103484
103485
103336
103338
103343
103351
103361
103372
103384
103396
103409
103422
103434
103446
103457
103467
103476
103484
103491
103495
103498
103498
103302
103305
103313
103324
103338
103353
103369
103386
103403
103419
103435
103450
103464
103477
103488
103498
103506
103512
103515
103515
103252
103258
103270
103286
103306
103327
103350
103372
103395
103416
103437
103456
103473
103489
103503
103515
103524
103531
103535
103535
103176
103187
103207
103232
103261
103292
103324
103355
103385
103413
103439
103463
103484
103503
103520
103534
103545
103553
103558
103558
103050
103076
103111
103153
103198
103245
103290
103332
103372
103409
103442
103471
103498
103521
103540
103557
103569
103578
103583
103583
102818
102886
102956
103032
103107
103178
103244
103304
103357
103405
103446
103482
103514
103541
103563
103581
103595
103605
103609
103609
102426
102573
102717
102857
102985
103097
103194
103277
103347
103407
103458
103501
103536
103566
103590
103609
103622
103631
103636
103635
102385
102536
102683
102827
102958
103073
103172
103257
103329
103391
103444
103488
103526
103557
103582
103602
103617
103627
103632
103632
102785
102855
102927
103005
103082
103155
103223
103285
103340
103389
103432
103470
103503
103531
103554
103574
103588
103599
103604
103604
103023
103049
103085
103129
103176
103223
103270
103314
103355
103393
103428
103459
103486
103510
103531
103548
103561
103571
103576
103576
103152
103164
103184
103210
103241
103273
103305
103338
103368
103398
103425
103450
103472
103492
103510
103525
103536
103545
103549
103550
103231
103237
103249
103266
103287
103309
103332
103356
103379
103401
103422
103442
103461
103477
103492
103504
103514
103521
103525
103526
103282
103286
103294
103305
103319
103335
103352
103370
103387
103404
103421
103437
103451
103464
103476
103486
103495
103501
103504
103505
103318
103320
103326
103333
103343
103355
103367
103381
103394
103407
103420
103432
103444
103454
103464
103472
103479
103484
103487
103487
103343
103345
103348
103354
103361
103370
103379
103389
103399
103409
103419
103428
103438
103446
103454
103460
103466
103470
103472
103473
103361
103363
103365
103369
103375
103381
103387
103395
103403
103411
103418
103426
103433
103439
103445
103451
103455
103459
103461
103461
103375
103376
103378
103381
103385
103389
103394
103400
103406
103411
103417
103423
103429
103434
103439
103443
103447
103450
103451
103451
103385
103386
103388
103390
103393
103396
103400
103404
103408
103413
103417
103422
103426
103431
103434
103438
103440
103443
103444
103444
103393
103394
103395
103397
103399
103402
103405
103408
103411
103415
103418
103422
103425
103428
103431
103434
103436
103437
103438
103438
103399
103400
103401
103402
103404
103406
103408
103411
103414
103416
103419
103422
103424
103426
103429
103430
103432
103433
103434
103434
103404
103405
103406
103407
103408
103409
103411
103413
103415
103417
103419
103421
103423
103425
103427
103428
103429
103430
103431
103431
103408
103409
103409
103410
103411
103412
103413
103415
103416
103418
103420
103421
103423
103424
103425
103426
103427
103428
103429
103429
103411
103412
103412
103413
103413
103414
103415
103416
103418
103419
103420
103421
103422
103423
103424
103425
103426
103427
103427
103427
103414
103414
103414
103415
103415
103416
103417
103418
103419
103419
103420
103421
103422
103423
103424
103424
103425
103426
103426
103426
103416
103416
103416
103417
103417
103418
103418
103419
103419
103420
103421
103422
103422
103423
103424
103424
103424
103425
103425
103425
103418
103418
103418
103418
103418
103419
103419
103420
103420
103421
103421
103422
103422
103423
103423
103424
103424
103424
103425
103425
103419
103419
103419
103419
103420
103420
103420
103421
103421
103422
103422
103422
103423
103423
103424
103424
103424
103424
103425
103425
103420
103421
103421
103421
103421
103421
103421
103422
103422
103422
103423
103423
103423
103423
103424
103424
103424
103424
103425
103425
103422
103422
103422
103422
103422
103422
103422
103422
103423
103423
103423
103423
103424
103424
103424
103424
103424
103425
103425
103425
103423
103423
103423
103423
103423
103423
103423
103423
103423
103424
103424
103424
103424
103424
103424
103425
103425
103425
103425
103425
103424
103424
103424
103424
103424
103424
103424
103424
103424
103424
103424
103424
103425
103425
103425
103425
103425
103425
103425
103425
103424
103424
103424
103424
103424
103424
103425
103425
103425
103425
103425
103425
103425
103425
103425
103426
103426
103426
103426
103426
103425
103425
103425
103425
103425
103425
103425
103425
103425
103426
103426
103426
103426
103426
103426
103426
103426
103426
103426
103426
103426
103426
103426
103426
103426
103426
103426
103426
103426
103426
103426
103426
103426
103426
103427
103427
103427
103427
103427
103427
103427
103427
103427
103427
103427
103427
103427
103427
103427
103427
103427
103427
103427
103427
103427
103427
103427
103427
103427
103427
103428
103428
103427
103427
103427
103427
103427
103427
103427
103428
103428
103428
103428
103428
103428
103428
103428
103428
103428
103428
103428
103428
103428
103428
103428
103428
103428
103428
103428
103428
103428
103428
103428
103428
103428
103428
103428
103429
103429
103429
103429
103429
103429
103429
103429
103429
103429
103429
103429
103429
103429
103429
103429
103429
103429
103429
103429
103429
103429
103429
103430
103430
103430
103430
103430
103430
103430
103430
103430
103430
103430
103430
103430
103430
103430
103430
103430
103430
103430
103430
103430
103430
103430
103430
103430
103430
103430
103430
103430
103430
103430
103430
103430
103430
103430
103430
103430
103430
103431
103431
103431
103431
103431
103431
103431
103431
103431
103431
103431
103431
103431
103431
103431
103431
103431
103431
103431
103431
103431
103431
103432
103432
103432
103432
103432
103432
103432
103432
103432
103432
103432
103432
103432
103432
103432
103432
103432
103432
103432
103432
103433
103433
103432
103432
103432
103432
103432
103432
103432
103432
103432
103432
103432
103432
103432
103432
103432
103432
103433
103433
103433
103433
103433
103433
103433
103433
103433
103433
103433
103433
103433
103433
103433
103433
103433
103433
103433
103433
103433
103433
103434
103434
103434
103434
103434
103434
103434
103434
103434
103434
103434
103434
103434
103434
103434
103434
103434
103434
103434
103434
103435
103435
103435
103434
103434
103434
103434
103434
103434
103434
103434
103434
103434
103434
103434
103434
103434
103435
103435
103435
103435
103435
103435
103435
103435
103435
103435
103435
103435
103435
103435
103435
103435
103435
103435
103435
103435
103435
103435
103435
103436
103436
103436
103436
103436
103436
103436
103436
103436
103436
103436
103436
103436
103436
103436
103436
103436
103436
103436
103436
103437
103437
103437
103437
103437
103437
103437
103437
103436
103436
103436
103436
103437
103437
103437
103437
103437
103437
103437
103437
103438
103437
103437
103437
103437
103437
103437
103437
103437
103437
103437
103437
103437
103437
103437
103437
103437
103437
103438
103438
103438
103438
103438
103438
103438
103438
103438
103438
103438
103438
103438
103438
103438
103438
103438
103438
103438
103438
103438
103438
103439
103439
103439
103439
103439
103439
103439
103439
103439
103439
103439
103439
103439
103439
103439
103439
103439
103439
103439
103439
103440
103440
103440
103440
103439
103439
103439
103439
103439
103439
103439
103439
103439
103439
103439
103439
103440
103440
103440
103440
103441
103440
103440
103440
103440
103440
103440
103440
103440
103440
103440
103440
103440
103440
103440
103440
103440
103440
103440
103441
103441
103441
103441
103441
103441
103441
103441
103441
103441
103441
103441
103441
103441
103441
103441
103441
103441
103441
103441
103441
103442
103442
103442
103442
103442
103442
103442
103442
103442
103442
103442
103442
103442
103442
103442
103442
103442
103442
103442
103442
103443
103443
103443
103442
103442
103442
103442
103442
103442
103442
103442
103442
103442
103442
103442
103442
103442
103443
103443
103443
103444
103443
103443
103443
103443
103443
103443
103443
103443
103443
103443
103443
103443
103443
103443
103443
103443
103443
103443
103444
103444
103444
103444
103444
103444
103444
103444
103444
103444
103444
103444
103444
103444
103444
103444
103444
103444
103444
103444
103444
103445
103445
103445
103445
103445
103445
103445
103445
103445
103445
103445
103445
103445
103445
103445
103445
103445
103445
103445
103445
103446
103446
103446
103446
103446
103445
103445
103445
103445
103445
103445
103445
103445
103445
103445
103446
103446
103446
103446
103446
103447
103447
103446
103446
103446
103446
103446
103446
103446
103446
103446
103446
103446
103446
103446
103446
103446
103446
103447
103447
103448
103447
103447
103447
103447
103447
103447
103447
103447
103447
103447
103447
103447
103447
103447
103447
103447
103447
103447
103448
103448
103448
103448
103448
103448
103448
103448
103448
103448
103448
103448
103448
103448
103448
103448
103448
103448
103448
103448
103448
103449
103449
103449
103449
103449
103449
103449
103449
103449
103449
103449
103449
103449
103449
103449
103449
103449
103449
103449
103449
103450
103450
103450
103449
103449
103449
103449
103449
103449
103449
103449
103449
103449
103449
103449
103449
103449
103450
103450
103450
103451
103450
103450
103450
103450
103450
103450
103450
103450
103450
103450
103450
103450
103450
103450
103450
103450
103450
103450
103451
103452
103451
103451
103451
103451
103451
103451
103451
103451
103451
103451
103451
103451
103451
103451
103451
103451
103451
103451
103452
103453
103452
103452
103452
103452
103452
103452
103452
103452
103452
103452
103452
103452
103452
103452
103452
103452
103452
103452
103453
103454
103453
103453
103453
103453
103453
103453
103453
103453
103453
103453
103453
103453
103453
103453
103453
103453
103453
103453
103454
103454
103454
103454
103454
103454
103453
103453
103453
103453
103453
103453
103453
103453
103453
103453
103454
103454
103454
103454
103454
103455
103455
103454
103454
103454
103454
103454
103454
103454
103454
103454
103454
103454
103454
103454
103454
103454
103454
103455
103455
103456
103455
103455
103455
103455
103455
103455
103455
103455
103455
103455
103455
103455
103455
103455
103455
103455
103455
103455
103456
103457
103456
103456
103456
103456
103456
103456
103456
103456
103456
103456
103456
103456
103456
103456
103456
103456
103456
103456
103457
103458
103457
103457
103457
103457
103457
103457
103457
103457
103457
103457
103457
103457
103457
103457
103457
103457
103457
103457
103458
103459
103458
103458
103458
103458
103458
103458
103458
103458
103458
103458
103458
103458
103458
103458
103458
103458
103458
103458
103459
103460
103459
103459
103459
103459
103458
103458
103458
103458
103458
103458
103458
103458
103458
103458
103459
103459
103459
103459
103460
103461
103460
103459
103459
103459
103459
103459
103459
103459
103459
103459
103459
103459
103459
103459
103459
103459
103459
103460
103461
103462
103460
103460
103460
103460
103460
103460
103460
103460
103460
103460
103460
103460
103460
103460
103460
103460
103460
103460
103462
103462
103461
103461
103461
103461
103461
103461
103461
103461
103461
103461
103461
103461
103461
103461
103461
103461
103461
103461
103462
103463
103462
103462
103462
103462
103462
103462
103462
103462
103462
103462
103462
103462
103462
103462
103462
103462
103462
103462
103463
103464
103463
103463
103463
103463
103463
103463
103463
103463
103463
103463
103463
103463
103463
103463
103463
103463
103463
103463
103464
103465
103464
103464
103464
103464
103464
103464
103463
103463
103463
103463
103463
103463
103464
103464
103464
103464
103464
103464
103465
103466
103465
103465
103465
103464
103464
103464
103464
103464
103464
103464
103464
103464
103464
103464
103464
103465
103465
103465
103466
103467
103466
103465
103465
103465
103465
103465
103465
103465
103465
103465
103465
103465
103465
103465
103465
103465
103465
103466
103467
103468
103466
103466
103466
103466
103466
103466
103466
103466
103466
103466
103466
103466
103466
103466
103466
103466
103466
103466
103468
103469
103467
103467
103467
103467
103467
103467
103467
103467
103467
103467
103467
103467
103467
103467
103467
103467
103467
103467
103469
103470
103468
103468
103468
103468
103468
103468
103468
103468
103468
103468
103468
103468
103468
103468
103468
103468
103468
103468
103470
103470
103469
103469
103469
103469
103469
103469
103469
103469
103468
103468
103469
103469
103469
103469
103469
103469
103469
103469
103470
103471
103470
103470
103470
103470
103469
103469
103469
103469
103469
103469
103469
103469
103469
103469
103470
103470
103470
103470
103471
103472
103471
103470
103470
103470
103470
103470
103470
103470
103470
103470
103470
103470
103470
103470
103470
103470
103470
103471
103472
103473
103471
103471
103471
103471
103471
103471
103471
103471
103471
103471
103471
103471
103471
103471
103471
103471
103471
103471
103473
103474
103472
103472
103472
103472
103472
103472
103472
103472
103472
103472
103472
103472
103472
103472
103472
103472
103472
103472
103474
103475
103473
103473
103473
103473
103473
103473
103473
103473
103473
103473
103473
103473
103473
103473
103473
103473
103473
103473
103475
103476
103474
103474
103474
103474
103473
103473
103473
103473
103473
103473
103473
103473
103473
103473
103474
103474
103474
103474
103476
103476
103475
103474
103474
103474
103474
103474
103474
103474
103474
103474
103474
103474
103474
103474
103474
103474
103474
103475
103476
103477
103475
103475
103475
103475
103475
103475
103475
103475
103475
103475
103475
103475
103475
103475
103475
103475
103475
103475
103477
103478
103476
103476
103476
103476
103476
103476
103476
103476
103476
103476
103476
103476
103476
103476
103476
103476
103476
103476
103478
103479
103477
103477
103477
103476
103476
103476
103476
103476
103476
103476
103476
103476
103476
103476
103476
103477
103477
103477
103479
103479
103477
103477
103477
103477
103477
103477
103477
103477
103477
103477
103477
103477
103477
103477
103477
103477
103477
103477
103479
103480
103478
103478
103478
103478
103478
103478
103478
103478
103478
103478
103478
103478
103478
103478
103478
103478
103478
103478
103480
103481
103479
103479
103478
103478
103478
103478
103478
103478
103478
103478
103478
103478
103478
103478
103478
103478
103479
103479
103481
103481
103479
103479
103479
103479
103479
103479
103479
103479
103479
103479
103479
103479
103479
103479
103479
103479
103479
103479
103481
103482
103480
103480
103480
103479
103479
103480
103480
103479
103479
103479
103479
103480
103480
103479
103479
103480
103480
103480
103482
103482
103479
103479
103479
103479
103479
103479
103479
103479
103479
103479
103479
103479
103479
103479
103479
103479
103479
103479
103482
103482
103480
103480
103479
103479
103479
103479
103478
103478
103478
103478
103478
103478
103479
103479
103479
103479
103480
103480
103482
103486
103483
103483
103482
103481
103480
103480
103480
103479
103479
103479
103479
103480
103480
103480
103481
103482
103483
103483
103486
)
;

boundaryField
{
    outlet
    {
        type            fixedValue;
        value           uniform 100000;
    }
    inlet1
    {
        type            zeroGradient;
    }
    inlet2
    {
        type            zeroGradient;
    }
    frontAndBack
    {
        type            empty;
    }
    defaultFaces
    {
        type            zeroGradient;
    }
}


// ************************************************************************* //
