/*--------------------------------*- C++ -*----------------------------------*\
| =========                 |                                                 |
| \\      /  F ield         | OpenFOAM: The Open Source CFD Toolbox           |
|  \\    /   O peration     | Version:  2.1.0                                 |
|   \\  /    A nd           | Web:      www.OpenFOAM.org                      |
|    \\/     M anipulation  |                                                 |
\*---------------------------------------------------------------------------*/
FoamFile
{
    version     2.0;
    format      ascii;
    class       volScalarField;
    location    "0.05";
    object      C0;
}
// * * * * * * * * * * * * * * * * * * * * * * * * * * * * * * * * * * * * * //

dimensions      [0 0 0 0 0 0 0];

internalField   nonuniform List<scalar> 
6400
(
4.86339e-62
1.34584e-61
3.90826e-61
1.13276e-60
3.27236e-60
9.42166e-60
2.70347e-59
7.73086e-59
2.20307e-58
6.25608e-58
1.77024e-57
4.99111e-57
1.40211e-56
3.92441e-56
1.09436e-55
3.04036e-55
8.41464e-55
2.31985e-54
6.37031e-54
1.74219e-53
4.74492e-53
1.28682e-52
3.47469e-52
9.34058e-52
2.49938e-51
6.65624e-51
1.764e-50
4.6513e-50
1.22008e-49
3.18323e-49
8.25944e-49
2.13099e-48
5.46649e-48
1.39402e-47
3.53351e-47
8.90149e-47
2.22841e-46
5.54317e-46
1.37001e-45
3.36416e-45
8.20717e-45
1.98904e-44
4.78846e-44
1.14506e-43
2.71976e-43
6.41645e-43
1.50359e-42
3.49984e-42
8.09241e-42
1.85889e-41
4.24245e-41
9.62097e-41
2.16829e-40
4.85711e-40
1.0816e-39
2.39477e-39
5.27278e-39
1.15471e-38
2.5156e-38
5.45294e-38
1.17631e-37
2.52582e-37
5.39959e-37
1.14945e-36
2.43718e-36
5.14821e-36
1.08368e-35
2.27372e-35
4.75643e-35
9.92325e-35
2.06528e-34
4.28929e-34
8.89215e-34
1.84069e-33
3.80587e-33
7.86285e-33
1.62376e-32
3.35313e-32
6.92706e-32
1.43223e-31
2.96521e-31
6.15046e-31
1.27889e-30
2.66766e-30
5.58666e-30
1.1758e-29
2.49013e-29
5.31531e-29
1.14612e-28
2.50445e-28
5.5725e-28
1.27186e-27
3.012e-27
7.52654e-27
2.02679e-26
6.00943e-26
1.98636e-25
7.29006e-25
2.81643e-24
1.0077e-23
6.58086e-62
1.82912e-61
5.30953e-61
1.538e-60
4.44053e-60
1.27782e-59
3.66478e-59
1.0475e-58
2.98382e-58
8.47009e-58
2.39597e-57
6.7537e-57
1.89693e-56
5.30881e-56
1.48037e-55
4.11296e-55
1.13848e-54
3.13943e-54
8.62377e-54
2.35953e-53
6.42985e-53
1.74495e-52
4.71553e-52
1.2688e-51
3.39873e-51
9.06235e-51
2.40495e-50
6.35112e-50
1.66882e-49
4.36229e-49
1.13423e-48
2.93305e-48
7.5427e-48
1.92869e-47
4.90309e-47
1.23908e-46
3.11247e-46
7.77052e-46
1.92799e-45
4.75401e-45
1.16494e-44
2.83667e-44
6.86362e-44
1.65013e-43
3.94179e-43
9.35571e-43
2.20636e-42
5.1702e-42
1.20391e-41
2.78591e-41
6.4071e-41
1.46459e-40
3.32792e-40
7.51761e-40
1.68844e-39
3.77088e-39
8.37549e-39
1.85032e-38
4.06642e-38
8.89146e-38
1.93462e-37
4.18938e-37
9.03046e-37
1.93799e-36
4.14156e-36
8.81524e-36
1.86923e-35
3.94963e-35
8.31818e-35
1.74661e-34
3.65753e-34
7.64064e-34
1.59279e-33
3.31445e-33
6.88716e-33
1.42956e-32
2.96524e-32
6.14882e-32
1.27523e-31
2.6464e-31
5.49809e-31
1.1442e-30
2.3867e-30
4.99363e-30
1.04886e-29
2.21384e-29
4.70155e-29
1.00623e-28
2.17478e-28
4.76024e-28
1.05938e-27
2.41081e-27
5.65696e-27
1.38522e-26
3.59336e-26
1.00016e-25
2.97962e-25
9.29901e-25
2.87152e-24
7.93877e-24
8.47608e-62
2.35913e-61
6.84958e-61
1.98458e-60
5.73167e-60
1.64998e-59
4.73419e-59
1.35385e-58
3.85866e-58
1.09606e-57
3.10281e-57
8.75363e-57
2.46106e-56
6.89513e-56
1.92506e-55
5.35584e-55
1.48479e-54
4.10136e-54
1.12873e-53
3.09465e-53
8.45217e-53
2.29948e-52
6.23097e-52
1.68154e-51
4.51902e-51
1.20923e-50
3.22145e-50
8.54324e-50
2.25513e-49
5.92433e-49
1.5487e-48
4.02824e-48
1.04244e-47
2.6836e-47
6.87164e-47
1.74996e-46
4.43173e-46
1.11597e-45
2.79395e-45
6.95441e-45
1.72094e-44
4.23361e-44
1.03529e-43
2.51648e-43
6.07964e-43
1.4598e-42
3.48363e-42
8.26202e-42
1.94741e-41
4.562e-41
1.06216e-40
2.45801e-40
5.65395e-40
1.29277e-39
2.93846e-39
6.64019e-39
1.4919e-38
3.33305e-38
7.40506e-38
1.63627e-37
3.59645e-37
7.86413e-37
1.711e-36
3.70459e-36
7.98368e-36
1.71286e-35
3.65923e-35
7.78594e-35
1.65043e-34
3.48632e-34
7.34087e-34
1.54124e-33
3.22754e-33
6.74368e-33
1.40636e-32
2.92839e-32
6.09062e-32
1.26582e-31
2.62994e-31
5.46501e-31
1.13638e-30
2.3658e-30
4.93425e-30
1.0317e-29
2.16427e-29
4.55932e-29
9.65606e-29
2.05873e-28
4.42631e-28
9.61764e-28
2.11788e-27
4.74373e-27
1.08573e-26
2.55264e-26
6.19232e-26
1.55066e-25
3.97449e-25
1.0213e-24
2.52599e-24
5.60125e-24
1.02277e-61
2.84902e-61
8.27754e-61
2.40011e-60
6.93771e-60
1.99907e-59
5.74185e-59
1.64388e-58
4.69108e-58
1.33428e-57
3.78266e-57
1.06886e-56
3.01024e-56
8.44941e-56
2.36369e-55
6.59039e-55
1.83135e-54
5.07152e-54
1.39952e-53
3.84834e-53
1.0544e-52
2.87842e-52
7.82852e-52
2.12108e-51
5.72484e-51
1.53904e-50
4.12062e-50
1.0987e-49
2.91716e-49
7.71186e-49
2.02967e-48
5.31782e-48
1.38692e-47
3.60013e-47
9.30007e-47
2.3906e-46
6.11377e-46
1.55538e-45
3.93575e-45
9.90444e-45
2.4787e-44
6.16847e-44
1.52632e-43
3.75477e-43
9.1822e-43
2.232e-42
5.39248e-42
1.2948e-41
3.08964e-41
7.32643e-41
1.72641e-40
4.0426e-40
9.40677e-40
2.17516e-39
4.99833e-39
1.14146e-38
2.59074e-38
5.84444e-38
1.31056e-37
2.92149e-37
6.47504e-37
1.427e-36
3.12764e-36
6.81846e-36
1.47879e-35
3.19127e-35
6.854e-35
1.46537e-34
3.11948e-34
6.61395e-34
1.39703e-33
2.94066e-33
6.17032e-33
1.29102e-32
2.69442e-32
5.61113e-32
1.16639e-31
2.42108e-31
5.02008e-31
1.04023e-30
2.15504e-30
4.4657e-30
9.26083e-30
1.923e-29
4.00078e-29
8.3454e-29
1.74674e-28
3.67182e-28
7.76e-28
1.65078e-27
3.53951e-27
7.65988e-27
1.67518e-26
3.70437e-26
8.27414e-26
1.85915e-25
4.16845e-25
9.17015e-25
1.92128e-24
3.63179e-24
1.17429e-61
3.27389e-61
9.52025e-61
2.76303e-60
7.99583e-60
2.30682e-59
6.63457e-59
1.90226e-58
5.43691e-58
1.54898e-57
4.39908e-57
1.2454e-56
3.51475e-56
9.88744e-56
2.77235e-55
7.74887e-55
2.15904e-54
5.99606e-54
1.65969e-53
4.57847e-53
1.25877e-52
3.44904e-52
9.41782e-52
2.5625e-51
6.94739e-51
1.87678e-50
5.05099e-50
1.35424e-49
3.61702e-49
9.62284e-49
2.54991e-48
6.72936e-48
1.76848e-47
4.62787e-47
1.20577e-46
3.1274e-46
8.07366e-46
2.07422e-45
5.30228e-45
1.34832e-44
3.41039e-44
8.57919e-44
2.14617e-43
5.33821e-43
1.32001e-42
3.24446e-42
7.92564e-42
1.92398e-41
4.64078e-41
1.11217e-40
2.64792e-40
6.26286e-40
1.47149e-39
3.43437e-39
7.96243e-39
1.83383e-38
4.19572e-38
9.53687e-38
2.15372e-37
4.8327e-37
1.07759e-36
2.38799e-36
5.26001e-36
1.15181e-35
2.50776e-35
5.42977e-35
1.16938e-34
2.50553e-34
5.3421e-34
1.13371e-33
2.39538e-33
5.04022e-33
1.05644e-32
2.20641e-32
4.59299e-32
9.5324e-32
1.97305e-31
4.07417e-31
8.39538e-31
1.72696e-30
3.5474e-30
7.27896e-30
1.49249e-29
3.05912e-29
6.2702e-29
1.28569e-28
2.63831e-28
5.4202e-28
1.1152e-27
2.29857e-27
4.74646e-27
9.81756e-27
2.03261e-26
4.2058e-26
8.67216e-26
1.77355e-25
3.57093e-25
6.98218e-25
1.29423e-24
2.16948e-24
1.29754e-61
3.62043e-61
1.05379e-60
3.06174e-60
8.8705e-60
2.56234e-59
7.37981e-59
2.11922e-58
6.06663e-58
1.73133e-57
4.92617e-57
1.39742e-56
3.95203e-56
1.11424e-55
3.13178e-55
8.77513e-55
2.45123e-54
6.82606e-54
1.89502e-53
5.24459e-53
1.44677e-52
3.97811e-52
1.09035e-51
2.97874e-51
8.11032e-51
2.20078e-50
5.9517e-50
1.60395e-49
4.30704e-49
1.15245e-48
3.07263e-48
8.16089e-48
2.15898e-47
5.68961e-47
1.49338e-46
3.90322e-46
1.01578e-45
2.63161e-45
6.7857e-45
1.74101e-44
4.44383e-44
1.12824e-43
2.84881e-43
7.15251e-43
1.78528e-42
4.42916e-42
1.092e-41
2.67503e-41
6.50989e-41
1.57361e-40
3.77786e-40
9.00692e-40
2.13233e-39
5.01257e-39
1.16998e-38
2.71146e-38
6.23938e-38
1.42564e-37
3.23467e-37
7.28843e-37
1.63104e-36
3.62548e-36
8.00562e-36
1.75637e-35
3.82906e-35
8.29664e-35
1.787e-34
3.82685e-34
8.14974e-34
1.72634e-33
3.63821e-33
7.63003e-33
1.59275e-32
3.31018e-32
6.85088e-32
1.41232e-31
2.9008e-31
5.93747e-31
1.21138e-30
2.46408e-30
4.99816e-30
1.01119e-29
2.04081e-29
4.10942e-29
8.25698e-29
1.6556e-28
3.31276e-28
6.61434e-28
1.31751e-27
2.61711e-27
5.18083e-27
1.02101e-26
2.00002e-26
3.88535e-26
7.46135e-26
1.41006e-25
2.60437e-25
4.64574e-25
7.83171e-25
1.19173e-24
1.38968e-61
3.88008e-61
1.13043e-60
3.28821e-60
9.53641e-60
2.75792e-59
7.95339e-59
2.28688e-58
6.55579e-58
1.87403e-57
5.34224e-57
1.51834e-56
4.30175e-56
1.21521e-55
3.4233e-55
9.61389e-55
2.69148e-54
7.5131e-54
2.0912e-53
5.80408e-53
1.60593e-52
4.42915e-52
1.21789e-51
3.33916e-51
9.12565e-51
2.48574e-50
6.7505e-50
1.82721e-49
4.92879e-49
1.3251e-48
3.5506e-48
9.47995e-48
2.52171e-47
6.68271e-47
1.76426e-46
4.63937e-46
1.21496e-45
3.16819e-45
8.22455e-45
2.12495e-44
5.4628e-44
1.39708e-43
3.55365e-43
8.98833e-43
2.26012e-42
5.64839e-42
1.40266e-41
3.46034e-41
8.47866e-41
2.06299e-40
4.98368e-40
1.19515e-39
2.84487e-39
6.72087e-39
1.57574e-38
3.66625e-38
8.46522e-38
1.93973e-37
4.41118e-37
9.95655e-37
2.23071e-36
4.96137e-36
1.09557e-35
2.40225e-35
5.23115e-35
1.13149e-34
2.43134e-34
5.19114e-34
1.10149e-33
2.32316e-33
4.87127e-33
1.01568e-32
2.10621e-32
4.34475e-32
8.91709e-32
1.82119e-31
3.70196e-31
7.49066e-31
1.50896e-30
3.02661e-30
6.0449e-30
1.20227e-29
2.38119e-29
4.69627e-29
9.22211e-29
1.80278e-28
3.50723e-28
6.78752e-28
1.30596e-27
2.49611e-27
4.73419e-27
8.89707e-27
1.65368e-26
3.03265e-26
5.47066e-26
9.66535e-26
1.6614e-25
2.74788e-25
4.28118e-25
5.99614e-25
1.44952e-61
4.05003e-61
1.18075e-60
3.43726e-60
9.97867e-60
2.88866e-59
8.33771e-59
2.39953e-58
6.88761e-58
1.97188e-57
5.62919e-57
1.60211e-56
4.54637e-56
1.28654e-55
3.63036e-55
1.02147e-54
2.86539e-54
8.01443e-54
2.23536e-53
6.21669e-53
1.72401e-52
4.76704e-52
1.31435e-51
3.61327e-51
9.90253e-51
2.70575e-50
7.37141e-50
2.00205e-49
5.41986e-49
1.46234e-48
3.93237e-48
1.05392e-47
2.81483e-47
7.49028e-47
1.98574e-46
5.24446e-46
1.37957e-45
3.61403e-45
9.42674e-45
2.44761e-44
6.32442e-44
1.62587e-43
4.15745e-43
1.05713e-42
2.67223e-42
6.71324e-42
1.67563e-41
4.15419e-41
1.02269e-40
2.4994e-40
6.06267e-40
1.45928e-39
3.48484e-39
8.25546e-39
1.93988e-38
4.52123e-38
1.04516e-37
2.3964e-37
5.45011e-37
1.22956e-36
2.7519e-36
6.11085e-36
1.34651e-35
2.9445e-35
6.39109e-35
1.37709e-34
2.94605e-34
6.25862e-34
1.32053e-33
2.76767e-33
5.76303e-33
1.1924e-32
2.45184e-32
5.01099e-32
1.01805e-31
2.05626e-31
4.12943e-31
8.24583e-31
1.6373e-30
3.23279e-30
6.34691e-30
1.23893e-29
2.4042e-29
4.63703e-29
8.88641e-29
1.69143e-28
3.1959e-28
5.99043e-28
1.11297e-27
2.04741e-27
3.72439e-27
6.68846e-27
1.18347e-26
2.05831e-26
3.50889e-26
5.83863e-26
9.41756e-26
1.45661e-25
2.11447e-25
2.74749e-25
1.47606e-61
4.12633e-61
1.20355e-60
3.50504e-60
1.01815e-59
2.94936e-59
8.51887e-59
2.45365e-58
7.0501e-58
2.02031e-57
5.77194e-57
1.64441e-56
4.6721e-56
1.32367e-55
3.73933e-55
1.05337e-54
2.95907e-54
8.28834e-54
2.31524e-53
6.44921e-53
1.79122e-52
4.96161e-52
1.37041e-51
3.77348e-51
1.03619e-50
2.83746e-50
7.74596e-50
2.1083e-49
5.7204e-49
1.54691e-48
4.16951e-48
1.12013e-47
2.99895e-47
8.00077e-47
2.12664e-46
5.63149e-46
1.48543e-45
3.90216e-45
1.02073e-44
2.65815e-44
6.88951e-44
1.7767e-43
4.55757e-43
1.16256e-42
2.94798e-42
7.42884e-42
1.85977e-41
4.62371e-41
1.14122e-40
2.79549e-40
6.79409e-40
1.63789e-39
3.91586e-39
9.28304e-39
2.18185e-38
5.08396e-38
1.17438e-37
2.68936e-37
6.10574e-37
1.37438e-36
3.06757e-36
6.78964e-36
1.49046e-35
3.24541e-35
7.01061e-35
1.50259e-34
3.19584e-34
6.74603e-34
1.41348e-33
2.94015e-33
6.07207e-33
1.24521e-32
2.53588e-32
5.12901e-32
1.03035e-31
2.05591e-31
4.07471e-31
8.02154e-31
1.56843e-30
3.04562e-30
5.87254e-30
1.12415e-29
2.13578e-29
4.02595e-29
7.52594e-29
1.39438e-28
2.55868e-28
4.64621e-28
8.34025e-28
1.47814e-27
2.58259e-27
4.44047e-27
7.49762e-27
1.2401e-26
2.00336e-26
3.15005e-26
4.78184e-26
6.93294e-26
9.3965e-26
1.13682e-25
1.46873e-61
4.10663e-61
1.1982e-60
3.48955e-60
1.01371e-59
2.93771e-59
8.49011e-59
2.44706e-58
7.03413e-58
2.0163e-57
5.76338e-57
1.64282e-56
4.67005e-56
1.32378e-55
3.7418e-55
1.05456e-54
2.96453e-54
8.31182e-54
2.32349e-53
6.47662e-53
1.80036e-52
4.99089e-52
1.37946e-51
3.80179e-51
1.04491e-50
2.86398e-50
7.82546e-50
2.13145e-49
5.78827e-49
1.56692e-48
4.2278e-48
1.13689e-47
3.04683e-47
8.13713e-47
2.16521e-46
5.7396e-46
1.51551e-45
3.98531e-45
1.04356e-44
2.72049e-44
7.05875e-44
1.82234e-43
4.67967e-43
1.19494e-42
3.03305e-42
7.65009e-42
1.91668e-41
4.76825e-41
1.1774e-40
2.88465e-40
7.01015e-40
1.68931e-39
4.03587e-39
9.55731e-39
2.24309e-38
5.21719e-38
1.2025e-37
2.74659e-37
6.2169e-37
1.39461e-36
3.10074e-36
6.83376e-36
1.49308e-35
3.23439e-35
6.94765e-35
1.48004e-34
3.12719e-34
6.55432e-34
1.36283e-33
2.81148e-33
5.75502e-33
1.16898e-32
2.35632e-32
4.71352e-32
9.35714e-32
1.84339e-31
3.60367e-31
6.99016e-31
1.3452e-30
2.5678e-30
4.86081e-30
9.12213e-30
1.69648e-29
3.12502e-29
5.69839e-29
1.02788e-28
1.83258e-28
3.22601e-28
5.60035e-28
9.57362e-28
1.60874e-27
2.65183e-27
4.27805e-27
6.73486e-27
1.03096e-26
1.52748e-26
2.17649e-26
2.94598e-26
3.71058e-26
4.17316e-26
1.42887e-61
3.99415e-61
1.16525e-60
3.39394e-60
9.85863e-60
2.8562e-59
8.25568e-59
2.38027e-58
6.84246e-58
1.961e-57
5.60479e-57
1.59771e-56
4.54171e-56
1.28737e-55
3.63842e-55
1.02537e-54
2.88222e-54
8.08035e-54
2.25857e-53
6.29455e-53
1.74957e-52
4.84972e-52
1.34036e-51
3.6937e-51
1.01504e-50
2.78101e-50
7.5954e-50
2.06798e-49
5.61368e-49
1.51921e-48
4.09787e-48
1.10156e-47
2.95096e-47
7.87743e-47
2.09505e-46
5.55049e-46
1.46468e-45
3.84907e-45
1.00716e-44
2.62351e-44
6.80112e-44
1.75413e-43
4.49969e-43
1.14764e-42
2.90926e-42
7.32755e-42
1.83305e-41
4.5526e-41
1.12212e-40
2.74382e-40
6.65382e-40
1.59978e-39
3.81259e-39
9.00465e-39
2.10737e-38
4.88648e-38
1.12256e-37
2.55492e-37
5.761e-37
1.28704e-36
2.84897e-36
6.24913e-36
1.3584e-35
2.92654e-35
6.24944e-35
1.32291e-34
2.77625e-34
5.7765e-34
1.19173e-33
2.43795e-33
4.94565e-33
9.94913e-33
1.98477e-32
3.92639e-32
7.70211e-32
1.49804e-31
2.8886e-31
5.52111e-31
1.0458e-30
1.96263e-30
3.64792e-30
6.71262e-30
1.22224e-29
2.20079e-29
3.91599e-29
6.87986e-29
1.19223e-28
2.03547e-28
3.419e-28
5.6411e-28
9.1254e-28
1.44399e-27
2.2279e-27
3.33975e-27
4.84338e-27
6.75427e-27
8.9808e-27
1.12391e-26
1.29878e-26
1.344e-26
1.35904e-61
3.7972e-61
1.10728e-60
3.22443e-60
9.36481e-60
2.71238e-59
7.83619e-59
2.258e-58
6.48753e-58
1.85852e-57
5.30938e-57
1.51259e-56
4.29693e-56
1.2173e-55
3.43861e-55
9.68562e-55
2.72032e-54
7.61761e-54
2.12713e-53
5.92326e-53
1.64476e-52
4.55438e-52
1.25732e-51
3.46045e-51
9.49607e-51
2.59794e-50
7.08499e-50
1.92612e-49
5.22035e-49
1.41039e-48
3.79774e-48
1.01916e-47
2.72528e-47
7.26069e-47
1.92711e-46
5.09498e-46
1.34153e-45
3.5172e-45
9.18084e-45
2.38528e-44
6.16642e-44
1.58576e-43
4.05521e-43
1.03092e-42
2.6045e-42
6.53674e-42
1.62922e-41
4.03105e-41
9.89747e-41
2.41072e-40
5.82303e-40
1.39447e-39
3.31e-39
7.78604e-39
1.81472e-38
4.19044e-38
9.58594e-38
2.17228e-37
4.8764e-37
1.08439e-36
2.38888e-36
5.21362e-36
1.12732e-35
2.41513e-35
5.12682e-35
1.07843e-34
2.24798e-34
4.64376e-34
9.50685e-34
1.92886e-33
3.87847e-33
7.72874e-33
1.52625e-32
2.98662e-32
5.79066e-32
1.11226e-31
2.11612e-31
3.98681e-31
7.43596e-31
1.37253e-30
2.50608e-30
4.52412e-30
8.07e-30
1.42135e-29
2.46975e-29
4.22957e-29
7.13068e-29
1.18188e-28
1.92283e-28
3.06507e-28
4.7768e-28
7.25929e-28
1.07227e-27
1.53212e-27
2.10688e-27
2.76861e-27
3.44354e-27
4.00207e-27
4.27591e-27
4.11607e-27
1.26415e-61
3.53013e-61
1.02862e-60
2.99332e-60
8.68859e-60
2.51505e-59
7.25933e-59
2.08946e-58
5.99718e-58
1.71651e-57
4.89902e-57
1.39423e-56
3.95667e-56
1.11945e-55
3.1583e-55
8.88605e-55
2.49231e-54
6.96813e-54
1.94261e-53
5.40067e-53
1.49692e-52
4.13588e-52
1.13925e-51
3.12858e-51
8.56415e-51
2.33684e-50
6.35629e-50
1.7233e-49
4.65741e-49
1.25467e-48
3.36825e-48
9.0106e-48
2.40167e-47
6.37709e-47
1.68669e-46
4.4431e-46
1.16545e-45
3.0435e-45
7.91159e-45
2.04654e-44
5.26637e-44
1.34777e-43
3.42935e-43
8.67294e-43
2.17942e-42
5.43993e-42
1.34827e-41
3.31703e-41
8.09795e-41
1.9612e-40
4.71049e-40
1.12175e-39
2.64798e-39
6.19491e-39
1.43612e-38
3.29862e-38
7.50611e-38
1.69205e-37
3.77843e-37
8.35792e-37
1.83135e-36
3.97498e-36
8.54656e-36
1.82032e-35
3.84068e-35
8.02747e-35
1.66212e-34
3.40923e-34
6.92715e-34
1.39426e-33
2.77974e-33
5.48918e-33
1.07352e-32
2.07903e-32
3.98649e-32
7.56681e-32
1.42141e-31
2.64169e-31
4.85561e-31
8.82299e-31
1.58408e-30
2.80841e-30
4.91318e-30
8.47458e-30
1.43981e-29
2.40676e-29
3.95299e-29
6.36973e-29
1.00518e-28
1.55019e-28
2.33065e-28
3.40601e-28
4.82091e-28
6.57939e-28
8.59653e-28
1.06706e-27
1.24541e-27
1.3496e-27
1.33958e-27
1.20558e-27
1.14934e-61
3.20743e-61
9.33892e-61
2.71498e-60
7.8712e-60
2.27559e-59
6.56001e-59
1.88573e-58
5.40541e-58
1.54509e-57
4.40358e-57
1.25131e-56
3.54549e-56
1.00152e-55
2.82055e-55
7.91996e-55
2.2169e-54
6.18647e-54
1.72094e-53
4.77209e-53
1.31912e-52
3.63419e-52
9.98009e-52
2.73188e-51
7.45327e-51
2.02651e-50
5.49164e-50
1.48318e-49
3.99207e-49
1.07098e-48
2.86282e-48
7.62308e-48
2.02224e-47
5.34397e-47
1.40635e-46
3.68501e-46
9.61364e-46
2.49668e-45
6.45219e-45
1.65873e-44
4.24093e-44
1.0781e-43
2.72432e-43
6.84132e-43
1.70678e-42
4.22906e-42
1.04041e-41
2.54061e-41
6.1563e-41
1.47992e-40
3.52848e-40
8.34201e-40
1.95524e-39
4.54253e-39
1.04592e-38
2.38643e-38
5.39511e-38
1.20842e-37
2.6815e-37
5.89459e-37
1.2836e-36
2.76882e-36
5.91605e-36
1.25208e-35
2.62473e-35
5.4497e-35
1.12068e-34
2.28238e-34
4.60328e-34
9.19363e-34
1.81805e-33
3.55936e-33
6.898e-33
1.32307e-32
2.51106e-32
4.71446e-32
8.75336e-32
1.60666e-31
2.914e-31
5.21977e-31
9.22882e-31
1.60942e-30
2.7661e-30
4.68085e-30
7.7904e-30
1.27354e-29
2.0419e-29
3.2053e-29
4.91626e-29
7.3504e-29
1.06832e-28
1.50455e-28
2.04537e-28
2.67226e-28
3.32762e-28
3.91485e-28
4.30356e-28
4.36417e-28
4.03481e-28
3.39601e-28
1.01967e-61
2.84332e-61
8.27114e-61
2.40154e-60
6.95302e-60
2.00725e-59
5.7781e-59
1.6584e-58
4.74598e-58
1.35423e-57
3.85271e-57
1.09274e-56
3.08977e-56
8.71009e-56
2.44762e-55
6.85586e-55
1.91427e-54
5.32785e-54
1.4779e-53
4.0854e-53
1.12551e-52
3.09013e-52
8.45453e-52
2.30513e-51
6.2631e-51
1.69556e-50
4.57391e-50
1.22946e-49
3.29252e-49
8.78449e-49
2.33483e-48
6.18154e-48
1.6299e-47
4.27948e-47
1.11879e-46
2.9117e-46
7.54285e-46
1.94457e-45
4.98665e-45
1.27166e-44
3.22434e-44
8.12693e-44
2.03578e-43
5.06694e-43
1.25275e-42
3.07587e-42
7.49806e-42
1.81424e-41
4.35614e-41
1.0377e-40
2.45199e-40
5.74585e-40
1.33508e-39
3.07544e-39
7.0226e-39
1.58937e-38
3.56487e-38
7.9234e-38
1.74499e-37
3.80766e-37
8.23143e-37
1.76286e-36
3.73994e-36
7.85933e-36
1.6359e-35
3.37245e-35
6.88527e-35
1.39202e-34
2.7866e-34
5.5228e-34
1.08352e-33
2.10398e-33
4.04282e-33
7.68542e-33
1.44502e-32
2.68636e-32
4.93601e-32
8.96021e-32
1.60609e-31
2.84099e-31
4.95589e-31
8.51872e-31
1.44153e-30
2.39884e-30
3.92068e-30
6.28449e-30
9.86262e-30
1.51243e-29
2.26112e-29
3.28694e-29
4.63193e-29
6.30548e-29
8.25948e-29
1.03646e-28
1.23521e-28
1.38351e-28
1.43879e-28
1.3704e-28
1.1816e-28
9.26596e-29
8.79523e-62
2.45011e-61
7.11903e-61
2.06436e-60
5.96854e-60
1.72056e-59
4.945e-59
1.41688e-58
4.04738e-58
1.15265e-57
3.27253e-57
9.26194e-57
2.6129e-56
7.3479e-56
2.05961e-55
5.75363e-55
1.60189e-54
4.44436e-54
1.22875e-53
3.38499e-53
9.29067e-53
2.54072e-52
6.9225e-52
1.87909e-51
5.0814e-51
1.36883e-50
3.67306e-50
9.81766e-50
2.61377e-49
6.92978e-49
1.82956e-48
4.80993e-48
1.25901e-47
3.28036e-47
8.50717e-47
2.19564e-46
5.6384e-46
1.4403e-45
3.65836e-45
9.23796e-45
2.31883e-44
5.78479e-44
1.43399e-43
3.53145e-43
8.63798e-43
2.09811e-42
5.0595e-42
1.21103e-41
2.87664e-41
6.77985e-41
1.58519e-40
3.67623e-40
8.45508e-40
1.92828e-39
4.36018e-39
9.77405e-39
2.17188e-38
4.78352e-38
1.04417e-37
2.25873e-37
4.84169e-37
1.02833e-36
2.16391e-36
4.51105e-36
9.31563e-36
1.90546e-35
3.86007e-35
7.74367e-35
1.53815e-34
3.02471e-34
5.88749e-34
1.13409e-33
2.16141e-33
4.07455e-33
7.59513e-33
1.3994e-32
2.54749e-32
4.57963e-32
8.12535e-32
1.42186e-31
2.45209e-31
4.1638e-31
6.9545e-31
1.14114e-30
1.83696e-30
2.89625e-30
4.46403e-30
6.71132e-30
9.81665e-30
1.39287e-29
1.91075e-29
2.52472e-29
3.20022e-29
3.87463e-29
4.44439e-29
4.76745e-29
4.71723e-29
4.23906e-29
3.41207e-29
2.47453e-29
7.33157e-62
2.04021e-61
5.9211e-61
1.7149e-60
4.95142e-60
1.42524e-59
4.08963e-59
1.1698e-58
3.33556e-58
9.48095e-58
2.68622e-57
7.58597e-57
2.1352e-56
5.98967e-56
1.67449e-55
4.66477e-55
1.29481e-54
3.58083e-54
9.86593e-54
2.70799e-53
7.40392e-53
2.01637e-52
5.46974e-52
1.47778e-51
3.9761e-51
1.06535e-50
2.84242e-50
7.55122e-50
1.9973e-49
5.25886e-49
1.37824e-48
3.59505e-48
9.33229e-48
2.41048e-47
6.19415e-47
1.58328e-46
4.02476e-46
1.01721e-45
2.55546e-45
6.38074e-45
1.58332e-44
3.90385e-44
9.5625e-44
2.32663e-43
5.62186e-43
1.34882e-42
3.21271e-42
7.59559e-42
1.7822e-41
4.14946e-41
9.58546e-41
2.19666e-40
4.99337e-40
1.12578e-39
2.5171e-39
5.5807e-39
1.22681e-38
2.6738e-38
5.777e-38
1.23726e-37
2.62645e-37
5.5257e-37
1.15207e-36
2.38011e-36
4.87188e-36
9.8793e-36
1.9844e-35
3.9477e-35
7.77685e-35
1.51682e-34
2.92851e-34
5.59559e-34
1.05783e-33
1.978e-33
3.65694e-33
6.6821e-33
1.20616e-32
2.14961e-32
3.78005e-32
6.55392e-32
1.11945e-31
1.88182e-31
3.10981e-31
5.04543e-31
8.02421e-31
1.24872e-30
1.89747e-30
2.80842e-30
4.03717e-30
5.61812e-30
7.54066e-30
9.72284e-30
1.19915e-29
1.40822e-29
1.56729e-29
1.62307e-29
1.54027e-29
1.31461e-29
9.90197e-30
6.57588e-30
5.8459e-62
1.6251e-61
4.71206e-61
1.36337e-60
3.93211e-60
1.13042e-59
3.23928e-59
9.25221e-59
2.63406e-58
7.47438e-58
2.11384e-57
5.95798e-57
1.67351e-56
4.68415e-56
1.30638e-55
3.62993e-55
1.00479e-54
2.77056e-54
7.60932e-54
2.08148e-53
5.67038e-53
1.53827e-52
4.15528e-52
1.11758e-51
2.99237e-51
7.97589e-51
2.1161e-50
5.58784e-50
1.46838e-49
3.83934e-49
9.98726e-49
2.58443e-48
6.65193e-48
1.70268e-47
4.33364e-47
1.09654e-46
2.75785e-46
6.89283e-46
1.7118e-45
4.22384e-45
1.03542e-44
2.52128e-44
6.0976e-44
1.46442e-43
3.49207e-43
8.26703e-43
1.94272e-42
4.53126e-42
1.04888e-41
2.40933e-41
5.49148e-41
1.24185e-40
2.78614e-40
6.20087e-40
1.36895e-39
2.99759e-39
6.50994e-39
1.40206e-38
2.99438e-38
6.34107e-38
1.33137e-37
2.77123e-37
5.718e-37
1.1694e-36
2.37016e-36
4.76026e-36
9.47237e-36
1.86722e-35
3.64557e-35
7.04836e-35
1.34918e-34
2.55626e-34
4.79257e-34
8.8882e-34
1.62995e-33
2.95434e-33
5.28995e-33
9.35182e-33
1.63119e-32
2.80506e-32
4.75145e-32
7.9197e-32
1.29739e-31
2.08599e-31
3.28645e-31
5.06384e-31
7.61362e-31
1.11404e-30
1.58141e-30
2.1699e-30
2.86644e-30
3.63015e-30
4.38838e-30
5.04148e-30
5.48715e-30
5.54636e-30
5.10723e-30
4.18482e-30
2.96903e-30
1.78882e-30
4.39743e-62
1.22057e-61
3.53771e-61
1.02314e-60
2.94927e-60
8.47321e-60
2.42625e-59
6.92418e-59
1.96942e-58
5.5825e-58
1.57695e-57
4.43902e-57
1.24511e-56
3.47972e-56
9.68849e-56
2.68718e-55
7.42368e-55
2.04262e-54
5.5971e-54
1.52723e-53
4.14924e-53
1.12231e-52
3.02196e-52
8.09935e-52
2.16045e-51
5.73481e-51
1.51471e-50
3.98033e-50
1.04044e-49
2.70487e-49
6.9929e-49
1.79757e-48
4.59373e-48
1.16688e-47
2.94575e-47
7.38914e-47
1.84137e-46
4.55799e-46
1.12059e-45
2.73612e-45
6.6342e-45
1.59717e-44
3.81739e-44
9.05697e-44
2.13282e-43
4.98468e-43
1.15611e-42
2.6608e-42
6.07647e-42
1.37689e-41
3.09556e-41
6.9049e-41
1.52805e-40
3.35479e-40
7.30675e-40
1.57871e-39
3.3836e-39
7.19346e-39
1.5169e-38
3.17255e-38
6.58056e-38
1.35358e-37
2.7608e-37
5.58295e-37
1.11923e-36
2.22407e-36
4.38009e-36
8.54782e-36
1.65267e-35
3.16514e-35
6.00303e-35
1.12721e-34
2.09488e-34
3.85194e-34
7.00467e-34
1.25917e-33
2.23635e-33
3.92187e-33
6.78649e-33
1.15786e-32
1.94595e-32
3.21823e-32
5.23103e-32
8.34511e-32
1.30447e-31
1.99409e-31
2.97412e-31
4.31595e-31
6.07377e-31
8.25686e-31
1.07963e-30
1.35203e-30
1.61545e-30
1.83369e-30
1.97135e-30
1.97249e-30
1.79053e-30
1.43234e-30
9.70668e-31
5.28082e-31
3.18523e-62
8.8014e-62
2.55171e-61
7.38298e-61
2.12901e-60
6.11861e-60
1.7525e-59
5.00246e-59
1.42304e-58
4.03404e-58
1.13954e-57
3.20751e-57
8.99549e-57
2.51343e-56
6.99609e-56
1.93973e-55
5.35643e-55
1.47305e-54
4.0339e-54
1.0999e-53
2.98575e-53
8.0682e-53
2.17005e-52
5.80864e-52
1.54715e-51
4.1001e-51
1.08097e-50
2.83479e-50
7.39343e-50
1.9174e-49
4.94378e-49
1.26711e-48
3.22781e-48
8.17082e-48
2.05498e-47
5.13398e-47
1.27386e-46
3.13872e-46
7.67895e-46
1.86523e-45
4.49766e-45
1.07647e-44
2.5569e-44
6.02658e-44
1.40936e-43
3.26984e-43
7.52568e-43
1.71812e-42
3.89075e-42
8.73911e-42
1.94692e-41
4.30204e-41
9.42854e-41
2.04956e-40
4.41907e-40
9.45053e-40
2.00466e-39
4.21775e-39
8.80184e-39
1.82183e-38
3.73995e-38
7.61428e-38
1.53733e-37
3.07786e-37
6.10983e-37
1.20243e-36
2.34575e-36
4.53557e-36
8.69028e-36
1.64968e-35
3.1019e-35
5.77558e-35
1.06455e-34
1.94169e-34
3.50312e-34
6.24868e-34
1.10141e-33
1.9172e-33
3.29344e-33
5.57891e-33
9.31054e-33
1.52923e-32
2.469e-32
3.91309e-32
6.07804e-32
9.23456e-32
1.36928e-31
1.97614e-31
2.76669e-31
3.74295e-31
4.8715e-31
6.07381e-31
7.23333e-31
8.19513e-31
8.79698e-31
8.79744e-31
7.97885e-31
6.34812e-31
4.19805e-31
2.05867e-31
2.57467e-23
2.44338e-23
2.16005e-23
1.88161e-23
1.63256e-23
1.41652e-23
1.23291e-23
1.07937e-23
9.52555e-24
8.48627e-24
7.63662e-24
6.93918e-24
6.3597e-24
5.86711e-24
5.43274e-24
5.02959e-24
4.63299e-24
4.22516e-24
3.81019e-24
3.45855e-24
1.59764e-23
1.52583e-23
1.31988e-23
1.11623e-23
9.41439e-24
7.96876e-24
6.79032e-24
5.83778e-24
5.07195e-24
4.45753e-24
3.96367e-24
3.5639e-24
3.23574e-24
2.95994e-24
2.71956e-24
2.49939e-24
2.28626e-24
2.07167e-24
1.85977e-24
1.68846e-24
9.51629e-24
9.0425e-24
7.721e-24
6.39374e-24
5.26885e-24
4.3624e-24
3.64441e-24
3.07921e-24
2.63497e-24
2.28522e-24
2.00844e-24
1.78728e-24
1.60778e-24
1.4585e-24
1.32975e-24
1.21321e-24
1.10204e-24
9.92308e-25
8.86805e-25
8.04484e-25
5.39638e-24
5.0692e-24
4.28642e-24
3.49856e-24
2.83342e-24
2.30438e-24
1.89268e-24
1.57457e-24
1.32885e-24
1.13835e-24
9.89584e-25
8.72056e-25
7.77615e-25
6.99785e-25
6.33269e-25
5.73674e-25
5.17576e-25
4.63181e-25
4.12096e-25
3.73322e-25
2.88587e-24
2.67375e-24
2.24375e-24
1.81357e-24
1.45097e-24
1.16437e-24
9.43581e-25
7.75011e-25
6.46388e-25
5.47817e-25
4.71629e-25
4.11988e-25
3.64451e-25
3.25568e-25
2.92587e-25
2.63294e-25
2.36037e-25
2.10022e-25
1.8608e-25
1.68343e-25
1.44377e-24
1.31927e-24
1.10086e-24
8.84505e-25
7.02202e-25
5.58407e-25
4.4817e-25
3.64576e-25
3.01282e-25
2.53151e-25
2.16212e-25
1.87484e-25
1.64724e-25
1.46213e-25
1.30602e-25
1.16837e-25
1.04155e-25
9.22133e-26
8.14155e-26
7.35938e-26
6.70682e-25
6.05096e-25
5.03061e-25
4.03109e-25
3.18821e-25
2.52267e-25
2.01286e-25
1.62725e-25
1.33638e-25
1.11607e-25
9.47634e-26
8.17145e-26
7.14154e-26
6.30692e-26
5.60597e-26
4.99134e-26
4.42974e-26
3.90704e-26
3.44182e-26
3.11235e-26
2.8698e-25
2.56053e-25
2.12528e-25
1.70363e-25
1.34737e-25
1.06503e-25
8.48154e-26
6.83896e-26
5.59965e-26
4.66113e-26
3.94412e-26
3.38932e-26
2.952e-26
2.59814e-26
2.30167e-26
2.04278e-26
1.80779e-26
1.59141e-26
1.40186e-26
1.27105e-26
1.1193e-25
9.89513e-26
8.21825e-26
6.61082e-26
5.24818e-26
4.16163e-26
3.3219e-26
2.68244e-26
2.19754e-26
1.8289e-26
1.54656e-26
1.32769e-26
1.1549e-26
1.015e-26
8.97872e-27
7.95927e-27
7.0403e-27
6.20393e-27
5.48471e-27
5.00521e-27
3.8994e-26
3.42387e-26
2.85444e-26
2.31339e-26
1.8518e-26
1.47993e-26
1.18958e-26
9.66295e-27
7.95388e-27
6.64399e-27
5.63378e-27
4.84588e-27
4.22086e-27
3.71304e-27
3.28766e-27
2.9188e-27
2.58972e-27
2.29568e-27
2.05044e-27
1.89533e-27
1.19366e-26
1.04447e-26
8.78624e-27
7.21926e-27
5.86693e-27
4.75931e-27
3.87897e-27
3.19016e-27
2.65445e-27
2.23773e-27
1.91184e-27
1.65439e-27
1.44779e-27
1.27841e-27
1.13576e-27
1.01226e-27
9.03394e-28
8.08712e-28
7.33503e-28
6.89518e-28
3.51366e-27
3.06981e-27
2.60806e-27
2.17443e-27
1.79585e-27
1.48033e-27
1.22471e-27
1.02091e-27
8.59607e-28
7.32084e-28
6.30823e-28
5.49679e-28
4.83743e-28
4.29144e-28
3.8292e-28
3.42984e-28
3.08253e-28
2.78935e-28
2.56869e-28
2.4513e-28
9.94029e-28
8.69109e-28
7.46998e-28
6.32879e-28
5.31921e-28
4.46137e-28
3.75152e-28
3.17352e-28
2.70687e-28
2.33105e-28
2.02756e-28
1.78055e-28
1.57707e-28
1.40678e-28
1.26181e-28
1.13688e-28
1.02984e-28
9.42387e-29
8.8055e-29
8.51633e-29
2.70321e-28
2.37043e-28
2.06606e-28
1.78246e-28
1.5273e-28
1.3054e-28
1.11721e-28
9.60222e-29
8.30538e-29
7.23852e-29
6.36032e-29
5.6332e-29
5.02525e-29
4.51064e-29
4.07001e-29
3.69143e-29
3.37217e-29
3.12064e-29
2.95583e-29
2.8927e-29
7.07463e-29
6.23217e-29
5.52435e-29
4.86628e-29
4.2603e-29
3.71735e-29
3.24258e-29
2.83479e-29
2.48869e-29
2.19686e-29
1.95129e-29
1.744e-29
1.56784e-29
1.41691e-29
1.28689e-29
1.17557e-29
1.08331e-29
1.01358e-29
9.72186e-30
9.61369e-30
1.78678e-29
1.58184e-29
1.43063e-29
1.29086e-29
1.15768e-29
1.03323e-29
9.19862e-30
8.18794e-30
7.30131e-30
6.53165e-30
5.86727e-30
5.29412e-30
4.79823e-30
4.36775e-30
3.99463e-30
3.67636e-30
3.41771e-30
3.23168e-30
3.13551e-30
3.12931e-30
4.37938e-30
3.88753e-30
3.59893e-30
3.33862e-30
3.07596e-30
2.81331e-30
2.5592e-30
2.32095e-30
2.10301e-30
1.90711e-30
1.73294e-30
1.57896e-30
1.44308e-30
1.32347e-30
1.21912e-30
1.1305e-30
1.06008e-30
1.01242e-30
9.92611e-31
9.98813e-31
1.05376e-30
9.303e-31
8.84048e-31
8.46524e-31
8.03294e-31
7.53858e-31
7.01051e-31
6.47847e-31
5.96468e-31
5.48283e-31
5.03959e-31
4.63677e-31
4.27363e-31
3.94913e-31
3.66416e-31
3.42344e-31
3.23709e-31
3.12046e-31
3.08849e-31
3.13072e-31
2.55475e-31
2.19423e-31
2.14289e-31
2.12344e-31
2.07717e-31
1.99997e-31
1.90052e-31
1.78875e-31
1.67272e-31
1.55806e-31
1.44831e-31
1.34543e-31
1.25048e-31
1.16428e-31
1.08808e-31
1.02414e-31
9.76165e-32
9.49177e-32
9.47568e-32
9.67016e-32
6.5505e-32
5.24104e-32
5.2256e-32
5.34688e-32
5.38457e-32
5.31489e-32
5.15885e-32
4.9444e-32
4.69616e-32
4.43295e-32
4.16803e-32
3.91026e-32
3.66572e-32
3.43964e-32
3.23825e-32
3.07063e-32
2.94988e-32
2.89266e-32
2.91315e-32
2.99664e-32
0.00099999
0.00099999
0.00099999
0.00099999
0.00099999
0.00099999
0.00099999
0.00099999
0.00099999
0.00099999
0.00099999
0.00099999
0.00099999
0.00099999
0.00099999
0.00099999
0.00099999
0.00099999
0.00099999
0.00099999
0.000999955
0.000999955
0.000999956
0.000999956
0.000999956
0.000999956
0.000999956
0.000999956
0.000999956
0.000999956
0.000999956
0.000999956
0.000999956
0.000999956
0.000999956
0.000999956
0.000999956
0.000999956
0.000999955
0.000999955
0.000999881
0.000999881
0.000999881
0.000999882
0.000999882
0.000999882
0.000999882
0.000999883
0.000999883
0.000999883
0.000999883
0.000999883
0.000999882
0.000999882
0.000999882
0.000999882
0.000999882
0.000999881
0.000999881
0.000999881
0.000999733
0.000999734
0.000999735
0.000999736
0.000999736
0.000999737
0.000999737
0.000999738
0.000999738
0.000999738
0.000999738
0.000999738
0.000999737
0.000999737
0.000999737
0.000999736
0.000999736
0.000999735
0.000999734
0.000999733
0.000999459
0.000999461
0.000999463
0.000999465
0.000999467
0.000999468
0.000999469
0.000999469
0.00099947
0.00099947
0.00099947
0.00099947
0.000999469
0.000999468
0.000999468
0.000999466
0.000999465
0.000999463
0.000999461
0.000999458
0.000998976
0.000998981
0.000998986
0.00099899
0.000998993
0.000998995
0.000998997
0.000998998
0.000998999
0.000998999
0.000998999
0.000998998
0.000998998
0.000998996
0.000998995
0.000998992
0.000998989
0.000998985
0.00099898
0.000998975
0.000998162
0.000998173
0.000998182
0.00099819
0.000998196
0.0009982
0.000998203
0.000998206
0.000998207
0.000998207
0.000998207
0.000998206
0.000998205
0.000998202
0.000998199
0.000998195
0.000998189
0.000998181
0.000998171
0.000998161
0.000996843
0.000996863
0.000996881
0.000996895
0.000996906
0.000996914
0.000996919
0.000996923
0.000996925
0.000996926
0.000996926
0.000996925
0.000996922
0.000996918
0.000996912
0.000996904
0.000996893
0.000996878
0.000996861
0.000996841
0.000994779
0.000994815
0.000994847
0.000994872
0.000994891
0.000994904
0.000994914
0.00099492
0.000994923
0.000994925
0.000994924
0.000994922
0.000994917
0.00099491
0.0009949
0.000994886
0.000994867
0.000994842
0.000994811
0.000994775
0.000991655
0.000991716
0.000991769
0.000991811
0.000991842
0.000991865
0.00099188
0.000991889
0.000991894
0.000991896
0.000991895
0.000991892
0.000991885
0.000991874
0.000991858
0.000991835
0.000991804
0.000991762
0.000991708
0.000991648
0.00098707
0.000987168
0.000987255
0.000987322
0.000987372
0.000987406
0.000987428
0.000987442
0.000987449
0.000987451
0.00098745
0.000987444
0.000987434
0.000987418
0.000987394
0.000987359
0.00098731
0.000987243
0.000987156
0.000987058
0.000980537
0.00098069
0.000980825
0.000980928
0.000981002
0.000981052
0.000981084
0.000981102
0.000981111
0.000981113
0.00098111
0.000981103
0.000981089
0.000981067
0.000981032
0.00098098
0.000980906
0.000980804
0.00098067
0.000980517
0.000971488
0.000971718
0.000971918
0.000972069
0.000972176
0.000972247
0.000972289
0.000972312
0.000972322
0.000972322
0.000972318
0.000972307
0.00097229
0.000972261
0.000972214
0.000972141
0.000972034
0.000971884
0.000971686
0.000971457
0.000959293
0.000959625
0.000959912
0.000960126
0.000960274
0.000960368
0.000960422
0.000960447
0.000960454
0.000960452
0.000960444
0.000960432
0.000960411
0.000960376
0.000960315
0.000960218
0.00096007
0.000959859
0.000959575
0.000959244
0.000943289
0.000943753
0.00094415
0.000944441
0.000944638
0.000944758
0.000944821
0.000944845
0.000944846
0.000944838
0.000944826
0.000944812
0.00094479
0.00094475
0.000944676
0.000944551
0.000944355
0.000944067
0.000943674
0.000943213
0.000922819
0.000923447
0.000923979
0.000924364
0.000924617
0.000924763
0.000924832
0.00092485
0.00092484
0.000924821
0.000924803
0.000924788
0.000924767
0.000924725
0.000924641
0.000924487
0.000924235
0.000923856
0.00092333
0.000922706
0.000897292
0.000898118
0.000898811
0.000899303
0.000899617
0.00089979
0.000899861
0.000899866
0.00089984
0.000899806
0.000899779
0.000899761
0.000899744
0.000899704
0.000899611
0.000899429
0.000899116
0.000898633
0.00089795
0.00089713
0.000866251
0.000867303
0.000868179
0.000868791
0.000869171
0.000869369
0.000869436
0.000869421
0.000869369
0.000869315
0.000869277
0.000869259
0.000869247
0.000869213
0.000869117
0.000868908
0.000868531
0.000867932
0.00086707
0.000866025
0.000829437
0.00083074
0.000831813
0.000832554
0.000833003
0.000833222
0.000833276
0.00083323
0.00083314
0.000833055
0.000833007
0.000832994
0.000832994
0.000832974
0.00083288
0.000832648
0.000832206
0.000831483
0.000830428
0.000829136
0.000786861
0.000788423
0.000789701
0.00079057
0.000791084
0.00079132
0.000791351
0.000791259
0.000791124
0.000791008
0.000790942
0.000790933
0.000790955
0.000790958
0.000790876
0.000790626
0.000790122
0.000789277
0.000788024
0.000786475
0.000738834
0.000740651
0.000742125
0.000743114
0.000743685
0.000743926
0.000743926
0.000743786
0.000743606
0.000743457
0.000743375
0.000743366
0.000743406
0.000743439
0.000743377
0.00074312
0.000742563
0.000741604
0.00074016
0.00073836
0.000685989
0.000688038
0.000689688
0.000690782
0.000691396
0.000691633
0.000691603
0.000691423
0.000691204
0.000691025
0.000690928
0.000690916
0.000690966
0.00069102
0.000690981
0.000690727
0.000690133
0.000689076
0.000687461
0.00068543
0.000629263
0.000631509
0.000633304
0.000634479
0.000635123
0.000635355
0.000635302
0.000635095
0.000634852
0.000634653
0.000634538
0.000634518
0.000634569
0.000634634
0.000634613
0.000634366
0.000633747
0.000632615
0.000630859
0.000628633
0.000569859
0.000572253
0.000574151
0.000575381
0.000576044
0.000576274
0.000576211
0.000575998
0.000575745
0.000575532
0.000575403
0.000575369
0.000575412
0.000575478
0.000575466
0.000575226
0.000574592
0.000573408
0.000571552
0.000569181
0.000509174
0.000511653
0.000513605
0.00051486
0.000515529
0.000515757
0.000515698
0.000515494
0.000515248
0.000515032
0.00051489
0.00051484
0.00051487
0.00051493
0.000514918
0.000514683
0.000514046
0.000512839
0.00051093
0.000508475
0.000448677
0.000451173
0.000453125
0.000454373
0.000455033
0.000455259
0.00045521
0.000455025
0.000454796
0.000454587
0.000454439
0.000454378
0.000454394
0.000454442
0.000454426
0.000454197
0.000453569
0.000452368
0.000450457
0.000447984
0.000389791
0.000392237
0.000394137
0.000395346
0.000395983
0.000396204
0.000396166
0.000396002
0.000395795
0.000395599
0.000395456
0.00039539
0.000395396
0.000395434
0.000395414
0.00039519
0.000394582
0.000393415
0.000391552
0.000389128
0.000333787
0.000336121
0.000337926
0.000339069
0.000339668
0.000339877
0.000339848
0.000339702
0.000339517
0.000339344
0.000339212
0.000339147
0.000339148
0.00033918
0.000339158
0.000338944
0.000338367
0.000337259
0.000335488
0.000333173
0.000281702
0.000283875
0.000285549
0.000286606
0.000287157
0.000287346
0.000287321
0.000287191
0.000287028
0.000286875
0.000286759
0.0002867
0.000286701
0.000286734
0.000286714
0.000286516
0.000285981
0.000284954
0.000283309
0.000281152
0.000234295
0.000236273
0.000237791
0.000238747
0.000239244
0.00023941
0.000239381
0.000239263
0.000239119
0.000238986
0.000238886
0.000238839
0.000238845
0.00023888
0.000238869
0.000238691
0.000238207
0.000237275
0.00023578
0.000233816
0.000192029
0.000193791
0.00019514
0.000195987
0.000196425
0.000196566
0.000196534
0.000196424
0.000196297
0.000196182
0.000196102
0.000196071
0.000196086
0.000196123
0.000196116
0.000195961
0.000195532
0.000194704
0.000193375
0.000191625
0.000155094
0.000156632
0.000157807
0.000158543
0.00015892
0.000159037
0.000159002
0.000158902
0.000158788
0.000158695
0.000158637
0.000158621
0.000158643
0.000158682
0.000158677
0.000158543
0.000158169
0.000157448
0.00015629
0.000154762
0.000123436
0.000124753
0.000125757
0.000126385
0.000126705
0.0001268
0.000126763
0.000126672
0.000126577
0.000126502
0.000126461
0.000126457
0.000126485
0.000126523
0.000126522
0.000126409
0.00012609
0.000125473
0.000124482
0.000123173
9.68081e-05
9.79156e-05
9.87593e-05
9.92854e-05
9.95515e-05
9.96277e-05
9.95921e-05
9.9512e-05
9.94346e-05
9.93769e-05
9.93476e-05
9.93508e-05
9.93803e-05
9.94164e-05
9.94199e-05
9.93283e-05
9.90616e-05
9.85428e-05
9.77088e-05
9.66084e-05
7.48205e-05
7.5735e-05
7.64313e-05
7.68646e-05
7.70823e-05
7.71417e-05
7.71097e-05
7.7043e-05
7.69812e-05
7.69381e-05
7.69193e-05
7.69259e-05
7.69544e-05
7.6988e-05
7.69934e-05
7.69203e-05
7.67006e-05
7.62715e-05
7.55819e-05
7.46726e-05
5.69879e-05
5.77298e-05
5.82944e-05
5.86452e-05
5.88204e-05
5.88665e-05
5.88391e-05
5.87859e-05
5.87376e-05
5.87053e-05
5.86961e-05
5.87068e-05
5.87332e-05
5.87609e-05
5.87663e-05
5.87077e-05
5.85286e-05
5.81791e-05
5.76184e-05
5.688e-05
4.27777e-05
4.33691e-05
4.38192e-05
4.40984e-05
4.42371e-05
4.42734e-05
4.4252e-05
4.4211e-05
4.4174e-05
4.41506e-05
4.41464e-05
4.41597e-05
4.4183e-05
4.42051e-05
4.421e-05
4.41624e-05
4.40179e-05
4.37375e-05
4.32891e-05
4.26997e-05
3.16482e-05
3.21117e-05
3.24645e-05
3.26833e-05
3.27919e-05
3.28207e-05
3.28052e-05
3.27745e-05
3.27466e-05
3.2731e-05
3.2729e-05
3.27411e-05
3.27601e-05
3.27785e-05
3.27825e-05
3.27436e-05
3.26287e-05
3.24075e-05
3.2055e-05
3.15924e-05
2.30785e-05
2.34357e-05
2.37078e-05
2.38767e-05
2.39608e-05
2.39837e-05
2.39733e-05
2.39513e-05
2.39307e-05
2.39189e-05
2.39186e-05
2.39283e-05
2.39433e-05
2.39585e-05
2.39609e-05
2.39297e-05
2.38402e-05
2.36687e-05
2.33962e-05
2.30394e-05
1.65893e-05
1.68601e-05
1.70667e-05
1.71952e-05
1.72594e-05
1.72774e-05
1.72708e-05
1.72557e-05
1.72414e-05
1.72321e-05
1.72314e-05
1.72384e-05
1.72506e-05
1.72621e-05
1.72633e-05
1.72393e-05
1.7171e-05
1.70404e-05
1.68333e-05
1.65627e-05
1.17556e-05
1.19576e-05
1.21119e-05
1.22082e-05
1.22568e-05
1.2271e-05
1.22667e-05
1.22563e-05
1.22466e-05
1.22402e-05
1.2239e-05
1.22439e-05
1.22526e-05
1.22607e-05
1.22615e-05
1.22436e-05
1.21925e-05
1.20949e-05
1.19402e-05
1.17383e-05
8.21275e-06
8.36102e-06
8.47454e-06
8.54565e-06
8.58194e-06
8.59312e-06
8.5905e-06
8.58329e-06
8.57648e-06
8.57215e-06
8.57152e-06
8.57478e-06
8.58043e-06
8.586e-06
8.58654e-06
8.5734e-06
8.53582e-06
8.464e-06
8.35037e-06
8.2022e-06
5.65727e-06
5.76439e-06
5.84655e-06
5.89824e-06
5.92491e-06
5.9336e-06
5.93227e-06
5.92736e-06
5.92267e-06
5.91972e-06
5.91921e-06
5.92117e-06
5.92508e-06
5.92914e-06
5.92957e-06
5.91991e-06
5.89251e-06
5.84044e-06
5.75828e-06
5.65127e-06
3.8429e-06
3.91905e-06
3.97758e-06
4.01455e-06
4.03383e-06
4.04037e-06
4.03976e-06
4.03656e-06
4.03346e-06
4.03138e-06
4.03087e-06
4.03217e-06
4.03501e-06
4.03801e-06
4.0382e-06
4.03118e-06
4.01151e-06
3.97433e-06
3.91581e-06
3.83973e-06
2.57458e-06
2.62789e-06
2.66893e-06
2.69495e-06
2.70865e-06
2.71343e-06
2.71313e-06
2.71101e-06
2.70893e-06
2.70758e-06
2.70731e-06
2.70825e-06
2.71021e-06
2.71227e-06
2.71232e-06
2.70736e-06
2.69349e-06
2.66735e-06
2.62632e-06
2.57305e-06
1.70142e-06
1.73816e-06
1.7665e-06
1.78453e-06
1.79409e-06
1.79753e-06
1.79743e-06
1.79597e-06
1.79455e-06
1.79365e-06
1.7935e-06
1.79422e-06
1.79554e-06
1.79691e-06
1.79692e-06
1.79348e-06
1.78387e-06
1.7658e-06
1.73746e-06
1.70073e-06
1.10924e-06
1.1342e-06
1.15348e-06
1.16579e-06
1.17235e-06
1.17475e-06
1.17476e-06
1.17378e-06
1.17279e-06
1.17212e-06
1.17201e-06
1.17255e-06
1.17345e-06
1.17438e-06
1.17437e-06
1.17201e-06
1.16547e-06
1.15316e-06
1.13389e-06
1.10894e-06
7.13533e-07
7.30227e-07
7.43149e-07
7.51428e-07
7.55873e-07
7.57521e-07
7.57558e-07
7.56901e-07
7.56188e-07
7.55723e-07
7.55663e-07
7.55999e-07
7.56623e-07
7.5724e-07
7.57221e-07
7.55617e-07
7.51216e-07
7.42958e-07
7.30052e-07
7.13364e-07
4.52934e-07
4.63937e-07
4.72468e-07
4.77948e-07
4.80908e-07
4.8202e-07
4.82063e-07
4.81637e-07
4.81152e-07
4.80821e-07
4.8076e-07
4.8096e-07
4.81374e-07
4.81782e-07
4.81761e-07
4.8068e-07
4.77761e-07
4.72309e-07
4.63795e-07
4.52796e-07
2.83766e-07
2.90914e-07
2.96461e-07
3.00029e-07
3.01964e-07
3.02696e-07
3.02729e-07
3.02465e-07
3.02152e-07
3.0192e-07
3.01845e-07
3.01966e-07
3.02229e-07
3.02488e-07
3.02467e-07
3.01752e-07
2.99848e-07
2.96303e-07
2.9077e-07
2.83625e-07
1.75495e-07
1.80074e-07
1.83629e-07
1.85915e-07
1.87153e-07
1.8762e-07
1.87634e-07
1.87464e-07
1.87258e-07
1.87105e-07
1.87058e-07
1.87135e-07
1.87291e-07
1.87442e-07
1.8742e-07
1.8696e-07
1.8574e-07
1.83469e-07
1.79924e-07
1.75349e-07
1.07154e-07
1.10046e-07
1.12293e-07
1.13737e-07
1.14514e-07
1.148e-07
1.14796e-07
1.14676e-07
1.14544e-07
1.14454e-07
1.14433e-07
1.14477e-07
1.14566e-07
1.14656e-07
1.1464e-07
1.14349e-07
1.13579e-07
1.12144e-07
1.09905e-07
1.07015e-07
6.45977e-08
6.64002e-08
6.78007e-08
6.86993e-08
6.91798e-08
6.9351e-08
6.9339e-08
6.92557e-08
6.91709e-08
6.9119e-08
6.91063e-08
6.9132e-08
6.91862e-08
6.92432e-08
6.92341e-08
6.90535e-08
6.85728e-08
6.76772e-08
6.6281e-08
6.44811e-08
3.84521e-08
3.956e-08
4.04209e-08
4.09725e-08
4.12661e-08
4.13687e-08
4.13574e-08
4.13022e-08
4.12467e-08
4.1213e-08
4.12054e-08
4.12221e-08
4.12569e-08
4.12935e-08
4.12891e-08
4.11779e-08
4.08807e-08
4.03288e-08
3.947e-08
3.8364e-08
2.26024e-08
2.32744e-08
2.37966e-08
2.4131e-08
2.43086e-08
2.43696e-08
2.43611e-08
2.43252e-08
2.42896e-08
2.42678e-08
2.42636e-08
2.42756e-08
2.4298e-08
2.43207e-08
2.43185e-08
2.42506e-08
2.4069e-08
2.37334e-08
2.32121e-08
2.25416e-08
1.31212e-08
1.35235e-08
1.38362e-08
1.40365e-08
1.41427e-08
1.41787e-08
1.41731e-08
1.41506e-08
1.41282e-08
1.41142e-08
1.4112e-08
1.41204e-08
1.41347e-08
1.41488e-08
1.41476e-08
1.41065e-08
1.39971e-08
1.37957e-08
1.34835e-08
1.30824e-08
7.5239e-09
7.76153e-09
7.94642e-09
8.0648e-09
8.12741e-09
8.14868e-09
8.14522e-09
8.13191e-09
8.11833e-09
8.10999e-09
8.10862e-09
8.1134e-09
8.12243e-09
8.13131e-09
8.1306e-09
8.10604e-09
8.04114e-09
7.92195e-09
7.73747e-09
7.50059e-09
4.26212e-09
4.40069e-09
4.50857e-09
4.57762e-09
4.61406e-09
4.6265e-09
4.62464e-09
4.617e-09
4.60904e-09
4.60418e-09
4.60315e-09
4.60607e-09
4.61171e-09
4.61699e-09
4.61647e-09
4.60201e-09
4.5641e-09
4.49455e-09
4.38696e-09
4.24888e-09
2.38555e-09
2.46531e-09
2.52744e-09
2.56722e-09
2.58822e-09
2.59545e-09
2.59457e-09
2.59024e-09
2.58552e-09
2.58253e-09
2.58196e-09
2.58403e-09
2.58746e-09
2.59048e-09
2.59006e-09
2.5817e-09
2.55989e-09
2.51984e-09
2.45789e-09
2.37842e-09
1.31944e-09
1.36478e-09
1.40012e-09
1.42276e-09
1.43475e-09
1.43891e-09
1.43845e-09
1.43599e-09
1.4333e-09
1.43149e-09
1.4313e-09
1.43261e-09
1.43461e-09
1.43633e-09
1.4361e-09
1.43139e-09
1.41902e-09
1.39624e-09
1.36101e-09
1.31584e-09
7.21273e-10
7.46724e-10
7.66573e-10
7.79306e-10
7.86068e-10
7.88404e-10
7.8814e-10
7.86765e-10
7.85286e-10
7.84333e-10
7.84284e-10
7.8498e-10
7.86144e-10
7.87135e-10
7.87059e-10
7.84442e-10
7.7751e-10
7.64725e-10
7.44943e-10
7.19583e-10
3.89742e-10
4.03855e-10
4.14867e-10
4.21935e-10
4.25691e-10
4.26977e-10
4.26817e-10
4.26086e-10
4.25325e-10
4.24838e-10
4.24794e-10
4.25174e-10
4.25847e-10
4.26425e-10
4.2641e-10
4.24969e-10
4.21143e-10
4.14063e-10
4.03092e-10
3.89026e-10
2.08201e-10
2.15931e-10
2.21967e-10
2.2584e-10
2.27895e-10
2.28595e-10
2.28503e-10
2.28111e-10
2.27752e-10
2.27512e-10
2.27485e-10
2.27693e-10
2.28049e-10
2.28389e-10
2.28395e-10
2.27619e-10
2.25536e-10
2.21664e-10
2.15652e-10
2.07943e-10
1.0997e-10
1.14154e-10
1.17421e-10
1.19518e-10
1.20628e-10
1.21005e-10
1.20959e-10
1.20754e-10
1.20567e-10
1.20464e-10
1.20469e-10
1.20575e-10
1.20761e-10
1.20951e-10
1.20964e-10
1.20554e-10
1.19431e-10
1.17336e-10
1.1408e-10
1.09905e-10
5.7441e-11
5.96788e-11
6.1427e-11
6.25485e-11
6.3141e-11
6.33417e-11
6.33188e-11
6.32137e-11
6.31153e-11
6.30661e-11
6.30748e-11
6.31408e-11
6.3249e-11
6.33521e-11
6.33616e-11
6.31429e-11
6.25421e-11
6.1421e-11
5.96782e-11
5.74431e-11
2.96758e-11
3.08587e-11
3.17832e-11
3.23761e-11
3.26884e-11
3.2794e-11
3.27824e-11
3.27277e-11
3.26766e-11
3.26506e-11
3.26598e-11
3.27004e-11
3.27644e-11
3.28215e-11
3.28259e-11
3.27099e-11
3.2392e-11
3.17987e-11
3.08761e-11
2.96933e-11
1.51659e-11
1.57841e-11
1.62673e-11
1.65771e-11
1.67403e-11
1.67952e-11
1.67892e-11
1.67609e-11
1.67339e-11
1.67205e-11
1.67276e-11
1.67524e-11
1.67882e-11
1.6818e-11
1.68206e-11
1.67605e-11
1.65943e-11
1.62838e-11
1.58008e-11
1.51819e-11
7.66795e-12
7.98738e-12
8.23697e-12
8.39705e-12
8.48156e-12
8.51008e-12
8.5066e-12
8.49177e-12
8.47786e-12
8.47149e-12
8.47597e-12
8.49072e-12
8.50935e-12
8.52471e-12
8.52649e-12
8.49548e-12
8.40944e-12
8.2487e-12
7.99877e-12
7.67861e-12
3.83611e-12
3.99936e-12
4.12689e-12
4.20867e-12
4.25186e-12
4.2664e-12
4.26449e-12
4.25681e-12
4.24974e-12
4.24689e-12
4.24969e-12
4.25751e-12
4.26718e-12
4.2754e-12
4.27622e-12
4.26015e-12
4.21604e-12
4.13378e-12
4.00592e-12
3.84216e-12
1.89916e-12
1.9817e-12
2.04618e-12
2.08751e-12
2.10927e-12
2.11646e-12
2.11541e-12
2.11158e-12
2.10822e-12
2.10696e-12
2.10845e-12
2.11229e-12
2.11735e-12
2.1216e-12
2.12192e-12
2.11377e-12
2.09143e-12
2.04978e-12
1.98508e-12
1.90225e-12
9.30547e-13
9.71832e-13
1.00408e-12
1.02473e-12
1.03557e-12
1.03912e-12
1.03857e-12
1.03668e-12
1.03514e-12
1.03454e-12
1.03522e-12
1.03715e-12
1.03968e-12
1.04173e-12
1.0419e-12
1.03784e-12
1.02666e-12
1.00582e-12
9.73441e-13
9.32001e-13
4.51294e-13
4.71724e-13
4.87678e-13
4.97881e-13
5.03233e-13
5.04997e-13
5.0475e-13
5.03842e-13
5.03089e-13
5.02797e-13
5.03108e-13
5.04024e-13
5.05212e-13
5.06212e-13
5.06305e-13
5.04304e-13
4.98775e-13
4.88464e-13
4.7244e-13
4.51933e-13
2.16658e-13
2.26662e-13
2.34471e-13
2.39462e-13
2.4208e-13
2.42957e-13
2.42859e-13
2.42423e-13
2.42044e-13
2.41902e-13
2.42047e-13
2.42444e-13
2.42982e-13
2.4347e-13
2.4352e-13
2.42552e-13
2.3985e-13
2.34803e-13
2.26958e-13
2.16918e-13
1.02977e-13
1.07825e-13
1.11609e-13
1.14026e-13
1.15295e-13
1.15726e-13
1.15688e-13
1.15476e-13
1.15286e-13
1.15216e-13
1.15273e-13
1.1545e-13
1.15695e-13
1.15923e-13
1.15951e-13
1.15486e-13
1.14179e-13
1.11734e-13
1.07934e-13
1.0307e-13
4.84622e-14
5.0788e-14
5.26035e-14
5.37627e-14
5.437e-14
5.45768e-14
5.45602e-14
5.44611e-14
5.43666e-14
5.43297e-14
5.43544e-14
5.44338e-14
5.45473e-14
5.46524e-14
5.46636e-14
5.44383e-14
5.38118e-14
5.26406e-14
5.08189e-14
4.84873e-14
2.25842e-14
2.36886e-14
2.45508e-14
2.51013e-14
2.53894e-14
2.54876e-14
2.54791e-14
2.54332e-14
2.53889e-14
2.53698e-14
2.53799e-14
2.54152e-14
2.54665e-14
2.55143e-14
2.55168e-14
2.54087e-14
2.51116e-14
2.45562e-14
2.36919e-14
2.25856e-14
1.04228e-14
1.0942e-14
1.13474e-14
1.16063e-14
1.17421e-14
1.17888e-14
1.17849e-14
1.17627e-14
1.17422e-14
1.17323e-14
1.17356e-14
1.17515e-14
1.17743e-14
1.17955e-14
1.17955e-14
1.17442e-14
1.16044e-14
1.13436e-14
1.09378e-14
1.04182e-14
4.76445e-15
5.00605e-15
5.19479e-15
5.31551e-15
5.37906e-15
5.40118e-15
5.39961e-15
5.38864e-15
5.37834e-15
5.37276e-15
5.37409e-15
5.38134e-15
5.39193e-15
5.40106e-15
5.4003e-15
5.37602e-15
5.31096e-15
5.18973e-15
5.00102e-15
4.75939e-15
2.15756e-15
2.26888e-15
2.35591e-15
2.41169e-15
2.44118e-15
2.45145e-15
2.45067e-15
2.44534e-15
2.44004e-15
2.43699e-15
2.4375e-15
2.44059e-15
2.44552e-15
2.44951e-15
2.44885e-15
2.43756e-15
2.40761e-15
2.35177e-15
2.26486e-15
2.15358e-15
9.68091e-16
1.0189e-15
1.05864e-15
1.08414e-15
1.09765e-15
1.10231e-15
1.10181e-15
1.09927e-15
1.0967e-15
1.09507e-15
1.09501e-15
1.09643e-15
1.09861e-15
1.10032e-15
1.09996e-15
1.09482e-15
1.08118e-15
1.05571e-15
1.01606e-15
9.65306e-16
4.30468e-16
4.53432e-16
4.71406e-16
4.82941e-16
4.89034e-16
4.91123e-16
4.9081e-16
4.89545e-16
4.88307e-16
4.87525e-16
4.874e-16
4.87984e-16
4.8887e-16
4.89595e-16
4.89444e-16
4.8714e-16
4.80985e-16
4.69476e-16
4.51555e-16
4.2863e-16
1.89707e-16
1.99987e-16
2.08034e-16
2.13197e-16
2.15917e-16
2.16839e-16
2.16678e-16
2.16052e-16
2.15422e-16
2.15049e-16
2.14977e-16
2.15158e-16
2.15501e-16
2.1583e-16
2.15772e-16
2.14739e-16
2.11981e-16
2.06827e-16
1.98803e-16
1.88546e-16
8.28726e-17
8.74302e-17
9.09965e-17
9.32837e-17
9.44866e-17
9.48861e-17
9.48055e-17
9.45122e-17
9.42015e-17
9.40004e-17
9.39331e-17
9.39898e-17
9.41335e-17
9.42772e-17
9.42455e-17
9.37844e-17
9.25561e-17
9.02664e-17
8.67059e-17
8.216e-17
3.58944e-17
3.7896e-17
3.94613e-17
4.04636e-17
4.0988e-17
4.11565e-17
4.11132e-17
4.0978e-17
4.08312e-17
4.07225e-17
4.06752e-17
4.06911e-17
4.07484e-17
4.08042e-17
4.07872e-17
4.05813e-17
4.00364e-17
3.90269e-17
3.74608e-17
3.54647e-17
1.54186e-17
1.62894e-17
1.69698e-17
1.74039e-17
1.76283e-17
1.76973e-17
1.76749e-17
1.76119e-17
1.75419e-17
1.74864e-17
1.74596e-17
1.74599e-17
1.74798e-17
1.75009e-17
1.74912e-17
1.73971e-17
1.71563e-17
1.67147e-17
1.60317e-17
1.51634e-17
6.57017e-18
6.9455e-18
7.23831e-18
7.42433e-18
7.51903e-18
7.54645e-18
7.53478e-18
7.50479e-18
7.47184e-18
7.44371e-18
7.42813e-18
7.42513e-18
7.43155e-18
7.43866e-18
7.43176e-18
7.38834e-18
7.28253e-18
7.09069e-18
6.79532e-18
6.42116e-18
2.77821e-18
2.93845e-18
3.06318e-18
3.14212e-18
3.18185e-18
3.19243e-18
3.18598e-18
3.1714e-18
3.15555e-18
3.14148e-18
3.13281e-18
3.12991e-18
3.13135e-18
3.13276e-18
3.12805e-18
3.10805e-18
3.06178e-18
2.97901e-18
2.85229e-18
2.69255e-18
1.16628e-18
1.23406e-18
1.28666e-18
1.31979e-18
1.33628e-18
1.34028e-18
1.3367e-18
1.32949e-18
1.3216e-18
1.31464e-18
1.30995e-18
1.30771e-18
1.30737e-18
1.30704e-18
1.30414e-18
1.29487e-18
1.27468e-18
1.23918e-18
1.18524e-18
1.11768e-18
4.86361e-19
5.14759e-19
5.3672e-19
5.50459e-19
5.5717e-19
5.58563e-19
5.56638e-19
5.53066e-19
5.49148e-19
5.45611e-19
5.43005e-19
5.41496e-19
5.40808e-19
5.40171e-19
5.38472e-19
5.34145e-19
5.25315e-19
5.10155e-19
4.87364e-19
4.59061e-19
2.01643e-19
2.13428e-19
2.22502e-19
2.28119e-19
2.30773e-19
2.3117e-19
2.30135e-19
2.2837e-19
2.26415e-19
2.24599e-19
2.23169e-19
2.22218e-19
2.21635e-19
2.21095e-19
2.20121e-19
2.18074e-19
2.14196e-19
2.07742e-19
1.9818e-19
1.8644e-19
8.32044e-20
8.80471e-20
9.17524e-20
9.40088e-20
9.50161e-20
9.50681e-20
9.45042e-20
9.36176e-20
9.2635e-20
9.17052e-20
9.0936e-20
9.03713e-20
8.99705e-20
8.95976e-20
8.90506e-20
8.80699e-20
8.63557e-20
8.36114e-20
7.96262e-20
7.48062e-20
3.42214e-20
3.61896e-20
3.76814e-20
3.85662e-20
3.89235e-20
3.88764e-20
3.85652e-20
3.81127e-20
3.76145e-20
3.71378e-20
3.67302e-20
3.64112e-20
3.6163e-20
3.59298e-20
3.56284e-20
3.51552e-20
3.43935e-20
3.32273e-20
3.15767e-20
2.96188e-20
1.40579e-20
1.48476e-20
1.5437e-20
1.57716e-20
1.58825e-20
1.58218e-20
1.56484e-20
1.54139e-20
1.51595e-20
1.49151e-20
1.47015e-20
1.45264e-20
1.43819e-20
1.42451e-20
1.40828e-20
1.38546e-20
1.35156e-20
1.30209e-20
1.23419e-20
1.15556e-20
5.78375e-21
6.09575e-21
6.32235e-21
6.44106e-21
6.46438e-21
6.4148e-21
6.31744e-21
6.19453e-21
6.06388e-21
5.93867e-21
5.82757e-21
5.7335e-21
5.65282e-21
5.57637e-21
5.4913e-21
5.38209e-21
5.23156e-21
5.02272e-21
4.74563e-21
4.43399e-21
2.3924e-21
2.51294e-21
2.5962e-21
2.63296e-21
2.62882e-21
2.59382e-21
2.53897e-21
2.47398e-21
2.40662e-21
2.34256e-21
2.28528e-21
2.23572e-21
2.19226e-21
2.15134e-21
2.10802e-21
2.05643e-21
1.99008e-21
1.9026e-21
1.79072e-21
1.66905e-21
1.00031e-21
1.04506e-21
1.07289e-21
1.08029e-21
1.0701e-21
1.04705e-21
1.01611e-21
9.81581e-22
9.46832e-22
9.14205e-22
8.85005e-22
8.59469e-22
8.3688e-22
8.15835e-22
7.94467e-22
7.70561e-22
7.41676e-22
7.05463e-22
6.60914e-22
6.14273e-22
4.2602e-22
4.41156e-22
4.48247e-22
4.46239e-22
4.36769e-22
4.22177e-22
4.04764e-22
3.8643e-22
3.68583e-22
3.52129e-22
3.37499e-22
3.24696e-22
3.13385e-22
3.03003e-22
2.92831e-22
2.82031e-22
2.69689e-22
2.5495e-22
2.37537e-22
2.20055e-22
1.86806e-22
1.90528e-22
1.90279e-22
1.86058e-22
1.78867e-22
1.69888e-22
1.60171e-22
1.50518e-22
1.41467e-22
1.33321e-22
1.26176e-22
1.19975e-22
1.14546e-22
1.09651e-22
1.05004e-22
1.00284e-22
9.5148e-23
8.9289e-23
8.26502e-23
7.62808e-23
8.55588e-23
8.49302e-23
8.23917e-23
7.83344e-23
7.33408e-23
6.79668e-23
6.26459e-23
5.76666e-23
5.31906e-23
4.92786e-23
4.59177e-23
4.30447e-23
4.05674e-23
3.83777e-23
3.63577e-23
3.43814e-23
3.23202e-23
3.00664e-23
2.76182e-23
2.5379e-23
4.15676e-23
3.93696e-23
3.63847e-23
3.3125e-23
2.98505e-23
2.67457e-23
2.3927e-23
2.14504e-23
1.93259e-23
1.7533e-23
1.60327e-23
1.47773e-23
1.37159e-23
1.27979e-23
1.19732e-23
1.11918e-23
1.04058e-23
9.57863e-24
8.71612e-24
7.96475e-24
8.04336e-33
7.30789e-33
7.31724e-33
7.52724e-33
7.66748e-33
7.66979e-33
7.54319e-33
7.31857e-33
7.02844e-33
6.70029e-33
6.35532e-33
6.00918e-33
5.67395e-33
5.3606e-33
5.08158e-33
4.85314e-33
4.69655e-33
4.63585e-33
4.68618e-33
4.81343e-33
8.36049e-34
8.00392e-34
8.05997e-34
8.30343e-34
8.51039e-34
8.59024e-34
8.53257e-34
8.35953e-34
8.10166e-34
7.78799e-34
7.44288e-34
7.08594e-34
6.73348e-34
6.4009e-34
6.10529e-34
5.86758e-34
5.71311e-34
5.66812e-34
5.74609e-34
5.9052e-34
9.0854e-35
8.87367e-35
8.95954e-35
9.22152e-35
9.47359e-35
9.61351e-35
9.61383e-35
9.48651e-35
9.25822e-35
8.95811e-35
8.6129e-35
8.24569e-35
7.8769e-35
7.52635e-35
7.21577e-35
6.9706e-35
6.81998e-35
6.79244e-35
6.90177e-35
7.10206e-35
1.00919e-35
9.92291e-36
1.00177e-35
1.02862e-35
1.0567e-35
1.07518e-35
1.07989e-35
1.07099e-35
1.05065e-35
1.02169e-35
9.86939e-36
9.4904e-36
9.10429e-36
8.73534e-36
8.40986e-36
8.15769e-36
8.01165e-36
8.00283e-36
8.14684e-36
8.39557e-36
1.13251e-36
1.11477e-36
1.12329e-36
1.14974e-36
1.1794e-36
1.20107e-36
1.20941e-36
1.20357e-36
1.18514e-36
1.15679e-36
1.12146e-36
1.08209e-36
1.04151e-36
1.00259e-36
9.6843e-37
9.42443e-37
9.2828e-37
9.29342e-37
9.47471e-37
9.77748e-37
1.27571e-37
1.25417e-37
1.26013e-37
1.2852e-37
1.31536e-37
1.33911e-37
1.35011e-37
1.34654e-37
1.32943e-37
1.3012e-37
1.26487e-37
1.22364e-37
1.18075e-37
1.13953e-37
1.10353e-37
1.0766e-37
1.06279e-37
1.0658e-37
1.08784e-37
1.12395e-37
1.43702e-38
1.40972e-38
1.41171e-38
1.43447e-38
1.46417e-38
1.48902e-38
1.50178e-38
1.49973e-38
1.48332e-38
1.45469e-38
1.41689e-38
1.37339e-38
1.3278e-38
1.28393e-38
1.24579e-38
1.2177e-38
1.20407e-38
1.20899e-38
1.23505e-38
1.2773e-38
1.61501e-39
1.58047e-39
1.57725e-39
1.59678e-39
1.62515e-39
1.65019e-39
1.66386e-39
1.66261e-39
1.64629e-39
1.61674e-39
1.57703e-39
1.53082e-39
1.48213e-39
1.43523e-39
1.39461e-39
1.36506e-39
1.35139e-39
1.3581e-39
1.38824e-39
1.43685e-39
1.80824e-40
1.76529e-40
1.75573e-40
1.77116e-40
1.79733e-40
1.82173e-40
1.83552e-40
1.83437e-40
1.81754e-40
1.78658e-40
1.74449e-40
1.69516e-40
1.64299e-40
1.59267e-40
1.5492e-40
1.51784e-40
1.50389e-40
1.51224e-40
1.54645e-40
1.60156e-40
2.01513e-41
1.9628e-41
1.94591e-41
1.95635e-41
1.9795e-41
2.00244e-41
2.01561e-41
2.01389e-41
1.996e-41
1.96317e-41
1.91831e-41
1.86547e-41
1.80937e-41
1.75522e-41
1.70853e-41
1.67504e-41
1.66052e-41
1.67033e-41
1.70859e-41
1.77028e-41
2.23384e-42
2.17137e-42
2.14625e-42
2.15086e-42
2.1702e-42
2.19094e-42
2.20277e-42
2.19985e-42
2.18039e-42
2.14528e-42
2.09722e-42
2.0404e-42
1.97999e-42
1.92165e-42
1.87138e-42
1.83544e-42
1.82009e-42
1.83121e-42
1.87346e-42
1.94177e-42
2.46235e-43
2.38907e-43
2.35494e-43
2.35294e-43
2.36775e-43
2.38558e-43
2.39548e-43
2.39081e-43
2.36919e-43
2.33129e-43
2.27956e-43
2.21838e-43
2.15331e-43
2.0905e-43
2.03638e-43
1.9977e-43
1.9813e-43
1.99359e-43
2.03976e-43
2.11464e-43
2.69838e-44
2.61379e-44
2.56995e-44
2.56063e-44
2.57025e-44
2.58458e-44
2.59194e-44
2.58491e-44
2.56062e-44
2.51932e-44
2.46351e-44
2.3977e-44
2.32773e-44
2.26016e-44
2.20191e-44
2.1603e-44
2.14269e-44
2.15603e-44
2.20602e-44
2.2874e-44
2.93944e-45
2.84314e-45
2.78903e-45
2.77178e-45
2.77565e-45
2.78589e-45
2.79004e-45
2.78005e-45
2.75246e-45
2.70731e-45
2.64717e-45
2.57659e-45
2.50149e-45
2.42893e-45
2.36637e-45
2.32161e-45
2.30266e-45
2.31695e-45
2.37065e-45
2.4584e-45
3.18285e-46
3.0746e-46
3.0098e-46
2.98412e-46
2.98168e-46
2.98715e-46
2.98758e-46
2.9741e-46
2.94253e-46
2.89306e-46
2.82833e-46
2.75285e-46
2.67273e-46
2.59508e-46
2.52801e-46
2.47995e-46
2.45954e-46
2.47469e-46
2.53196e-46
2.62589e-46
3.42581e-47
3.3055e-47
3.22973e-47
3.1952e-47
3.18582e-47
3.18589e-47
3.18207e-47
3.16446e-47
3.12866e-47
3.07456e-47
3.00501e-47
2.92445e-47
2.83924e-47
2.75656e-47
2.68498e-47
2.63359e-47
2.61164e-47
2.62751e-47
2.6882e-47
2.78806e-47
3.66535e-48
3.53301e-48
3.44617e-48
3.40242e-48
3.38555e-48
3.37966e-48
3.3709e-48
3.34869e-48
3.30836e-48
3.2496e-48
3.1753e-48
3.08963e-48
2.99889e-48
2.91118e-48
2.83531e-48
2.78069e-48
2.75716e-48
2.77367e-48
2.83756e-48
2.94305e-48
3.89832e-49
3.75414e-49
3.65618e-49
3.603e-49
3.57836e-49
3.56611e-49
3.55187e-49
3.52463e-49
3.47944e-49
3.41605e-49
3.33683e-49
3.24588e-49
3.14979e-49
3.05711e-49
2.97704e-49
2.91939e-49
2.89436e-49
2.91137e-49
2.97823e-49
3.08899e-49
4.12154e-50
3.96584e-50
3.85685e-50
3.79415e-50
3.76155e-50
3.74278e-50
3.72282e-50
3.69019e-50
3.64004e-50
3.57165e-50
3.48718e-50
3.39105e-50
3.29004e-50
3.19264e-50
3.10851e-50
3.04788e-50
3.02139e-50
3.03883e-50
3.1084e-50
3.224e-50
4.332e-51
4.16524e-51
4.04547e-51
3.97332e-51
3.93267e-51
3.90709e-51
3.88117e-51
3.84331e-51
3.78787e-51
3.71413e-51
3.62443e-51
3.52347e-51
3.41787e-51
3.31605e-51
3.228e-51
3.16446e-51
3.13654e-51
3.15434e-51
3.22637e-51
3.34635e-51
4.52683e-52
4.34962e-52
4.21951e-52
4.13811e-52
4.08937e-52
4.05671e-52
4.02465e-52
3.98135e-52
3.92062e-52
3.84171e-52
3.74715e-52
3.64145e-52
3.53135e-52
3.42543e-52
3.33384e-52
3.26768e-52
3.2384e-52
3.25646e-52
3.33061e-52
3.45443e-52
4.70334e-53
4.51644e-53
4.37654e-53
4.28616e-53
4.2294e-53
4.18955e-53
4.15126e-53
4.10229e-53
4.03635e-53
3.9526e-53
3.85353e-53
3.74337e-53
3.629e-53
3.51935e-53
3.42466e-53
3.3562e-53
3.32567e-53
3.34385e-53
3.41976e-53
3.54684e-53
4.85902e-54
4.66328e-54
4.51425e-54
4.41531e-54
4.35074e-54
4.30383e-54
4.25926e-54
4.20453e-54
4.13353e-54
4.0451e-54
3.94182e-54
3.8278e-54
3.70981e-54
3.59685e-54
3.49935e-54
3.42876e-54
3.39709e-54
3.4153e-54
3.49261e-54
3.62233e-54
4.99162e-55
4.78803e-55
4.63067e-55
4.52368e-55
4.4516e-55
4.39787e-55
4.34704e-55
4.28659e-55
4.21091e-55
4.11823e-55
4.011e-55
3.89354e-55
3.77261e-55
3.65686e-55
3.55698e-55
3.48449e-55
3.45173e-55
3.46984e-55
3.54817e-55
3.6799e-55
5.0992e-56
4.88884e-56
4.72406e-56
4.60971e-56
4.53058e-56
4.47022e-56
4.41332e-56
4.34772e-56
4.26745e-56
4.17076e-56
4.06027e-56
3.94004e-56
3.81667e-56
3.69858e-56
3.59672e-56
3.52267e-56
3.48892e-56
3.50682e-56
3.58578e-56
3.71884e-56
5.18021e-57
4.96428e-57
4.79308e-57
4.6721e-57
4.58647e-57
4.5199e-57
4.4574e-57
4.38709e-57
4.30254e-57
4.20211e-57
4.08897e-57
3.96662e-57
3.84146e-57
3.7217e-57
3.61816e-57
3.54283e-57
3.50829e-57
3.52588e-57
3.60506e-57
3.73879e-57
5.23354e-58
5.01332e-58
4.8368e-58
4.71004e-58
4.61849e-58
4.54631e-58
4.47881e-58
4.404e-58
4.31594e-58
4.21267e-58
4.0968e-58
3.97256e-58
3.84638e-58
3.7258e-58
3.62115e-58
3.54488e-58
3.50975e-58
3.52695e-58
3.60596e-58
3.73966e-58
5.25861e-59
5.03541e-59
4.85472e-59
4.7231e-59
4.62637e-59
4.54932e-59
4.47732e-59
4.39866e-59
4.30752e-59
4.20199e-59
4.08391e-59
3.95832e-59
3.83151e-59
3.71064e-59
3.60568e-59
3.52897e-59
3.49344e-59
3.51019e-59
3.58863e-59
3.72165e-59
5.25531e-60
5.03048e-60
4.84681e-60
4.71128e-60
4.61032e-60
4.52922e-60
4.45319e-60
4.37122e-60
4.2774e-60
4.16996e-60
4.05073e-60
3.92438e-60
3.79733e-60
3.6767e-60
3.572e-60
3.4954e-60
3.45973e-60
3.47598e-60
3.55349e-60
3.68517e-60
5.22405e-61
4.99894e-61
4.81351e-61
4.67513e-61
4.57083e-61
4.48623e-61
4.40692e-61
4.32225e-61
4.22631e-61
4.11736e-61
3.99753e-61
3.87119e-61
3.74458e-61
3.62477e-61
3.52085e-61
3.4448e-61
3.40922e-61
3.42493e-61
3.50115e-61
3.63089e-61
5.16572e-62
4.94164e-62
4.75568e-62
4.6155e-62
4.50865e-62
4.42113e-62
4.33923e-62
4.25253e-62
4.15504e-62
4.0452e-62
3.92534e-62
3.79978e-62
3.67421e-62
3.55572e-62
3.4532e-62
3.37807e-62
3.34272e-62
3.35783e-62
3.43244e-62
3.55965e-62
5.08158e-63
4.85981e-63
4.67453e-63
4.53352e-63
4.42489e-63
4.33522e-63
4.25126e-63
4.16289e-63
4.06452e-63
3.95467e-63
3.83552e-63
3.71138e-63
3.58751e-63
3.47072e-63
3.37005e-63
3.29628e-63
3.26131e-63
3.27576e-63
3.34845e-63
3.47257e-63
4.9732e-64
4.75496e-64
4.57147e-64
4.43064e-64
4.32108e-64
4.22986e-64
4.14438e-64
4.05497e-64
3.95631e-64
3.84706e-64
3.72931e-64
3.60719e-64
3.48575e-64
3.37129e-64
3.27276e-64
3.20068e-64
3.16629e-64
3.18003e-64
3.25051e-64
3.37102e-64
4.84241e-65
4.6288e-65
4.44816e-65
4.30839e-65
4.1987e-65
4.10677e-65
4.02051e-65
3.93065e-65
3.83213e-65
3.72402e-65
3.60856e-65
3.48885e-65
3.37017e-65
3.25876e-65
3.16286e-65
3.09269e-65
3.05904e-65
3.07206e-65
3.14007e-65
3.25652e-65
4.69129e-66
4.48333e-66
4.30651e-66
4.16868e-66
4.05965e-66
3.96774e-66
3.8814e-66
3.7917e-66
3.694e-66
3.58775e-66
3.47476e-66
3.35806e-66
3.2426e-66
3.13469e-66
3.04186e-66
2.97389e-66
2.94113e-66
2.95341e-66
3.01874e-66
3.13072e-66
4.52219e-67
4.32079e-67
4.1487e-67
4.01365e-67
3.90596e-67
3.81472e-67
3.72889e-67
3.64009e-67
3.54405e-67
3.44007e-67
3.32966e-67
3.21653e-67
3.10496e-67
3.00092e-67
2.91143e-67
2.84589e-67
2.81419e-67
2.82572e-67
2.88816e-67
2.99532e-67
4.33761e-68
4.14357e-68
3.97699e-68
3.84542e-68
3.73979e-68
3.64989e-68
3.56519e-68
3.47791e-68
3.38396e-68
3.28274e-68
3.17563e-68
3.06624e-68
2.95904e-68
2.85922e-68
2.77337e-68
2.71039e-68
2.67986e-68
2.69065e-68
2.75005e-68
2.85211e-68
4.14016e-69
3.95417e-69
3.79378e-69
3.66636e-69
3.56342e-69
3.47539e-69
3.39238e-69
3.3071e-69
3.21573e-69
3.11771e-69
3.01455e-69
2.90946e-69
2.80679e-69
2.71128e-69
2.6293e-69
2.56914e-69
2.53986e-69
2.5499e-69
2.60613e-69
2.70287e-69
3.9325e-70
3.75512e-70
3.60152e-70
3.47883e-70
3.37911e-70
3.2934e-70
3.21253e-70
3.12973e-70
3.0415e-70
2.94709e-70
2.84829e-70
2.74796e-70
2.64994e-70
2.55897e-70
2.48099e-70
2.42379e-70
2.39587e-70
2.40516e-70
2.45814e-70
2.5494e-70
3.7172e-71
3.54886e-71
3.40253e-71
3.28506e-71
3.18906e-71
3.10614e-71
3.0279e-71
2.94806e-71
2.8633e-71
2.77293e-71
2.67872e-71
2.58331e-71
2.49023e-71
2.40402e-71
2.33021e-71
2.27602e-71
2.2495e-71
2.25805e-71
2.30773e-71
2.39341e-71
3.49679e-72
3.33783e-72
3.19916e-72
3.08731e-72
2.99545e-72
2.91582e-72
2.84067e-72
2.76404e-72
2.68292e-72
2.59697e-72
2.50767e-72
2.41733e-72
2.32939e-72
2.24804e-72
2.1785e-72
2.12743e-72
2.10234e-72
2.11015e-72
2.15651e-72
2.23658e-72
3.27375e-73
3.12439e-73
2.99365e-73
2.88774e-73
2.80038e-73
2.7244e-73
2.65256e-73
2.57939e-73
2.50234e-73
2.42107e-73
2.33676e-73
2.25162e-73
2.169e-73
2.09268e-73
2.02741e-73
1.97945e-73
1.95582e-73
1.96292e-73
2.00598e-73
2.08045e-73
3.0504e-74
2.91075e-74
2.78812e-74
2.68841e-74
2.60578e-74
2.53363e-74
2.46537e-74
2.396e-74
2.32331e-74
2.24679e-74
2.16751e-74
2.08779e-74
2.01066e-74
1.93926e-74
1.87823e-74
1.83339e-74
1.81126e-74
1.81767e-74
1.85748e-74
1.92643e-74
2.82888e-75
2.69895e-75
2.58452e-75
2.49113e-75
2.41341e-75
2.34535e-75
2.28096e-75
2.21553e-75
2.14715e-75
2.07545e-75
2.00152e-75
1.92734e-75
1.85552e-75
1.78902e-75
1.73217e-75
1.69045e-75
1.66982e-75
1.6756e-75
1.71224e-75
1.77578e-75
2.61117e-76
2.49087e-76
2.38463e-76
2.29761e-76
2.22496e-76
2.16119e-76
2.10071e-76
2.03938e-76
1.97542e-76
1.90859e-76
1.83997e-76
1.7712e-76
1.70459e-76
1.64302e-76
1.59032e-76
1.5517e-76
1.53257e-76
1.53776e-76
1.57133e-76
1.62962e-76
2.39904e-77
2.28819e-77
2.19005e-77
2.10941e-77
2.04187e-77
1.98238e-77
1.92592e-77
1.86879e-77
1.80932e-77
1.74737e-77
1.68391e-77
1.62042e-77
1.55895e-77
1.50215e-77
1.45362e-77
1.41805e-77
1.40038e-77
1.40501e-77
1.43563e-77
1.48888e-77
2.194e-78
2.09235e-78
2.00214e-78
1.9278e-78
1.86535e-78
1.81017e-78
1.75774e-78
1.70479e-78
1.64982e-78
1.59264e-78
1.53421e-78
1.4759e-78
1.41946e-78
1.36731e-78
1.32283e-78
1.29021e-78
1.27396e-78
1.27808e-78
1.30588e-78
1.35431e-78
1.99735e-79
1.90457e-79
1.82206e-79
1.75386e-79
1.6964e-79
1.64551e-79
1.5971e-79
1.54829e-79
1.49771e-79
1.44525e-79
1.39167e-79
1.33834e-79
1.28677e-79
1.23912e-79
1.19851e-79
1.16878e-79
1.1539e-79
1.15753e-79
1.18267e-79
1.22653e-79
1.8101e-80
1.72582e-80
1.65071e-80
1.58845e-80
1.53583e-80
1.48913e-80
1.44472e-80
1.39993e-80
1.35361e-80
1.30579e-80
1.25695e-80
1.2083e-80
1.16133e-80
1.11805e-80
1.08116e-80
1.05416e-80
1.04062e-80
1.04381e-80
1.06644e-80
1.10598e-80
1.63308e-81
1.55687e-81
1.48881e-81
1.43224e-81
1.38428e-81
1.34165e-81
1.3011e-81
1.26023e-81
1.21806e-81
1.17458e-81
1.13034e-81
1.08621e-81
1.04361e-81
1.00445e-81
9.71118e-82
9.46689e-82
9.34399e-82
9.37185e-82
9.57472e-82
9.92967e-82
1.46684e-82
1.39824e-82
1.33686e-82
1.2857e-82
1.24221e-82
1.20348e-82
1.16663e-82
1.12954e-82
1.09128e-82
1.05193e-82
1.01203e-82
9.72273e-83
9.33866e-83
8.98549e-83
8.68551e-83
8.46535e-83
8.35413e-83
8.37828e-83
8.55935e-83
8.87662e-83
1.31173e-83
1.25026e-83
1.19516e-83
1.14912e-83
1.10988e-83
1.07486e-83
1.04154e-83
1.00803e-83
9.73512e-84
9.38089e-84
9.02199e-84
8.66481e-84
8.32063e-84
8.00399e-84
7.73496e-84
7.53747e-84
7.43726e-84
7.45801e-84
7.6189e-84
7.90127e-84
1.16792e-84
1.11308e-84
1.06384e-84
1.0226e-84
9.87366e-85
9.55846e-85
9.25865e-85
8.95727e-85
8.64782e-85
8.33027e-85
8.00844e-85
7.68875e-85
7.38149e-85
7.0994e-85
6.85941e-85
6.68287e-85
6.59292e-85
6.61062e-85
6.75294e-85
7.00317e-85
1.03537e-85
9.86673e-86
9.42865e-86
9.06101e-86
8.74621e-86
8.46402e-86
8.19534e-86
7.9256e-86
7.64937e-86
7.36575e-86
7.07859e-86
6.7939e-86
6.52061e-86
6.27027e-86
6.05733e-86
5.90021e-86
5.81978e-86
5.83478e-86
5.96014e-86
6.18094e-86
9.13924e-87
8.70863e-87
8.32063e-87
7.99437e-87
7.71453e-87
7.46327e-87
7.22367e-87
6.98347e-87
6.73762e-87
6.48546e-87
6.23056e-87
5.97805e-87
5.73604e-87
5.51453e-87
5.32629e-87
5.18726e-87
5.11581e-87
5.12846e-87
5.23839e-87
5.43238e-87
8.03275e-88
7.65364e-88
7.31152e-88
7.02332e-88
6.77575e-88
6.55309e-88
6.34064e-88
6.12777e-88
5.9098e-88
5.68678e-88
5.46126e-88
5.23824e-88
5.02483e-88
4.82963e-88
4.66376e-88
4.54134e-88
4.47827e-88
4.4889e-88
4.58488e-88
4.7546e-88
7.03031e-89
6.69798e-89
6.39763e-89
6.14419e-89
5.92614e-89
5.7297e-89
5.54222e-89
5.35453e-89
5.16248e-89
4.96583e-89
4.76714e-89
4.57116e-89
4.38373e-89
4.21235e-89
4.06676e-89
3.95931e-89
3.90386e-89
3.91281e-89
3.99628e-89
4.14414e-89
6.1271e-90
5.83703e-90
5.57451e-90
5.3526e-90
5.1613e-90
4.9888e-90
4.82417e-90
4.65937e-90
4.49094e-90
4.31845e-90
4.14442e-90
3.97297e-90
3.80886e-90
3.65888e-90
3.53162e-90
3.43766e-90
3.38905e-90
3.39657e-90
3.46891e-90
3.5972e-90
5.31758e-91
5.06551e-91
4.83706e-91
4.64361e-91
4.4765e-91
4.32576e-91
4.18185e-91
4.03774e-91
3.89048e-91
3.74009e-91
3.58845e-91
3.43904e-91
3.296e-91
3.1652e-91
3.05433e-91
2.97259e-91
2.93019e-91
2.93645e-91
2.99888e-91
3.10973e-91
4.59574e-92
4.37764e-92
4.17971e-92
4.01181e-92
3.86656e-92
3.73556e-92
3.61034e-92
3.48489e-92
3.35662e-92
3.2259e-92
3.09439e-92
2.96464e-92
2.84051e-92
2.72706e-92
2.63089e-92
2.56009e-92
2.5233e-92
2.52847e-92
2.58209e-92
2.67748e-92
3.95539e-93
3.76751e-93
3.59675e-93
3.45168e-93
3.32605e-93
3.21273e-93
3.10434e-93
2.99556e-93
2.88438e-93
2.7712e-93
2.6574e-93
2.54529e-93
2.43813e-93
2.34021e-93
2.25716e-93
2.19599e-93
2.16418e-93
2.16844e-93
2.21434e-93
2.29607e-93
3.39027e-94
3.22912e-94
3.08246e-94
2.9577e-94
2.84951e-94
2.75183e-94
2.65835e-94
2.5645e-94
2.46865e-94
2.37103e-94
2.27291e-94
2.17649e-94
2.08441e-94
2.00025e-94
1.9288e-94
1.87619e-94
1.84878e-94
1.85228e-94
1.89141e-94
1.96116e-94
2.89406e-95
2.75644e-95
2.63103e-95
2.52419e-95
2.4314e-95
2.34752e-95
2.26722e-95
2.18666e-95
2.10437e-95
2.02055e-95
1.93638e-95
1.85371e-95
1.77485e-95
1.70281e-95
1.64163e-95
1.5966e-95
1.57312e-95
1.57598e-95
1.6092e-95
1.66849e-95
2.46056e-96
2.34351e-96
2.23671e-96
2.14559e-96
2.06631e-96
1.99459e-96
1.92596e-96
1.85705e-96
1.78669e-96
1.7151e-96
1.64321e-96
1.57248e-96
1.50515e-96
1.4438e-96
1.39171e-96
1.35335e-96
1.3333e-96
1.33564e-96
1.36374e-96
1.41392e-96
2.08368e-97
1.98455e-97
1.89397e-97
1.81654e-97
1.74909e-97
1.688e-97
1.62953e-97
1.57085e-97
1.51095e-97
1.45002e-97
1.38886e-97
1.32868e-97
1.27139e-97
1.21934e-97
1.17521e-97
1.14268e-97
1.12565e-97
1.12755e-97
1.15121e-97
1.1935e-97
1.75758e-98
1.67399e-98
1.59748e-98
1.53195e-98
1.47477e-98
1.42287e-98
1.37321e-98
1.32346e-98
1.27271e-98
1.22104e-98
1.16918e-98
1.11824e-98
1.06978e-98
1.02577e-98
9.8854e-99
9.61073e-99
9.46658e-99
9.48198e-99
9.68049e-99
1.00353e-98
1.47675e-99
1.40655e-99
1.34218e-99
1.28693e-99
1.23861e-99
1.19467e-99
1.15268e-99
1.11064e-99
1.06774e-99
1.02412e-99
9.80373e-100
9.37449e-100
8.96643e-100
8.59601e-100
8.28297e-100
8.05213e-100
7.93073e-100
7.9432e-100
8.10909e-100
8.40563e-100
1.23598e-100
1.17728e-100
1.12332e-100
1.07691e-100
1.03622e-100
9.99192e-101
9.63798e-101
9.28378e-101
8.92232e-101
8.55553e-101
8.18841e-101
7.8284e-101
7.48639e-101
7.1758e-101
6.91335e-101
6.72027e-101
6.61874e-101
6.62892e-101
6.76703e-101
7.01384e-101
1.03049e-101
9.81606e-102
9.36548e-102
8.97689e-102
8.63557e-102
8.32464e-102
8.02728e-102
7.7296e-102
7.42681e-102
7.11991e-102
6.81268e-102
6.51174e-102
6.22636e-102
5.96709e-102
5.74813e-102
5.58737e-102
5.50296e-102
5.51133e-102
5.6259e-102
5.83045e-102
8.55881e-103
8.15345e-103
7.77858e-103
7.45447e-103
7.16915e-103
6.90884e-103
6.65964e-103
6.41056e-103
6.15802e-103
5.90213e-103
5.64618e-103
5.39571e-103
5.15815e-103
4.9428e-103
4.76124e-103
4.6281e-103
4.55821e-103
4.56511e-103
4.6598e-103
4.8286e-103
7.08164e-104
6.74688e-104
6.43617e-104
6.1668e-104
5.92915e-104
5.71183e-104
5.50369e-104
5.29648e-104
5.08624e-104
4.87354e-104
4.66113e-104
4.45361e-104
4.25694e-104
4.07882e-104
3.92893e-104
3.81921e-104
3.76166e-104
3.76736e-104
3.84535e-104
3.98405e-104
5.83721e-105
5.56195e-105
5.30535e-105
5.0823e-105
4.88507e-105
4.70427e-105
4.53121e-105
4.35919e-105
4.18495e-105
4.00893e-105
3.83316e-105
3.66185e-105
3.49984e-105
3.35325e-105
3.23005e-105
3.13997e-105
3.09278e-105
3.09755e-105
3.16159e-105
3.27503e-105
4.79317e-106
4.56789e-106
4.35679e-106
4.17277e-106
4.0097e-106
3.85989e-106
3.71647e-106
3.57406e-106
3.43034e-106
3.28522e-106
3.14059e-106
2.99961e-106
2.86651e-106
2.74639e-106
2.64563e-106
2.57198e-106
2.53344e-106
2.53744e-106
2.58986e-106
2.68222e-106
3.92079e-107
3.73744e-107
3.56447e-107
3.41319e-107
3.27882e-107
3.15519e-107
3.03679e-107
2.91947e-107
2.80126e-107
2.68211e-107
2.56363e-107
2.44814e-107
2.33915e-107
2.24097e-107
2.15887e-107
2.09896e-107
2.06764e-107
2.07102e-107
2.11375e-107
2.18851e-107
3.19492e-108
3.04651e-108
2.90537e-108
2.78144e-108
2.67112e-108
2.5695e-108
2.47223e-108
2.37598e-108
2.27914e-108
2.18174e-108
2.08491e-108
1.99069e-108
1.90183e-108
1.82188e-108
1.75517e-108
1.70662e-108
1.68133e-108
1.68419e-108
1.71888e-108
1.77903e-108
2.59356e-109
2.47407e-109
2.3594e-109
2.25826e-109
2.168e-109
2.08479e-109
2.00517e-109
1.92653e-109
1.84755e-109
1.76818e-109
1.68935e-109
1.61275e-109
1.5406e-109
1.47577e-109
1.42177e-109
1.38257e-109
1.36225e-109
1.36468e-109
1.3927e-109
1.44081e-109
2.09747e-110
2.00177e-110
1.90903e-110
1.82682e-110
1.75324e-110
1.68533e-110
1.62038e-110
1.55634e-110
1.49214e-110
1.42771e-110
1.36379e-110
1.30175e-110
1.2434e-110
1.19107e-110
1.14756e-110
1.11605e-110
1.09979e-110
1.10184e-110
1.12435e-110
1.16261e-110
1.68995e-111
1.6137e-111
1.53904e-111
1.47248e-111
1.41271e-111
1.35747e-111
1.30465e-111
1.25267e-111
1.20066e-111
1.14854e-111
1.09691e-111
1.04686e-111
9.99877e-112
9.57813e-112
9.22921e-112
8.97714e-112
8.8476e-112
8.86471e-112
9.04456e-112
9.34699e-112
1.35656e-112
1.29611e-112
1.2363e-112
1.18261e-112
1.13424e-112
1.08946e-112
1.04665e-112
1.00458e-112
9.62581e-113
9.20582e-113
8.79039e-113
8.38826e-113
8.01137e-113
7.6747e-113
7.39609e-113
7.19532e-113
7.09262e-113
7.10678e-113
7.24965e-113
7.48735e-113
1.08491e-113
1.03725e-113
9.89547e-114
9.46429e-114
9.07414e-114
8.71236e-114
8.36655e-114
8.02724e-114
7.68926e-114
7.35198e-114
7.01895e-114
6.6971e-114
6.396e-114
6.12763e-114
5.90607e-114
5.74687e-114
5.66581e-114
5.67738e-114
5.79019e-114
5.97591e-114
8.6444e-115
8.27063e-115
7.89215e-115
7.54731e-115
7.23382e-115
6.94256e-115
6.66417e-115
6.39144e-115
6.12036e-115
5.85045e-115
5.58446e-115
5.32784e-115
5.08823e-115
4.87514e-115
4.69966e-115
4.57393e-115
4.5102e-115
4.51956e-115
4.60804e-115
4.75222e-115
6.86207e-116
6.57071e-116
6.27195e-116
5.99736e-116
5.74649e-116
5.51287e-116
5.28954e-116
5.07106e-116
4.85438e-116
4.63913e-116
4.42744e-116
4.22361e-116
4.03367e-116
3.86513e-116
3.72667e-116
3.62773e-116
3.57779e-116
3.58523e-116
3.65413e-116
3.76528e-116
5.42686e-117
5.20117e-117
4.9666e-117
4.74897e-117
4.54904e-117
4.36237e-117
4.18386e-117
4.00946e-117
3.83685e-117
3.66578e-117
3.49791e-117
3.3366e-117
3.18659e-117
3.05376e-117
2.94491e-117
2.86734e-117
2.8283e-117
2.83408e-117
2.88731e-117
2.97234e-117
4.27574e-118
4.10206e-118
3.91892e-118
3.74728e-118
3.58862e-118
3.44006e-118
3.29791e-118
3.15918e-118
3.02216e-118
2.88667e-118
2.75401e-118
2.62681e-118
2.50876e-118
2.40447e-118
2.31919e-118
2.25856e-118
2.2281e-118
2.23246e-118
2.27323e-118
2.33775e-118
3.35619e-119
3.22343e-119
3.08126e-119
2.94654e-119
2.8212e-119
2.70345e-119
2.59069e-119
2.48074e-119
2.37235e-119
2.2654e-119
2.16093e-119
2.06097e-119
1.96841e-119
1.8868e-119
1.82021e-119
1.77296e-119
1.74923e-119
1.7524e-119
1.78334e-119
1.83189e-119
2.62459e-120
2.52378e-120
2.41405e-120
2.30885e-120
2.21028e-120
2.11733e-120
2.02823e-120
1.94141e-120
1.85597e-120
1.77185e-120
1.68986e-120
1.61158e-120
1.53924e-120
1.4756e-120
1.42377e-120
1.38705e-120
1.36858e-120
1.37078e-120
1.39403e-120
1.43024e-120
2.04486e-121
1.96882e-121
1.88462e-121
1.8029e-121
1.72573e-121
1.65267e-121
1.58255e-121
1.51424e-121
1.44713e-121
1.38119e-121
1.31706e-121
1.25597e-121
1.19963e-121
1.15016e-121
1.10995e-121
1.08148e-121
1.0671e-121
1.06853e-121
1.08582e-121
1.11258e-121
1.58731e-122
1.53035e-122
1.46612e-122
1.40296e-122
1.34283e-122
1.28565e-122
1.23067e-122
1.17714e-122
1.12461e-122
1.0731e-122
1.02311e-122
9.75595e-123
9.31861e-123
8.93529e-123
8.62414e-123
8.40397e-123
8.29204e-123
8.30034e-123
8.42748e-123
8.62337e-123
1.22761e-123
1.18524e-123
1.13654e-123
1.08798e-123
1.04135e-123
9.96792e-124
9.53862e-124
9.12058e-124
8.71088e-124
8.30991e-124
7.92158e-124
7.55319e-124
7.21481e-124
6.91873e-124
6.6787e-124
6.50879e-124
6.42165e-124
6.42545e-124
6.51779e-124
6.6597e-124
9.4597e-125
9.1468e-125
8.77969e-125
8.40837e-125
8.04844e-125
7.70266e-125
7.36874e-125
7.04351e-125
6.72511e-125
6.41403e-125
6.11335e-125
5.8287e-125
5.56773e-125
5.33976e-125
5.15512e-125
5.02428e-125
4.95641e-125
4.95698e-125
5.02313e-125
5.12476e-125
7.26311e-126
7.03374e-126
6.75866e-126
6.47617e-126
6.19966e-126
5.9325e-126
5.6738e-126
5.42171e-126
5.17513e-126
4.93461e-126
4.70259e-126
4.48336e-126
4.28274e-126
4.10774e-126
3.9661e-126
3.86555e-126
3.81268e-126
3.81104e-126
3.85772e-126
3.92962e-126
5.55666e-127
5.38977e-127
5.18485e-127
4.97104e-127
4.75961e-127
4.55408e-127
4.35446e-127
4.15979e-127
3.96951e-127
3.78419e-127
3.60573e-127
3.43744e-127
3.28369e-127
3.14976e-127
3.0414e-127
2.96428e-127
2.92308e-127
2.92006e-127
2.95244e-127
3.00262e-127
4.23612e-128
4.1156e-128
3.96383e-128
3.80283e-128
3.64191e-128
3.48447e-128
3.33104e-128
3.18127e-128
3.03496e-128
2.89265e-128
2.75585e-128
2.62707e-128
2.50961e-128
2.40741e-128
2.32473e-128
2.2657e-128
2.23361e-128
2.22982e-128
2.25184e-128
2.28634e-128
3.21811e-129
3.13176e-129
3.02002e-129
2.89939e-129
2.77747e-129
2.65736e-129
2.5399e-129
2.4251e-129
2.313e-129
2.2041e-129
2.09958e-129
2.00134e-129
1.91188e-129
1.83413e-129
1.77121e-129
1.72611e-129
1.70113e-129
1.69703e-129
1.71165e-129
1.73495e-129
2.43627e-130
2.37493e-130
2.29314e-130
2.2032e-130
2.11123e-130
2.01998e-130
1.93041e-130
1.84274e-130
1.75716e-130
1.6741e-130
1.59451e-130
1.51981e-130
1.45188e-130
1.3929e-130
1.34515e-130
1.31077e-130
1.29135e-130
1.28725e-130
1.29665e-130
1.31205e-130
1.83806e-131
1.79486e-131
1.73535e-131
1.66863e-131
1.59955e-131
1.5305e-131
1.46245e-131
1.39576e-131
1.33065e-131
1.26753e-131
1.20711e-131
1.15049e-131
1.09907e-131
1.05445e-131
1.0183e-131
9.92164e-132
9.77084e-132
9.73193e-132
9.78996e-132
9.88901e-132
1.38204e-132
1.3519e-132
1.30887e-132
1.25959e-132
1.20791e-132
1.15587e-132
1.10438e-132
1.05384e-132
1.00449e-132
9.56676e-133
9.10964e-133
8.6818e-133
8.29363e-133
7.95701e-133
7.68413e-133
7.48581e-133
7.36903e-133
7.33356e-133
7.3671e-133
7.42858e-133
1.03561e-133
1.01488e-133
9.83926e-134
9.47672e-134
9.09171e-134
8.70106e-134
8.31304e-134
7.93145e-134
7.55874e-134
7.19783e-134
6.8531e-134
6.5308e-134
6.23865e-134
5.98539e-134
5.77987e-134
5.62973e-134
5.53952e-134
5.50822e-134
5.52576e-134
5.56162e-134
7.72402e-135
7.58311e-135
7.36201e-135
7.09691e-135
6.81167e-135
6.52003e-135
6.22913e-135
5.94249e-135
5.66237e-135
5.39121e-135
5.13244e-135
4.89074e-135
4.67182e-135
4.48207e-135
4.32789e-135
4.21462e-135
4.14517e-135
4.11817e-135
4.12556e-135
4.14473e-135
5.27205e-136
5.18406e-136
5.03899e-136
4.86147e-136
4.66818e-136
4.46913e-136
4.26974e-136
4.07287e-136
3.88037e-136
3.69408e-136
3.51644e-136
3.35065e-136
3.20059e-136
3.07053e-136
2.96468e-136
2.88647e-136
2.83761e-136
2.81687e-136
2.81859e-136
2.82719e-136
)
;

boundaryField
{
    outlet
    {
        type            zeroGradient;
    }
    inlet1
    {
        type            fixedValue;
        value           uniform 0.001;
    }
    inlet2
    {
        type            fixedValue;
        value           uniform 0;
    }
    frontAndBack
    {
        type            empty;
    }
    defaultFaces
    {
        type            zeroGradient;
    }
}


// ************************************************************************* //
