/*--------------------------------*- C++ -*----------------------------------*\
| =========                 |                                                 |
| \\      /  F ield         | OpenFOAM: The Open Source CFD Toolbox           |
|  \\    /   O peration     | Version:  2.1.0                                 |
|   \\  /    A nd           | Web:      www.OpenFOAM.org                      |
|    \\/     M anipulation  |                                                 |
\*---------------------------------------------------------------------------*/
FoamFile
{
    version     2.0;
    format      ascii;
    class       volScalarField;
    location    "0.05";
    object      nut;
}
// * * * * * * * * * * * * * * * * * * * * * * * * * * * * * * * * * * * * * //

dimensions      [0 2 -1 0 0 0 0];

internalField   nonuniform List<scalar> 
6400
(
5.91731e-06
5.91492e-06
5.913e-06
5.91191e-06
5.91128e-06
5.91128e-06
5.91172e-06
5.91231e-06
5.91285e-06
5.91354e-06
5.91468e-06
5.91555e-06
5.91547e-06
5.91548e-06
5.91532e-06
5.91465e-06
5.91357e-06
5.9123e-06
5.91108e-06
5.91001e-06
5.90914e-06
5.90827e-06
5.90804e-06
5.9085e-06
5.90885e-06
5.90885e-06
5.90962e-06
5.91077e-06
5.91178e-06
5.91232e-06
5.91231e-06
5.91187e-06
5.91056e-06
5.90784e-06
5.90386e-06
5.89852e-06
5.89076e-06
5.87913e-06
5.86346e-06
5.84422e-06
5.82071e-06
5.79176e-06
5.75606e-06
5.71372e-06
5.66416e-06
5.60578e-06
5.53853e-06
5.4614e-06
5.37429e-06
5.27789e-06
5.17318e-06
5.06114e-06
4.9428e-06
4.81915e-06
4.69138e-06
4.56076e-06
4.4292e-06
4.29913e-06
4.17348e-06
4.05526e-06
3.94555e-06
3.84586e-06
3.75822e-06
3.68526e-06
3.62983e-06
3.59315e-06
3.57566e-06
3.57219e-06
3.58107e-06
3.60319e-06
3.64294e-06
3.70501e-06
3.79913e-06
3.91799e-06
4.05208e-06
4.20219e-06
4.36882e-06
4.55142e-06
4.74844e-06
4.95073e-06
5.15401e-06
5.36554e-06
5.57849e-06
5.77982e-06
5.97695e-06
6.19346e-06
6.41845e-06
6.60857e-06
6.74045e-06
6.79128e-06
6.70005e-06
6.35337e-06
5.57617e-06
4.29834e-06
2.62294e-06
1.47424e-06
1.39125e-06
2.41078e-06
2.54089e-06
2.76896e-06
5.79232e-06
5.78259e-06
5.78499e-06
5.80242e-06
5.8239e-06
5.83832e-06
5.84233e-06
5.84271e-06
5.84129e-06
5.83418e-06
5.81721e-06
5.79216e-06
5.76478e-06
5.74501e-06
5.73938e-06
5.73743e-06
5.73708e-06
5.737e-06
5.737e-06
5.73705e-06
5.73764e-06
5.73801e-06
5.73902e-06
5.7414e-06
5.74253e-06
5.74389e-06
5.74458e-06
5.7445e-06
5.74396e-06
5.74221e-06
5.73892e-06
5.73394e-06
5.72812e-06
5.72252e-06
5.71851e-06
5.71816e-06
5.72307e-06
5.73395e-06
5.75155e-06
5.78303e-06
5.83564e-06
5.9032e-06
5.98304e-06
6.08135e-06
6.21105e-06
6.38045e-06
6.59127e-06
6.84805e-06
7.14894e-06
7.43502e-06
7.55481e-06
7.64196e-06
7.72034e-06
7.83946e-06
8.04943e-06
8.38087e-06
8.83719e-06
9.40043e-06
1.00337e-05
1.06897e-05
1.13434e-05
1.20128e-05
1.275e-05
1.35788e-05
1.44956e-05
1.54905e-05
1.65721e-05
1.77552e-05
1.90074e-05
2.02636e-05
2.14781e-05
2.2598e-05
2.36063e-05
2.45029e-05
2.5289e-05
2.59646e-05
2.65332e-05
2.69763e-05
2.72582e-05
2.73524e-05
2.725e-05
2.6961e-05
2.64596e-05
2.57361e-05
2.49088e-05
2.39578e-05
2.27289e-05
2.12629e-05
1.96209e-05
1.77969e-05
1.58024e-05
1.37169e-05
1.16788e-05
9.85169e-06
8.17851e-06
6.48878e-06
5.15198e-06
4.21335e-06
3.65903e-06
4.428e-06
6.69542e-06
6.69538e-06
6.68598e-06
6.66872e-06
6.65616e-06
6.65404e-06
6.65359e-06
6.65373e-06
6.65559e-06
6.66088e-06
6.67103e-06
6.68482e-06
6.70068e-06
6.72022e-06
6.72998e-06
6.73385e-06
6.73541e-06
6.73615e-06
6.73634e-06
6.73684e-06
6.73658e-06
6.73467e-06
6.7305e-06
6.72958e-06
6.73011e-06
6.73227e-06
6.73643e-06
6.7444e-06
6.76167e-06
6.79399e-06
6.8444e-06
6.91044e-06
6.99418e-06
7.09966e-06
7.22753e-06
7.38067e-06
7.57154e-06
7.80996e-06
8.10884e-06
8.45538e-06
8.869e-06
9.3494e-06
9.64856e-06
9.36094e-06
9.07515e-06
8.82807e-06
8.66373e-06
8.5733e-06
8.54809e-06
8.58063e-06
8.67067e-06
8.83062e-06
9.08352e-06
9.45414e-06
9.96595e-06
1.06329e-05
1.14527e-05
1.24143e-05
1.34909e-05
1.46577e-05
1.58527e-05
1.70049e-05
1.80648e-05
1.90539e-05
2.00265e-05
2.10112e-05
2.20281e-05
2.30874e-05
2.42052e-05
2.53482e-05
2.64172e-05
2.73725e-05
2.82289e-05
2.89832e-05
2.96065e-05
3.00763e-05
3.03806e-05
3.05031e-05
3.04358e-05
3.019e-05
2.97122e-05
2.89999e-05
2.81976e-05
2.73646e-05
2.63186e-05
2.50093e-05
2.36795e-05
2.2354e-05
2.08987e-05
1.93866e-05
1.79025e-05
1.63918e-05
1.47945e-05
1.30706e-05
1.13402e-05
9.49144e-06
7.78312e-06
6.25473e-06
5.4653e-06
6.57768e-06
3.03e-05
3.02984e-05
3.0178e-05
3.00477e-05
3.00001e-05
2.99528e-05
2.99282e-05
2.99297e-05
2.99615e-05
3.00319e-05
3.01387e-05
3.02907e-05
3.04392e-05
3.05787e-05
3.05849e-05
3.06149e-05
3.06645e-05
3.06603e-05
3.06589e-05
3.06537e-05
3.06858e-05
3.06605e-05
3.06476e-05
3.06482e-05
3.06674e-05
3.06749e-05
3.06756e-05
3.07137e-05
3.08292e-05
3.10457e-05
3.13383e-05
3.16351e-05
3.19911e-05
3.24608e-05
3.31675e-05
2.46427e-05
3.56867e-05
2.11454e-05
1.97969e-05
1.77275e-05
1.54997e-05
1.39777e-05
1.27372e-05
1.17589e-05
1.09806e-05
1.03733e-05
9.92501e-06
9.61743e-06
9.44836e-06
9.40806e-06
9.5119e-06
9.78494e-06
1.02427e-05
1.08855e-05
1.17003e-05
1.26579e-05
1.3715e-05
1.48326e-05
1.59707e-05
1.70991e-05
1.81951e-05
1.92435e-05
2.0239e-05
2.11846e-05
2.209e-05
2.29606e-05
2.37989e-05
2.4594e-05
2.53306e-05
2.59941e-05
2.65827e-05
2.70702e-05
2.74451e-05
2.77247e-05
2.79083e-05
2.79816e-05
2.79344e-05
2.77309e-05
2.73965e-05
2.70147e-05
2.65934e-05
2.59726e-05
2.52432e-05
2.45103e-05
2.36407e-05
2.26236e-05
2.1617e-05
2.05628e-05
1.93304e-05
1.81184e-05
1.68119e-05
1.54061e-05
1.3966e-05
1.24292e-05
1.08486e-05
9.25982e-06
7.9048e-06
7.08875e-06
6.19111e-06
5.74121e-06
8.4678e-05
5.14533e-05
8.44401e-05
8.43398e-05
8.43336e-05
8.43154e-05
8.43725e-05
8.45282e-05
4.50971e-05
8.44592e-05
5.91734e-05
8.50489e-05
8.55508e-05
7.02047e-05
8.09441e-05
8.6024e-05
8.58984e-05
5.68667e-05
8.59653e-05
8.6036e-05
8.5699e-05
8.59229e-05
8.59836e-05
4.19885e-05
8.5648e-05
8.58833e-05
8.5949e-05
5.81649e-05
8.61496e-05
6.68884e-05
6.7217e-05
8.36465e-05
9.05218e-05
8.41404e-05
4.66122e-05
6.17435e-05
6.65893e-05
2.68491e-05
2.79486e-05
2.33921e-05
1.91241e-05
1.68547e-05
1.49203e-05
1.34748e-05
1.23781e-05
1.15507e-05
1.09412e-05
1.05257e-05
1.02851e-05
1.02201e-05
1.0401e-05
1.08734e-05
1.16285e-05
1.25789e-05
1.36196e-05
1.46637e-05
1.56587e-05
1.65877e-05
1.74594e-05
1.8283e-05
1.9075e-05
1.98345e-05
2.05618e-05
2.12509e-05
2.18983e-05
2.25001e-05
2.30572e-05
2.35715e-05
2.40403e-05
2.44507e-05
2.479e-05
2.50572e-05
2.52472e-05
2.53514e-05
2.53328e-05
2.52387e-05
2.50899e-05
2.48333e-05
2.44205e-05
2.39539e-05
2.33592e-05
2.26581e-05
2.16239e-05
2.06007e-05
1.9397e-05
1.82389e-05
1.718e-05
1.59557e-05
1.4819e-05
1.38849e-05
1.27316e-05
1.16188e-05
1.04962e-05
9.40008e-06
8.63623e-06
7.92204e-06
6.90721e-06
6.53817e-06
6.38328e-06
6.42932e-06
4.96535e-05
2.44329e-05
8.8572e-05
8.37132e-05
2.83729e-05
5.57888e-05
2.75373e-05
6.64282e-05
5.28596e-05
0.000171822
6.29602e-05
6.24733e-05
5.28457e-05
6.55493e-05
2.60523e-05
0.000107579
7.09477e-05
2.83785e-05
6.70312e-05
4.15664e-05
0.000174959
0.000172682
6.97647e-05
4.72247e-05
5.53178e-05
0.000134258
5.41349e-05
9.08801e-05
4.84117e-05
6.89428e-05
8.56099e-05
7.42967e-05
0.000119816
0.000191958
2.80975e-05
9.08908e-05
3.47519e-05
3.30199e-05
4.24402e-05
2.6893e-05
2.30214e-05
2.05271e-05
1.77972e-05
1.59118e-05
1.44624e-05
1.33437e-05
1.25068e-05
1.19081e-05
1.15285e-05
1.14548e-05
1.18502e-05
1.26897e-05
1.38067e-05
1.43933e-05
1.47689e-05
1.54372e-05
1.64053e-05
1.76029e-05
1.87846e-05
1.94401e-05
2.00254e-05
2.05129e-05
2.0915e-05
2.12556e-05
2.15622e-05
2.18453e-05
2.20458e-05
2.19842e-05
2.18459e-05
2.16839e-05
2.1442e-05
2.11269e-05
2.08009e-05
2.04483e-05
1.99548e-05
1.94252e-05
1.89209e-05
1.83605e-05
1.77187e-05
1.70759e-05
1.6418e-05
1.5752e-05
1.50779e-05
1.43992e-05
1.37167e-05
1.30617e-05
1.24168e-05
1.17737e-05
1.11827e-05
1.06006e-05
9.97803e-06
9.41299e-06
8.8873e-06
8.39409e-06
7.94939e-06
7.54955e-06
7.26899e-06
7.14466e-06
7.1215e-06
7.31087e-06
2.63899e-05
0.000269369
2.8845e-05
3.97941e-05
4.87805e-05
9.35937e-05
4.32938e-05
0.000105304
7.79484e-05
2.94017e-05
8.71714e-05
6.45788e-05
6.24202e-05
5.33083e-05
7.75623e-05
4.38393e-05
3.3353e-05
7.31524e-05
7.51243e-05
5.73597e-05
7.59923e-05
0.000145315
4.3805e-05
0.000123411
4.19058e-05
0.000213204
5.76963e-05
8.4774e-05
6.29477e-05
0.000139308
3.11111e-05
9.11518e-05
0.000121981
4.43605e-05
4.14286e-05
0.000100643
2.40164e-05
5.39452e-05
6.58671e-05
2.64772e-05
2.8252e-05
2.53951e-05
2.16252e-05
1.94981e-05
1.7648e-05
1.6178e-05
1.50475e-05
1.42024e-05
1.36649e-05
1.37809e-05
1.47077e-05
1.36429e-05
1.30377e-05
1.2924e-05
1.32903e-05
1.41018e-05
1.52341e-05
1.64729e-05
1.75793e-05
1.83972e-05
1.89227e-05
1.92542e-05
1.95139e-05
1.97662e-05
1.99641e-05
2.00361e-05
1.99694e-05
1.97942e-05
1.95535e-05
1.92883e-05
1.90003e-05
1.85919e-05
1.81044e-05
1.76402e-05
1.71623e-05
1.66238e-05
1.60869e-05
1.55679e-05
1.50376e-05
1.4511e-05
1.40284e-05
1.35439e-05
1.30622e-05
1.26028e-05
1.218e-05
1.17491e-05
1.13363e-05
1.09487e-05
1.05704e-05
1.02001e-05
9.83994e-06
9.52174e-06
9.21809e-06
8.938e-06
8.70694e-06
8.54537e-06
8.43738e-06
8.427e-06
8.78113e-06
9.03899e-06
3.59668e-05
2.40309e-05
2.81126e-05
7.93234e-05
0.000135063
5.21609e-05
4.93725e-05
4.51306e-05
3.79874e-05
1.9312e-05
9.84415e-05
0.000160217
6.64637e-05
8.3085e-05
4.35863e-05
3.38487e-05
7.70856e-05
8.50131e-05
9.42362e-05
0.0001001
9.7535e-05
4.26766e-05
6.16065e-05
5.91751e-05
8.135e-05
4.44244e-05
4.86781e-05
7.24043e-05
2.6839e-05
5.36286e-05
7.86453e-05
5.55426e-05
8.88103e-05
3.44341e-05
0.000190717
5.959e-05
2.92954e-05
8.61017e-05
5.39361e-05
2.73033e-05
3.73289e-05
3.0926e-05
2.63695e-05
2.4415e-05
2.21439e-05
2.03302e-05
1.89274e-05
1.78002e-05
1.72909e-05
1.58971e-05
1.38771e-05
1.26467e-05
1.20795e-05
1.21108e-05
1.26759e-05
1.36696e-05
1.49113e-05
1.61724e-05
1.72467e-05
1.80488e-05
1.86275e-05
1.90998e-05
1.95429e-05
1.99363e-05
2.02536e-05
2.04636e-05
2.05558e-05
2.05785e-05
2.05847e-05
2.05527e-05
2.0388e-05
2.01692e-05
1.99397e-05
1.97113e-05
1.94641e-05
1.91826e-05
1.88796e-05
1.85766e-05
1.82781e-05
1.7982e-05
1.76737e-05
1.73571e-05
1.70428e-05
1.67286e-05
1.64119e-05
1.60913e-05
1.57741e-05
1.54525e-05
1.51164e-05
1.47735e-05
1.44299e-05
1.4084e-05
1.3738e-05
1.34133e-05
1.31594e-05
1.29524e-05
1.28871e-05
1.30818e-05
1.36409e-05
1.40269e-05
8.08984e-05
4.61242e-05
3.50046e-05
0.000170482
6.1422e-05
3.51916e-05
8.39515e-05
6.86731e-05
3.46161e-05
7.72166e-05
2.74039e-05
7.01877e-05
4.67744e-05
6.96798e-05
0.000143607
0.000215181
4.42275e-05
0.000117124
0.000348255
0.000168932
4.6707e-05
2.50239e-05
9.61705e-05
8.08978e-05
0.000180647
0.000133388
9.72304e-05
3.26522e-05
4.08969e-05
4.0614e-05
5.79354e-05
3.48826e-05
0.000106818
4.50668e-05
9.33785e-05
4.77555e-05
4.8705e-05
8.55972e-05
4.07628e-05
3.38357e-05
4.99742e-05
3.58115e-05
3.17901e-05
3.01796e-05
2.74164e-05
2.54468e-05
2.38798e-05
2.25336e-05
1.83765e-05
1.52322e-05
1.3207e-05
1.20379e-05
1.15792e-05
1.17402e-05
1.24405e-05
1.35601e-05
1.49132e-05
1.62753e-05
1.7478e-05
1.84882e-05
1.93937e-05
2.03085e-05
2.12762e-05
2.22478e-05
2.3128e-05
2.38753e-05
2.45289e-05
2.51321e-05
2.56736e-05
2.61143e-05
2.64402e-05
2.66778e-05
2.68609e-05
2.69976e-05
2.70831e-05
2.71269e-05
2.71515e-05
2.71674e-05
2.71706e-05
2.71566e-05
2.71294e-05
2.70958e-05
2.70547e-05
2.70082e-05
2.69646e-05
2.6929e-05
2.68978e-05
2.68646e-05
2.6834e-05
2.68114e-05
2.67987e-05
2.67954e-05
2.68071e-05
2.68395e-05
2.691e-05
2.70586e-05
2.73732e-05
2.78783e-05
2.85688e-05
2.63254e-05
8.27812e-05
6.35185e-05
0.000115418
5.71645e-05
4.22754e-05
0.000157679
5.3866e-05
6.38803e-05
1.72622e-05
1.96757e-05
0.000128141
3.66495e-05
0.000101607
4.83746e-05
3.68421e-05
0.000125017
0.000107684
5.3221e-05
0.000111212
8.97338e-05
3.95258e-05
6.92584e-05
3.74417e-05
0.000202059
0.00018562
5.23113e-05
7.09697e-05
4.91599e-05
5.07686e-05
5.12429e-05
0.000117379
0.000209913
6.27222e-05
5.96284e-05
0.000112256
5.35419e-05
8.19691e-05
8.80767e-05
4.06578e-05
4.23094e-05
5.67276e-05
3.86505e-05
3.59997e-05
3.44482e-05
3.14393e-05
2.96717e-05
2.80316e-05
2.27966e-05
1.80425e-05
1.48937e-05
1.28946e-05
1.17706e-05
1.13668e-05
1.15873e-05
1.23498e-05
1.35303e-05
1.49404e-05
1.63623e-05
1.76459e-05
1.87827e-05
1.98772e-05
2.10353e-05
2.22748e-05
2.35251e-05
2.46988e-05
2.57681e-05
2.67647e-05
2.77164e-05
2.85964e-05
2.93581e-05
2.99872e-05
3.05121e-05
3.09598e-05
3.13348e-05
3.16352e-05
3.18794e-05
3.20904e-05
3.22768e-05
3.24287e-05
3.25382e-05
3.26074e-05
3.26358e-05
3.26226e-05
3.2576e-05
3.2508e-05
3.24241e-05
3.23213e-05
3.22019e-05
3.20786e-05
3.19692e-05
3.18868e-05
3.18365e-05
3.18091e-05
3.17831e-05
3.17418e-05
3.16823e-05
3.1598e-05
3.12969e-05
3.08763e-05
2.98459e-05
7.09972e-05
6.34228e-05
5.49222e-05
4.4945e-05
9.03021e-05
8.22797e-05
6.3162e-05
2.38899e-05
0.000129949
2.87493e-05
4.04012e-05
0.000101142
2.99805e-05
4.61662e-05
6.02056e-05
0.000122248
0.000122964
9.13183e-05
0.000117595
0.000113471
4.04595e-05
2.28228e-05
9.32204e-05
6.4154e-05
9.61335e-05
0.000158764
5.74839e-05
0.000113732
7.48202e-05
9.47046e-05
0.000236955
2.95324e-05
3.95758e-05
6.17275e-05
8.68817e-05
9.03287e-05
4.59745e-05
7.27783e-05
4.11837e-05
3.84221e-05
5.52578e-05
3.79075e-05
3.48159e-05
3.34275e-05
3.05223e-05
2.87343e-05
2.71473e-05
2.28937e-05
1.81366e-05
1.49805e-05
1.29671e-05
1.18262e-05
1.14035e-05
1.16038e-05
1.23443e-05
1.35026e-05
1.48897e-05
1.62865e-05
1.75388e-05
1.86327e-05
1.9672e-05
2.07652e-05
2.19334e-05
2.31101e-05
2.42111e-05
2.52076e-05
2.61332e-05
2.70175e-05
2.78379e-05
2.85456e-05
2.91246e-05
2.96006e-05
3.00007e-05
3.03295e-05
3.05849e-05
3.07852e-05
3.09553e-05
3.11042e-05
3.12245e-05
3.13124e-05
3.13717e-05
3.14066e-05
3.14168e-05
3.14125e-05
3.14124e-05
3.14257e-05
3.14472e-05
3.1475e-05
3.15166e-05
3.15823e-05
3.16847e-05
3.18357e-05
3.2034e-05
3.2278e-05
3.25638e-05
3.28978e-05
3.3285e-05
3.35949e-05
3.34876e-05
3.33163e-05
4.61577e-05
5.75252e-05
4.32847e-05
0.000178472
7.54654e-05
7.69016e-05
0.000111165
4.51176e-05
2.60123e-05
0.000107915
2.66595e-05
2.80623e-05
0.000347541
3.42688e-05
3.82029e-05
0.000278244
0.00010745
6.65501e-05
0.000151059
0.000127795
4.95013e-05
2.32346e-05
4.85207e-05
9.45854e-05
6.56251e-05
6.56607e-05
0.000110439
0.000359596
0.000104234
6.09837e-05
5.71704e-05
5.08894e-05
6.483e-05
7.80683e-05
5.25887e-05
0.00012408
3.65208e-05
0.000112221
4.47151e-05
2.93264e-05
4.66424e-05
3.45122e-05
2.99613e-05
2.84998e-05
2.60073e-05
2.41563e-05
2.27107e-05
2.14977e-05
1.85932e-05
1.5433e-05
1.33767e-05
1.21683e-05
1.16646e-05
1.17773e-05
1.24275e-05
1.3495e-05
1.47952e-05
1.60988e-05
1.72276e-05
1.81334e-05
1.88978e-05
1.96404e-05
2.04311e-05
2.12285e-05
2.19294e-05
2.24931e-05
2.29698e-05
2.34078e-05
2.38001e-05
2.41069e-05
2.43107e-05
2.44292e-05
2.4487e-05
2.44898e-05
2.44303e-05
2.43081e-05
2.41434e-05
2.39499e-05
2.37242e-05
2.34555e-05
2.31582e-05
2.2851e-05
2.25323e-05
2.2168e-05
2.18004e-05
2.14575e-05
2.11019e-05
2.07408e-05
2.04063e-05
2.01057e-05
1.98289e-05
1.95735e-05
1.94106e-05
1.92736e-05
1.92389e-05
1.93342e-05
1.9623e-05
2.02304e-05
2.12949e-05
2.16857e-05
4.49255e-05
8.91545e-05
5.22064e-05
6.60033e-05
5.08363e-05
4.47448e-05
5.83908e-05
5.83161e-05
3.98001e-05
4.49128e-05
0.000207779
3.84527e-05
4.98271e-05
0.000175886
0.0001009
0.000202373
0.000100217
8.74002e-05
0.000151982
6.27446e-05
5.0305e-05
4.42275e-05
3.16217e-05
3.41827e-05
9.66408e-05
5.69958e-05
3.98962e-05
9.14774e-05
4.35391e-05
2.80273e-05
5.63495e-05
3.0262e-05
3.92248e-05
0.000148691
3.4378e-05
0.000121955
4.48473e-05
3.53266e-05
7.85037e-05
2.43712e-05
3.39896e-05
2.97288e-05
2.50774e-05
2.31988e-05
2.11473e-05
1.94866e-05
1.81947e-05
1.71754e-05
1.67397e-05
1.61843e-05
1.41437e-05
1.2871e-05
1.224e-05
1.21931e-05
1.26795e-05
1.35966e-05
1.47701e-05
1.59671e-05
1.69714e-05
1.76816e-05
1.81385e-05
1.84586e-05
1.87247e-05
1.89422e-05
1.91052e-05
1.91814e-05
1.91413e-05
1.90214e-05
1.88651e-05
1.86596e-05
1.84304e-05
1.81778e-05
1.78558e-05
1.74879e-05
1.71198e-05
1.67422e-05
1.63302e-05
1.59056e-05
1.54935e-05
1.50802e-05
1.46582e-05
1.42455e-05
1.38478e-05
1.34521e-05
1.30634e-05
1.27013e-05
1.23578e-05
1.20192e-05
1.16951e-05
1.14006e-05
1.11243e-05
1.08687e-05
1.0648e-05
1.04754e-05
1.03378e-05
1.02287e-05
1.0307e-05
1.05038e-05
1.10055e-05
1.12651e-05
5.3577e-05
5.28827e-05
9.19968e-05
4.90773e-05
7.16856e-05
7.08412e-05
9.6987e-05
0.000109646
3.81331e-05
3.39534e-05
1.8542e-05
9.51567e-05
7.62411e-05
4.25613e-05
0.000102389
4.23733e-05
9.65619e-05
8.98617e-05
0.000102899
8.48982e-05
5.11835e-05
6.77362e-05
6.00344e-05
3.15338e-05
6.13971e-05
6.72454e-05
0.000104541
0.000109748
5.70438e-05
4.3978e-05
3.26136e-05
7.07741e-05
3.40024e-05
0.000148529
5.58721e-05
4.73414e-05
0.000104915
1.99382e-05
0.000102909
2.61123e-05
2.59541e-05
2.44046e-05
2.09198e-05
1.88821e-05
1.71672e-05
1.57945e-05
1.47431e-05
1.39503e-05
1.34562e-05
1.3572e-05
1.44433e-05
1.3908e-05
1.32616e-05
1.30737e-05
1.33473e-05
1.40545e-05
1.50925e-05
1.62599e-05
1.73117e-05
1.80717e-05
1.85184e-05
1.87478e-05
1.8895e-05
1.90483e-05
1.91867e-05
1.92386e-05
1.91714e-05
1.90052e-05
1.87767e-05
1.8524e-05
1.82641e-05
1.79543e-05
1.75398e-05
1.71117e-05
1.67001e-05
1.62425e-05
1.57521e-05
1.52697e-05
1.47817e-05
1.42829e-05
1.37919e-05
1.33006e-05
1.28097e-05
1.23369e-05
1.18657e-05
1.1395e-05
1.09526e-05
1.0527e-05
1.01165e-05
9.72913e-06
9.37662e-06
9.05756e-06
8.75814e-06
8.48439e-06
8.25079e-06
8.06684e-06
7.98144e-06
7.90009e-06
8.21069e-06
8.43711e-06
0.000136403
0.00010968
9.80359e-05
9.67982e-05
3.01247e-05
0.000104215
5.20683e-05
8.29502e-05
5.64913e-05
0.000127781
4.4508e-05
5.12101e-05
0.000172698
4.32724e-05
0.000120191
4.25244e-05
0.000109242
5.26872e-05
0.00017049
0.000171396
4.6039e-05
4.84933e-05
3.34884e-05
0.000173049
6.38523e-05
5.35249e-05
5.22775e-05
8.34806e-05
3.9092e-05
4.25692e-05
4.27966e-05
5.15536e-05
0.000186356
7.32256e-05
0.000201106
3.03847e-05
0.000105771
2.35373e-05
4.27999e-05
2.81558e-05
2.21805e-05
2.01174e-05
1.75572e-05
1.57237e-05
1.43315e-05
1.32481e-05
1.24487e-05
1.18723e-05
1.15046e-05
1.14341e-05
1.17983e-05
1.26051e-05
1.36905e-05
1.45349e-05
1.48624e-05
1.54544e-05
1.63243e-05
1.74361e-05
1.8551e-05
1.91811e-05
1.97548e-05
2.02431e-05
2.06522e-05
2.10058e-05
2.13314e-05
2.16424e-05
2.18564e-05
2.18658e-05
2.17779e-05
2.16437e-05
2.14913e-05
2.1242e-05
2.09358e-05
2.06224e-05
2.02688e-05
1.97722e-05
1.92545e-05
1.87488e-05
1.81572e-05
1.75294e-05
1.69174e-05
1.62476e-05
1.55591e-05
1.49104e-05
1.42266e-05
1.35218e-05
1.28577e-05
1.22014e-05
1.15392e-05
1.09199e-05
1.02831e-05
9.64796e-06
9.06201e-06
8.47819e-06
7.9265e-06
7.46075e-06
7.14758e-06
7.01325e-06
6.9982e-06
7.13138e-06
8.40447e-05
8.46302e-05
8.4941e-05
8.48468e-05
8.51766e-05
8.50583e-05
8.53382e-05
8.53531e-05
8.52058e-05
3.52959e-05
7.19398e-05
8.51633e-05
6.4159e-05
8.47105e-05
8.44494e-05
8.42586e-05
5.23937e-05
8.45104e-05
8.45392e-05
8.439e-05
8.47285e-05
8.49049e-05
5.72266e-05
8.49588e-05
8.36524e-05
7.24276e-05
8.65958e-05
8.69797e-05
8.67948e-05
6.30225e-05
8.83978e-05
7.78779e-05
9.19566e-05
5.01994e-05
9.8486e-05
4.01649e-05
4.55995e-05
4.5641e-05
2.37502e-05
2.36668e-05
1.91447e-05
1.69058e-05
1.49895e-05
1.35378e-05
1.24435e-05
1.16126e-05
1.10065e-05
1.05906e-05
1.03452e-05
1.02704e-05
1.0433e-05
1.08707e-05
1.1585e-05
1.24998e-05
1.3507e-05
1.4521e-05
1.54863e-05
1.63834e-05
1.72241e-05
1.80203e-05
1.87918e-05
1.95409e-05
2.02702e-05
2.09735e-05
2.16473e-05
2.2285e-05
2.28839e-05
2.3444e-05
2.39658e-05
2.44408e-05
2.48541e-05
2.51905e-05
2.54503e-05
2.56402e-05
2.574e-05
2.57278e-05
2.56355e-05
2.549e-05
2.52611e-05
2.4883e-05
2.44491e-05
2.39368e-05
2.32068e-05
2.21271e-05
2.10869e-05
1.99604e-05
1.87528e-05
1.75987e-05
1.63545e-05
1.5118e-05
1.40602e-05
1.28974e-05
1.15737e-05
1.03961e-05
9.21666e-06
8.06768e-06
7.32383e-06
6.59096e-06
6.36195e-06
6.35427e-06
2.99147e-05
3.01758e-05
3.03247e-05
3.04297e-05
3.05004e-05
3.05497e-05
3.05432e-05
3.05265e-05
3.05055e-05
3.05076e-05
3.04894e-05
3.03919e-05
3.03192e-05
3.02151e-05
3.01153e-05
3.00714e-05
3.00539e-05
3.00538e-05
3.00522e-05
3.00991e-05
3.00979e-05
3.01525e-05
3.03317e-05
3.04429e-05
3.0586e-05
3.07045e-05
3.08744e-05
3.09865e-05
3.1255e-05
3.14056e-05
3.16524e-05
3.19125e-05
3.23223e-05
3.28507e-05
3.34677e-05
3.44824e-05
2.1697e-05
3.52535e-05
1.79125e-05
1.7997e-05
1.57988e-05
1.42064e-05
1.29445e-05
1.19393e-05
1.11412e-05
1.05203e-05
1.00473e-05
9.72974e-06
9.5394e-06
9.48345e-06
9.56967e-06
9.81083e-06
1.02319e-05
1.08286e-05
1.15964e-05
1.25055e-05
1.35155e-05
1.45882e-05
1.56886e-05
1.67829e-05
1.78591e-05
1.88962e-05
1.9897e-05
2.08582e-05
2.17931e-05
2.27053e-05
2.35975e-05
2.44613e-05
2.52855e-05
2.6048e-05
2.6737e-05
2.73504e-05
2.7865e-05
2.82741e-05
2.85899e-05
2.88071e-05
2.8908e-05
2.88916e-05
2.87531e-05
2.8456e-05
2.80704e-05
2.76499e-05
2.71412e-05
2.64347e-05
2.5683e-05
2.48765e-05
2.39007e-05
2.2846e-05
2.1771e-05
2.05647e-05
1.91956e-05
1.77764e-05
1.60912e-05
1.4296e-05
1.24558e-05
1.05935e-05
8.87363e-06
7.74148e-06
6.60891e-06
6.03891e-06
6.65399e-06
6.67576e-06
6.68987e-06
6.70681e-06
6.71689e-06
6.72134e-06
6.72359e-06
6.72415e-06
6.72414e-06
6.72352e-06
6.72202e-06
6.71551e-06
6.70417e-06
6.68893e-06
6.67305e-06
6.66441e-06
6.66297e-06
6.66177e-06
6.66138e-06
6.66131e-06
6.66297e-06
6.66791e-06
6.67645e-06
6.69168e-06
6.71262e-06
6.74008e-06
6.76583e-06
6.78808e-06
6.8153e-06
6.85096e-06
6.89863e-06
6.96041e-06
7.03869e-06
7.13525e-06
7.25032e-06
7.39308e-06
7.57579e-06
7.80735e-06
8.08817e-06
8.42325e-06
8.83519e-06
9.31505e-06
9.77473e-06
9.49716e-06
9.21007e-06
8.96181e-06
8.77666e-06
8.67873e-06
8.64431e-06
8.66997e-06
8.75118e-06
8.896e-06
9.13066e-06
9.47009e-06
9.94606e-06
1.05734e-05
1.13498e-05
1.22668e-05
1.33025e-05
1.44292e-05
1.56015e-05
1.67421e-05
1.78055e-05
1.87952e-05
1.97683e-05
2.07556e-05
2.17741e-05
2.2832e-05
2.39421e-05
2.51136e-05
2.63089e-05
2.7424e-05
2.84285e-05
2.93467e-05
3.01699e-05
3.08642e-05
3.14036e-05
3.17735e-05
3.19503e-05
3.19158e-05
3.16742e-05
3.12259e-05
3.04809e-05
2.9599e-05
2.86669e-05
2.75497e-05
2.60962e-05
2.4558e-05
2.30457e-05
2.14021e-05
1.96206e-05
1.78412e-05
1.60859e-05
1.40852e-05
1.20989e-05
1.02181e-05
8.43045e-06
6.95206e-06
6.11011e-06
7.04662e-06
5.88871e-06
5.83397e-06
5.80663e-06
5.76637e-06
5.75011e-06
5.74425e-06
5.74307e-06
5.74371e-06
5.74484e-06
5.74661e-06
5.74835e-06
5.75284e-06
5.76121e-06
5.77313e-06
5.78834e-06
5.80665e-06
5.82391e-06
5.83522e-06
5.83908e-06
5.83949e-06
5.83888e-06
5.8338e-06
5.82175e-06
5.79999e-06
5.7699e-06
5.74334e-06
5.72998e-06
5.72609e-06
5.72293e-06
5.71888e-06
5.71209e-06
5.70417e-06
5.69614e-06
5.69001e-06
5.68526e-06
5.68217e-06
5.68467e-06
5.69211e-06
5.70675e-06
5.73293e-06
5.78222e-06
5.84791e-06
5.92551e-06
6.02146e-06
6.14615e-06
6.30853e-06
6.51528e-06
6.76683e-06
7.06376e-06
7.3975e-06
7.54596e-06
7.64657e-06
7.73065e-06
7.84432e-06
8.03807e-06
8.34806e-06
8.78287e-06
9.32593e-06
9.9415e-06
1.05806e-05
1.12187e-05
1.18647e-05
1.25663e-05
1.33573e-05
1.42383e-05
1.52015e-05
1.62553e-05
1.74258e-05
1.871e-05
2.00467e-05
2.13586e-05
2.25969e-05
2.37444e-05
2.48022e-05
2.57728e-05
2.6654e-05
2.74373e-05
2.81137e-05
2.8652e-05
2.90035e-05
2.91435e-05
2.90659e-05
2.87619e-05
2.81867e-05
2.73752e-05
2.64459e-05
2.53291e-05
2.38172e-05
2.19854e-05
1.9929e-05
1.76182e-05
1.50786e-05
1.26189e-05
1.05006e-05
8.7185e-06
7.09391e-06
5.66318e-06
4.65348e-06
4.11305e-06
4.57421e-06
5.91637e-06
5.91668e-06
5.91551e-06
5.91528e-06
5.91474e-06
5.91438e-06
5.91383e-06
5.91268e-06
5.91145e-06
5.90997e-06
5.90814e-06
5.90714e-06
5.90731e-06
5.90779e-06
5.90874e-06
5.90981e-06
5.91063e-06
5.9112e-06
5.91161e-06
5.91206e-06
5.91267e-06
5.91362e-06
5.91497e-06
5.91627e-06
5.91693e-06
5.91768e-06
5.91811e-06
5.91779e-06
5.91686e-06
5.91575e-06
5.91429e-06
5.91235e-06
5.90973e-06
5.90597e-06
5.90094e-06
5.89449e-06
5.88571e-06
5.87425e-06
5.85961e-06
5.84103e-06
5.81741e-06
5.7883e-06
5.75386e-06
5.71181e-06
5.6621e-06
5.60429e-06
5.53676e-06
5.45923e-06
5.37164e-06
5.27505e-06
5.16935e-06
5.05564e-06
4.93604e-06
4.811e-06
4.68163e-06
4.54945e-06
4.416e-06
4.28394e-06
4.15585e-06
4.0347e-06
3.92237e-06
3.8199e-06
3.72877e-06
3.65172e-06
3.59143e-06
3.55027e-06
3.52903e-06
3.52342e-06
3.53106e-06
3.55296e-06
3.58867e-06
3.65496e-06
3.76352e-06
3.89571e-06
4.05059e-06
4.2302e-06
4.43589e-06
4.66979e-06
4.93289e-06
5.22301e-06
5.539e-06
5.87587e-06
6.22433e-06
6.59804e-06
6.97947e-06
7.37757e-06
7.82025e-06
8.26439e-06
8.60232e-06
8.71622e-06
8.41986e-06
7.42823e-06
5.924e-06
4.28382e-06
2.73266e-06
1.74478e-06
1.54045e-06
2.6598e-06
2.85247e-06
3.09283e-06
7.68618e-06
7.26377e-07
8.97304e-07
1.19892e-06
1.54179e-06
1.85155e-06
2.14657e-06
2.45125e-06
2.73701e-06
3.01195e-06
3.28148e-06
3.56425e-06
3.87625e-06
4.1991e-06
4.48188e-06
4.63636e-06
5.04372e-06
6.40005e-06
7.04444e-06
3.53839e-06
3.48655e-06
9.4981e-07
9.3396e-07
1.11794e-06
1.37543e-06
1.63081e-06
1.92314e-06
2.21352e-06
2.5025e-06
2.80723e-06
3.07892e-06
3.37361e-06
3.69435e-06
4.07032e-06
4.34959e-06
4.60772e-06
5.12775e-06
6.60223e-06
7.05475e-06
3.60969e-06
3.18502e-06
1.38664e-06
1.40002e-06
1.40109e-06
1.56192e-06
1.78868e-06
2.03814e-06
2.324e-06
2.61946e-06
2.99071e-06
3.16029e-06
3.35516e-06
3.66754e-06
3.97286e-06
4.25665e-06
4.57213e-06
5.31931e-06
6.78599e-06
6.97907e-06
3.69834e-06
3.62052e-06
2.05155e-06
2.09383e-06
1.96199e-06
2.12452e-06
2.20813e-06
2.4694e-06
2.74325e-06
3.12813e-06
3.67134e-06
3.58413e-06
3.63927e-06
3.8175e-06
4.09586e-06
4.43962e-06
4.95805e-06
5.82972e-06
7.07932e-06
6.82599e-06
3.79555e-06
4.30264e-06
2.97501e-06
3.01804e-06
2.76831e-06
3.07835e-06
3.08592e-06
3.48646e-06
3.82646e-06
4.46457e-06
4.93323e-06
4.57984e-06
4.34796e-06
4.43542e-06
4.7638e-06
5.15015e-06
5.77258e-06
6.54822e-06
7.3549e-06
6.65566e-06
3.88223e-06
5.40577e-06
4.37581e-06
4.4107e-06
4.13781e-06
4.60079e-06
4.75329e-06
5.3676e-06
5.86699e-06
6.86708e-06
6.97088e-06
6.32233e-06
6.02573e-06
6.24249e-06
6.41448e-06
6.79846e-06
7.22544e-06
7.57053e-06
7.34514e-06
6.24356e-06
3.96387e-06
7.1279e-06
6.46985e-06
6.53002e-06
6.30068e-06
7.01887e-06
7.50253e-06
8.73397e-06
9.96106e-06
1.18945e-05
1.10814e-05
1.04069e-05
1.01588e-05
9.97595e-06
9.82509e-06
9.63951e-06
9.21731e-06
8.00749e-06
6.92871e-06
5.7053e-06
3.95732e-06
1.05319e-05
1.06276e-05
1.09304e-05
1.13394e-05
1.29019e-05
1.44882e-05
1.70839e-05
2.04295e-05
2.0092e-05
1.82868e-05
1.62685e-05
1.45555e-05
1.26765e-05
1.11825e-05
9.72604e-06
8.42811e-06
7.44287e-06
6.41897e-06
4.87044e-06
3.48572e-06
2.0185e-05
2.18166e-05
2.24148e-05
2.37055e-05
2.43488e-05
2.18991e-05
2.01117e-05
1.75397e-05
1.61919e-05
1.40832e-05
1.29742e-05
1.13535e-05
1.0466e-05
9.26482e-06
8.40696e-06
7.31479e-06
6.49983e-06
4.95642e-06
3.44927e-06
2.32971e-06
2.57716e-05
2.41645e-05
2.18536e-05
1.98514e-05
1.7745e-05
1.59661e-05
1.44166e-05
1.26614e-05
1.16719e-05
1.02701e-05
9.41181e-06
8.68271e-06
7.67122e-06
7.03803e-06
5.85363e-06
4.84913e-06
4.11476e-06
3.10238e-06
2.02907e-06
1.26584e-06
2.92617e-05
2.77475e-05
2.5597e-05
2.35549e-05
2.16018e-05
1.95092e-05
1.78578e-05
1.59342e-05
1.47443e-05
1.31478e-05
1.20579e-05
1.10285e-05
9.97297e-06
9.07527e-06
8.17608e-06
7.1112e-06
6.0413e-06
4.49137e-06
3.06664e-06
1.95463e-06
1.57299e-05
1.67859e-05
1.70576e-05
1.78471e-05
2.00247e-05
2.22425e-05
2.35155e-05
2.10052e-05
1.94007e-05
1.70192e-05
1.55701e-05
1.36435e-05
1.2372e-05
1.07686e-05
9.69239e-06
8.48213e-06
7.69644e-06
6.52533e-06
4.68103e-06
3.26649e-06
9.42034e-06
9.15069e-06
9.23383e-06
9.10232e-06
1.01085e-05
1.0952e-05
1.27237e-05
1.49471e-05
1.64022e-05
1.496e-05
1.42915e-05
1.36737e-05
1.31066e-05
1.216e-05
1.06101e-05
9.32393e-06
8.19861e-06
7.27742e-06
5.79628e-06
4.26234e-06
6.73102e-06
5.98333e-06
5.98619e-06
5.67316e-06
6.24388e-06
6.45395e-06
7.38009e-06
8.13984e-06
9.55557e-06
8.83693e-06
8.0032e-06
7.92713e-06
8.03219e-06
8.1664e-06
8.46985e-06
8.72327e-06
8.51195e-06
7.58937e-06
6.45542e-06
4.31592e-06
5.20381e-06
4.10653e-06
4.09808e-06
3.76974e-06
4.14707e-06
4.21878e-06
4.72053e-06
5.09683e-06
5.91316e-06
5.96052e-06
5.4292e-06
5.04552e-06
5.28004e-06
5.60454e-06
6.09768e-06
6.79377e-06
7.55e-06
7.91909e-06
6.9899e-06
4.24014e-06
4.2161e-06
2.85782e-06
2.87617e-06
2.59799e-06
2.8571e-06
2.81125e-06
3.13288e-06
3.39142e-06
3.90744e-06
4.32926e-06
4.08034e-06
3.96784e-06
4.06193e-06
4.37631e-06
4.83581e-06
5.53965e-06
6.52948e-06
7.6987e-06
7.28395e-06
4.14353e-06
3.57901e-06
1.96709e-06
1.99239e-06
1.86689e-06
2.01144e-06
2.09955e-06
2.31321e-06
2.57963e-06
2.88412e-06
3.34029e-06
3.30649e-06
3.4095e-06
3.64896e-06
3.92373e-06
4.23544e-06
4.75552e-06
5.8132e-06
7.3788e-06
7.40424e-06
4.03443e-06
3.30735e-06
1.34445e-06
1.33334e-06
1.34746e-06
1.4934e-06
1.71039e-06
1.94173e-06
2.21023e-06
2.48683e-06
2.81811e-06
3.00619e-06
3.21831e-06
3.52007e-06
3.85864e-06
4.16029e-06
4.47484e-06
5.27017e-06
6.96404e-06
7.53948e-06
3.92699e-06
3.85725e-06
9.34289e-07
9.15206e-07
1.10028e-06
1.36371e-06
1.62012e-06
1.89405e-06
2.17792e-06
2.46041e-06
2.75115e-06
3.02248e-06
3.32156e-06
3.62793e-06
3.9716e-06
4.26306e-06
4.53094e-06
5.13447e-06
6.79269e-06
7.5022e-06
3.83153e-06
8.55641e-06
7.26483e-07
8.86754e-07
1.17782e-06
1.50393e-06
1.8308e-06
2.11118e-06
2.38937e-06
2.66225e-06
2.92511e-06
3.18134e-06
3.45235e-06
3.76377e-06
4.07929e-06
4.39859e-06
4.56235e-06
4.97279e-06
6.50496e-06
7.49397e-06
3.75693e-06
1.23269e-06
0.000116682
0.00029464
0.000330945
0.000334814
0.000335357
0.000335357
0.000335342
0.000335343
0.000335345
0.000335345
0.000335343
0.000335342
0.000335357
0.000335357
0.000334814
0.000330945
0.00029464
0.000116683
1.23269e-06
1.37337e-06
6.80257e-05
0.00021916
0.000309313
0.000330874
0.000334522
0.000335272
0.000335315
0.000335295
0.000335286
0.000335286
0.000335295
0.000335314
0.000335271
0.000334522
0.000330874
0.000309312
0.00021916
6.80257e-05
1.37338e-06
1.51594e-06
5.26683e-05
0.000175848
0.000280152
0.000321949
0.000332483
0.0003346
0.000335098
0.000335167
0.000335173
0.000335173
0.000335167
0.000335098
0.0003346
0.000332483
0.000321952
0.000280158
0.000175854
5.26702e-05
1.51593e-06
1.64754e-06
4.43737e-05
0.000149147
0.000255091
0.000309725
0.000328718
0.000333574
0.000334807
0.000335045
0.000335076
0.000335076
0.000335045
0.000334807
0.000333573
0.000328716
0.000309721
0.000255087
0.000149146
4.43744e-05
1.64754e-06
1.79106e-06
3.73929e-05
0.000127848
0.000231861
0.000295622
0.000322775
0.0003318
0.000334135
0.000334802
0.000334938
0.000334938
0.000334802
0.000334135
0.0003318
0.000322776
0.000295624
0.000231864
0.000127852
3.73949e-05
1.79104e-06
1.94563e-06
3.17664e-05
0.00011033
0.000210496
0.000280478
0.000315126
0.000328777
0.000333181
0.000334458
0.000334771
0.000334771
0.000334458
0.00033318
0.000328777
0.000315129
0.000280487
0.00021051
0.00011034
3.17696e-05
1.9456e-06
2.0844e-06
2.79439e-05
9.7585e-05
0.00019304
0.0002664
0.000306969
0.000324989
0.000331759
0.000333878
0.000334493
0.000334492
0.000333876
0.000331756
0.000324983
0.00030696
0.000266391
0.000193035
9.75845e-05
2.79428e-05
2.08437e-06
2.20138e-06
2.53816e-05
8.85023e-05
0.000179339
0.000254112
0.000299028
0.000320883
0.000329918
0.000333125
0.000334128
0.000334127
0.000333123
0.000329913
0.000320877
0.000299023
0.000254111
0.000179342
8.85087e-05
2.5385e-05
2.20131e-06
2.32114e-06
2.32142e-05
8.08299e-05
0.000167254
0.000242513
0.000290906
0.000316321
0.000327734
0.000332191
0.000333613
0.000333613
0.000332192
0.00032774
0.00031633
0.00029092
0.000242538
0.000167286
8.08508e-05
2.32173e-05
2.32104e-06
2.459e-06
2.11063e-05
7.34889e-05
0.000155461
0.000230701
0.000282119
0.000311021
0.000325004
0.00033092
0.000332887
0.000332886
0.000330913
0.000324993
0.000311015
0.000282126
0.000230726
0.000155501
7.35175e-05
2.11109e-05
2.45884e-06
2.59778e-06
1.93072e-05
6.69837e-05
0.000144525
0.000219128
0.000272925
0.000305027
0.00032162
0.00032915
0.000331906
0.0003319
0.000329137
0.000321604
0.000305009
0.000272913
0.00021913
0.000144546
6.70063e-05
1.93116e-05
2.59756e-06
2.71081e-06
1.80011e-05
6.1989e-05
0.000135505
0.00020889
0.000264235
0.000298972
0.000317934
0.000327034
0.000330551
0.000330542
0.000327005
0.000317885
0.000298916
0.000264198
0.000208896
0.000135542
6.20189e-05
1.80034e-05
2.71056e-06
2.79423e-06
1.71326e-05
5.84797e-05
0.000128704
0.000200674
0.000256866
0.000293573
0.000314508
0.000325011
0.00032921
0.000329203
0.000324985
0.000314472
0.000293531
0.000256832
0.000200671
0.000128746
5.85153e-05
1.71333e-05
2.79407e-06
2.86972e-06
1.64542e-05
5.57802e-05
0.000123407
0.000194124
0.000250856
0.000289156
0.000311786
0.000323492
0.000328281
0.000328294
0.000323528
0.000311828
0.000289209
0.000250916
0.000194205
0.00012349
5.58212e-05
1.64528e-05
2.86978e-06
2.96038e-06
1.57194e-05
5.31397e-05
0.00011852
0.000188143
0.000245407
0.000285146
0.000309262
0.000322082
0.000327398
0.000327395
0.00032208
0.000309337
0.000285268
0.00024552
0.000188235
0.000118573
5.31556e-05
1.57127e-05
2.96071e-06
3.0687e-06
1.48635e-05
5.02068e-05
0.000113166
0.000181516
0.000238987
0.000279969
0.000305651
0.000292991
0.000240954
0.000326035
0.000319794
0.00030488
0.000279751
0.000239035
0.000181567
0.000113175
5.0194e-05
1.4852e-05
3.06927e-06
3.17526e-06
1.40359e-05
4.7168e-05
0.000107259
0.000173902
0.000231072
0.000250567
0.000190792
0.000224735
0.000212704
0.000161865
0.000253742
0.000299849
0.000272663
0.00023076
0.000173788
0.000107243
4.71573e-05
1.40252e-05
3.17604e-06
3.25511e-06
1.34157e-05
4.45283e-05
0.000101558
0.000165662
0.00022216
0.000265503
0.000237143
0.000314877
0.00032281
0.000184442
0.000152459
0.000230936
0.000265081
0.000222343
0.000165725
0.000101539
4.45113e-05
1.34062e-05
3.25606e-06
3.29725e-06
1.30355e-05
4.26343e-05
9.70864e-05
0.000158633
0.000214986
0.000111508
8.79812e-05
0.000119417
0.000164553
0.000201912
0.000140099
0.000106372
0.000152391
0.000215091
0.000158701
9.70101e-05
4.26036e-05
1.30296e-05
3.2983e-06
3.31281e-06
1.27876e-05
4.14366e-05
9.42881e-05
0.000154542
0.000142743
0.000258463
0.000292461
0.000275525
0.000319693
0.00031973
0.000311596
0.000292989
0.000259676
0.000179775
0.000154283
9.41128e-05
4.13932e-05
1.27807e-05
3.31405e-06
3.32054e-06
1.25097e-05
4.06087e-05
9.2702e-05
0.000152202
0.000209252
0.000228584
0.000101768
9.37713e-05
0.000120522
0.000126485
0.000104781
9.57445e-05
0.000153128
0.000210286
0.000152203
9.24918e-05
4.05677e-05
1.25026e-05
3.32205e-06
3.31503e-06
1.207e-05
3.95663e-05
9.07301e-05
0.000137057
0.000102202
0.000130031
0.000288507
0.000307102
0.000315011
0.000311996
0.000307324
0.000289253
0.000175538
0.000112215
0.000127437
9.05682e-05
3.95381e-05
1.20649e-05
3.31661e-06
3.26399e-06
1.11434e-05
3.70257e-05
8.59955e-05
0.000143515
0.000200606
0.000248808
0.000280934
0.000298339
0.000305485
0.00030541
0.000298446
0.000281674
0.00025063
0.000202345
0.000143928
8.5879e-05
3.70162e-05
1.11404e-05
3.26531e-06
3.14658e-06
9.54883e-06
3.2452e-05
7.75415e-05
0.000129807
7.04655e-05
7.51479e-05
0.000164351
0.000236991
0.000175221
0.000150162
0.000167721
0.000229536
0.000152787
7.76546e-05
8.53755e-05
7.73461e-05
3.24048e-05
9.54303e-06
3.14742e-06
3.04405e-06
8.04109e-06
2.91196e-05
7.31557e-05
9.94923e-05
0.000195828
0.000211955
0.000283324
0.000131796
0.00014075
0.000308592
0.000168899
0.000104516
0.000195001
0.000198297
0.000133454
7.29368e-05
2.90375e-05
8.03235e-06
3.0444e-06
2.96727e-06
6.84322e-06
2.62023e-05
6.92162e-05
0.000131228
9.67073e-05
5.38464e-05
4.29077e-05
8.18948e-05
7.88848e-05
6.86905e-05
5.73132e-05
6.80328e-05
5.35433e-05
3.79706e-05
7.16554e-05
6.9155e-05
2.61075e-05
6.8341e-06
2.96733e-06
2.91505e-06
5.97556e-06
2.36955e-05
6.51349e-05
5.30266e-05
6.98812e-05
0.000142044
0.000225425
0.000116849
8.15467e-05
7.01455e-05
0.000104724
4.81042e-05
0.000157269
0.000208975
6.51396e-05
6.0533e-05
2.36406e-05
5.96623e-06
2.91502e-06
2.88208e-06
5.38216e-06
2.18805e-05
6.26808e-05
0.000129305
0.000212375
0.00013085
0.000121259
9.90484e-05
0.000167564
7.36721e-05
0.000146882
7.21806e-05
0.000179914
6.33855e-05
9.09848e-05
6.26073e-05
2.18447e-05
5.3743e-06
2.88201e-06
2.86239e-06
5.01064e-06
2.06561e-05
6.05976e-05
4.73934e-05
4.03007e-05
6.28628e-05
0.000102753
0.000107861
6.91992e-05
3.35921e-05
4.34813e-05
2.87706e-05
4.40913e-05
9.254e-05
8.33505e-05
5.58199e-05
2.061e-05
5.00676e-06
2.86221e-06
2.85104e-06
4.803e-06
1.97655e-05
5.26481e-05
6.06936e-05
0.000165614
0.00032315
0.000130826
5.87265e-05
6.08896e-05
0.000258956
5.90773e-05
0.000207558
5.7664e-05
2.96809e-05
4.91338e-05
5.89055e-05
1.97073e-05
4.80162e-06
2.85071e-06
2.84457e-06
4.70026e-06
1.90952e-05
5.73234e-05
8.57236e-05
6.23224e-05
4.85039e-05
4.85765e-05
0.000153007
7.2632e-05
6.47759e-05
0.000151942
0.000107125
8.11261e-05
0.000224242
5.96308e-05
5.0329e-05
1.91342e-05
4.69389e-06
2.84415e-06
2.84075e-06
4.65298e-06
1.87052e-05
5.63096e-05
5.6564e-05
3.52472e-05
4.41794e-05
0.000252023
0.000184531
0.000496599
6.13846e-05
3.2398e-05
4.52559e-05
5.50103e-05
0.00011645
8.49556e-05
5.6887e-05
1.88093e-05
4.63963e-06
2.84035e-06
2.83814e-06
4.6299e-06
1.84934e-05
4.24151e-05
3.81351e-05
0.000169452
0.000111206
0.000193933
0.000132636
8.1641e-05
3.67078e-05
8.80901e-05
6.05928e-05
3.51163e-05
2.74493e-05
4.30899e-05
5.65672e-05
1.86187e-05
4.61501e-06
2.83789e-06
2.8361e-06
4.62111e-06
1.83907e-05
5.55736e-05
0.000121408
6.5704e-05
3.70888e-05
4.86753e-05
0.000164007
0.000126392
0.000134039
6.19502e-05
8.37122e-05
0.000127772
0.000224704
6.5977e-05
5.02046e-05
1.85142e-05
4.60807e-06
2.83606e-06
2.83456e-06
4.61733e-06
1.83422e-05
5.06792e-05
3.71489e-05
3.57362e-05
0.000162374
6.44778e-05
0.000242545
8.71097e-05
0.000513178
0.000176713
0.000119227
5.42757e-05
5.06068e-05
5.56821e-05
5.60328e-05
1.84392e-05
4.6082e-06
2.83471e-06
2.83343e-06
4.61243e-06
1.83301e-05
5.55775e-05
0.000117445
7.05897e-05
3.67719e-05
5.10467e-05
0.000481719
9.4095e-05
8.61952e-05
0.000113922
0.000192937
6.97834e-05
4.79656e-05
7.03339e-05
5.58207e-05
1.8392e-05
4.60925e-06
2.83371e-06
2.83273e-06
4.60744e-06
1.83633e-05
5.56706e-05
4.18158e-05
5.28895e-05
0.000116141
5.70672e-05
0.000110763
8.42494e-05
4.76283e-05
7.07761e-05
3.35774e-05
5.61516e-05
0.000117525
5.43442e-05
4.41373e-05
1.83792e-05
4.61029e-06
2.83285e-06
2.83231e-06
4.60416e-06
1.84173e-05
5.57265e-05
0.000116154
0.000124926
3.67008e-05
2.55056e-05
2.52555e-05
8.82796e-05
2.70557e-05
5.26801e-05
2.33227e-05
0.00010616
2.23661e-05
4.40689e-05
5.57279e-05
1.83888e-05
4.61076e-06
2.83207e-06
2.83182e-06
4.60317e-06
1.84421e-05
5.57915e-05
3.44986e-05
1.70997e-05
1.98755e-05
0.000264843
2.60714e-05
0.000203892
3.89966e-05
3.35122e-05
1.76334e-05
5.79276e-05
0.000122202
0.000115719
5.28443e-05
1.84433e-05
4.60584e-06
2.83163e-06
2.83145e-06
4.60359e-06
1.84468e-05
5.57024e-05
0.000118921
8.13963e-05
4.45987e-05
3.94681e-05
3.35182e-05
0.000152132
4.6833e-05
5.6278e-05
3.99316e-05
5.4369e-05
2.8293e-05
5.23389e-05
5.61633e-05
1.85165e-05
4.59921e-06
2.83118e-06
2.83119e-06
4.60611e-06
1.84355e-05
5.57969e-05
4.74643e-05
3.08353e-05
3.59411e-05
5.15232e-05
9.90426e-05
0.00017901
0.000172548
6.81918e-05
2.94905e-05
7.6774e-05
0.000148333
7.01414e-05
4.8969e-05
1.85778e-05
4.59521e-06
2.83087e-06
2.83116e-06
4.60715e-06
1.84384e-05
5.58007e-05
7.58392e-05
0.000175314
0.000103585
5.90314e-05
5.8297e-05
7.60104e-05
0.000143946
7.01376e-05
0.000262648
4.78243e-05
3.61603e-05
9.43266e-05
5.63623e-05
1.86137e-05
4.59428e-06
2.83087e-06
2.8312e-06
4.60658e-06
1.84521e-05
5.5779e-05
4.7786e-05
5.81077e-05
0.000210959
0.000174735
0.000236955
7.0816e-05
0.000459348
8.33091e-05
0.000271944
0.000120469
0.000151159
3.58604e-05
3.84303e-05
1.86215e-05
4.59425e-06
2.83099e-06
2.83075e-06
4.6027e-06
1.84888e-05
5.58308e-05
0.000100529
4.88939e-05
4.30343e-05
0.000108786
0.000107869
5.26641e-05
4.8637e-05
5.28477e-05
0.000443728
3.60718e-05
3.76227e-05
0.000122749
5.61246e-05
1.86161e-05
4.59476e-06
2.831e-06
2.83e-06
4.59831e-06
1.85605e-05
4.51062e-05
4.57083e-05
0.000183579
9.58699e-05
8.19772e-05
3.49321e-05
2.71212e-05
0.000346906
2.57178e-05
4.05722e-05
0.000149686
0.000224586
3.78691e-05
3.9295e-05
1.85933e-05
4.5961e-06
2.8309e-06
2.82942e-06
4.59702e-06
1.86215e-05
5.61531e-05
6.65263e-05
3.02172e-05
3.21566e-05
0.00022977
4.36007e-05
3.90519e-05
4.54807e-05
3.89796e-05
0.000156497
3.84139e-05
3.28428e-05
9.75081e-05
5.59453e-05
1.85688e-05
4.59761e-06
2.8309e-06
2.82904e-06
4.5966e-06
1.86552e-05
5.05963e-05
6.88987e-05
0.000224147
0.000334079
6.66456e-05
5.01632e-05
0.000118594
7.80111e-05
7.19162e-05
0.000103203
0.000343955
0.000179
5.82946e-05
5.01788e-05
1.85515e-05
4.59883e-06
2.83109e-06
2.82883e-06
4.59685e-06
1.86757e-05
5.62442e-05
6.45307e-05
3.17985e-05
5.80293e-05
0.000115929
0.000132084
0.000104635
0.000106303
0.000240423
0.000143975
5.92098e-05
4.25319e-05
6.14527e-05
5.57005e-05
1.8533e-05
4.60114e-06
2.83121e-06
2.82868e-06
4.59829e-06
1.87013e-05
5.36535e-05
7.3065e-05
0.000226036
0.000101146
6.22676e-05
0.000107981
3.97797e-05
7.51086e-05
0.000321544
8.80403e-05
8.07987e-05
0.000141402
8.79726e-05
5.56827e-05
1.85006e-05
4.60367e-06
2.83096e-06
2.82844e-06
4.59987e-06
1.87187e-05
5.62651e-05
5.80345e-05
4.41149e-05
0.00010035
7.96784e-05
2.81171e-05
0.000318442
3.16289e-05
7.96543e-05
0.000209599
6.5177e-05
4.40837e-05
6.8169e-05
5.56729e-05
1.84799e-05
4.60397e-06
2.83085e-06
2.8285e-06
4.60035e-06
1.87199e-05
5.64263e-05
7.18701e-05
9.5406e-05
0.000115135
6.01532e-05
0.000122954
3.47261e-05
5.73455e-05
7.08857e-05
0.000102824
0.000341851
9.13554e-05
4.47176e-05
5.43708e-05
1.84773e-05
4.60353e-06
2.83046e-06
2.82959e-06
4.60048e-06
1.87081e-05
5.64092e-05
6.27547e-05
3.6426e-05
3.13916e-05
6.06132e-05
5.10057e-05
3.61682e-05
0.000179471
8.50351e-05
0.000140014
3.84384e-05
5.21749e-05
0.000117079
5.59639e-05
1.84884e-05
4.60178e-06
2.82949e-06
2.83035e-06
4.59999e-06
1.86483e-05
5.6301e-05
0.000122069
0.000100634
8.21159e-05
4.0164e-05
4.28695e-05
0.000284317
8.36913e-05
0.000106486
0.00027958
0.000215843
6.83903e-05
5.22232e-05
5.60936e-05
1.85505e-05
4.59773e-06
2.82848e-06
2.83057e-06
4.60704e-06
1.85157e-05
5.59737e-05
3.23655e-05
4.44952e-05
0.000334982
0.000105752
0.000263961
7.74343e-05
0.000113375
0.000128738
4.73837e-05
4.06771e-05
5.70173e-05
0.000114042
5.614e-05
1.86159e-05
4.59701e-06
2.82784e-06
2.83069e-06
4.61206e-06
1.84415e-05
5.56264e-05
0.000121298
0.000111657
5.90703e-05
5.822e-05
7.07859e-05
0.00018012
8.34187e-05
5.01776e-05
3.56763e-05
3.16027e-05
0.000131685
4.02189e-05
4.20497e-05
1.86647e-05
4.59716e-06
2.82754e-06
2.83025e-06
4.61313e-06
1.84191e-05
5.55353e-05
4.37353e-05
4.64957e-05
6.82254e-05
0.000146562
0.000359191
0.000239547
5.98148e-05
2.8324e-05
0.000269922
1.86074e-05
1.8067e-05
5.98146e-05
5.63911e-05
1.86846e-05
4.59757e-06
2.82742e-06
2.82982e-06
4.61278e-06
1.84187e-05
5.54972e-05
0.000117065
6.7105e-05
5.43966e-05
7.50754e-05
0.000109813
0.000120074
0.000294778
3.2932e-05
2.36637e-05
3.13268e-05
0.000134588
7.32983e-05
5.64264e-05
1.86957e-05
4.59777e-06
2.82767e-06
2.82945e-06
4.61191e-06
1.8428e-05
5.55114e-05
6.29139e-05
4.26471e-05
6.47558e-05
0.000120528
0.000118618
0.000211371
0.000120831
4.94546e-05
2.943e-05
3.86845e-05
8.01009e-05
0.000122691
5.63773e-05
1.86958e-05
4.59831e-06
2.82795e-06
2.82902e-06
4.61173e-06
1.84327e-05
4.61836e-05
3.62164e-05
9.37477e-05
0.000341488
0.000146765
0.000188098
0.000239175
0.000242958
4.26054e-05
0.000119448
4.68458e-05
3.10354e-05
3.13298e-05
5.63752e-05
1.86946e-05
4.59936e-06
2.82784e-06
2.82893e-06
4.61127e-06
1.84381e-05
5.54534e-05
9.66821e-05
4.18544e-05
4.3025e-05
9.26126e-05
0.000196307
0.00051293
0.000130684
5.32326e-05
3.17266e-05
4.50683e-05
0.000127878
0.000123337
5.63214e-05
1.86971e-05
4.60079e-06
2.82758e-06
2.82872e-06
4.61003e-06
1.84459e-05
5.5548e-05
7.11074e-05
6.88356e-05
9.55391e-05
7.25907e-05
7.00066e-05
0.00021012
0.000161873
6.45986e-05
5.0746e-05
3.98327e-05
7.47812e-05
4.65608e-05
5.6438e-05
1.87007e-05
4.60157e-06
2.82755e-06
2.82835e-06
4.6072e-06
1.84636e-05
5.56773e-05
4.52174e-05
4.2372e-05
5.14914e-05
0.00042587
7.57201e-05
0.00025742
0.000269265
9.80177e-05
7.7608e-05
4.8021e-05
2.53447e-05
4.97287e-05
5.64463e-05
1.86926e-05
4.60204e-06
2.82848e-06
2.82801e-06
4.60239e-06
1.85068e-05
5.57304e-05
8.4558e-05
6.94876e-05
7.19464e-05
0.000106779
7.91809e-05
7.72208e-05
0.000182985
0.000104158
3.95504e-05
4.90356e-05
0.000224473
0.000123053
5.63299e-05
1.86676e-05
4.60165e-06
2.82985e-06
2.82714e-06
4.59974e-06
1.85586e-05
5.58515e-05
6.84772e-05
6.96573e-05
5.41247e-05
3.95405e-05
0.000195784
5.22726e-05
7.85645e-05
0.000358415
0.000149754
0.00010804
3.87338e-05
4.78506e-05
5.60285e-05
1.86143e-05
4.60279e-06
2.83047e-06
2.82635e-06
4.60048e-06
1.86071e-05
5.59562e-05
5.60743e-05
4.49256e-05
8.50853e-05
0.000161688
7.85786e-05
0.000306911
5.69669e-05
0.000143606
5.46377e-05
6.7026e-05
9.98465e-05
7.39052e-05
5.58635e-05
1.85268e-05
4.60767e-06
2.83068e-06
2.82608e-06
4.60172e-06
1.8641e-05
5.60363e-05
5.51777e-05
7.03476e-05
6.57918e-05
0.000134068
7.19234e-05
5.0573e-05
0.000218992
4.4352e-05
7.50549e-05
8.03317e-05
0.000156862
7.20713e-05
5.58408e-05
1.84641e-05
4.61108e-06
2.83073e-06
2.82598e-06
4.60213e-06
1.86654e-05
5.60463e-05
0.000121318
0.000108737
4.00665e-05
3.6156e-05
7.29707e-05
6.81507e-05
5.27369e-05
0.000156521
0.000104542
7.53972e-05
3.46174e-05
5.56255e-05
5.5709e-05
1.84423e-05
4.61248e-06
2.83047e-06
2.82603e-06
4.60236e-06
1.86753e-05
5.60439e-05
3.55378e-05
2.39052e-05
7.69361e-05
5.37051e-05
7.01211e-05
0.000112852
8.59393e-05
0.000106989
4.04451e-05
7.05419e-05
0.000159495
7.25002e-05
5.56404e-05
1.84428e-05
4.61219e-06
2.83007e-06
2.8261e-06
4.6026e-06
1.86771e-05
5.61843e-05
9.68597e-05
8.20938e-05
5.10751e-05
5.33316e-05
0.000141777
0.000312589
0.000190088
8.36611e-05
0.000167505
5.74262e-05
9.00873e-05
7.76938e-05
5.56568e-05
1.84662e-05
4.60942e-06
2.82973e-06
2.82661e-06
4.60269e-06
1.86854e-05
5.62403e-05
7.92438e-05
3.80836e-05
4.29462e-05
0.000155306
0.000127006
0.000427213
6.62556e-05
6.97316e-05
9.66568e-05
0.000108949
3.36047e-05
4.72194e-05
5.58241e-05
1.84931e-05
4.60685e-06
2.82923e-06
2.82783e-06
4.60249e-06
1.86882e-05
4.76982e-05
4.05126e-05
7.6107e-05
0.000179626
7.26221e-05
4.91034e-05
3.67752e-05
6.51577e-05
6.33489e-05
3.40949e-05
5.91805e-05
0.000171466
7.74259e-05
5.59312e-05
1.85109e-05
4.60528e-06
2.82878e-06
2.8292e-06
4.60159e-06
1.86853e-05
5.62545e-05
6.17915e-05
4.88912e-05
3.509e-05
2.68855e-05
0.000203328
2.85711e-05
4.66615e-05
8.03429e-05
0.000440091
0.000113593
9.39017e-05
5.97994e-05
5.60348e-05
1.85292e-05
4.60227e-06
2.82835e-06
2.83e-06
4.60004e-06
1.8654e-05
5.615e-05
8.26726e-05
4.20647e-05
5.02862e-05
8.50553e-05
4.05229e-05
8.81661e-05
0.000307034
0.000182153
0.000227379
5.67642e-05
3.96564e-05
7.01667e-05
5.60451e-05
1.8567e-05
4.5998e-06
2.82808e-06
2.83017e-06
4.60067e-06
1.85797e-05
4.49178e-05
3.46048e-05
8.6858e-05
0.000132616
0.000123963
8.24991e-05
5.05094e-05
3.93048e-05
3.98452e-05
0.000127549
0.000107862
0.000127235
5.93925e-05
5.61863e-05
1.86089e-05
4.59804e-06
2.82813e-06
2.83011e-06
4.60038e-06
1.8545e-05
5.61404e-05
7.32899e-05
3.99528e-05
4.39942e-05
5.10179e-05
4.49029e-05
4.98583e-05
9.26385e-05
3.49753e-05
1.8824e-05
3.64343e-05
0.000222334
7.57333e-05
5.62467e-05
1.86327e-05
4.59755e-06
2.82841e-06
2.83e-06
4.59988e-06
1.85423e-05
5.60268e-05
8.32086e-05
5.65567e-05
5.98418e-05
9.82558e-05
5.43648e-05
4.1447e-05
4.34972e-05
2.92203e-05
3.72576e-05
4.75328e-05
2.1591e-05
4.594e-05
5.63169e-05
1.86306e-05
4.59768e-06
2.82895e-06
2.82943e-06
4.59894e-06
1.85504e-05
5.18922e-05
3.45433e-05
5.01874e-05
0.000345338
5.50284e-05
4.5793e-05
5.94437e-05
0.000129383
8.18847e-05
7.04343e-05
4.92625e-05
9.04973e-05
6.15883e-05
4.75614e-05
1.86246e-05
4.5982e-06
2.83005e-06
2.82767e-06
4.59718e-06
1.85913e-05
5.59322e-05
0.0001224
6.95919e-05
2.88093e-05
2.35033e-05
0.00019408
3.66529e-05
7.93413e-05
0.000365844
0.000103133
4.11749e-05
4.5937e-05
0.000122724
5.62801e-05
1.86081e-05
4.59764e-06
2.83085e-06
2.82587e-06
4.5997e-06
1.86475e-05
5.6116e-05
4.14307e-05
6.69822e-05
0.000145574
9.29689e-05
4.49899e-05
6.21542e-05
0.000150098
0.000160566
0.00044061
9.37964e-05
0.000144151
3.49624e-05
4.12064e-05
1.85922e-05
4.59813e-06
2.83137e-06
2.8244e-06
4.60179e-06
1.86905e-05
5.63353e-05
0.000117502
4.73894e-05
4.74199e-05
0.000255735
6.85695e-05
8.61829e-05
0.000514367
0.000207743
0.0001099
5.48929e-05
4.28957e-05
7.42242e-05
5.61294e-05
1.85602e-05
4.60005e-06
2.832e-06
2.82309e-06
4.60235e-06
1.87142e-05
5.63455e-05
4.7581e-05
9.59663e-05
0.000240735
4.99997e-05
6.81586e-05
0.000189097
0.000210075
0.000148562
0.000179189
4.96658e-05
4.13904e-05
6.54252e-05
5.59988e-05
1.85056e-05
4.60554e-06
2.83272e-06
2.82138e-06
4.60215e-06
1.87428e-05
5.62858e-05
4.96849e-05
4.39216e-05
5.40168e-05
0.000130226
0.000181551
0.000149618
7.9821e-05
0.000223653
0.000117098
0.000158463
0.000144904
3.6277e-05
4.50362e-05
1.84156e-05
4.61611e-06
2.83369e-06
2.81852e-06
4.60551e-06
1.87826e-05
5.63373e-05
0.000117104
5.00653e-05
3.71744e-05
5.08262e-05
0.000162142
8.34666e-05
5.90557e-05
0.000100864
0.000436353
4.66601e-05
5.95848e-05
0.000121285
5.54727e-05
1.83399e-05
4.6254e-06
2.83472e-06
2.81404e-06
4.60919e-06
1.88336e-05
5.42023e-05
3.93574e-05
7.47705e-05
0.000165187
0.000189769
3.49702e-05
2.68466e-05
0.0002141
4.15431e-05
0.000305605
0.000248372
5.13899e-05
3.837e-05
5.52942e-05
1.81888e-05
4.6428e-06
2.83704e-06
2.80843e-06
4.61775e-06
1.89127e-05
5.71974e-05
9.39198e-05
7.90158e-05
3.13252e-05
3.31838e-05
0.00012841
4.52045e-05
8.66448e-05
5.94496e-05
0.000236732
6.10326e-05
0.000156861
0.00011978
5.48993e-05
1.80452e-05
4.66217e-06
2.83923e-06
2.80184e-06
4.6257e-06
1.90281e-05
5.73955e-05
3.07514e-05
2.60626e-05
0.000107011
4.78548e-05
9.30359e-05
2.55212e-05
3.81263e-05
7.43189e-05
5.88086e-05
5.15345e-05
4.5252e-05
6.626e-05
5.43997e-05
1.77482e-05
4.68837e-06
2.84342e-06
2.79324e-06
4.63769e-06
1.91946e-05
5.76355e-05
6.99539e-05
5.82339e-05
2.9337e-05
1.85105e-05
2.66206e-05
9.78706e-05
7.13864e-05
5.04565e-05
7.66707e-05
9.71851e-05
7.16661e-05
5.20539e-05
5.37644e-05
1.74776e-05
4.73034e-06
2.84703e-06
2.78192e-06
4.65667e-06
1.93888e-05
4.73969e-05
3.92942e-05
4.03746e-05
5.64485e-05
0.000108603
4.54458e-05
2.89337e-05
3.6514e-05
0.000174976
6.63406e-05
0.000144274
0.000148342
0.000116559
5.26027e-05
1.69781e-05
4.77153e-06
2.8543e-06
2.76648e-06
4.66902e-06
1.95553e-05
4.13537e-05
3.70252e-05
3.42811e-05
3.32767e-05
3.58963e-05
4.26757e-05
5.77029e-05
9.95117e-05
9.00273e-05
5.10284e-05
5.28273e-05
6.24759e-05
6.21477e-05
5.15352e-05
1.65893e-05
4.84092e-06
2.86082e-06
2.74508e-06
4.70841e-06
1.9783e-05
3.25939e-05
3.01475e-05
2.93395e-05
3.00881e-05
3.18842e-05
3.33308e-05
3.35903e-05
3.54658e-05
4.4393e-05
6.59314e-05
8.75247e-05
7.34411e-05
5.63085e-05
4.71393e-05
1.58745e-05
4.91735e-06
2.87224e-06
2.71504e-06
4.73355e-06
2.01467e-05
2.53859e-05
2.40051e-05
2.35379e-05
2.3927e-05
2.49554e-05
2.64704e-05
2.90633e-05
3.43179e-05
4.177e-05
4.74256e-05
4.83113e-05
4.60884e-05
4.13568e-05
3.52673e-05
1.52895e-05
5.01776e-06
2.88406e-06
2.67288e-06
4.81673e-06
2.06774e-05
1.93911e-05
1.87363e-05
1.8546e-05
1.88378e-05
1.95041e-05
2.04558e-05
2.19643e-05
2.4502e-05
2.7696e-05
3.03268e-05
3.14888e-05
3.08583e-05
2.8812e-05
2.58343e-05
1.42488e-05
5.15632e-06
2.90206e-06
2.61252e-06
4.88681e-06
1.53258e-05
1.44362e-05
1.43035e-05
1.4283e-05
1.45331e-05
1.50319e-05
1.57634e-05
1.68562e-05
1.85139e-05
2.04358e-05
2.19001e-05
2.24564e-05
2.21628e-05
2.11232e-05
1.94094e-05
1.35657e-05
5.2815e-06
2.92152e-06
2.53288e-06
5.04927e-06
1.08133e-05
1.06381e-05
1.07219e-05
1.08199e-05
1.10765e-05
1.1509e-05
1.21012e-05
1.29314e-05
1.40141e-05
1.5109e-05
1.59007e-05
1.62905e-05
1.63254e-05
1.5838e-05
1.48719e-05
1.24619e-05
5.49616e-06
2.95064e-06
2.42046e-06
5.24125e-06
7.65321e-06
7.80983e-06
7.93539e-06
8.09058e-06
8.37384e-06
8.76889e-06
9.27884e-06
9.90323e-06
1.06261e-05
1.13014e-05
1.18117e-05
1.21636e-05
1.22997e-05
1.21124e-05
1.15539e-05
1.05345e-05
5.65974e-06
2.98322e-06
2.27272e-06
5.73186e-06
5.37895e-06
5.611e-06
5.8e-06
6.00099e-06
6.30531e-06
6.6826e-06
7.10854e-06
7.59965e-06
8.11565e-06
8.58002e-06
8.96766e-06
9.27641e-06
9.48577e-06
9.51744e-06
9.22065e-06
8.87566e-06
5.93792e-06
3.03138e-06
2.06547e-06
4.19706e-06
3.7665e-06
4.02315e-06
4.1931e-06
4.4433e-06
4.755e-06
5.09879e-06
5.47772e-06
5.87128e-06
6.26513e-06
6.62709e-06
6.95473e-06
7.25768e-06
7.53588e-06
7.6381e-06
7.44882e-06
7.50947e-06
6.15476e-06
3.08834e-06
1.80376e-06
2.60953e-06
2.60755e-06
2.81286e-06
3.02668e-06
3.29881e-06
3.60489e-06
3.93323e-06
4.24804e-06
4.58291e-06
4.91096e-06
5.22196e-06
5.51918e-06
5.81881e-06
6.11643e-06
6.27175e-06
6.25619e-06
6.71104e-06
6.49967e-06
3.17098e-06
1.42311e-06
1.44074e-06
1.6891e-06
1.9461e-06
2.20388e-06
2.49445e-06
2.80804e-06
3.09065e-06
3.39636e-06
3.70757e-06
4.0048e-06
4.29926e-06
4.59897e-06
4.93013e-06
5.28906e-06
5.48373e-06
5.50517e-06
6.23864e-06
6.7465e-06
3.26986e-06
1.20258e-06
7.89421e-07
1.07284e-06
1.44068e-06
1.78996e-06
2.12172e-06
2.39381e-06
2.67052e-06
2.9471e-06
3.21142e-06
3.46621e-06
3.72624e-06
3.99889e-06
4.30735e-06
4.60755e-06
4.77616e-06
4.96346e-06
6.05165e-06
7.00537e-06
3.39097e-06
1.30024e-06
7.95831e-07
1.07638e-06
1.44321e-06
1.78692e-06
2.10374e-06
2.40256e-06
2.66469e-06
2.93124e-06
3.18887e-06
3.4322e-06
3.67242e-06
3.93161e-06
4.23766e-06
4.52554e-06
4.75455e-06
4.91712e-06
6.18142e-06
7.32164e-06
3.60034e-06
1.54448e-06
1.46014e-06
1.6762e-06
1.93357e-06
2.1889e-06
2.4738e-06
2.77358e-06
3.07635e-06
3.37618e-06
3.68367e-06
3.98235e-06
4.2721e-06
4.56137e-06
4.8707e-06
5.21298e-06
5.38204e-06
5.43568e-06
6.28718e-06
7.03728e-06
3.4769e-06
1.9501e-06
2.67874e-06
2.60075e-06
2.79807e-06
3.00993e-06
3.27946e-06
3.58379e-06
3.90463e-06
4.22667e-06
4.55829e-06
4.8861e-06
5.1931e-06
5.48536e-06
5.77037e-06
6.0451e-06
6.21647e-06
6.17601e-06
6.67969e-06
6.68228e-06
3.37578e-06
2.2257e-06
4.32257e-06
3.75386e-06
4.00346e-06
4.16937e-06
4.41129e-06
4.71484e-06
5.06032e-06
5.43937e-06
5.83291e-06
6.22414e-06
6.58887e-06
6.91971e-06
7.21558e-06
7.46644e-06
7.57428e-06
7.38658e-06
7.50276e-06
6.32452e-06
3.29023e-06
2.44229e-06
5.47785e-06
5.38785e-06
5.5838e-06
5.76546e-06
5.95556e-06
6.2531e-06
6.62557e-06
7.05976e-06
7.55134e-06
8.05411e-06
8.52174e-06
8.93179e-06
9.2561e-06
9.45372e-06
9.42386e-06
9.06769e-06
8.72418e-06
6.01731e-06
3.23177e-06
2.59569e-06
5.04029e-06
7.67279e-06
7.77671e-06
7.88104e-06
8.01863e-06
8.28806e-06
8.68427e-06
9.21612e-06
9.85908e-06
1.05499e-05
1.12033e-05
1.17512e-05
1.21513e-05
1.23077e-05
1.21057e-05
1.14844e-05
1.03721e-05
5.73693e-06
3.18213e-06
2.71186e-06
4.90244e-06
1.08709e-05
1.05823e-05
1.06444e-05
1.07079e-05
1.09462e-05
1.13788e-05
1.20235e-05
1.29037e-05
1.39209e-05
1.49227e-05
1.575e-05
1.6273e-05
1.63496e-05
1.58019e-05
1.4749e-05
1.17521e-05
5.50341e-06
3.14832e-06
2.79404e-06
4.75568e-06
1.54579e-05
1.43975e-05
1.41953e-05
1.41033e-05
1.43251e-05
1.48192e-05
1.56546e-05
1.69229e-05
1.8508e-05
2.01893e-05
2.16142e-05
2.23709e-05
2.22165e-05
2.11526e-05
1.9335e-05
1.2731e-05
5.27823e-06
3.11762e-06
2.85658e-06
4.69648e-06
1.88839e-05
1.93176e-05
1.85781e-05
1.82745e-05
1.8517e-05
1.91273e-05
2.02091e-05
2.20776e-05
2.44932e-05
2.73672e-05
3.07216e-05
3.28738e-05
3.19197e-05
2.91182e-05
2.58233e-05
1.33218e-05
5.12849e-06
3.09762e-06
2.90055e-06
4.62769e-06
1.8254e-05
2.53983e-05
2.38562e-05
2.31594e-05
2.35329e-05
2.45311e-05
2.64667e-05
2.9817e-05
3.35805e-05
3.6346e-05
3.90959e-05
4.37321e-05
4.44871e-05
4.00223e-05
3.49072e-05
1.42058e-05
4.96013e-06
3.07802e-06
2.93371e-06
4.60076e-06
1.79155e-05
3.28489e-05
2.99772e-05
2.86843e-05
2.93203e-05
3.00833e-05
2.99832e-05
3.24832e-05
4.76371e-05
8.63662e-05
8.89399e-05
6.79332e-05
6.21553e-05
5.52315e-05
4.65649e-05
1.46845e-05
4.86958e-06
3.06564e-06
2.9572e-06
4.56393e-06
1.76511e-05
4.14069e-05
3.61667e-05
3.34324e-05
3.41505e-05
3.96699e-05
4.85381e-05
4.9322e-05
4.42598e-05
5.8819e-05
0.000144876
0.00016132
0.000125222
8.99027e-05
4.9152e-05
1.52661e-05
4.76236e-06
3.05344e-06
2.97481e-06
4.55654e-06
1.7471e-05
4.90836e-05
4.27473e-05
3.97199e-05
4.36336e-05
4.65001e-05
3.96709e-05
4.92669e-05
9.72322e-05
9.15843e-05
8.74022e-05
0.000123266
7.34975e-05
5.46757e-05
5.01444e-05
1.55688e-05
4.70935e-06
3.04667e-06
2.9872e-06
4.53867e-06
1.72914e-05
5.42169e-05
5.48048e-05
3.80483e-05
3.19702e-05
3.42431e-05
6.27276e-05
0.000233247
0.000486901
0.000161366
8.99439e-05
6.74371e-05
6.2514e-05
0.000106774
5.10986e-05
1.5951e-05
4.64972e-06
3.03916e-06
2.99608e-06
4.53586e-06
1.71875e-05
4.78574e-05
3.39391e-05
4.62825e-05
0.000139528
0.000220015
8.86638e-05
6.00962e-05
0.000137721
0.000121948
0.00011171
0.000178029
0.000136047
0.000105706
5.17189e-05
1.61408e-05
4.61673e-06
3.03557e-06
3.00283e-06
4.52865e-06
1.71273e-05
5.39131e-05
0.000121186
5.14163e-05
3.06621e-05
4.50355e-05
9.90354e-05
0.000122014
0.000105396
9.6648e-05
0.000215859
9.0084e-05
5.69934e-05
4.74488e-05
5.21478e-05
1.63613e-05
4.58589e-06
3.03152e-06
3.00818e-06
4.52619e-06
1.70802e-05
4.82314e-05
3.03685e-05
4.56804e-05
0.000210171
0.000425678
0.000150323
0.000152304
0.000129995
8.4517e-05
5.94178e-05
5.13499e-05
6.77662e-05
0.00011819
5.24054e-05
1.64688e-05
4.56896e-06
3.02978e-06
3.0121e-06
4.52459e-06
1.70564e-05
5.36027e-05
7.2364e-05
4.58571e-05
5.18154e-05
6.49354e-05
0.000116941
0.000186787
7.20053e-05
5.86645e-05
0.000140209
0.000124389
0.000110477
5.03325e-05
5.26547e-05
1.65805e-05
4.55292e-06
3.02782e-06
3.01365e-06
4.524e-06
1.70287e-05
5.36383e-05
8.69e-05
4.60003e-05
3.63653e-05
6.38718e-05
9.55482e-05
4.76589e-05
4.22483e-05
7.95488e-05
2.97573e-05
5.15644e-05
5.27177e-05
7.39528e-05
5.27274e-05
1.66303e-05
4.5455e-06
3.02702e-06
3.013e-06
4.52441e-06
1.70109e-05
5.22576e-05
3.98113e-05
4.96182e-05
0.000333642
6.97226e-05
5.5942e-05
4.98194e-05
5.73087e-05
3.64586e-05
6.51778e-05
3.01089e-05
5.04269e-05
0.000118679
5.28113e-05
1.66805e-05
4.53776e-06
3.02586e-06
3.01322e-06
4.52461e-06
1.69971e-05
5.37509e-05
0.000120073
6.51152e-05
3.63383e-05
2.71702e-05
3.32336e-05
6.76098e-05
2.54211e-05
5.87428e-05
3.6355e-05
5.70918e-05
3.30134e-05
2.64355e-05
5.29435e-05
1.67124e-05
4.53337e-06
3.02554e-06
3.01447e-06
4.52392e-06
1.69611e-05
5.36815e-05
4.08863e-05
7.11777e-05
0.000131051
8.42537e-05
6.34161e-05
4.44149e-05
0.000140882
8.2236e-05
4.37829e-05
2.58868e-05
4.09618e-05
0.00011941
5.29705e-05
1.67675e-05
4.52748e-06
3.02498e-06
3.01587e-06
4.52263e-06
1.69134e-05
5.32783e-05
0.000119629
4.83937e-05
2.24261e-05
4.12767e-05
9.15901e-05
0.000167146
0.000110672
4.18285e-05
4.68313e-05
5.34889e-05
4.10878e-05
8.30957e-05
5.31899e-05
1.68454e-05
4.52064e-06
3.02429e-06
3.01743e-06
4.52152e-06
1.68395e-05
4.73446e-05
3.05246e-05
6.66389e-05
6.46552e-05
8.42818e-05
8.7867e-05
0.000239958
0.00011681
0.000164672
0.000104545
0.000126562
7.68543e-05
3.30864e-05
4.66417e-05
1.6925e-05
4.51411e-06
3.02349e-06
3.01932e-06
4.52168e-06
1.67647e-05
5.29006e-05
0.000101201
4.20037e-05
3.43632e-05
7.95821e-05
0.000255998
0.000147742
0.000110529
0.000384015
6.21365e-05
3.92708e-05
5.47124e-05
0.000119978
5.34837e-05
1.69568e-05
4.51422e-06
3.02201e-06
3.0212e-06
4.52533e-06
1.67363e-05
5.28668e-05
7.67201e-05
5.10549e-05
0.000104841
6.92597e-05
6.18817e-05
0.000203724
0.000116776
0.000285005
0.000304331
0.000156969
5.02174e-05
4.48091e-05
5.37077e-05
1.69711e-05
4.5142e-06
3.01983e-06
3.02208e-06
4.52765e-06
1.67283e-05
5.28776e-05
4.01937e-05
0.000101852
8.77705e-05
3.86787e-05
7.4583e-05
8.20235e-05
8.35554e-05
0.000481321
9.76918e-05
8.91454e-05
0.000130701
9.2622e-05
5.37391e-05
1.6978e-05
4.51471e-06
3.0178e-06
3.02213e-06
4.52819e-06
1.67281e-05
5.28672e-05
0.000118335
3.99687e-05
2.00628e-05
6.08355e-05
2.58785e-05
2.65473e-05
4.23302e-05
7.17705e-05
0.000435529
7.64123e-05
4.33742e-05
6.04982e-05
5.36395e-05
1.69803e-05
4.51499e-06
3.0173e-06
3.02202e-06
4.5266e-06
1.67647e-05
5.29981e-05
4.19073e-05
5.40765e-05
6.63573e-05
5.07676e-05
2.2261e-05
2.85727e-05
5.05052e-05
3.23624e-05
6.02597e-05
9.84699e-05
0.000129197
8.62908e-05
5.36405e-05
1.69681e-05
4.51495e-06
3.01759e-06
3.02176e-06
4.52112e-06
1.68266e-05
5.32962e-05
0.000119593
0.000218337
4.84324e-05
3.66879e-05
8.34667e-05
3.18857e-05
6.12309e-05
9.77526e-05
0.000174775
8.92166e-05
4.35246e-05
4.80181e-05
5.34074e-05
1.69394e-05
4.51418e-06
3.01815e-06
3.02151e-06
4.51672e-06
1.68965e-05
5.34633e-05
3.55534e-05
3.62697e-05
0.00033414
4.88809e-05
0.000256816
3.09474e-05
6.27029e-05
4.82059e-05
5.14728e-05
9.16661e-05
9.04994e-05
9.55381e-05
5.31501e-05
1.68848e-05
4.51313e-06
3.0189e-06
3.02083e-06
4.51869e-06
1.6946e-05
5.36142e-05
0.000120011
0.000158013
4.12435e-05
4.77264e-05
3.67433e-05
3.81365e-05
0.000142242
8.25558e-05
0.000434724
5.59574e-05
5.43429e-05
0.00011939
5.30575e-05
1.68134e-05
4.51591e-06
3.01974e-06
3.01977e-06
4.51951e-06
1.69577e-05
5.35622e-05
3.96143e-05
5.47981e-05
0.000118764
4.70398e-05
7.06816e-05
7.01869e-05
5.21467e-05
4.52341e-05
6.99479e-05
0.000144829
4.86422e-05
3.16941e-05
5.31484e-05
1.67801e-05
4.52163e-06
3.02041e-06
3.01886e-06
4.51945e-06
1.69585e-05
5.35267e-05
0.000103649
5.03531e-05
4.50342e-05
0.000125433
5.23677e-05
6.50111e-05
4.96205e-05
6.22608e-05
3.36294e-05
2.28462e-05
8.42582e-05
0.000119469
5.30064e-05
1.67743e-05
4.52383e-06
3.02073e-06
3.01854e-06
4.51932e-06
1.6955e-05
5.15852e-05
5.00985e-05
0.000147209
0.000180598
0.000248314
0.000272643
0.000316743
9.84485e-05
5.28566e-05
0.000107132
3.90653e-05
8.4084e-05
3.13181e-05
5.29238e-05
1.67622e-05
4.52521e-06
3.02089e-06
3.01824e-06
4.5194e-06
1.69516e-05
5.35435e-05
0.000120509
6.44069e-05
4.69266e-05
7.39392e-05
8.11458e-05
5.69216e-05
9.57827e-05
8.84268e-05
6.9717e-05
2.33962e-05
4.44473e-05
0.000119906
5.27855e-05
1.67386e-05
4.52798e-06
3.02122e-06
3.01731e-06
4.52015e-06
1.69564e-05
5.36432e-05
4.39773e-05
4.56413e-05
0.000150279
0.000433178
0.000123726
0.000106673
4.39998e-05
7.70111e-05
6.30237e-05
0.000118099
6.03909e-05
4.69577e-05
5.27542e-05
1.67215e-05
4.53052e-06
3.0214e-06
3.01687e-06
4.52052e-06
1.69541e-05
5.34549e-05
0.000119982
6.70368e-05
4.41881e-05
7.00139e-05
0.000122523
0.000100935
6.33113e-05
0.000131778
4.4306e-05
7.67865e-05
0.00022199
8.4933e-05
5.27792e-05
1.67207e-05
4.53086e-06
3.02168e-06
3.01724e-06
4.52067e-06
1.69319e-05
4.92111e-05
4.79455e-05
0.000138809
0.000180839
0.000321991
0.000172132
0.000154557
5.28563e-05
0.000151562
4.6896e-05
0.000115445
3.26886e-05
5.71139e-05
5.27956e-05
1.67351e-05
4.52958e-06
3.02218e-06
3.01772e-06
4.5205e-06
1.68957e-05
5.3145e-05
0.000118997
4.00409e-05
4.07947e-05
8.15031e-05
0.000210618
0.000156401
4.31481e-05
2.83212e-05
4.58777e-05
0.000194159
0.000221513
7.46716e-05
5.29218e-05
1.67712e-05
4.52582e-06
3.02217e-06
3.01831e-06
4.52216e-06
1.68192e-05
4.29284e-05
4.07642e-05
0.000149609
4.27302e-05
4.16502e-05
4.08549e-05
3.18251e-05
3.54289e-05
8.01559e-05
3.06532e-05
2.97214e-05
4.07712e-05
7.3802e-05
5.29981e-05
1.68168e-05
4.52061e-06
3.02195e-06
3.01921e-06
4.52745e-06
1.67296e-05
5.28111e-05
7.98855e-05
2.17137e-05
1.98434e-05
0.00018973
4.75373e-05
4.74215e-05
3.34842e-05
4.03433e-05
6.78412e-05
0.000122178
0.000220295
5.42059e-05
5.13622e-05
1.68671e-05
4.51689e-06
3.02175e-06
3.02033e-06
4.53467e-06
1.66764e-05
5.27313e-05
7.6407e-05
0.000121599
6.33967e-05
3.99825e-05
3.86507e-05
6.22568e-05
0.000486701
0.000114369
7.42997e-05
4.16351e-05
4.39418e-05
0.000103622
5.33334e-05
1.68945e-05
4.5178e-06
3.02123e-06
3.02099e-06
4.53651e-06
1.66684e-05
5.26639e-05
5.36495e-05
4.18588e-05
5.50654e-05
4.37275e-05
5.56001e-05
6.10388e-05
0.000123147
0.000177201
7.93232e-05
0.000227951
4.4444e-05
3.84223e-05
5.16282e-05
1.69063e-05
4.51851e-06
3.02022e-06
3.02146e-06
4.53656e-06
1.66695e-05
5.27056e-05
8.24494e-05
5.11839e-05
3.61627e-05
5.56146e-05
8.32277e-05
0.000268105
5.26449e-05
0.00013887
5.61982e-05
3.47052e-05
8.2922e-05
0.000119139
5.32803e-05
1.69109e-05
4.5185e-06
3.01964e-06
3.02204e-06
4.53539e-06
1.6686e-05
5.27578e-05
8.21582e-05
0.00015616
0.000245152
6.91965e-05
7.61802e-05
6.7972e-05
0.000207293
0.00014808
0.000348005
0.000342383
6.15208e-05
4.03271e-05
5.32335e-05
1.69085e-05
4.51826e-06
3.01957e-06
3.02265e-06
4.53102e-06
1.67209e-05
5.28715e-05
4.65991e-05
4.39399e-05
0.000134407
0.000431268
0.000121669
6.95417e-05
8.77067e-05
0.000190312
3.88053e-05
3.30681e-05
6.91639e-05
0.000118912
5.32216e-05
1.69049e-05
4.51745e-06
3.01964e-06
3.02291e-06
4.52459e-06
1.67708e-05
5.29888e-05
0.000119511
7.06922e-05
3.7108e-05
4.44165e-05
9.97374e-05
0.000331779
0.000148757
0.000131518
0.000155946
0.000134705
6.56172e-05
3.28952e-05
4.96581e-05
1.68951e-05
4.517e-06
3.01989e-06
3.02276e-06
4.51962e-06
1.68153e-05
5.31227e-05
2.57524e-05
2.55232e-05
0.000116082
4.97292e-05
7.74784e-05
0.000117966
0.000273054
0.000208361
8.78333e-05
3.29632e-05
4.75005e-05
0.000119707
5.31362e-05
1.68856e-05
4.51734e-06
3.02023e-06
3.02256e-06
4.5161e-06
1.68636e-05
5.31395e-05
0.000119241
7.63383e-05
0.000240966
5.02221e-05
4.40915e-05
5.03061e-05
0.000141509
0.0001402
0.000213763
0.000124411
0.000111863
3.41108e-05
4.18188e-05
1.68554e-05
4.51857e-06
3.02053e-06
3.02233e-06
4.51434e-06
1.6897e-05
5.31995e-05
3.78525e-05
2.32954e-05
3.19961e-05
0.000216083
3.63858e-05
6.13749e-05
6.141e-05
7.56274e-05
0.000100298
5.13647e-05
5.12047e-05
8.20779e-05
5.2851e-05
1.68053e-05
4.52126e-06
3.02076e-06
3.02178e-06
4.51445e-06
1.691e-05
5.32194e-05
0.000119664
4.80773e-05
0.000122896
1.95594e-05
2.65135e-05
3.65315e-05
3.26998e-05
4.49826e-05
8.34399e-05
8.96994e-05
4.19887e-05
5.22903e-05
5.27847e-05
1.67505e-05
4.52574e-06
3.02107e-06
3.02111e-06
4.51437e-06
1.69139e-05
5.32846e-05
3.63813e-05
1.77368e-05
3.02171e-05
2.82646e-05
3.03738e-05
3.05283e-05
3.10762e-05
2.6952e-05
2.22644e-05
8.58974e-05
0.000219552
6.47522e-05
5.27874e-05
1.67366e-05
4.52706e-06
3.02169e-06
3.0211e-06
4.51426e-06
1.69105e-05
5.32997e-05
0.000119598
7.89769e-05
3.99832e-05
3.06124e-05
3.07636e-05
7.32008e-05
4.05763e-05
7.08693e-05
8.9145e-05
3.11454e-05
2.57739e-05
5.44911e-05
5.28176e-05
1.6737e-05
4.52694e-06
3.02244e-06
3.02127e-06
4.51388e-06
1.68985e-05
5.32578e-05
6.0597e-05
4.23881e-05
6.16681e-05
0.000104099
0.000116365
0.000121644
3.60272e-05
6.37087e-05
2.7795e-05
7.18761e-05
0.000220137
8.8574e-05
5.28324e-05
1.67533e-05
4.52539e-06
3.02287e-06
3.02136e-06
4.51428e-06
1.68747e-05
5.31945e-05
8.03313e-05
0.000220441
0.000160355
7.94224e-05
0.000124061
7.33587e-05
4.99311e-05
9.05705e-05
5.10635e-05
0.000133044
4.6825e-05
4.97334e-05
5.29108e-05
1.67917e-05
4.52267e-06
3.02302e-06
3.02145e-06
4.51603e-06
1.68363e-05
5.30557e-05
7.39858e-05
3.90811e-05
6.35754e-05
0.000105502
0.000181904
0.000146019
7.97186e-05
4.50824e-05
7.75633e-05
0.000110373
6.63804e-05
5.99719e-05
5.30042e-05
1.68338e-05
4.51854e-06
3.02306e-06
3.02205e-06
4.52017e-06
1.67627e-05
4.8607e-05
5.39273e-05
0.000219813
6.15566e-05
3.50727e-05
2.91548e-05
6.17987e-05
0.000110564
0.000146624
4.9638e-05
3.07417e-05
4.18511e-05
0.000105657
5.30522e-05
1.68464e-05
4.51683e-06
3.02276e-06
3.02318e-06
4.52933e-06
1.66618e-05
5.24376e-05
6.45575e-05
2.65363e-05
1.89023e-05
4.84123e-05
3.77932e-05
3.64506e-05
5.06191e-05
6.34913e-05
0.000131061
5.6179e-05
0.000135408
3.33515e-05
4.18169e-05
1.68486e-05
4.51594e-06
3.02257e-06
3.02398e-06
4.53517e-06
1.66214e-05
5.23422e-05
6.77205e-05
9.25335e-05
6.1916e-05
2.54384e-05
3.07284e-05
5.24511e-05
6.12635e-05
9.20315e-05
4.82825e-05
2.76018e-05
4.11005e-05
0.000119437
5.31127e-05
1.68451e-05
4.51562e-06
3.02278e-06
3.02473e-06
4.53551e-06
1.66188e-05
5.24147e-05
5.7403e-05
0.000220497
5.69712e-05
2.71196e-05
2.71437e-05
7.09337e-05
6.80236e-05
5.14492e-05
8.55254e-05
6.76712e-05
0.000137756
4.60244e-05
5.19619e-05
1.68193e-05
4.51682e-06
3.02323e-06
3.02587e-06
4.53053e-06
1.6653e-05
5.26684e-05
7.54193e-05
2.80862e-05
1.96477e-05
4.38617e-05
3.85532e-05
4.65066e-05
6.614e-05
0.000115326
3.75609e-05
2.27034e-05
4.38005e-05
0.000100153
5.28411e-05
1.6759e-05
4.51984e-06
3.02384e-06
3.02724e-06
4.51635e-06
1.67473e-05
5.29907e-05
5.7243e-05
0.000182823
5.59702e-05
3.55775e-05
2.33131e-05
0.000113088
3.43611e-05
5.61755e-05
4.09108e-05
9.80235e-05
5.19004e-05
4.43314e-05
5.2767e-05
1.67067e-05
4.52537e-06
3.02486e-06
3.0279e-06
4.50364e-06
1.68827e-05
5.33093e-05
9.59627e-05
0.000110414
5.99911e-05
5.42281e-05
0.000178314
3.30147e-05
8.00855e-05
4.23141e-05
3.35182e-05
0.000118136
0.000217349
0.000104312
5.27041e-05
1.67093e-05
4.52812e-06
3.0264e-06
3.0284e-06
4.505e-06
1.69975e-05
5.35632e-05
5.15483e-05
3.5788e-05
6.87234e-05
6.17757e-05
3.18623e-05
3.4218e-05
4.76985e-05
3.19067e-05
0.000158767
3.70301e-05
3.54518e-05
5.95151e-05
5.2742e-05
1.6745e-05
4.52861e-06
3.02809e-06
3.02904e-06
4.50757e-06
1.70872e-05
5.37477e-05
0.000119083
0.000165419
0.000124959
2.18304e-05
1.85026e-05
0.000123757
1.8451e-05
3.12569e-05
0.000111322
8.19457e-05
6.126e-05
6.69361e-05
5.30711e-05
1.68584e-05
4.52737e-06
3.02967e-06
3.03009e-06
4.51432e-06
1.72345e-05
5.41111e-05
5.30183e-05
2.63752e-05
2.9823e-05
5.54345e-05
2.08369e-05
2.98254e-05
2.21455e-05
0.000476851
2.7581e-05
7.54088e-05
0.000216748
7.5311e-05
5.35284e-05
1.7057e-05
4.53103e-06
3.03127e-06
3.03148e-06
4.53462e-06
1.75054e-05
5.46693e-05
0.000101991
0.000215362
7.71389e-05
5.05523e-05
6.37389e-05
7.97421e-05
0.000124911
4.64502e-05
0.000113274
7.14382e-05
4.40576e-05
9.96e-05
5.41067e-05
1.73644e-05
4.54454e-06
3.03296e-06
3.03359e-06
4.58107e-06
1.79672e-05
5.55606e-05
6.53544e-05
0.000100523
0.000134199
8.07288e-05
0.000348561
0.000170025
8.80981e-05
0.000112362
0.000419288
0.000317922
0.00018092
6.32691e-05
5.52632e-05
1.78782e-05
4.58769e-06
3.03567e-06
3.03778e-06
4.67135e-06
1.86726e-05
5.68841e-05
0.000120267
6.674e-05
5.31457e-05
9.28063e-05
7.81854e-05
9.49162e-05
0.000170753
0.00011668
0.000102716
5.11221e-05
5.58279e-05
0.000120099
5.67315e-05
1.86518e-05
4.67579e-06
3.04039e-06
3.04567e-06
4.83633e-06
1.97972e-05
5.89164e-05
5.54317e-05
0.000189606
7.70308e-05
7.53418e-05
5.46435e-05
0.000153543
0.000112214
0.00011187
0.000172345
0.000306657
8.28736e-05
7.54816e-05
5.91752e-05
1.98098e-05
4.83946e-06
3.04769e-06
3.05868e-06
5.12674e-06
2.128e-05
6.14182e-05
0.000122494
6.6611e-05
4.51801e-05
4.38867e-05
0.000328445
6.94608e-05
0.000110506
0.000369929
6.27464e-05
0.00015107
8.34301e-05
6.44045e-05
6.17823e-05
2.13866e-05
5.12898e-06
3.0595e-06
3.0789e-06
5.60444e-06
2.2791e-05
6.41317e-05
0.000114651
0.000195151
0.000233
0.000122952
5.86576e-05
9.43523e-05
0.000123326
9.00037e-05
0.000199755
9.26161e-05
0.000197416
0.000123749
6.44116e-05
2.29466e-05
5.60194e-06
3.07897e-06
3.11068e-06
6.30331e-06
2.45241e-05
6.69424e-05
0.000125426
0.000118403
0.000155222
0.000308904
0.00012318
0.000206944
0.00018081
8.87255e-05
0.000202526
0.000146115
8.7796e-05
9.33697e-05
6.70433e-05
2.4642e-05
6.29747e-06
3.11021e-06
3.15948e-06
7.24626e-06
2.67033e-05
6.99715e-05
0.000126398
0.000186087
0.000242621
0.000102601
0.000139489
0.000329006
0.00032886
0.000132042
0.000109608
0.000146186
0.000186906
0.000126996
7.01105e-05
2.6809e-05
7.24074e-06
3.1585e-06
3.22868e-06
8.41454e-06
2.9122e-05
7.28053e-05
0.00012812
0.0001555
0.000232853
0.0002712
0.000161106
0.000307572
0.000307436
0.00029621
0.000271751
0.000233226
0.00018392
0.000128311
7.30105e-05
2.92091e-05
8.42174e-06
3.2274e-06
3.31366e-06
9.72639e-06
3.24119e-05
7.69614e-05
0.00013111
0.000183362
0.000227555
0.00024168
0.000268421
0.000292372
0.000292386
0.000282153
0.000242814
0.000227563
0.000183426
0.000131106
7.70028e-05
3.24397e-05
9.74148e-06
3.3125e-06
3.35468e-06
1.10501e-05
3.63296e-05
8.41002e-05
0.000140336
0.000192854
0.000235139
0.000265318
0.000284152
0.000293071
0.000293139
0.000284297
0.00026549
0.000235263
0.000192954
0.000140393
8.41289e-05
3.63448e-05
1.10624e-05
3.35415e-06
3.36292e-06
1.19023e-05
3.86805e-05
8.91848e-05
0.000148367
0.000203108
0.000246394
0.00027657
0.000294906
0.000303461
0.000303476
0.000294969
0.000276644
0.00024646
0.000203149
0.000148388
8.91937e-05
3.86861e-05
1.19067e-05
3.36257e-06
3.36181e-06
1.23724e-05
3.97825e-05
9.1486e-05
0.000152194
0.000208365
0.000252695
0.000283444
0.000302019
0.000310587
0.000310592
0.000302033
0.000283463
0.000252714
0.00020838
0.000152203
9.14889e-05
3.97827e-05
1.23753e-05
3.3615e-06
3.35011e-06
1.26776e-05
4.08141e-05
9.34011e-05
0.000154837
0.000211476
0.000256137
0.000287149
0.000305837
0.000314404
0.000314405
0.000305839
0.000287152
0.000256141
0.00021148
0.000154837
9.3396e-05
4.08092e-05
1.268e-05
3.34991e-06
3.31566e-06
1.29797e-05
4.21998e-05
9.63108e-05
0.000158717
0.000215425
0.000259551
0.000289908
0.000308168
0.000316581
0.000316581
0.000308167
0.000289907
0.00025955
0.000215423
0.000158711
9.63005e-05
4.21928e-05
1.29816e-05
3.31558e-06
3.25214e-06
1.3427e-05
4.41112e-05
0.000100511
0.000164498
0.000221368
0.00026458
0.000293635
0.000310782
0.000318585
0.000318585
0.00031078
0.000293633
0.000264577
0.000221362
0.000164489
0.000100502
4.41063e-05
1.34285e-05
3.25213e-06
3.16308e-06
1.40749e-05
4.65428e-05
0.000105636
0.000171562
0.000228726
0.000270908
0.000298396
0.000314137
0.000321136
0.000321136
0.000314135
0.000298392
0.000270901
0.000228716
0.00017155
0.000105625
4.65374e-05
1.40753e-05
3.16311e-06
3.06148e-06
1.48482e-05
4.93227e-05
0.000111112
0.000178859
0.000236238
0.000277366
0.000303299
0.000317659
0.000323874
0.000323873
0.000317655
0.000303291
0.000277354
0.00023622
0.000178839
0.000111093
4.93127e-05
1.48475e-05
3.06151e-06
2.9638e-06
1.56075e-05
5.21678e-05
0.000116528
0.000185776
0.000243107
0.000283101
0.000307548
0.000320658
0.000326182
0.00032618
0.000320652
0.000307538
0.000283086
0.000243087
0.000185754
0.000116509
5.21589e-05
1.56069e-05
2.96382e-06
2.8794e-06
1.63122e-05
5.49506e-05
0.000121911
0.000192508
0.000249525
0.000288184
0.00031109
0.000322991
0.000327877
0.000327876
0.000322987
0.000311082
0.000288172
0.000249509
0.00019249
0.000121896
5.49435e-05
1.63117e-05
2.87943e-06
2.80179e-06
1.70342e-05
5.7938e-05
0.000127809
0.000199819
0.000256278
0.000293283
0.000314431
0.000325039
0.000329276
0.000329276
0.000325038
0.000314427
0.000293277
0.000256269
0.000199808
0.000127799
5.79327e-05
1.70336e-05
2.80181e-06
2.71175e-06
1.79716e-05
6.17352e-05
0.000135075
0.000208517
0.000264022
0.000298911
0.000317981
0.000327143
0.000330695
0.000330695
0.000327143
0.00031798
0.00029891
0.000264019
0.000208512
0.00013507
6.17312e-05
1.7971e-05
2.71177e-06
2.59483e-06
1.93163e-05
6.68831e-05
0.000144303
0.000218911
0.000272792
0.00030498
0.000321631
0.000329193
0.000331968
0.000331968
0.000329193
0.000321631
0.00030498
0.00027279
0.000218908
0.000144299
6.68804e-05
1.93159e-05
2.59485e-06
2.45797e-06
2.11008e-05
7.33713e-05
0.000155235
0.000230475
0.000281956
0.000310927
0.000324963
0.000330909
0.000332891
0.000332891
0.000330908
0.000324962
0.000310926
0.000281955
0.000230473
0.000155233
7.33699e-05
2.11005e-05
2.45798e-06
2.32403e-06
2.31522e-05
8.05993e-05
0.000166925
0.000242233
0.000290728
0.000316231
0.000327701
0.000332189
0.000333614
0.000333614
0.000332189
0.0003277
0.00031623
0.000290726
0.000242231
0.000166922
8.05975e-05
2.31518e-05
2.32404e-06
2.20452e-06
2.53112e-05
8.82886e-05
0.000179066
0.000253899
0.000298903
0.000320828
0.000329906
0.000333135
0.000334148
0.000334148
0.000333135
0.000329906
0.000320827
0.000298902
0.000253897
0.000179064
8.82873e-05
2.53111e-05
2.20452e-06
2.08409e-06
2.79444e-05
9.75879e-05
0.000193041
0.000266403
0.000306974
0.000324997
0.00033177
0.000333884
0.0003345
0.0003345
0.000333884
0.00033177
0.000324996
0.000306973
0.000266402
0.000193041
9.75874e-05
2.79443e-05
2.08408e-06
1.94344e-06
3.1834e-05
0.000110504
0.000210677
0.0002806
0.00031519
0.000328803
0.000333188
0.000334462
0.000334772
0.000334772
0.000334462
0.000333188
0.000328803
0.00031519
0.000280599
0.000210676
0.000110503
3.18338e-05
1.94345e-06
1.79084e-06
3.74079e-05
0.000127867
0.000231871
0.00029563
0.00032278
0.000331799
0.000334136
0.000334805
0.000334944
0.000334944
0.000334805
0.000334136
0.000331799
0.00032278
0.00029563
0.00023187
0.000127866
3.74075e-05
1.79085e-06
1.64909e-06
4.42851e-05
0.000148934
0.000254907
0.000309631
0.000328685
0.00033357
0.000334807
0.000335048
0.00033508
0.00033508
0.000335048
0.000334807
0.00033357
0.000328685
0.000309631
0.000254908
0.000148934
4.42852e-05
1.64908e-06
1.51625e-06
5.26644e-05
0.000175841
0.000280139
0.000321952
0.000332482
0.0003346
0.000335098
0.000335166
0.000335171
0.000335171
0.000335166
0.000335098
0.0003346
0.000332482
0.000321952
0.000280139
0.000175841
5.26646e-05
1.51624e-06
1.37264e-06
6.80734e-05
0.000219301
0.000309385
0.000330883
0.000334523
0.000335272
0.000335315
0.000335295
0.000335286
0.000335286
0.000335295
0.000335315
0.000335272
0.000334523
0.000330883
0.000309384
0.000219299
6.80731e-05
1.37264e-06
1.23279e-06
0.00011665
0.000294555
0.000330939
0.000334813
0.000335357
0.000335357
0.000335342
0.000335343
0.000335346
0.000335346
0.000335343
0.000335342
0.000335357
0.000335357
0.000334813
0.000330939
0.000294556
0.00011665
1.23279e-06
)
;

boundaryField
{
    outlet
    {
        type            calculated;
        value           nonuniform List<scalar> 
20
(
5.91823e-06
5.79232e-06
6.69542e-06
3.03e-05
8.4678e-05
0.000108182
8.17094e-05
3.82609e-05
0.000168087
0.000112342
8.05331e-05
5.16154e-05
8.24182e-05
6.21588e-05
0.000170123
8.40447e-05
2.99147e-05
6.65399e-06
5.88871e-06
5.91731e-06
)
;
    }
    inlet1
    {
        type            calculated;
        value           nonuniform List<scalar> 
20
(
1.16508e-06
0.000209825
0.000210685
0.000274129
0.00033541
0.00033541
0.00033541
0.00033541
0.00033541
0.00033541
0.00033541
0.00033541
0.00033541
0.00033541
0.00033541
0.00033541
0.000274144
0.000210697
0.000209835
1.16508e-06
)
;
    }
    inlet2
    {
        type            calculated;
        value           nonuniform List<scalar> 
20
(
1.16508e-06
0.000209948
0.000210886
0.000274274
0.00033541
0.00033541
0.00033541
0.00033541
0.00033541
0.00033541
0.00033541
0.00033541
0.00033541
0.00033541
0.00033541
0.00033541
0.00027427
0.000210884
0.000209947
1.16508e-06
)
;
    }
    frontAndBack
    {
        type            empty;
    }
    defaultFaces
    {
        type            nutkWallFunction;
        Cmu             0.09;
        kappa           0.41;
        E               9.8;
        value           nonuniform List<scalar> 
620
(
2.32362e-06
2.32364e-06
2.32364e-06
2.32371e-06
2.32386e-06
2.32409e-06
2.32443e-06
2.32479e-06
2.32512e-06
2.3255e-06
2.32595e-06
2.32631e-06
2.32641e-06
2.3264e-06
2.32624e-06
2.32595e-06
2.32555e-06
2.32509e-06
2.32463e-06
2.32419e-06
2.32377e-06
2.32334e-06
2.32306e-06
2.32293e-06
2.32276e-06
2.32251e-06
2.3224e-06
2.32232e-06
2.32216e-06
2.32178e-06
2.32102e-06
2.31987e-06
2.31828e-06
2.31611e-06
2.31326e-06
2.30968e-06
2.30505e-06
2.29898e-06
2.29132e-06
2.28217e-06
2.27138e-06
2.25861e-06
2.24346e-06
2.22589e-06
2.20566e-06
2.18235e-06
2.15584e-06
2.12584e-06
2.09228e-06
2.05525e-06
2.01499e-06
1.97169e-06
1.92561e-06
1.877e-06
1.82619e-06
1.77355e-06
1.71961e-06
1.66508e-06
1.61079e-06
1.55764e-06
1.50602e-06
1.45645e-06
1.40956e-06
1.36616e-06
1.32705e-06
1.2926e-06
1.26289e-06
1.23651e-06
1.21293e-06
1.19228e-06
1.1755e-06
1.16348e-06
1.15813e-06
1.15716e-06
1.15799e-06
1.16047e-06
1.16434e-06
1.16914e-06
1.17421e-06
1.17752e-06
1.17815e-06
1.17718e-06
1.17317e-06
1.16381e-06
1.15006e-06
1.13488e-06
1.1159e-06
1.0867e-06
1.04443e-06
9.86949e-07
9.08641e-07
7.9988e-07
6.45677e-07
4.37787e-07
1.6392e-07
0
0
3.04625e-07
5.76347e-07
6.51832e-07
2.32368e-06
2.32471e-06
2.3251e-06
2.3254e-06
2.32546e-06
2.32546e-06
2.32532e-06
2.32497e-06
2.32459e-06
2.32411e-06
2.32352e-06
2.32313e-06
2.32304e-06
2.32306e-06
2.32327e-06
2.32357e-06
2.32383e-06
2.32403e-06
2.32422e-06
2.32443e-06
2.3247e-06
2.32505e-06
2.32545e-06
2.3258e-06
2.32589e-06
2.32586e-06
2.32565e-06
2.32522e-06
2.32451e-06
2.32353e-06
2.32221e-06
2.32055e-06
2.31846e-06
2.31581e-06
2.31256e-06
2.3086e-06
2.30362e-06
2.29736e-06
2.2897e-06
2.28057e-06
2.26965e-06
2.25673e-06
2.24177e-06
2.22418e-06
2.20383e-06
2.18055e-06
2.15389e-06
2.1237e-06
2.08992e-06
2.05275e-06
2.01212e-06
1.96829e-06
1.92176e-06
1.87265e-06
1.82127e-06
1.76804e-06
1.71342e-06
1.65816e-06
1.603e-06
1.54882e-06
1.49625e-06
1.44565e-06
1.39754e-06
1.35273e-06
1.312e-06
1.27601e-06
1.24494e-06
1.21757e-06
1.19318e-06
1.17188e-06
1.15337e-06
1.14148e-06
1.13835e-06
1.13881e-06
1.14205e-06
1.14788e-06
1.15588e-06
1.1657e-06
1.17667e-06
1.18752e-06
1.1972e-06
1.20408e-06
1.20603e-06
1.2044e-06
1.19594e-06
1.18119e-06
1.16262e-06
1.13442e-06
1.08601e-06
1.00947e-06
8.94393e-07
7.24499e-07
5.19025e-07
3.04914e-07
8.81632e-08
0
0
3.11079e-07
6.27541e-07
7.17083e-07
5.59275e-07
5.13265e-07
4.5967e-07
3.96919e-07
3.21513e-07
2.33148e-07
1.21458e-07
0
0
0
0
0
1.09799e-07
2.37964e-07
3.3919e-07
4.24589e-07
4.96043e-07
5.56693e-07
6.08814e-07
6.53757e-07
3.7843e-07
4.40815e-07
4.9718e-07
5.46865e-07
5.9858e-07
6.51589e-07
6.96789e-07
7.33163e-07
7.69205e-07
8.09558e-07
8.48818e-07
8.79579e-07
9.01444e-07
9.20861e-07
9.44116e-07
9.71509e-07
9.97592e-07
1.016e-06
1.02433e-06
1.0257e-06
1.0248e-06
1.02012e-06
1.00345e-06
9.69426e-07
9.38687e-07
9.14564e-07
8.97131e-07
8.85219e-07
8.77365e-07
8.72256e-07
8.68876e-07
8.66551e-07
8.64874e-07
8.63617e-07
8.62687e-07
8.61997e-07
8.61501e-07
8.61158e-07
8.60856e-07
8.606e-07
8.60344e-07
8.60117e-07
8.59931e-07
8.59691e-07
8.59462e-07
8.59339e-07
8.59282e-07
8.59256e-07
8.59255e-07
8.59295e-07
8.59506e-07
8.6e-07
8.60307e-07
8.60342e-07
8.6028e-07
8.60032e-07
8.59757e-07
8.59489e-07
8.59217e-07
8.5906e-07
8.58906e-07
8.58757e-07
8.58624e-07
8.58361e-07
8.58164e-07
8.58143e-07
8.58174e-07
8.58277e-07
8.5844e-07
8.58741e-07
8.59192e-07
8.59633e-07
8.59917e-07
8.60061e-07
8.60129e-07
8.60129e-07
8.6002e-07
8.59675e-07
8.59436e-07
8.59411e-07
8.59504e-07
8.59578e-07
8.5954e-07
8.59371e-07
8.59226e-07
8.59181e-07
8.59106e-07
8.59063e-07
8.58982e-07
8.58771e-07
8.58267e-07
8.5724e-07
8.55022e-07
8.52451e-07
8.47192e-07
8.40426e-07
8.26433e-07
8.08395e-07
7.59291e-07
7.2932e-07
3.78427e-07
4.40818e-07
4.97179e-07
5.46868e-07
5.98577e-07
6.5159e-07
6.96797e-07
7.33168e-07
7.6922e-07
8.0958e-07
8.48859e-07
8.79651e-07
9.01572e-07
9.21056e-07
9.44366e-07
9.71784e-07
9.97879e-07
1.01628e-06
1.02456e-06
1.02588e-06
1.02495e-06
1.02022e-06
1.00345e-06
9.69277e-07
9.38424e-07
9.14244e-07
8.96798e-07
8.84886e-07
8.77036e-07
8.71923e-07
8.68547e-07
8.6629e-07
8.6477e-07
8.63694e-07
8.62852e-07
8.6215e-07
8.61566e-07
8.61076e-07
8.60729e-07
8.60462e-07
8.60291e-07
8.60209e-07
8.60169e-07
8.60147e-07
8.60127e-07
8.60098e-07
8.60046e-07
8.59929e-07
8.59708e-07
8.59569e-07
8.59434e-07
8.59197e-07
8.58954e-07
8.58801e-07
8.58762e-07
8.58785e-07
8.5889e-07
8.59003e-07
8.59053e-07
8.591e-07
8.59213e-07
8.59575e-07
8.60006e-07
8.60169e-07
8.60185e-07
8.6015e-07
8.59996e-07
8.59755e-07
8.59536e-07
8.59321e-07
8.59132e-07
8.58957e-07
8.5884e-07
8.58792e-07
8.58788e-07
8.5884e-07
8.59016e-07
8.59096e-07
8.59093e-07
8.5905e-07
8.58898e-07
8.58644e-07
8.58191e-07
8.5779e-07
8.56984e-07
8.56224e-07
8.54644e-07
8.5313e-07
8.50167e-07
8.4687e-07
8.41583e-07
8.35295e-07
8.26088e-07
8.15101e-07
7.99467e-07
7.80452e-07
7.54164e-07
7.21539e-07
6.76269e-07
6.1861e-07
8.09552e-07
8.44165e-07
8.97186e-07
9.16845e-07
9.31786e-07
9.38957e-07
9.44399e-07
9.47048e-07
9.49432e-07
9.50635e-07
9.51772e-07
9.52402e-07
9.52961e-07
9.53205e-07
9.53267e-07
9.53254e-07
9.5321e-07
9.5315e-07
9.52825e-07
9.52126e-07
9.51712e-07
9.51598e-07
9.5159e-07
9.51711e-07
9.5203e-07
9.52483e-07
9.5277e-07
9.52901e-07
9.53004e-07
9.53026e-07
9.52955e-07
9.52651e-07
9.52183e-07
9.51765e-07
9.51549e-07
9.51368e-07
9.51012e-07
9.50756e-07
9.50703e-07
9.50734e-07
9.50874e-07
9.51132e-07
9.51482e-07
9.51767e-07
9.52036e-07
9.5234e-07
9.52636e-07
9.52824e-07
9.5288e-07
9.52888e-07
9.52843e-07
9.5267e-07
9.5241e-07
9.52298e-07
9.5227e-07
9.52267e-07
9.52278e-07
9.52412e-07
9.52717e-07
9.5303e-07
9.53411e-07
9.53871e-07
9.54298e-07
9.54436e-07
9.54429e-07
9.54355e-07
9.54303e-07
9.54313e-07
9.54518e-07
9.55248e-07
9.56938e-07
9.60015e-07
9.65107e-07
9.7341e-07
9.8625e-07
1.00425e-06
1.02598e-06
1.03644e-06
1.03874e-06
1.03883e-06
1.03646e-06
1.02863e-06
1.01366e-06
9.92165e-07
9.67178e-07
9.4286e-07
9.2177e-07
9.02255e-07
8.78938e-07
8.47349e-07
8.08857e-07
7.69865e-07
7.34031e-07
6.96609e-07
6.50792e-07
5.98481e-07
5.47446e-07
4.97301e-07
4.40501e-07
3.78475e-07
7.12752e-07
7.6976e-07
8.15193e-07
8.47779e-07
8.74238e-07
8.93325e-07
9.08973e-07
9.1979e-07
9.29e-07
9.34966e-07
9.40146e-07
9.43266e-07
9.46177e-07
9.47669e-07
9.49276e-07
9.50057e-07
9.50922e-07
9.51347e-07
9.51858e-07
9.52135e-07
9.52473e-07
9.52603e-07
9.52644e-07
9.52626e-07
9.52391e-07
9.51896e-07
9.51328e-07
9.51085e-07
9.51016e-07
9.51022e-07
9.51159e-07
9.51418e-07
9.51659e-07
9.51794e-07
9.51878e-07
9.52016e-07
9.52147e-07
9.52332e-07
9.52583e-07
9.52687e-07
9.52711e-07
9.52693e-07
9.52543e-07
9.52224e-07
9.51967e-07
9.51834e-07
9.51744e-07
9.51698e-07
9.51685e-07
9.51707e-07
9.51784e-07
9.51942e-07
9.52192e-07
9.52461e-07
9.52625e-07
9.52711e-07
9.52815e-07
9.52873e-07
9.5291e-07
9.52949e-07
9.5302e-07
9.5315e-07
9.53368e-07
9.53704e-07
9.54107e-07
9.54481e-07
9.54785e-07
9.55024e-07
9.55453e-07
9.56366e-07
9.57934e-07
9.60694e-07
9.65537e-07
9.73613e-07
9.86204e-07
1.00398e-06
1.02564e-06
1.03621e-06
1.03855e-06
1.03865e-06
1.03632e-06
1.02853e-06
1.01359e-06
9.92118e-07
9.67145e-07
9.42832e-07
9.21752e-07
9.02244e-07
8.78932e-07
8.47346e-07
8.08856e-07
7.69865e-07
7.34029e-07
6.96607e-07
6.50794e-07
5.98484e-07
5.47445e-07
4.97299e-07
4.40502e-07
3.78475e-07
)
;
    }
}


// ************************************************************************* //
